step_time,action,avg_cav_dist,reward,meanSpeed,TravelTime,ForcedT
0.1,5,0.0,0.0,72.22,265.8543339795071,0
0.2,5,0.0,0.0,72.22,265.8543339795071,0
0.3,5,0.0,0.0,72.22,265.8543339795071,0
0.4,5,0.0,0.0,72.22,265.8543339795071,0
0.5,5,0.0,0.0,72.22,265.8543339795071,0
0.6,5,0.0,0.0,72.22,265.8543339795071,0
0.7,5,0.0,0.0,72.22,265.8543339795071,0
0.8,5,0.0,0.0,72.22,265.8543339795071,0
0.9,5,0.0,0.0,72.22,265.8543339795071,0
1.0,5,0.0,0.0,72.22,265.8543339795071,0
1.1,5,0.0,0.0,72.22,265.8543339795071,0
1.2,5,0.0,0.0,72.22,265.8543339795071,0
1.3,5,0.0,0.0,72.22,265.8543339795071,0
1.4,5,0.0,0.0,72.22,265.8543339795071,0
1.5,5,0.0,0.0,72.22,265.8543339795071,0
1.6,5,0.0,0.0,72.22,265.8543339795071,0
1.7,5,0.0,0.0,72.22,265.8543339795071,0
1.8,5,0.0,0.0,72.22,265.8543339795071,0
1.9,5,0.0,0.0,72.22,265.8543339795071,0
2.0,5,0.0,0.0,72.22,265.8543339795071,0
2.1,5,0.0,0.0,72.22,265.8543339795071,0
2.2,5,0.0,0.0,72.22,265.8543339795071,0
2.3,5,0.0,0.0,72.22,265.8543339795071,0
2.4,5,0.0,0.0,72.22,265.8543339795071,0
2.5,5,0.0,0.0,72.22,265.8543339795071,0
2.6,5,0.0,0.0,72.22,265.8543339795071,0
2.7,5,0.0,0.0,72.22,265.8543339795071,0
2.8,5,0.0,0.0,72.22,265.8543339795071,0
2.9,5,0.0,0.0,72.22,265.8543339795071,0
3.0,5,0.0,0.0,72.22,265.8543339795071,0
3.1,5,0.0,0.0,72.22,265.8543339795071,0
3.2,5,0.0,0.0,72.22,265.8543339795071,0
3.3,5,0.0,0.0,72.22,265.8543339795071,0
3.4,5,0.0,0.0,72.22,265.8543339795071,0
3.5,5,0.0,0.0,72.22,265.8543339795071,0
3.6,5,0.0,0.0,72.22,265.8543339795071,0
3.7,5,0.0,0.0,72.22,265.8543339795071,0
3.8,5,0.0,0.0,72.22,265.8543339795071,0
3.9,5,0.0,0.0,72.22,265.8543339795071,0
4.0,5,0.0,0.0,72.22,265.8543339795071,0
4.1,5,0.0,0.0,72.22,265.8543339795071,0
4.2,5,0.0,0.0,72.22,265.8543339795071,0
4.3,5,0.0,0.0,72.22,265.8543339795071,0
4.4,5,0.0,0.0,72.22,265.8543339795071,0
4.5,5,0.0,0.0,72.22,265.8543339795071,0
4.6,5,0.0,0.0,72.22,265.8543339795071,0
4.7,5,0.0,0.0,72.22,265.8543339795071,0
4.8,5,0.0,0.0,72.22,265.8543339795071,0
4.9,5,0.0,0.0,72.22,265.8543339795071,0
5.0,5,0.0,0.0,72.22,265.8543339795071,0
5.1,5,0.0,0.0,72.22,265.8543339795071,0
5.2,5,0.0,0.0,72.22,265.8543339795071,0
5.3,5,0.0,0.0,72.22,265.8543339795071,0
5.4,5,0.0,0.0,72.22,265.8543339795071,0
5.5,5,0.0,0.0,72.22,265.8543339795071,0
5.6,5,0.0,0.0,72.22,265.8543339795071,0
5.7,5,0.0,0.0,72.22,265.8543339795071,0
5.8,5,0.0,0.0,72.22,265.8543339795071,0
5.9,5,0.0,0.0,72.22,265.8543339795071,0
6.0,5,0.0,0.0,72.22,265.8543339795071,0
6.1,5,0.0,0.0,72.22,265.8543339795071,0
6.2,5,0.0,0.0,72.22,265.8543339795071,0
6.3,5,0.0,0.0,72.22,265.8543339795071,0
6.4,5,0.0,0.0,72.22,265.8543339795071,0
6.5,5,0.0,0.0,72.22,265.8543339795071,0
6.6,5,0.0,0.0,76.894310546691,250.6194838552018,0
6.7,5,0.0,0.0,76.894310546691,250.6194838552018,0
6.8,5,0.0,0.0,76.894310546691,250.6194838552018,0
6.9,7,0.0,0.0,76.894310546691,250.6194838552018,0
7.0,7,0.0,0.0,76.894310546691,250.6194838552018,0
7.1,7,0.0,0.0,76.894310546691,250.6194838552018,0
7.2,7,0.0,0.0,76.894310546691,250.6194838552018,0
7.3,7,0.0,0.0,76.894310546691,250.6194838552018,0
7.4,7,0.0,0.0,76.894310546691,250.6194838552018,0
7.5,7,0.0,0.0,76.894310546691,250.6194838552018,0
7.6,7,0.0,0.0,76.894310546691,250.6194838552018,0
7.7,7,0.0,0.0,76.894310546691,250.6194838552018,0
7.8,7,0.0,0.0,74.15747020720093,261.5204724500027,0
7.9,7,0.0,0.0,74.15747020720093,261.5204724500027,0
8.0,7,0.0,0.0,74.15747020720093,261.5204724500027,0
8.1,7,0.0,0.0,74.15747020720093,261.5204724500027,0
8.2,7,0.0,0.0,74.15747020720093,261.5204724500027,0
8.3,7,0.0,0.0,74.15747020720093,261.5204724500027,0
8.4,7,0.0,0.0,71.8634793622478,268.534836048507,0
8.5,7,0.0,0.0,71.7237793622478,268.9891057160197,0
8.6,7,0.0,0.0,71.58407936224779,269.4466970242072,0
8.7,7,0.0,0.0,71.4443793622478,269.90764653873816,0
8.8,7,0.0,0.0,71.3046793622478,270.37199136396,0
8.9,7,0.0,0.0,71.16497936224779,270.8397691528546,0
9.0,7,0.0,0.0,71.0252793622478,271.3110181172169,0
9.1,7,0.0,0.0,70.8855793622478,271.78577703806013,0
9.2,7,0.0,0.0,70.74587936224779,272.2640852762541,0
9.3,7,0.0,0.0,70.60617936224779,272.745982783404,0
9.4,7,0.0,0.0,70.46647936224778,273.2315101129742,0
9.5,7,0.0,0.0,70.4518947641104,273.2824097976089,0
9.6,7,0.0,0.0,70.4518947641104,273.2824097976089,0
9.7,7,0.0,0.0,70.4518947641104,273.2824097976089,0
9.8,7,0.0,0.0,70.4518947641104,273.2824097976089,0
9.9,7,0.0,0.0,70.4518947641104,273.2824097976089,0
10.0,7,0.0,0.0,70.4518947641104,273.2824097976089,0
10.1,7,0.0,0.0,70.4518947641104,273.2824097976089,0
10.2,7,0.0,0.0,70.4518947641104,273.2824097976089,0
10.3,7,0.0,0.0,70.4518947641104,273.2824097976089,0
10.4,7,0.0,0.0,70.4518947641104,273.2824097976089,0
10.5,7,0.0,0.0,70.4518947641104,273.2824097976089,0
10.6,7,0.0,0.0,70.4518947641104,273.2824097976089,0
10.7,7,0.0,0.0,70.4518947641104,273.2824097976089,0
10.8,7,0.0,0.0,70.4518947641104,273.2824097976089,0
10.9,7,0.0,0.0,70.4518947641104,273.2824097976089,0
11.0,7,0.0,0.0,70.4518947641104,273.2824097976089,0
11.1,7,0.0,0.0,70.4518947641104,273.2824097976089,0
11.2,7,0.0,0.0,70.4518947641104,273.2824097976089,0
11.3,7,0.0,0.0,70.4518947641104,273.2824097976089,0
11.4,7,0.0,0.0,70.4518947641104,273.2824097976089,0
11.5,7,0.0,0.0,70.4518947641104,273.2824097976089,0
11.6,7,0.0,0.0,71.35352555136322,269.498874101119,0
11.7,7,0.0,0.0,71.35352555136322,269.498874101119,0
11.8,7,0.0,0.0,70.62258913586521,272.1021357004639,0
11.9,7,0.0,0.0,70.62258913586521,272.1021357004639,0
12.0,7,0.0,0.0,70.62258913586521,272.1021357004639,0
12.1,7,0.0,0.0,70.62258913586521,272.1021357004639,0
12.2,7,0.0,0.0,70.62258913586521,272.1021357004639,0
12.3,7,0.0,0.0,70.62258913586521,272.1021357004639,0
12.4,7,0.0,0.0,70.62258913586521,272.1021357004639,0
12.5,7,0.0,0.0,70.62258913586521,272.1021357004639,0
12.6,7,0.0,0.0,70.62258913586521,272.1021357004639,0
12.7,7,0.0,0.0,70.62258913586521,272.1021357004639,0
12.8,7,0.0,0.0,70.62258913586521,272.1021357004639,0
12.9,7,0.0,0.0,70.62258913586521,272.1021357004639,0
13.0,7,0.0,0.0,70.62258913586521,272.1021357004639,0
13.1,7,0.0,0.0,70.62258913586521,272.1021357004639,0
13.2,7,0.0,0.0,70.62258913586521,272.1021357004639,0
13.3,7,0.0,0.0,70.62258913586521,272.1021357004639,0
13.4,7,0.0,0.0,70.62258913586521,272.1021357004639,0
13.5,7,0.0,0.0,70.62258913586521,272.1021357004639,0
13.6,7,0.0,0.0,70.62258913586521,272.1021357004639,0
13.7,7,0.0,0.0,70.62258913586521,272.1021357004639,0
13.8,7,0.0,0.0,70.26939005105118,273.39795769159093,0
13.9,7,0.0,0.0,70.2688872761003,273.3998204058628,0
14.0,8,0.0,0.0,70.26842356217526,273.4015384503641,0
14.1,8,0.0,0.0,70.2679956944212,273.4031237252749,0
14.2,8,0.0,0.0,70.26760072350434,273.40458714894555,0
14.3,8,0.0,0.0,70.26723594367759,273.405938738844,0
14.4,8,0.0,0.0,70.26689887265809,273.4071876858403,0
14.5,8,0.0,0.0,70.26658723316716,273.4083424223761,0
14.6,8,0.0,0.0,70.26629893599517,273.409410685021,0
14.7,8,0.0,0.0,70.26603206446545,273.41039957187604,0
14.8,8,0.0,0.0,70.26578486018158,273.41131559524786,0
14.9,8,0.0,0.0,70.26555570995222,273.4121647299826,0
15.0,8,0.0,0.0,70.2653431337959,273.41295245781515,0
15.1,8,0.0,0.0,70.26514577393685,273.4136838080638,0
15.2,8,0.0,0.0,70.26496238470993,273.41436339496795,0
15.3,8,0.0,0.0,70.26479182329936,273.414995451948,0
15.4,8,0.0,0.0,70.26463304124262,273.4155838630388,0
15.5,8,0.0,0.0,70.26448507663623,273.41613219173104,0
15.6,8,0.0,0.0,70.26434704698536,273.4166437074323,0
15.7,8,0.0,0.0,70.2642181426441,273.4171214097458,0
15.8,8,0.0,0.0,70.47316753662017,272.56850078905643,0
15.9,8,0.0,0.0,70.4730547157645,272.5689188937238,0
16.0,8,0.0,0.0,70.47294897064126,272.56931077869785,0
16.1,8,0.0,0.0,70.47284972759178,272.5696785694781,0
16.2,8,0.0,0.0,70.47275646029479,272.57002421620706,0
16.3,8,0.0,0.0,70.472668685856,272.57034950815023,0
16.4,8,0.0,0.0,70.47258596122087,272.5706560869808,0
16.5,8,0.0,0.0,70.47250787988378,272.570945458967,0
16.6,8,0.0,0.0,70.47243406886886,272.57121900615425,0
16.7,8,0.0,0.0,70.47236418596046,272.5714779966231,0
16.8,7,0.0,0.0,70.47226311260522,272.5718525826357,0
16.9,7,0.0,0.0,70.47201435384318,272.57277451164794,0
17.0,7,0.0,0.0,70.47161901886037,272.5742396954686,0
17.1,7,0.0,0.0,70.47107915988798,272.5762405636475,0
17.2,7,0.0,0.0,70.47039760787736,272.578766671548,0
17.3,7,0.0,0.0,70.46957782892513,272.58180523126435,0
17.4,7,0.0,0.0,70.46862379913918,272.5853415740348,0
17.5,7,0.0,0.0,70.46753989587563,272.5893595518915,0
17.6,7,0.0,0.0,70.46633080349375,272.5938418854771,0
17.7,7,0.0,0.0,70.46500143196997,272.5987704642213,0
17.8,7,0.0,0.0,70.46355684688805,272.6041266044116,0
17.9,7,0.0,0.0,70.46200220947887,272.6098912700994,0
18.0,7,0.0,0.0,70.46034272552598,272.6160452612495,0
18.1,7,0.0,0.0,70.45858360207953,272.622569373062,0
18.2,7,0.0,0.0,70.65842615638607,271.8200238592238,0
18.3,7,0.0,0.0,70.6559347848899,271.82941930781953,0
18.4,7,0.0,0.0,70.51727871995709,272.34591676716116,0
18.5,7,0.0,0.0,70.51463155744192,272.3559467600678,0
18.6,7,0.0,0.0,70.51193974615798,272.36614266284414,0
18.7,7,0.0,0.0,70.50920605576148,272.3764943125809,0
18.8,7,0.0,0.0,70.50643321184171,272.38699169681917,0
18.9,7,0.0,0.0,70.50362388371175,272.3976249999101,0
19.0,7,0.0,0.0,70.5007806745258,272.4083846406638,0
19.1,7,0.0,0.0,70.49790611342156,272.4192613024122,0
19.2,7,0.0,0.0,70.49500264941996,272.4302459564858,0
19.3,7,0.0,0.0,70.49207264684502,272.4413298799895,0
19.4,7,0.0,0.0,70.48911838205402,272.4525046686612,0
19.5,7,0.0,0.0,70.48614204129242,272.46376224550585,0
19.6,7,0.0,0.0,70.48314571950942,272.4750948658161,0
19.7,7,0.0,0.0,70.48013141999004,272.4864951191193,0
19.8,7,0.0,0.0,70.47710105467644,272.49795592852524,0
19.9,7,0.0,0.0,70.4740564450669,272.5094705478905,0
20.0,7,0.0,0.0,70.47099932359458,272.521032557167,0
20.1,7,0.0,0.0,70.46793133540046,272.5326358562528,0
20.2,7,0.0,0.0,70.46485404042554,272.54427465762535,0
20.3,7,0.0,0.0,70.46176891575755,272.5559434780015,0
20.4,7,0.0,0.0,70.45867735817552,272.5676371292336,0
20.5,7,0.0,0.0,70.3390299237374,273.0462215168361,0
20.6,7,0.0,0.0,70.3360146511749,273.057619176656,0
20.7,7,0.0,0.0,70.3329960894929,273.0690300603369,0
20.8,7,0.0,0.0,70.3299753599348,273.080449990768,0
20.9,7,0.0,0.0,70.32695351630318,273.0918750397684,0
21.0,7,0.0,0.0,70.32393154798518,273.1033015170456,0
21.1,7,0.0,0.0,70.32091038294138,273.1147259592726,0
21.2,7,0.0,0.0,70.31789089064353,273.12614511933907,0
21.3,7,0.0,0.0,70.31487388494912,273.13755595582427,0
21.4,7,0.0,0.0,70.31186012690306,273.14895562272557,0
21.5,7,0.0,0.0,70.30885032745879,273.16034145947503,0
21.6,7,0.0,0.0,70.30584515011304,273.1717109812646,0
21.7,7,0.0,0.0,70.30284521344979,273.183061869698,0
21.8,7,0.0,0.0,70.29985109359038,273.1943919637811,0
21.9,7,0.0,0.0,70.29686332654794,273.2056992512587,0
22.0,7,0.0,0.0,70.29388241048514,273.2169818603021,0
22.1,7,0.0,0.0,70.29090880787508,273.2282380515487,0
22.2,7,0.0,0.0,70.2879429475659,273.2394662104912,0
22.3,7,0.0,0.0,70.28498522675018,273.2506648402151,0
22.4,7,0.0,0.0,70.27868937635225,273.2752895619092,0
22.5,7,0.0,0.0,70.2725523744057,273.29928181773687,0
22.6,7,0.0,0.0,70.04858474142287,274.2051912498421,0
22.7,7,0.0,0.0,69.08415022035595,277.9333096418845,0
22.8,7,0.0,0.0,69.0777039108815,277.95918375598046,0
22.9,7,0.0,0.0,69.07211146707775,277.981660549153,0
23.0,7,0.0,0.0,69.06728704808621,278.00108010021336,0
23.1,7,0.0,0.0,68.34616379725279,281.0035111759501,0
23.2,7,0.0,0.0,68.33897436085246,281.03374673155145,0
23.3,7,0.0,0.0,68.3318697448581,281.0637683139122,0
23.4,7,0.0,0.0,68.33505308482341,281.05013105453213,0
23.5,7,0.0,0.0,68.32752598852736,281.08218921975663,0
23.6,7,0.0,0.0,68.33451622308954,281.0525529875945,0
23.7,7,0.0,0.0,68.32842569248567,281.0786820936072,0
23.8,7,0.0,0.0,68.3271683056841,281.0843185070032,0
23.9,7,0.0,0.0,68.33343362845588,281.05799607896944,0
24.0,7,0.0,0.0,68.32168700113107,281.1084309360492,0
24.1,7,0.0,0.0,68.33257953652925,281.06250914229736,0
24.2,7,0.0,0.0,66.96386392406659,286.72364281404197,0
24.3,7,0.0,0.0,66.96743473760145,286.70823867518385,0
24.4,7,0.0,0.0,66.96642049829154,286.71251389171226,0
24.5,7,0.0,0.0,66.96470323502298,286.7197697627351,0
24.6,7,0.0,0.0,66.97536243640894,286.67416999237156,0
24.7,7,0.0,0.0,66.97271596736249,286.6854120922765,0
24.8,7,0.0,0.0,66.9743907860372,286.6782901425853,0
24.9,7,0.0,0.0,66.98293840997027,286.6416479001151,0
25.0,7,0.0,0.0,66.95899883801388,286.74445004751647,0
25.1,7,0.0,0.0,66.93285074824377,286.85668520815295,0
25.2,7,0.0,0.0,66.94491531886662,286.8050621978929,0
25.3,7,0.0,0.0,66.93366265132451,286.85313421980294,0
25.4,7,0.0,0.0,66.91630448306553,286.9279192535761,0
25.5,7,0.0,0.0,66.40914034262403,289.1228682051399,0
25.6,7,0.0,0.0,66.40862183370703,289.124797157431,0
25.7,7,0.0,0.0,66.40382658571761,289.1456439193488,0
25.8,7,0.0,0.0,66.39127051117633,289.2004341613315,0
25.9,7,0.0,0.0,66.39413028622116,289.18796762611896,0
26.0,7,0.0,0.0,66.39244971596747,289.19513609562784,0
26.1,7,0.0,0.0,66.34458439775352,289.40456541336715,0
26.2,7,0.0,0.0,66.35042041304962,289.37982078817333,0
26.3,7,0.0,0.0,66.35454770903482,289.3619441089986,0
26.4,7,0.0,0.0,66.36382141191675,289.32145255694934,0
26.5,7,0.0,0.0,66.36525995725762,289.3153600851938,0
26.6,7,0.0,0.0,66.37179826839204,289.28708147060934,0
26.7,7,0.0,0.0,66.3532453580969,289.3681657798097,0
26.8,7,0.0,0.0,66.35711732067583,289.3514513305185,0
26.9,7,0.0,0.0,66.35255959307469,289.37045065399616,0
27.0,7,0.0,0.0,66.33259814760126,289.4577706204635,0
27.1,7,0.0,0.0,66.34420984976389,289.4066564240135,0
27.2,7,0.0,0.0,66.32886605811075,289.47411678786085,0
27.3,10,0.0,0.0,66.34095481729699,289.4214215267281,0
27.4,10,0.0,0.0,65.52606731870696,293.02901198352333,0
27.5,10,0.0,0.0,65.5061196515064,293.1190983108874,0
27.6,10,0.0,0.0,65.5017755613784,293.138526125859,0
27.7,10,0.0,0.0,65.48748323783128,293.20325053489364,0
27.8,10,0.0,0.0,65.47478855960011,293.2606246325331,0
27.9,10,0.0,0.0,65.47989220658519,293.23728299347306,0
28.0,10,0.0,0.0,65.48893897852533,293.1967591830472,0
28.1,10,0.0,0.0,65.48997899982581,293.1917782315351,0
28.2,10,0.0,0.0,65.48552219454376,293.21121927819013,0
28.3,10,0.0,0.0,65.48327501050434,293.220872756047,0
28.4,10,0.0,0.0,65.19263516448825,294.51430093096894,0
28.5,10,0.0,0.0,65.20631131252249,294.4521550749152,0
28.6,10,0.0,0.0,65.21239012153862,294.4246779950902,0
28.7,10,0.0,0.0,65.20248662794702,294.4690222481423,0
28.8,10,0.0,0.0,65.211714006793,294.4271260903992,0
28.9,10,0.0,0.0,65.21894836829587,294.3944175745643,0
29.0,10,0.0,0.0,65.21407647201227,294.416223292687,0
29.1,10,0.0,0.0,65.22906367788968,294.3484554336586,0
29.2,10,0.0,0.0,65.22983654197822,294.34446697023157,0
29.3,10,0.0,0.0,64.89239005185729,295.88592583822157,0
29.4,10,0.0,0.0,64.88659445257815,295.91208389620715,0
29.5,10,0.0,0.0,64.87947580636872,295.9447643056002,0
29.6,10,0.0,0.0,64.86230470449698,296.02343159234505,0
29.7,10,0.0,0.0,64.84520666675091,296.10105294393475,0
29.8,10,0.0,0.0,64.84246739437005,296.11278307582063,0
29.9,10,0.0,0.0,64.83123450247135,296.16346779191053,0
30.0,10,0.0,0.0,64.83601954053901,296.14119616995754,0
30.1,10,0.0,0.0,64.83273691483885,296.15555883117145,0
30.2,10,0.0,0.0,64.82737134672084,296.18073420607317,0
30.3,10,0.0,0.0,64.88017340358235,295.9737576698869,0
30.4,10,0.0,0.0,64.88108747561294,295.9690631547644,0
30.5,10,0.0,0.0,64.87912253813035,295.9789492720696,0
30.6,10,0.0,0.0,64.86690813991386,296.03409778042686,0
30.7,10,0.0,0.0,64.63489513632032,297.0743532173651,0
30.8,10,0.0,0.0,64.63574278237769,297.0704486428118,0
30.9,10,0.0,0.0,64.64070542315216,297.04801895227524,0
31.0,10,0.0,0.0,64.64028500668512,297.05016136154825,0
31.1,10,0.0,0.0,64.65819108207398,296.9707581630462,0
31.2,7,0.0,0.0,64.69079311779342,296.82280487320736,0
31.3,7,0.0,0.0,64.70853329782645,296.7441700606985,0
31.4,7,0.0,0.0,64.7403236177028,296.60276031271974,0
31.5,7,0.0,0.0,64.76252304493917,296.5033882003061,0
31.6,7,0.0,0.0,64.78532709488664,296.40218387194346,0
31.7,7,0.0,0.0,64.81167316340748,296.2870792235492,0
31.8,7,0.0,0.0,64.84082731276906,296.15662398841926,0
31.9,7,0.0,0.0,64.87557333009639,296.0021218555005,0
32.0,7,0.0,0.0,64.9046447093813,295.8769337222509,0
32.1,7,0.0,0.0,64.95049720226001,295.67441594779626,0
32.2,7,0.0,0.0,64.97920711948603,295.5489612178103,0
32.3,7,0.0,0.0,65.00196170699516,295.4520077878059,0
32.4,7,0.0,0.0,65.03481434754325,295.3080103805826,0
32.5,7,0.0,0.0,64.63788347087046,297.21164629694454,0
32.6,7,0.0,0.0,64.68237138889941,297.01670603994506,0
32.7,7,0.0,0.0,64.73570150699841,296.779364776834,0
32.8,7,0.0,0.0,64.77595441853295,296.6036771873874,0
32.9,7,0.0,0.0,64.82886080155528,296.37147169316006,0
33.0,7,0.0,0.0,64.63475818537783,297.21793756771785,0
33.1,7,0.0,0.0,64.6909635096969,296.9691193017874,0
33.2,7,0.0,0.0,64.7507966996179,296.7029156949211,0
33.3,7,0.0,0.0,64.80499234575333,296.46667248849747,0
33.4,7,0.0,0.0,64.85183089934891,296.26208861014624,0
33.5,7,0.0,0.0,64.90825113088187,296.0157284322157,0
33.6,7,0.0,0.0,64.9500335154227,295.8313456379167,0
33.7,7,0.0,0.0,64.9853765280638,295.6785635426852,0
33.8,7,0.0,0.0,65.02187354378063,295.51843944166797,0
33.9,7,0.0,0.0,65.05847754882132,295.3609602965562,0
34.0,7,0.0,0.0,65.0865901096306,295.23935459901696,0
34.1,7,0.0,0.0,65.12743622901243,295.06349332019545,0
34.2,7,0.0,0.0,65.16965761923679,294.8802451586619,0
34.3,7,0.0,0.0,65.19298570735629,294.7820244697306,0
34.4,7,0.0,0.0,65.22209855327498,294.6557465797757,0
34.5,7,0.0,0.0,65.24963469592873,294.5412513542134,0
34.6,9,0.0,0.0,65.28144595463499,294.403450873083,0
34.7,9,0.0,0.0,65.31808398153237,294.2489961879673,0
34.8,9,0.0,0.0,65.33607299845353,294.1768596030198,0
34.9,9,0.0,0.0,65.35315236745484,294.1063238084439,0
35.0,9,0.0,0.0,65.37436330802716,294.0158256517705,0
35.1,9,0.0,0.0,65.40139278190983,293.9015355044285,0
35.2,9,0.0,0.0,65.42638977971316,293.8016583835815,0
35.3,9,0.0,0.0,65.26340394725777,294.60823322088925,0
35.4,9,0.0,0.0,65.109628439993,295.2557853256426,0
35.5,9,0.0,0.0,65.13106426918375,295.1694647076523,0
35.6,9,0.0,0.0,65.14392924478939,295.1167953849612,0
35.7,9,0.0,0.0,65.16065393086058,295.0457924460718,0
35.8,9,0.0,0.0,65.17793360890575,294.97391633597783,0
35.9,9,0.0,0.0,65.1921333946691,294.91282772121656,0
36.0,9,0.0,0.0,65.21176863416134,294.832170112545,0
36.1,9,0.0,0.0,65.21879973283905,294.805604295902,0
36.2,9,0.0,0.0,65.21841395023525,294.8113422353366,0
36.3,9,0.0,0.0,65.23265984296044,294.7509409666774,0
36.4,9,0.0,0.0,65.2360410086266,294.7409844710173,0
36.5,9,0.0,0.0,65.24552568660327,294.69935081488745,0
36.6,9,0.0,0.0,65.25023666183222,294.684518568273,0
36.7,9,0.0,0.0,65.24574614540509,294.7056885660148,0
36.8,9,0.0,0.0,65.25038516320193,294.68852179345924,0
36.9,9,0.0,0.0,65.24726372562503,294.7053655474024,0
37.0,9,0.0,0.0,65.24623153539922,294.71204805158055,0
37.1,9,0.0,0.0,65.23898434603491,294.74699724171643,0
37.2,9,0.0,0.0,65.243230717698,294.7334441897568,0
37.3,9,0.0,0.0,65.24380485547047,294.73544941792323,0
37.4,9,0.0,0.0,65.23808299300674,294.7624100918606,0
37.5,9,0.0,0.0,65.23486836331644,294.7780623059257,0
37.6,9,0.0,0.0,65.22221686497593,294.83755924717155,0
37.7,9,0.0,0.0,65.22814120601433,294.8115136341107,0
37.8,6,855.6370004210829,0.0,64.7420802171504,296.95318834893646,0
37.9,6,850.0790543206963,2.0,64.74226511173327,296.9500730788802,0
38.0,6,850.0790543206963,2.0,64.75938004520914,296.86904364666003,0
38.1,6,850.0790543206963,2.0,64.7399923678754,296.96300033969897,0
38.2,6,850.0790543206963,2.0,64.72747709397767,297.02354186055675,0
38.3,6,850.0790543206963,2.0,64.72123946742538,297.0586421564926,0
38.4,6,850.0790543206963,2.0,64.69406455512166,297.18700320041773,0
38.5,6,850.0790543206963,1.5,64.67644407943119,297.2716281988092,0
38.6,6,850.0790543206963,1.5,64.65719307793997,297.3615535837928,0
38.7,6,850.0790543206963,1.5,64.64368839640862,297.4275736639737,0
38.8,6,850.0790543206963,1.5,64.62897273563367,297.50055386324993,0
38.9,6,850.0790543206963,1.5,64.61918067265383,297.5536141759343,0
39.0,6,850.0790543206963,1.5,64.60297098356568,297.6332770690282,0
39.1,6,850.0790543206963,1.5,64.59408255486503,297.6789965580439,0
39.2,6,850.0790543206963,1.5,64.5758393672729,297.7699756628234,0
39.3,6,850.0790543206963,1.5,64.56602924779207,297.81676417651437,0
39.4,6,850.0790543206963,1.5,64.54824828411193,297.9031061160083,0
39.5,6,850.0790543206963,1.5,64.5343988371266,297.9720026490328,0
39.6,6,850.0790543206963,1.5,64.51177192810044,298.0795841946294,0
39.7,6,850.0790543206963,1.5,64.49268495426122,298.17389382840133,0
39.8,10,951.6667516975198,1.5,64.4724544491623,298.2701494267771,0
39.9,10,951.6667516975198,0.8,64.46074312769096,298.3323829453982,0
40.0,10,951.6667516975198,0.8,64.44322337749544,298.42246882654354,0
40.1,10,951.6667516975198,0.8,64.33935441128965,298.94652389097,0
40.2,10,951.6667516975198,0.8,64.32482125415679,299.02264330358344,0
40.3,10,951.6667516975198,0.8,64.31713936729119,299.063551923648,0
40.4,10,951.6667516975198,0.8,64.28847142484071,299.1992235934748,0
40.5,10,951.6667516975198,0.8,64.27268827542872,299.27841083999374,0
40.6,10,951.6667516975198,0.8,64.01452281095459,300.39936755218645,0
40.7,10,951.6667516975198,0.8,64.0049089757327,300.4488400670493,0
40.8,10,951.6667516975198,0.8,63.99425166174767,300.5037954726881,0
40.9,8,951.6667516975198,0.8,63.96744074357399,300.6317009618182,0
41.0,8,951.6667516975198,1.4,63.957986208163376,300.6792223405307,0
41.1,8,951.6667516975198,1.4,63.93949282188801,300.7733962714292,0
41.2,8,951.6667516975198,1.4,63.91876354563409,300.8729439934085,0
41.3,8,951.6667516975198,1.4,63.84906693600493,301.18441691158097,0
41.4,8,951.6667516975198,1.4,63.78913314025969,301.4557085387426,0
41.5,8,951.6667516975198,1.4,63.71768060795598,301.782239372355,0
41.6,8,951.6667516975198,1.4,63.656749441530216,302.0588313418989,0
41.7,8,951.6667516975198,1.4,63.590137508476815,302.3700896608355,0
41.8,8,951.6667516975198,1.4,63.502243745601156,302.784477308087,0
41.9,8,951.6667516975198,1.4,63.42392910376171,303.15730699714186,0
42.0,8,951.6667516975198,1.4,63.34825391599753,303.52188865607036,0
42.1,8,951.6667516975198,1.4,63.273181344725856,303.8823552066053,0
42.2,8,951.6667516975198,1.4,63.192567908484534,304.2764444987781,0
42.3,8,951.6667516975198,1.4,63.12031320165143,304.62761207280016,0
42.4,8,951.6667516975198,1.4,62.88909884807053,305.5123321688627,0
42.5,8,951.6667516975198,1.4,62.82328081057292,305.83496596731436,0
42.6,8,951.6667516975198,1.4,62.733811179800846,306.27597634681223,0
42.7,8,951.6667516975198,1.4,62.6478660139756,306.70640835825867,0
42.8,8,951.6667516975198,1.4,62.59210824705954,306.9797461411449,0
42.9,8,951.6667516975198,1.4,62.5279561392371,307.30107171205475,0
43.0,8,951.6667516975198,1.4,62.47872106934628,307.5468453397824,0
43.1,8,951.6667516975198,1.4,62.40268670288373,307.928227404434,0
43.2,8,951.6667516975198,1.4,62.36673047396735,308.11146675081113,0
43.3,8,951.6667516975198,2.0999999999999996,62.26296853240427,308.6202252075102,0
43.4,8,951.6667516975198,2.0999999999999996,62.207803535718,308.90311740348045,0
43.5,8,951.6667516975198,2.0999999999999996,62.176688029976916,309.06519716458774,0
43.6,8,951.6667516975198,2.0999999999999996,62.135254042593274,309.2832421632811,0
43.7,8,951.6667516975198,2.0999999999999996,62.0995180656039,309.47078957965425,0
43.8,8,951.6667516975198,2.0999999999999996,62.065365046146034,309.6536821680578,0
43.9,8,951.6667516975198,2.0999999999999996,62.03791878457852,309.8028871519137,0
44.0,8,951.6667516975198,2.0999999999999996,62.012572065796164,309.93917412483216,0
44.1,8,951.6667516975198,2.0999999999999996,61.98827626440771,310.0713234609492,0
44.2,8,951.6667516975198,2.0999999999999996,61.958949030269025,310.236151450941,0
44.3,8,951.6667516975198,2.0999999999999996,61.93115027501785,310.3877889574818,0
44.4,8,951.6667516975198,2.0999999999999996,61.91169437686527,310.4990462265577,0
44.5,8,951.6667516975198,2.0999999999999996,61.884150473404844,310.64841371467537,0
44.6,8,951.6667516975198,2.0999999999999996,61.86682092522115,310.74815547630783,0
44.7,8,951.6667516975198,2.0999999999999996,61.854081064201296,310.82665391354965,0
44.8,8,951.6667516975198,2.0999999999999996,61.84855179317974,310.86416346002966,0
44.9,8,951.6667516975198,2.0999999999999996,61.853513971641675,310.8530501467832,0
45.0,8,951.6667516975198,2.0999999999999996,61.865676770970566,310.8018240196284,0
45.1,8,951.6667516975198,2.0999999999999996,61.87466608337084,310.7648348280445,0
45.2,8,951.6667516975198,2.0999999999999996,61.917186870369726,310.5477122738422,0
45.3,8,951.6667516975198,2.0999999999999996,61.91048196436429,310.59597211163805,0
45.4,8,951.6667516975198,2.0999999999999996,61.92236124622845,310.5442078511154,0
45.5,8,951.6667516975198,2.0999999999999996,61.933349465373475,310.4986502073075,0
45.6,8,951.6667516975198,2.0999999999999996,61.93935232359824,310.4812554876992,0
45.7,8,951.6667516975198,2.0999999999999996,61.95326558895216,310.4175739447047,0
45.8,8,951.6667516975198,2.0999999999999996,61.97686179098166,310.31019657995205,0
45.9,8,951.6667516975198,2.0999999999999996,61.943974821089405,310.4693223415583,0
46.0,8,951.6667516975198,2.0999999999999996,61.94910357804844,310.4508561286715,0
46.1,8,951.6667516975198,2.0999999999999996,61.964758675592634,310.3758844617161,0
46.2,8,951.6667516975198,2.0999999999999996,61.96610445301116,310.3781557017245,0
46.3,8,951.6667516975198,2.0999999999999996,61.97470296907788,310.3401498166088,0
46.4,8,951.6667516975198,2.0999999999999996,62.0036248992551,310.20040891533813,0
46.5,8,951.6667516975198,2.0999999999999996,62.013278609474426,310.1637606922906,0
46.6,8,951.6667516975198,2.0999999999999996,62.02318375422946,310.1228728937318,0
46.7,7,1019.8632427310796,2.0999999999999996,62.05005831244323,309.987853394049,0
46.8,7,1045.1308071353915,2.8,62.05874204087954,309.94751256827,0
46.9,7,1041.2911906989204,2.8,62.072935357123455,309.88377565272066,0
47.0,8,1041.2911906989204,2.8,62.09730263372465,309.7587439944749,0
47.1,8,1041.2911906989204,2.8,62.11948206450773,309.6504155193219,0
47.2,8,1041.2911906989204,2.8,62.17275250801555,309.37835127037226,0
47.3,8,1041.2911906989204,2.8,62.1978118142592,309.248021043497,0
47.4,8,1041.2911906989204,2.8,62.23525871461024,309.0653959512748,0
47.5,8,1041.2911906989204,2.8,62.265135224113834,308.913244967508,0
47.6,8,1041.2911906989204,2.8,62.29095382336615,308.77350762846163,0
47.7,8,1041.2911906989204,2.8,62.31611993314645,308.6577406200794,0
47.8,8,1041.2911906989204,2.8,62.34135644837888,308.52341438829467,0
47.9,8,1041.2911906989204,2.8,62.370689319645564,308.3769892115253,0
48.0,8,1041.2911906989204,2.8,62.391919567133485,308.26588443897396,0
48.1,8,1041.2911906989204,2.8,62.41371861550917,308.1501983475839,0
48.2,8,1041.2911906989204,2.8,62.269817011556334,308.79365635325496,0
48.3,8,1041.2911906989204,2.8,62.27755643010423,308.74773843739376,0
48.4,7,1041.2911906989204,2.8,62.28096682882092,308.735657599737,0
48.5,7,1041.2911906989204,2.0999999999999996,62.304751161615684,308.6096007578018,0
48.6,7,1041.2911906989204,2.0999999999999996,61.97747658533432,310.3727199925477,0
48.7,7,1041.2911906989204,2.0999999999999996,61.9910940607796,310.300261582375,0
48.8,7,1041.2911906989204,2.0999999999999996,62.0061008058075,310.21750593022773,0
48.9,7,1041.2911906989204,2.0999999999999996,62.02396337849886,310.12496953190737,0
49.0,7,1041.2911906989204,2.0999999999999996,62.035183493650536,310.06265623345337,0
49.1,7,1041.2911906989204,2.0999999999999996,62.04856982624639,309.9922819483003,0
49.2,7,1041.2911906989204,2.0999999999999996,62.05530735766577,309.9535654458459,0
49.3,7,1041.2911906989204,2.0999999999999996,62.076305637339566,309.8435842401115,0
49.4,7,1041.2911906989204,2.0999999999999996,62.06528039302468,309.8959903435239,0
49.5,7,1041.2911906989204,2.0999999999999996,62.069943528049535,309.86749529497604,0
49.6,7,1041.2911906989204,2.0999999999999996,62.07557404773303,309.83383635436576,0
49.7,7,1041.2911906989204,2.0999999999999996,62.08500823559723,309.77964152202514,0
49.8,7,1037.3592165811676,2.0999999999999996,62.08888723692482,309.7530027360241,0
49.9,7,1037.3592165811676,2.8,62.089315546350655,309.75003237481815,0
50.0,7,1037.3592165811676,2.8,62.09427372027167,309.71387017994107,0
50.1,7,1037.3592165811676,2.8,62.088346691698604,309.7383518690143,0
50.2,7,1037.3592165811676,2.8,62.093400005373184,309.7035614233565,0
50.3,7,1037.3592165811676,2.8,62.09318149701627,309.70260645853347,0
50.4,7,1037.3592165811676,2.8,62.08830308661601,309.71106767218566,0
50.5,7,1037.3592165811676,2.8,62.07787020169823,309.76254640389396,0
50.6,7,1037.3592165811676,2.0999999999999996,62.079744903781986,309.7437414243843,0
50.7,7,1037.3592165811676,2.0999999999999996,61.97378015965005,310.22457984010487,0
50.8,7,1037.3592165811676,2.0999999999999996,61.95248405882985,310.3276139709193,0
50.9,7,1037.3592165811676,2.0999999999999996,61.962520794432564,310.267860018599,0
51.0,7,1037.3592165811676,2.0999999999999996,61.942486220165314,310.3618620750898,0
51.1,7,1037.3592165811676,2.0999999999999996,61.930012744196816,310.4191665492961,0
51.2,7,1037.3592165811676,2.0999999999999996,61.91337136729784,310.4944839820391,0
51.3,7,1037.3592165811676,2.0999999999999996,61.92184058523006,310.4459179057778,0
51.4,7,1037.3592165811676,2.0999999999999996,61.6449716209054,311.9359458713229,0
51.5,7,1037.3592165811676,2.0999999999999996,61.62812381349248,312.0163957279093,0
51.6,7,1037.3592165811676,2.0999999999999996,61.61293397139719,312.08827444884946,0
51.7,7,1037.3592165811676,2.0999999999999996,61.597118603292316,312.1629305914753,0
51.8,7,1037.3592165811676,2.0999999999999996,61.573558090316205,312.27856347503166,0
51.9,7,1037.3592165811676,2.0999999999999996,61.56714347258172,312.307558401612,0
52.0,7,1037.3592165811676,2.0999999999999996,61.555043895338784,312.3600131528073,0
52.1,7,1037.3592165811676,2.0999999999999996,61.539433650987405,312.4347118307408,0
52.2,7,1037.3592165811676,2.0999999999999996,61.52088734472731,312.52765342604835,0
52.3,7,1037.3592165811676,2.0999999999999996,61.507002273377445,312.5881873910304,0
52.4,7,1037.3592165811676,2.0999999999999996,61.48673940252713,312.6903512158739,0
52.5,7,1037.3592165811676,2.0999999999999996,61.47545535226658,312.73903380050547,0
52.6,7,1037.3592165811676,2.0999999999999996,61.43450834598786,312.94534598053184,0
52.7,7,1037.3592165811676,2.0999999999999996,61.40758863361413,313.08470294798593,0
52.8,7,1037.3592165811676,2.0999999999999996,61.38158625025821,313.22159999599876,0
52.9,7,1037.3592165811676,2.0999999999999996,61.364275531426514,313.3035496581265,0
53.0,7,1037.3592165811676,2.0999999999999996,61.33450221759333,313.454220880402,0
53.1,7,1037.3592165811676,2.0999999999999996,61.24969786114946,313.85518899690817,0
53.2,7,1037.3592165811676,2.0999999999999996,61.212582892578894,314.0503511689285,0
53.3,7,1037.3592165811676,2.0999999999999996,61.190284538436174,314.1634147980955,0
53.4,7,1037.3592165811676,2.0999999999999996,61.169957431987065,314.2607576999458,0
53.5,7,1037.3592165811676,2.0999999999999996,61.14156170579245,314.4072718601059,0
53.6,7,1037.3592165811676,2.0999999999999996,61.11903942663076,314.52086917955955,0
53.7,7,1037.3592165811676,2.0999999999999996,61.08805105492169,314.6767798362429,0
53.8,7,1037.3592165811676,2.0999999999999996,61.0556639910402,314.8427442585952,0
53.9,7,1037.3592165811676,2.0999999999999996,61.033134729602935,314.9586198236841,0
54.0,7,1037.3592165811676,2.0999999999999996,61.006280117627576,315.0937056642464,0
54.1,7,1037.3592165811676,2.0999999999999996,60.972115199517845,315.2718980488371,0
54.2,7,1037.3592165811676,2.0999999999999996,60.949725397130386,315.3845544571398,0
54.3,7,1037.3592165811676,2.0999999999999996,60.73422848698049,316.56966067896525,0
54.4,7,1037.3592165811676,2.0999999999999996,60.70479508560932,316.721505338635,0
54.5,7,1037.3592165811676,2.0999999999999996,60.695331307150006,316.77324559083684,0
54.6,9,1037.3592165811676,1.4,60.68103658969743,316.8435088077023,0
54.7,9,1037.3592165811676,2.4000000000000004,60.68893900164245,316.7980888166953,0
54.8,9,1037.3592165811676,2.4000000000000004,60.68090214009836,316.84019605278877,0
54.9,9,1037.3592165811676,2.4000000000000004,60.67474517867616,316.87132230508,0
55.0,9,1037.3592165811676,2.4000000000000004,60.675140905134626,316.86413703569616,0
55.1,9,1037.3592165811676,2.4000000000000004,60.682008047424105,316.8237975997125,0
55.2,9,1037.3592165811676,2.4000000000000004,60.681997613471296,316.8187837368459,0
55.3,9,1037.3592165811676,2.4000000000000004,60.675830091530315,316.8520838199695,0
55.4,9,1037.3592165811676,2.4000000000000004,60.6365965734958,317.0415997941655,0
55.5,9,1037.3592165811676,2.4000000000000004,60.65435772775071,316.94683207720186,0
55.6,9,1037.3592165811676,2.4000000000000004,60.67049097414393,316.8551395718049,0
55.7,10,1037.3592165811676,2.4000000000000004,60.656518766753294,316.9260097252391,0
55.8,10,1037.3592165811676,2.4000000000000004,60.65151774240284,316.95605071419175,0
55.9,10,1037.3592165811676,2.4000000000000004,60.665490084723075,316.87598365302324,0
56.0,10,1037.3592165811676,2.4000000000000004,60.66819018843927,316.8578364163226,0
56.1,10,1037.3592165811676,2.4000000000000004,60.67577111196055,316.81445377954583,0
56.2,10,1037.3592165811676,2.4000000000000004,60.67766823858132,316.8019339377081,0
56.3,10,1037.3592165811676,2.4000000000000004,60.66819310958883,316.8504452278004,0
56.4,10,1037.3592165811676,2.4000000000000004,60.669719283282504,316.84135405051734,0
56.5,10,1037.3592165811676,2.4000000000000004,60.68049098992282,316.78228815255653,0
56.6,10,1037.3592165811676,2.4000000000000004,60.6771491937273,316.79252265220487,0
56.7,10,1037.3592165811676,2.4000000000000004,60.67284163022091,316.81781353393916,0
56.8,10,1037.3592165811676,2.4000000000000004,60.681899672724015,316.7677657011457,0
56.9,10,1037.3592165811676,2.4000000000000004,60.66392368239537,316.8647801958173,0
57.0,10,1037.3592165811676,2.4000000000000004,60.655763663888926,316.90727133249925,0
57.1,10,1037.3592165811676,2.4000000000000004,60.65192537157809,316.9266895620965,0
57.2,10,1037.3592165811676,2.4000000000000004,60.64520680170311,316.9568792102132,0
57.3,10,1037.3592165811676,2.4000000000000004,60.46715150801205,317.95449939645414,0
57.4,10,1037.3592165811676,2.4000000000000004,60.457557062560404,318.0043796641685,0
57.5,10,1037.3592165811676,2.4000000000000004,60.44101416032956,318.0964337706099,0
57.6,10,1037.3592165811676,2.4000000000000004,60.42707358417752,318.1750790178341,0
57.7,10,1037.3592165811676,2.4000000000000004,60.434322531179305,318.13474702504993,0
57.8,10,1037.3592165811676,2.4000000000000004,60.44044128709704,318.10070642828805,0
57.9,10,1037.3592165811676,2.4000000000000004,60.44170994658583,318.08640033801413,0
58.0,9,1037.3592165811676,2.4000000000000004,60.43495209932546,318.11929226427696,0
58.1,9,1037.3592165811676,3.2,60.43836068533075,318.09844866513333,0
58.2,9,1037.3592165811676,3.2,60.42666958217242,318.15684115291856,0
58.3,9,1037.3592165811676,3.2,60.41813553885444,318.20204576184045,0
58.4,10,1037.3592165811676,3.2,60.4078592049096,318.2513873149127,0
58.5,10,1037.3592165811676,3.2,60.401436888240426,318.2849614211392,0
58.6,10,1037.3592165811676,3.2,60.39699849896805,318.3042941633798,0
58.7,10,1037.3592165811676,3.2,60.393772070658684,318.32128284481644,0
58.8,10,1037.3592165811676,3.2,60.37798488849907,318.4010890014206,0
58.9,10,1037.3592165811676,3.2,60.36854092066661,318.44855947997615,0
59.0,10,1037.3592165811676,3.2,60.36675059956599,318.4617365091388,0
59.1,10,1037.3592165811676,3.2,60.3746256582958,318.4144470482845,0
59.2,10,1037.3592165811676,3.2,60.37031860152473,318.43948195526747,0
59.3,10,1037.3592165811676,3.2,60.36871445832125,318.4422366352566,0
59.4,10,1037.3592165811676,3.2,60.36487049230323,318.4632705868222,0
59.5,10,1037.3592165811676,2.4000000000000004,60.35963101086301,318.48813994304385,0
59.6,10,1037.3592165811676,2.4000000000000004,60.35407054189132,318.5150055682229,0
59.7,10,1037.3592165811676,2.4000000000000004,60.35808753194098,318.4907973298347,0
59.8,10,1037.3592165811676,2.4000000000000004,60.355051975439956,318.5098537960456,0
59.9,10,1037.3592165811676,2.4000000000000004,60.35891860025361,318.4902765695647,0
60.0,10,1037.3592165811676,2.4000000000000004,60.24598311804123,319.12271144285035,0
60.1,10,1037.3592165811676,2.4000000000000004,60.24793423406258,319.1052580152369,0
60.2,10,1037.3592165811676,2.4000000000000004,60.24175816207285,319.1354573387181,0
60.3,10,1037.3592165811676,2.4000000000000004,60.21384639996273,319.276823077592,0
60.4,10,1037.3592165811676,2.4000000000000004,60.196768099554305,319.3678023548482,0
60.5,10,1037.3592165811676,2.4000000000000004,60.182358892878504,319.4403412120927,0
60.6,10,1037.3592165811676,2.4000000000000004,60.17288739224577,319.48363998848447,0
60.7,10,1037.3592165811676,2.4000000000000004,60.131845832165055,319.69762407910184,0
60.8,10,1037.3592165811676,2.4000000000000004,60.11295555091756,319.7944793354793,0
60.9,10,1037.3592165811676,2.4000000000000004,60.09328281529804,319.89631506178944,0
61.0,10,1037.3592165811676,2.4000000000000004,60.072607115586834,320.0022053884236,0
61.1,4,875.4438129582999,1.6,60.05470636668626,320.09295429993676,0
61.2,4,875.4438129582999,1.2,60.0364210736749,320.18086245895256,0
61.3,4,875.4438129582999,1.2,60.022277732540076,320.2470074698263,0
61.4,4,875.4438129582999,1.2,60.02653062174082,320.22870743365627,0
61.5,4,875.4438129582999,1.2,60.02866514536342,320.2158254792313,0
61.6,4,875.4438129582999,1.2,60.04045127321963,320.15589355465545,0
61.7,4,875.4438129582999,1.2,60.06359776518868,320.0307104184602,0
61.8,4,875.4438129582999,1.2,60.08030455213139,319.94052842588724,0
61.9,4,875.4438129582999,1.2,60.10213142976323,319.8273121002599,0
62.0,4,875.4438129582999,1.2,60.13138631759719,319.67471263044763,0
62.1,4,875.4438129582999,1.2,60.149223108463026,319.58271244176535,0
62.2,4,875.4438129582999,1.2,60.152131003558495,319.57647564317233,0
62.3,7,908.7095052236283,1.2,60.16304711118901,319.52281176706884,0
62.4,4,908.7095052236283,2.8,60.17065946185394,319.4893932014553,0
62.5,4,908.7095052236283,1.2,60.1869740734367,319.413330986669,0
62.6,4,908.7095052236283,1.2,60.21400875538703,319.2685161003251,0
62.7,4,908.7095052236283,1.2,60.155603241235596,319.6125350275589,0
62.8,4,908.7095052236283,1.2,60.197966163490776,319.4163797021679,0
62.9,4,908.7095052236283,1.2,60.220003942193244,319.30201117993386,0
63.0,4,908.7095052236283,1.2,60.23144299331041,319.2421962869836,0
63.1,4,908.7095052236283,1.2,60.22968736335514,319.26002111876335,0
63.2,6,889.7096070085661,1.2,60.25570489137338,319.12619160340637,0
63.3,6,889.7096070085661,2.5,60.27827270853439,319.00504303429597,0
63.4,6,889.7096070085661,2.5,60.291826437075244,318.9391071988883,0
63.5,6,889.7096070085661,2.5,60.30174522299972,318.8876133202174,0
63.6,6,889.7096070085661,2.5,60.32165280129202,318.7839650223864,0
63.7,6,889.7096070085661,2.5,60.3216974438937,318.7939891816087,0
63.8,6,889.7096070085661,2.5,60.33341385231017,318.732285520225,0
63.9,6,889.7096070085661,2.5,60.338502835499874,318.7100893735484,0
64.0,6,889.7096070085661,2.5,60.139576133534305,319.68698294411945,0
64.1,6,889.7096070085661,2.5,60.13194863757052,319.7390360119223,0
64.2,6,889.7096070085661,2.5,60.1111462773999,319.8482254851881,0
64.3,6,889.7096070085661,2.5,60.09699510962061,319.92359003041474,0
64.4,6,889.7096070085661,2.5,60.09811340343056,319.91333625678556,0
64.5,6,889.7096070085661,2.5,60.089709199344455,319.95210042274493,0
64.6,6,889.7096070085661,2.5,60.06143567147138,320.10832618387735,0
64.7,6,889.7096070085661,2.5,60.05609184052517,320.1363106339258,0
64.8,6,889.7096070085661,2.5,60.039199036388446,320.22846716667505,0
64.9,6,889.7096070085661,2.5,60.02543522667347,320.3010917481398,0
65.0,6,889.7096070085661,2.5,59.99399017720106,320.48141107335255,0
65.1,6,889.7096070085661,2.5,59.97624807905499,320.57995325770827,0
65.2,6,889.7096070085661,2.5,59.957237974275614,320.6914609527844,0
65.3,6,889.7096070085661,2.5,60.042657650111785,320.3758325552887,0
65.4,6,889.7096070085661,2.5,60.02632436736536,320.4724619262189,0
65.5,6,889.7096070085661,2.5,60.00751288431621,320.58427356127356,0
65.6,6,889.7096070085661,2.5,59.99135261718144,320.6778217674049,0
65.7,6,889.7096070085661,2.5,59.96350275861665,320.84160140391043,0
65.8,6,889.7096070085661,2.5,59.942356236588054,320.96820623105395,0
65.9,6,889.7096070085661,2.5,59.908674972378364,321.15662803879627,0
66.0,6,889.7096070085661,2.5,59.87352262669867,321.36435738829346,0
66.1,6,889.7096070085661,3.0,59.85937172644692,321.43945007777063,0
66.2,6,889.7096070085661,3.0,59.70419699473945,322.3545206187022,0
66.3,6,889.7096070085661,3.0,59.679095858805795,322.5055572697785,0
66.4,6,889.7096070085661,3.0,59.652046011403904,322.6614067763707,0
66.5,6,889.7096070085661,2.5,59.63033208468356,322.7936397665449,0
66.6,6,889.7096070085661,2.5,59.45605934817871,323.6819951445407,0
66.7,6,889.7096070085661,2.5,59.40908975137924,323.96144242660625,0
66.8,6,889.7096070085661,2.5,59.37792386726842,324.1512120589522,0
66.9,6,889.7096070085661,2.5,59.34251729667138,324.37063353283247,0
67.0,6,889.7096070085661,2.5,59.301100064278586,324.6150712699142,0
67.1,7,907.8363864417335,2.5,59.288956584834295,324.688595923125,0
67.2,7,915.1740098656956,3.5,59.29833142414876,324.6463193096695,0
67.3,7,915.1740098656956,3.5,59.296412864754714,324.6604861634146,0
67.4,11,915.1740098656956,3.5,59.289998704536984,324.70588144942747,0
67.5,11,915.1740098656956,3.6,59.28489284955876,324.73307393837115,0
67.6,11,915.1740098656956,3.6,59.28846668851692,324.71756539767273,0
67.7,11,915.1740098656956,3.6,59.29315969153082,324.69401107558633,0
67.8,7,915.1740098656956,2.7,59.29942359353505,324.6657410888563,0
67.9,6,915.1740098656956,3.5,59.31367482773615,324.5854249123821,0
68.0,6,915.1740098656956,3.0,59.314418771514084,324.5857605401378,0
68.1,6,915.1740098656956,3.0,59.315492511224704,324.595388191576,0
68.2,6,915.1740098656956,3.0,59.32094885646853,324.56978950292284,0
68.3,6,915.1740098656956,3.0,59.323193643760305,324.5607418421787,0
68.4,6,915.1740098656956,3.0,59.32058282061433,324.58199575681135,0
68.5,11,915.1740098656956,3.0,59.26622049014553,324.9116658828224,0
68.6,11,915.1740098656956,2.7,59.239864107501106,325.06647323748166,0
68.7,11,915.1740098656956,2.7,59.22975085815758,325.11806990821543,0
68.8,11,915.1740098656956,2.7,59.2080363785565,325.2324441237496,0
68.9,11,915.1740098656956,2.7,59.18987146975699,325.33261388100277,0
69.0,11,915.1740098656956,2.7,59.155936576352865,325.52155691049825,0
69.1,7,915.1740098656956,1.8,59.125843050711495,325.6862704443462,0
69.2,7,915.1740098656956,2.8,59.092625629371085,325.86905828600516,0
69.3,7,915.1740098656956,2.8,59.06175949559844,326.0395257895109,0
69.4,7,915.1740098656956,2.8,59.02250660290403,326.2570242686737,0
69.5,7,915.1740098656956,2.8,58.98373630008494,326.47521055246784,0
69.6,7,915.1740098656956,2.8,58.94202379556482,326.72310129695984,0
69.7,7,915.1740098656956,2.8,58.904679390003395,326.9365302129538,0
69.8,7,915.1740098656956,2.8,58.87016928055378,327.13524016080044,0
69.9,7,915.1740098656956,2.8,58.8288864894695,327.3771685042153,0
70.0,7,915.1740098656956,2.8,58.79160559897183,327.5912142046668,0
70.1,7,915.1740098656956,2.8,58.75404316990839,327.8124450887432,0
70.2,7,915.1740098656956,2.8,58.70505191761514,328.0980192918547,0
70.3,7,915.1740098656956,2.8,58.6568773309768,328.3727309085235,0
70.4,7,915.1740098656956,2.8,58.6093175529055,328.65617456801937,0
70.5,7,915.1740098656956,2.8,58.58419081784618,328.8130992554828,0
70.6,7,915.1740098656956,2.8,58.54875419764148,329.0263429018798,0
70.7,7,915.1740098656956,2.8,58.50485646732078,329.2915130439675,0
70.8,2,805.2663373514443,2.8,58.43994723300957,329.68678929669295,0
70.9,7,805.2663373514443,0.4,58.40921574817102,329.87083053850756,0
71.0,9,805.2663373514443,2.0999999999999996,58.35779504722878,330.18277560496193,0
71.1,9,805.2663373514443,2.4000000000000004,58.32362877904292,330.38747205753725,0
71.2,9,805.2663373514443,2.4000000000000004,58.26614981039227,330.73331550552325,0
71.3,9,805.2663373514443,2.4000000000000004,58.10200316633379,331.45938638836634,0
71.4,9,805.2663373514443,2.4000000000000004,58.06012354359858,331.7003809475794,0
71.5,9,805.2663373514443,2.4000000000000004,58.020529863755655,331.9308967107165,0
71.6,9,805.2663373514443,2.4000000000000004,57.986730870780775,332.1291910124618,0
71.7,7,812.3866411422657,2.4000000000000004,57.95463888226149,332.3119806876866,0
71.8,7,812.3866411422657,2.8,57.9084223191142,332.5816486518868,0
71.9,7,812.3866411422657,2.8,57.866292375768225,332.84123309374564,0
72.0,7,812.3866411422657,2.8,57.83202425011662,333.03552382011424,0
72.1,7,812.3866411422657,2.8,57.81223086999073,333.1578084300329,0
72.2,7,812.3866411422657,2.8,57.787262815509365,333.3098227065242,0
72.3,7,812.3866411422657,2.8,57.89080046432587,332.79205743604246,0
72.4,7,812.3866411422657,2.8,57.85455191148566,333.01628316045594,0
72.5,7,812.3866411422657,2.8,57.83295121942207,333.146813332859,0
72.6,7,812.3866411422657,2.8,57.80482132240874,333.3249643959034,0
72.7,7,812.3866411422657,2.8,57.78226529153897,333.4555150087159,0
72.8,7,812.3866411422657,2.8,57.75498072066901,333.62283519048225,0
72.9,7,812.3866411422657,2.8,57.743804529597696,333.68918795849055,0
73.0,7,812.3866411422657,2.8,57.72312070448927,333.8123517965774,0
73.1,7,812.3866411422657,2.8,57.70793581620076,333.9024747115144,0
73.2,9,812.3866411422657,2.0999999999999996,57.6970163964896,333.9666251016082,0
73.3,9,812.3866411422657,3.2,57.67411443985457,334.1120969892849,0
73.4,9,812.3866411422657,3.2,57.65768354983304,334.2102448340155,0
73.5,9,812.3866411422657,3.2,57.63191147756177,334.3734067996935,0
73.6,9,812.3866411422657,2.4000000000000004,57.60766498307852,334.52918592771664,0
73.7,8,812.3866411422657,2.4000000000000004,57.58062482417661,334.6949415640598,0
73.8,8,812.3866411422657,2.0999999999999996,57.570325538828094,334.7639722996855,0
73.9,8,812.3866411422657,2.0999999999999996,57.56671908677744,334.7890955996184,0
74.0,7,818.9719182474907,2.0999999999999996,57.548706147091195,334.9009584301972,0
74.1,7,818.9719182474907,2.8,57.54830982053639,334.9172783183894,0
74.2,7,818.9719182474907,2.8,57.68262702639848,334.22305132893473,0
74.3,7,818.9719182474907,2.8,57.691534286612715,334.17405276539284,0
74.4,7,818.9719182474907,2.8,57.68026784548905,334.2458315580669,0
74.5,8,818.9719182474907,2.8,57.691947216353036,334.17807552668546,0
74.6,8,818.9719182474907,2.8,57.835527214288376,333.44946147383484,0
74.7,8,818.9719182474907,2.8,57.82984142625071,333.47760360439725,0
74.8,8,818.9719182474907,2.8,57.830973838712865,333.4704728305439,0
74.9,8,818.9719182474907,2.8,57.83794395810608,333.4319068619054,0
75.0,8,818.9719182474907,2.8,57.84158954428975,333.41454185426545,0
75.1,8,818.9719182474907,2.8,57.83362346101789,333.45485633479143,0
75.2,8,818.9719182474907,2.8,57.842278207063,333.41274244226406,0
75.3,8,818.9719182474907,2.8,57.84809237039527,333.37071862233677,0
75.4,8,818.9719182474907,2.8,57.84934599784341,333.352062121986,0
75.5,8,818.9719182474907,2.8,57.94618556979701,332.8589837377614,0
75.6,8,818.9719182474907,2.8,57.95052519760441,332.8280649346508,0
75.7,8,818.9719182474907,2.8,57.95088107792405,332.8247927000883,0
75.8,8,818.9719182474907,2.8,57.96174454209523,332.75287835783206,0
75.9,8,818.9719182474907,2.8,57.95466961647142,332.79742926666285,0
76.0,8,818.9719182474907,2.8,57.96488291101383,332.73583265840875,0
76.1,8,818.9719182474907,2.8,57.967230544466034,332.71672840483416,0
76.2,8,818.9719182474907,2.8,57.99072949469853,332.56689753641933,0
76.3,8,818.9719182474907,2.8,58.00829695431999,332.4427048360307,0
76.4,8,818.9719182474907,3.5,58.022612475369215,332.3522919389313,0
76.5,8,818.9719182474907,3.5,58.04468747102612,332.2153246768821,0
76.6,8,818.9719182474907,3.5,58.0677664709321,332.06997440061696,0
76.7,8,818.9719182474907,3.5,58.09582719486616,331.88714380752526,0
76.8,8,818.9719182474907,3.5,58.12446814352295,331.70701281866627,0
76.9,8,818.9719182474907,3.5,58.142040843363404,331.5814106935089,0
77.0,8,818.9719182474907,3.5,58.16722794207908,331.4127221473965,0
77.1,8,818.9719182474907,3.5,58.17800861969952,331.3366721889888,0
77.2,8,818.9719182474907,3.5,58.19919610337522,331.2004446585041,0
77.3,8,818.9719182474907,3.5,58.22553287997613,331.0214851100709,0
77.4,8,818.9719182474907,3.5,58.25316036915694,330.8415529392314,0
77.5,8,818.9719182474907,3.5,58.279222071245485,330.6572509744121,0
77.6,8,818.9719182474907,3.5,58.31714532693596,330.40562727640577,0
77.7,8,818.9719182474907,3.5,58.4365812593263,329.75345819413815,0
77.8,8,818.9719182474907,3.5,58.464881486772995,329.56446424424746,0
77.9,8,818.9719182474907,3.5,58.469949475587164,329.49850333902566,0
78.0,8,818.9719182474907,3.5,58.476506375851905,329.433709086706,0
78.1,8,818.9719182474907,3.5,58.478611507798206,329.39705029056904,0
78.2,8,818.9719182474907,3.5,58.477757160544066,329.38294315462906,0
78.3,8,818.9719182474907,3.5,58.71276377885512,327.8915876683921,0
78.4,8,818.9719182474907,3.5,58.70358362977563,327.93209736949586,0
78.5,8,818.9719182474907,3.5,58.70800614718563,327.88300631798904,0
78.6,8,818.9719182474907,3.5,58.70079123400205,327.913035087132,0
78.7,8,818.9719182474907,3.5,58.70416271828138,327.8754103741056,0
78.8,8,818.9719182474907,3.5,58.699926108404995,327.88009047812557,0
78.9,8,818.9719182474907,3.5,58.69697683485941,327.8757341453978,0
79.0,8,818.9719182474907,3.5,58.608706054310574,328.2330601137219,0
79.1,8,818.9719182474907,3.5,58.61628172083062,328.17598450141827,0
79.2,8,818.9719182474907,3.5,58.623842610008744,328.1204184174244,0
79.3,8,818.9719182474907,3.5,58.63000195285579,328.0753087054834,0
79.4,8,818.9719182474907,3.5,58.63516508286547,328.04496568737306,0
79.5,8,818.9719182474907,3.5,58.63424279643131,328.03875196989196,0
79.6,8,818.9719182474907,3.5,58.637367809857764,328.0155343236959,0
79.7,8,818.9719182474907,3.5,58.65883415300007,327.8813438920372,0
79.8,8,818.9719182474907,3.5,58.65392216683956,327.90024653420454,0
79.9,8,818.9719182474907,3.5,58.69985935166082,327.66407958331723,0
80.0,8,818.9719182474907,3.5,58.70546953764283,327.61853096762195,0
80.1,8,818.9719182474907,3.5,58.705651749315,327.6103947860387,0
80.2,8,818.9719182474907,3.5,58.70056392289569,327.62697314113484,0
80.3,8,818.9719182474907,3.5,58.69753160077481,327.6352795383434,0
80.4,8,818.9719182474907,3.5,58.69890044975264,327.61685230001353,0
80.5,8,818.9719182474907,4.199999999999999,58.68852811911784,327.668160994352,0
80.6,8,818.9719182474907,4.199999999999999,58.6831278821075,327.6939642833954,0
80.7,8,818.9719182474907,4.199999999999999,58.668376551989454,327.77006030434126,0
80.8,8,818.9719182474907,4.199999999999999,58.65849733737168,327.8141783312135,0
80.9,8,818.9719182474907,4.199999999999999,58.64504143854608,327.8850958471281,0
81.0,8,818.9719182474907,4.199999999999999,58.6407814299716,327.9046474448205,0
81.1,8,818.9719182474907,4.199999999999999,58.64021278236495,327.89808896926735,0
81.2,8,818.9719182474907,4.199999999999999,58.63303074908415,327.92906167291994,0
81.3,8,818.9719182474907,4.199999999999999,58.690308355357175,327.5739031925525,0
81.4,8,818.9719182474907,4.199999999999999,58.677771800294344,327.6387248466818,0
81.5,8,818.9719182474907,4.199999999999999,58.67133815110913,327.6683388405132,0
81.6,8,818.9719182474907,4.199999999999999,58.638049073460095,327.8529896651407,0
81.7,8,818.9719182474907,4.8999999999999995,58.70922268896802,327.44522962889357,0
81.8,8,818.9719182474907,4.8999999999999995,58.70490054671336,327.46369171773597,0
81.9,8,818.9719182474907,4.8999999999999995,58.67816260432791,327.60754165233345,0
82.0,8,818.9719182474907,4.8999999999999995,58.66294920649144,327.68116879493675,0
82.1,8,818.9719182474907,4.8999999999999995,58.634253359982694,327.8356491961945,0
82.2,8,818.9719182474907,4.8999999999999995,58.70442409261854,327.4635652782604,0
82.3,8,818.9719182474907,4.199999999999999,58.70558490799179,327.4466607184726,0
82.4,8,818.9719182474907,4.199999999999999,58.698541240088026,327.47458720236284,0
82.5,8,818.9719182474907,4.199999999999999,58.68695565874337,327.5354740994951,0
82.6,8,818.9719182474907,4.199999999999999,58.69708404440183,327.47191624790366,0
82.7,8,818.9719182474907,4.199999999999999,58.70137518144683,327.43930370570524,0
82.8,8,818.9719182474907,4.199999999999999,58.71154099085293,327.3754692127592,0
82.9,8,818.9719182474907,4.199999999999999,58.71546935500337,327.3457183302008,0
83.0,8,818.9719182474907,4.199999999999999,58.71126655818728,327.36634280315843,0
83.1,8,818.9719182474907,4.199999999999999,58.720442034243575,327.309126439403,0
83.2,8,818.9719182474907,4.199999999999999,58.726188589458786,327.2695259702367,0
83.3,8,818.9719182474907,4.199999999999999,58.729092365675314,327.24573769745444,0
83.4,8,818.9719182474907,4.199999999999999,58.73576226527307,327.2052602536494,0
83.5,8,818.9719182474907,4.199999999999999,58.804295211864215,326.80501551110274,0
83.6,8,818.9719182474907,4.199999999999999,58.81210052288775,326.75289053349235,0
83.7,8,818.9719182474907,4.199999999999999,58.808496032668984,326.7681059499969,0
83.8,8,818.9719182474907,4.199999999999999,58.81914921565349,326.7015673985784,0
83.9,8,818.9719182474907,4.199999999999999,58.81621258407819,326.71292266308774,0
84.0,8,818.9719182474907,4.199999999999999,58.82146630194778,326.6773649297461,0
84.1,8,818.9719182474907,4.199999999999999,58.883435770596854,326.3055642744505,0
84.2,8,818.9719182474907,4.199999999999999,58.876362090554565,326.34714163688216,0
84.3,8,818.9719182474907,4.199999999999999,58.88880287438328,326.273127841145,0
84.4,8,818.9719182474907,4.199999999999999,58.89753417992901,326.222295496,0
84.5,8,818.9719182474907,4.199999999999999,58.897923190844196,326.2186352340864,0
84.6,8,818.9719182474907,4.199999999999999,58.97684118052369,325.802196262998,0
84.7,8,818.9719182474907,4.199999999999999,58.99751464866509,325.6801606202306,0
84.8,8,818.9719182474907,4.199999999999999,59.009234303054185,325.6098423125343,0
84.9,8,818.9719182474907,4.199999999999999,59.014121733946844,325.58151793613814,0
85.0,8,818.9719182474907,4.199999999999999,59.02137856475444,325.5424091897869,0
85.1,8,818.9719182474907,4.199999999999999,59.03705527121574,325.45026754978676,0
85.2,8,818.9719182474907,4.199999999999999,59.03615200537918,325.45757134748237,0
85.3,6,815.3726056429596,3.5,59.04886340456051,325.38471982604904,0
85.4,6,851.2929025582847,2.5,59.0662542813007,325.2857098736172,1
85.5,7,870.3894417379008,-100.0,59.091201199431545,325.1422302902773,1
85.6,8,870.3894417379008,3.5,59.111416022147004,325.0268686144549,1
85.7,8,870.3894417379008,3.5,59.11500320367403,325.0024050477541,1
85.8,8,870.3894417379008,3.5,59.115219602759,324.9998791571203,1
85.9,8,870.3894417379008,3.5,59.12516265632084,324.9421865901944,1
86.0,8,870.3894417379008,3.5,59.13883611944928,324.85566436440877,1
86.1,8,870.3894417379008,3.5,59.109967734643384,325.0154533611824,1
86.2,8,870.3894417379008,3.5,59.12052496010999,324.95068438692124,1
86.3,7,883.3162141876693,3.5,59.1116188382021,324.99703432512723,1
86.4,7,888.2645814342353,4.199999999999999,59.13451423869925,324.8669072642408,1
86.5,7,888.2645814342353,4.199999999999999,59.238671351151716,324.3461613393114,1
86.6,7,888.2645814342353,4.199999999999999,59.27025227240827,324.1698085826483,1
86.7,8,888.2645814342353,3.5,59.289462250285894,324.06048471681527,1
86.8,7,888.2645814342353,2.8,59.34877680110942,323.7570742346461,1
86.9,7,888.2645814342353,3.5,59.36678286785567,323.65874707479,1
87.0,7,888.2645814342353,3.5,59.39012469767269,323.52715949488805,1
87.1,7,888.2645814342353,3.5,59.3885027830144,323.54148200648524,1
87.2,7,888.2645814342353,3.5,59.41588045884916,323.38802547237964,1
87.3,7,888.2645814342353,3.5,59.436902696492616,323.2738139663096,1
87.4,7,888.2645814342353,3.5,59.48530442568292,323.00546441504093,1
87.5,7,888.2645814342353,3.5,59.50411095381856,322.89907090588304,1
87.6,7,888.2645814342353,3.5,59.53281545464338,322.7437446307712,1
87.7,7,888.2645814342353,3.5,59.56321353764997,322.5742518975945,1
87.8,7,888.2645814342353,3.5,59.571124750672325,322.53457582935647,1
87.9,7,888.2645814342353,3.5,59.59700146823947,322.38826511229274,1
88.0,7,888.2645814342353,3.5,59.61333760748755,322.30198232128066,1
88.1,7,888.2645814342353,3.5,59.63457369953737,322.1866576573026,1
88.2,7,888.2645814342353,3.5,59.65443259509308,322.0799726354899,1
88.3,7,888.2645814342353,3.5,59.670474873179984,321.9909226642712,1
88.4,7,891.1727236706328,3.5,59.67673624682854,321.960688938613,1
88.5,7,891.1727236706328,4.199999999999999,59.68113591186875,321.93217050551596,1
88.6,7,891.1727236706328,4.199999999999999,59.687655798119856,321.89272129552853,1
88.7,7,891.1727236706328,4.199999999999999,59.68446459359929,321.9094900258773,1
88.8,7,891.1727236706328,4.199999999999999,59.69240559239756,321.86401079673493,1
88.9,7,891.1727236706328,4.199999999999999,59.68746153475986,321.8887778871265,1
89.0,7,891.1727236706328,4.199999999999999,59.72784596280229,321.681126404501,1
89.1,9,891.1727236706328,3.5,59.73587004888174,321.63566844562183,1
89.2,7,891.1727236706328,3.2,59.74439295035467,321.58628399331076,1
89.3,7,891.1727236706328,3.5,59.74976576883951,321.55724108745005,1
89.4,7,891.1727236706328,3.5,59.743621528006116,321.5883525250031,1
89.5,7,891.1727236706328,3.5,59.736125009347234,321.6312918552594,1
89.6,7,891.1727236706328,3.5,59.75095350233775,321.54532470451414,1
89.7,7,891.1727236706328,3.5,59.746155564647054,321.57215447683853,1
89.8,7,891.1727236706328,3.5,59.73576296800447,321.6300184042966,1
89.9,7,891.1727236706328,3.5,59.693690247996884,321.83365490347376,1
90.0,7,891.1727236706328,3.5,59.69568830133547,321.8236791360795,1
90.1,7,891.1727236706328,3.5,59.70246892858272,321.7858643383647,1
90.2,7,891.1727236706328,3.5,59.67622455038071,321.93167661369716,1
90.3,7,891.1727236706328,3.5,59.66523704919999,321.9912020871142,1
90.4,7,891.1727236706328,3.5,59.647858000183476,322.0922312489216,1
90.5,7,891.1727236706328,3.5,59.64730539472261,322.0950242086766,1
90.6,10,891.1727236706328,3.5,59.634673140124946,322.16677031834223,1
90.7,10,891.1727236706328,4.0,59.637675961776665,322.1529333117204,1
90.8,7,893.9728340556178,4.0,59.616327076867925,322.2719756271914,1
90.9,7,893.9728340556178,4.199999999999999,59.64542635228074,322.1166904057078,1
91.0,10,893.9728340556178,3.5,59.70378299940918,321.73857431894726,1
91.1,10,893.9728340556178,4.0,59.72621829877528,321.61975909978185,1
91.2,10,893.9728340556178,4.0,59.751106118418306,321.4856966504832,1
91.3,10,893.9728340556178,4.0,59.95550987409963,320.4383444254269,1
91.4,10,893.9728340556178,4.0,59.986187358640365,320.2796985926078,1
91.5,10,893.9728340556178,4.0,60.005503286518916,320.1822351191149,1
91.6,10,893.9728340556178,4.0,60.03807460527098,320.0106145602987,1
91.7,10,893.9728340556178,4.0,60.10725047019167,319.6319365462569,1
91.8,10,893.9728340556178,4.0,60.13958538454872,319.46613925027174,1
91.9,10,893.9728340556178,4.0,60.177096330777424,319.2726294422924,1
92.0,10,893.9728340556178,4.0,60.211842389327614,319.09267546557885,1
92.1,10,893.9728340556178,4.0,60.244510581355485,318.9270619497522,1
92.2,10,893.9728340556178,4.0,60.26796879806766,318.80774349814646,1
92.3,10,893.9728340556178,4.0,60.308374234079494,318.6020377018204,1
92.4,10,893.9728340556178,4.0,60.34194608340373,318.43138279018825,1
92.5,10,893.9728340556178,4.0,60.38045354851961,318.23710547038996,1
92.6,10,893.9728340556178,4.0,60.42998886297228,317.9811423471329,1
92.7,10,893.9728340556178,4.0,60.46390537417059,317.8079627737207,1
92.8,10,893.9728340556178,4.0,60.48190918412163,317.7210703370056,1
92.9,10,893.9728340556178,4.0,60.51261542348974,317.5717416223571,1
93.0,7,896.6419024869176,4.0,60.55411284601048,317.3605062940097,1
93.1,7,896.6419024869176,4.199999999999999,60.60874333289861,317.08282810709187,1
93.2,7,896.6419024869176,4.199999999999999,60.65683311267183,316.8392522332947,1
93.3,7,896.6419024869176,4.199999999999999,60.702122181286796,316.6149811187234,1
93.4,7,896.6419024869176,4.199999999999999,60.737575257302694,316.4417559647985,1
93.5,7,896.6419024869176,4.199999999999999,60.79784409146313,316.14081957989106,1
93.6,7,896.6419024869176,4.199999999999999,60.844522270011,315.9131955417793,1
93.7,7,896.6419024869176,4.199999999999999,61.02459773759183,315.03377862411605,1
93.8,7,896.6419024869176,4.199999999999999,61.07091018998045,314.81379388299166,1
93.9,7,896.6419024869176,4.199999999999999,61.11832148653635,314.58270336925483,1
94.0,7,896.6419024869176,4.199999999999999,61.156872897829565,314.3906702570496,1
94.1,7,896.6419024869176,4.199999999999999,61.23476430350635,313.9767520941873,1
94.2,7,896.6419024869176,4.199999999999999,61.24902391682549,313.9213799151202,1
94.3,7,896.6419024869176,4.199999999999999,61.28604129473862,313.73971788837645,1
94.4,10,896.6419024869176,4.199999999999999,61.305022479119074,313.65125093485625,1
94.5,10,896.6419024869176,4.800000000000001,61.3334672137066,313.5210606482442,1
94.6,10,896.6419024869176,4.800000000000001,61.363679806863686,313.3797040707719,1
94.7,10,896.6419024869176,4.800000000000001,61.39012265462484,313.25732773631205,1
94.8,10,896.6419024869176,4.0,61.415058608393295,313.14210430412766,1
94.9,10,896.6419024869176,4.0,61.44880046449218,312.9803418505411,1
95.0,10,896.6419024869176,4.0,61.47116700958256,312.8822718843239,1
95.1,10,896.6419024869176,4.0,61.51559914722253,312.6695150272803,1
95.2,7,899.21134140183,4.0,61.54071443433446,312.55778745276837,1
95.3,7,899.21134140183,4.199999999999999,61.61608695008776,312.1607636810589,1
95.4,7,899.21134140183,4.199999999999999,61.64040842849262,312.0427514260547,1
95.5,7,899.21134140183,4.199999999999999,61.65551256827052,311.9837376979224,1
95.6,7,899.21134140183,4.199999999999999,61.69350179213467,311.8044746530967,1
95.7,7,899.21134140183,4.199999999999999,61.710863891421866,311.7248531461205,1
95.8,7,899.21134140183,4.199999999999999,61.72742665966547,311.64888007681776,1
95.9,7,899.21134140183,4.199999999999999,61.743643909826204,311.571821400075,1
96.0,7,899.21134140183,4.199999999999999,61.770634123332165,311.4429709072526,1
96.1,7,899.21134140183,4.199999999999999,61.79007176813387,311.3490456307365,1
96.2,10,899.21134140183,4.199999999999999,61.89889129245611,310.84266928733166,1
96.3,10,899.21134140183,4.800000000000001,61.915035124771705,310.7713687187173,1
96.4,10,899.21134140183,4.800000000000001,61.92448779369957,310.72734953955535,1
96.5,10,899.21134140183,4.800000000000001,61.93959828676728,310.6580414967835,1
96.6,10,899.21134140183,4.800000000000001,61.945733846689606,310.63083198173524,1
96.7,10,899.21134140183,4.800000000000001,61.95631066326038,310.58406180011116,1
96.8,10,899.21134140183,4.800000000000001,61.9596202356244,310.5715276144477,1
96.9,10,899.21134140183,4.800000000000001,61.9909199647976,310.4148076892614,1
97.0,10,899.21134140183,4.800000000000001,62.00385499159623,310.3507698289818,1
97.1,10,899.21134140183,4.800000000000001,62.01265366294788,310.31247686829244,1
97.2,10,899.21134140183,4.800000000000001,62.014436099331384,310.30798216308267,1
97.3,10,899.21134140183,4.800000000000001,62.02199553757538,310.27592147196697,1
97.4,10,899.21134140183,4.0,62.036639699168425,310.2122944817339,1
97.5,10,899.21134140183,4.0,62.04949727437785,310.1516995839374,1
97.6,10,899.21134140183,4.0,62.10336225886196,309.86187906775615,1
97.7,10,899.21134140183,4.0,62.10707084276058,309.8516746567842,1
97.8,9,899.21134140183,4.0,62.1078986015917,309.8530523163039,1
97.9,9,899.21134140183,4.800000000000001,62.11378149087227,309.8321109886768,1
98.0,9,899.21134140183,4.800000000000001,62.105842821962874,309.88024367970104,1
98.1,9,899.21134140183,4.800000000000001,62.11160981836791,309.85510503281114,1
98.2,9,899.21134140183,4.800000000000001,62.121924408525075,309.8054048263464,1
98.3,9,899.21134140183,4.800000000000001,62.132753538060356,309.75338925096594,1
98.4,9,899.21134140183,4.800000000000001,62.14584629975785,309.6926617168996,1
98.5,9,899.21134140183,4.800000000000001,62.1919332610539,309.4811099933159,1
98.6,9,899.21134140183,4.800000000000001,62.18424166162438,309.52287090258824,1
98.7,7,902.2290039609823,4.0,62.189900451547544,309.4963348137786,1
98.8,7,902.2290039609823,4.199999999999999,62.190342649633266,309.501362184336,1
98.9,7,902.2290039609823,4.199999999999999,62.182632923645194,309.53483627303274,1
99.0,9,902.2290039609823,4.199999999999999,62.179713620682136,309.5526137880081,1
99.1,9,902.2290039609823,4.0,62.17583511276348,309.56358972194664,1
99.2,9,902.2290039609823,4.0,62.17378435022416,309.5722904781343,1
99.3,9,902.2290039609823,4.0,62.17486920155248,309.5714239078858,1
99.4,9,902.2290039609823,4.0,62.16146425608429,309.6406260335077,1
99.5,9,902.2290039609823,4.0,62.1591312784152,309.6479833077152,1
99.6,9,902.2290039609823,4.0,62.14867798749504,309.70039033005196,1
99.7,7,902.2290039609823,4.0,62.1334808411306,309.7799330086398,1
99.8,7,902.2290039609823,4.199999999999999,62.14653710988125,309.70105270985835,1
99.9,7,902.2290039609823,4.199999999999999,62.12681008986979,309.80604708740213,1
100.0,7,902.2290039609823,4.199999999999999,62.10303652448318,309.92632345135235,1
100.1,7,902.2290039609823,4.199999999999999,62.09240478307036,309.98360919972714,1
100.2,7,902.2290039609823,4.199999999999999,62.07282456036489,310.0862504654413,1
100.3,9,902.2290039609823,3.5,62.063262259647885,310.13805136713154,1
100.4,9,902.2290039609823,4.800000000000001,62.060761649085705,310.1523376658189,1
100.5,9,902.2290039609823,4.800000000000001,62.04966760936785,310.20761476723646,1
100.6,9,902.2290039609823,4.800000000000001,62.027146584313044,310.31687579732863,1
100.7,9,902.2290039609823,4.800000000000001,62.021402796475684,310.34302750135134,1
100.8,9,902.2290039609823,4.800000000000001,62.012125999119775,310.380454872796,1
100.9,9,902.2290039609823,4.800000000000001,62.00184044659866,310.4317422461698,1
101.0,9,902.2290039609823,4.800000000000001,62.04287331104591,310.2472641323553,1
101.1,9,902.2290039609823,4.800000000000001,62.03569371109814,310.28360509891843,1
101.2,9,902.2290039609823,4.800000000000001,62.01921426617179,310.36405787176665,1
101.3,9,902.2290039609823,4.800000000000001,62.00749681726407,310.4273207564204,1
101.4,9,902.2290039609823,4.0,61.996092351650994,310.47845055043837,1
101.5,9,902.2290039609823,4.0,61.980727069983615,310.5472866191651,1
101.6,9,902.2290039609823,4.0,61.95579187827346,310.6778702509528,1
101.7,9,902.2290039609823,4.0,61.945720010979045,310.72189025743353,1
101.8,9,902.2290039609823,4.0,61.930211321793195,310.8007969989514,1
101.9,9,902.2290039609823,4.0,61.888042165363046,311.0159520106264,1
102.0,9,902.2290039609823,4.0,61.86947232871276,311.104485529631,1
102.1,9,902.2290039609823,4.800000000000001,61.83525807242832,311.2813894998893,1
102.2,9,902.2290039609823,4.800000000000001,61.819697952125104,311.35893987783606,1
102.3,9,902.2290039609823,4.800000000000001,61.7934840895566,311.4925662072259,1
102.4,9,902.2290039609823,4.800000000000001,61.76430348700322,311.6419360195278,1
102.5,9,902.2290039609823,4.800000000000001,61.79344153612023,311.46637289442157,1
102.6,9,902.2290039609823,4.800000000000001,61.75585812380384,311.657840037342,1
102.7,9,902.2290039609823,4.0,61.72502381681201,311.8172189402691,1
102.8,9,902.2290039609823,4.0,61.69333561608802,311.97693711782324,1
102.9,9,902.2290039609823,4.0,61.674538047053815,312.06905578729805,1
103.0,9,902.2290039609823,4.0,61.64429536424595,312.2225178280716,1
103.1,9,902.2290039609823,4.0,61.627588493110295,312.3038834951742,1
103.2,9,902.2290039609823,4.0,61.60072796381762,312.44049580174544,1
103.3,9,902.2290039609823,4.0,61.58582010133121,312.51652801453804,1
103.4,9,902.2290039609823,4.0,61.56779498071144,312.5973865660717,1
103.5,9,902.2290039609823,4.0,61.54381828872854,312.71642690829765,1
103.6,9,902.2290039609823,4.800000000000001,61.517711583399034,312.84025770824763,1
103.7,9,902.2290039609823,4.800000000000001,61.50385979857912,312.9030766228905,1
103.8,9,902.2290039609823,4.800000000000001,61.47962237654197,313.02300625269174,1
103.9,9,902.2290039609823,4.800000000000001,61.454653388997514,313.14722298816275,1
104.0,9,902.2290039609823,4.800000000000001,61.42659516237099,313.28413548895765,1
104.1,9,902.2290039609823,4.800000000000001,61.40212657202768,313.4080540278518,1
104.2,9,902.2290039609823,4.800000000000001,61.390511565185875,313.461805206329,1
104.3,9,902.2290039609823,4.800000000000001,61.35690604209941,313.6260257754992,1
104.4,9,902.2290039609823,4.800000000000001,61.33498719071366,313.7382119491864,1
104.5,9,902.2290039609823,4.800000000000001,61.32090376726128,313.8034413853252,1
104.6,9,902.2290039609823,4.800000000000001,61.307808993915685,313.8608847762945,1
104.7,9,902.2290039609823,4.800000000000001,61.33732474368551,313.68208020816996,1
104.8,9,902.2290039609823,4.800000000000001,61.318163036749766,313.7795730959955,1
104.9,9,902.2290039609823,4.800000000000001,61.295681004265056,313.88747880460426,1
105.0,9,902.2290039609823,4.800000000000001,61.277168792282495,313.97245245950006,1
105.1,9,902.2290039609823,4.800000000000001,61.25940172665781,314.0548411160023,1
105.2,9,902.2290039609823,4.800000000000001,61.244791838613935,314.11982304027254,1
105.3,9,902.2290039609823,4.800000000000001,61.379986209773264,313.4777148265375,1
105.4,9,902.2290039609823,4.800000000000001,61.35814372252968,313.5820978654009,1
105.5,9,902.2290039609823,4.800000000000001,61.34284657549439,313.6533978176783,1
105.6,9,902.2290039609823,4.800000000000001,61.327486614538444,313.72554070385786,1
105.7,9,902.2290039609823,4.800000000000001,61.31212444030102,313.79350524029996,1
105.8,9,902.2290039609823,4.800000000000001,61.283342203468614,313.93429607351476,1
105.9,9,902.2290039609823,4.800000000000001,61.25567986358833,314.0669674787906,1
106.0,9,902.2290039609823,4.800000000000001,61.22099517267721,314.2390721950769,1
106.1,9,902.2290039609823,4.800000000000001,61.201352949237005,314.3339150007541,1
106.2,9,902.2290039609823,4.800000000000001,61.18668794032335,314.3994078015255,1
106.3,11,902.2290039609823,4.0,61.16373208932662,314.5122668627697,1
106.4,11,902.2290039609823,4.5,61.140116174448686,314.61839524493536,1
106.5,11,902.2290039609823,4.5,61.127608449348756,314.6740483781901,1
106.6,11,902.2290039609823,4.5,61.09688361322358,314.8239234152874,1
106.7,11,902.2290039609823,4.5,61.0692957996319,314.9603834410196,1
106.8,9,902.2290039609823,3.6,61.037846163965696,315.1205693447613,1
106.9,9,902.2290039609823,4.800000000000001,61.00627972221098,315.2720265747199,1
107.0,9,902.2290039609823,4.800000000000001,60.98579148551933,315.36927569445436,1
107.1,9,902.2290039609823,4.800000000000001,60.95572836394115,315.5179877548605,1
107.2,9,902.2290039609823,4.800000000000001,60.91863748658946,315.7010496742498,1
107.3,9,902.2290039609823,4.800000000000001,60.88716274665968,315.86043653443585,1
107.4,9,902.2290039609823,4.800000000000001,61.019309051176286,315.1031371879241,1
107.5,9,902.2290039609823,4.800000000000001,60.99799307877631,315.2076529209368,1
107.6,11,902.2290039609823,4.0,60.9682134180116,315.35360258502357,1
107.7,11,902.2290039609823,4.5,61.03552098572915,314.94410547253096,1
107.8,11,902.2290039609823,4.5,61.01042772184137,315.0696514751771,1
107.9,11,902.2290039609823,4.5,60.99182456250654,315.16351884238236,1
108.0,11,902.2290039609823,4.5,60.967062446170644,315.2872875743069,1
108.1,11,902.2290039609823,4.5,60.94531781376061,315.3974440985484,1
108.2,11,902.2290039609823,4.5,60.903704767162615,315.6106820047038,1
108.3,11,902.2290039609823,4.5,60.87597565462475,315.756593079748,1
108.4,11,902.2290039609823,4.5,60.84043477177188,315.9425000866603,1
108.5,11,902.2290039609823,4.5,60.82775955969544,316.00714194578734,1
108.6,11,902.2290039609823,5.4,60.80824646586214,316.109277316325,1
108.7,11,902.2290039609823,5.4,60.7909686085267,316.1973076839411,1
108.8,11,902.2290039609823,5.4,60.78146349855581,316.2445817765962,1
108.9,11,902.2290039609823,4.5,60.776717669909246,316.2656569610258,1
109.0,11,902.2290039609823,4.5,60.772903145347314,316.28162546963097,1
109.1,11,902.2290039609823,4.5,60.76411850053199,316.327089376511,1
109.2,11,902.2290039609823,4.5,60.760408273535475,316.3439133517941,1
109.3,11,902.2290039609823,4.5,60.76159397733316,316.336369433973,1
109.4,11,902.2290039609823,4.5,60.76597385834143,316.3070039311074,1
109.5,11,902.2290039609823,4.5,60.97517487515547,315.14900683517396,1
109.6,11,902.2290039609823,4.5,60.98005444241609,315.12173453051014,1
109.7,11,902.2290039609823,4.5,60.96330999433882,315.2057016169862,1
109.8,11,902.2290039609823,4.5,60.97209664152555,315.15610374604535,1
109.9,11,902.2290039609823,4.5,60.96472669972434,315.19346647014544,1
110.0,11,902.2290039609823,4.5,60.95290835191321,315.2501259775205,1
110.1,11,902.2290039609823,4.5,61.094677587867906,314.56104302373336,1
110.2,11,902.2290039609823,4.5,61.09145944118838,314.5735653262778,1
110.3,11,902.2290039609823,4.5,61.07215392008393,314.6731312915915,1
110.4,11,902.2290039609823,4.5,61.05544018330464,314.75886781174165,1
110.5,11,902.2290039609823,4.5,61.04619211734949,314.80220063558465,1
110.6,11,902.2290039609823,4.5,61.019527779432394,314.94011514100225,1
110.7,11,902.2290039609823,4.5,61.01282159443448,314.9768089841436,1
110.8,11,902.2290039609823,4.5,61.005462360582015,315.0137033571284,1
110.9,11,902.2290039609823,4.5,60.98744445584454,315.1038548594549,1
111.0,11,902.2290039609823,4.5,60.980242596574755,315.1407954674993,1
111.1,11,902.2290039609823,4.5,60.963731124146705,315.22614004677985,1
111.2,11,902.2290039609823,4.5,60.94626031207586,315.3146622189792,1
111.3,11,902.2290039609823,4.5,60.929253971939836,315.4049313288921,1
111.4,11,902.2290039609823,4.5,60.91721490208748,315.4643822247965,1
111.5,11,902.2290039609823,5.4,60.89616329527912,315.5764467151654,1
111.6,11,902.2290039609823,4.5,60.883811600388185,315.64060526365733,1
111.7,11,902.2290039609823,4.5,60.8657274365103,315.7360558015896,1
111.8,11,902.2290039609823,4.5,61.035244589148284,314.8044037287905,1
111.9,11,902.2290039609823,4.5,61.02292799726398,314.86529260686484,1
112.0,11,902.2290039609823,4.5,61.003357686133995,314.96944015761375,1
112.1,11,902.2290039609823,4.5,60.990809691044205,315.0327504743477,1
112.2,11,902.2290039609823,4.5,60.98687006324279,315.0508378863956,1
112.3,11,902.2290039609823,4.5,61.079996193476774,314.6032084554422,1
112.4,11,902.2290039609823,4.5,61.057503173622095,314.71956832466753,1
112.5,11,902.2290039609823,4.5,61.044185238642484,314.79083640546094,1
112.6,11,902.2290039609823,4.5,61.040111513330125,314.81013036856086,1
112.7,11,902.2290039609823,4.5,61.01729944296933,314.93236124413386,1
112.8,9,902.2290039609823,3.6,61.0019084418411,315.01108574788304,1
112.9,9,902.2290039609823,4.800000000000001,60.98580955458769,315.0939937523591,1
113.0,9,902.2290039609823,4.800000000000001,60.95543914522719,315.25612551572885,1
113.1,11,902.2290039609823,4.0,60.9409778474529,315.33208753748886,1
113.2,11,902.2290039609823,4.5,60.920683413712084,315.439091261351,1
113.3,11,902.2290039609823,4.5,60.90469225350928,315.5193892716294,1
113.4,11,902.2290039609823,4.5,60.89792094339954,315.55766478205624,1
113.5,11,902.2290039609823,4.5,60.88627198382996,315.6172895922956,1
113.6,11,902.2290039609823,4.5,60.87470593749738,315.67875190969505,1
113.7,11,902.2290039609823,4.5,60.872219646713866,315.6917614924781,1
113.8,11,902.2290039609823,4.5,60.841889942359735,315.8519222132254,1
113.9,11,902.2290039609823,4.5,60.83109134389335,315.91160806308733,1
114.0,11,902.2290039609823,4.5,60.824762199168774,315.9439795588899,1
114.1,11,902.2290039609823,4.5,60.81439718752969,315.9978482706724,1
114.2,11,902.2290039609823,4.5,60.78947285220036,316.129037757144,1
114.3,11,902.2290039609823,4.5,60.76547160622437,316.256711769203,1
114.4,11,902.2290039609823,5.4,60.74713075756249,316.3528610583438,1
114.5,11,902.2290039609823,5.4,60.723925193495575,316.48002701044885,1
114.6,11,902.2290039609823,5.4,60.7041179507988,316.58610802663367,1
114.7,11,902.2290039609823,5.4,60.69070825014444,316.6595292453826,1
114.8,11,902.2290039609823,5.4,60.80041412855951,316.12702666315283,1
114.9,11,902.2290039609823,5.4,60.7810354627452,316.2319135475385,1
115.0,11,902.2290039609823,5.4,60.76246532140115,316.3285473347312,1
115.1,11,902.2290039609823,5.4,60.752794078916054,316.38133089881455,1
115.2,11,902.2290039609823,5.4,60.916262872614276,315.4727301436342,1
115.3,11,902.2290039609823,5.4,60.89757527547452,315.57353824977764,1
115.4,11,902.2290039609823,5.4,60.87697127490108,315.68257291687735,1
115.5,11,902.2290039609823,5.4,60.85885187318521,315.77666413342536,1
115.6,11,902.2290039609823,5.4,60.83935471028083,315.8816125904218,1
115.7,11,902.2290039609823,5.4,60.822331613992205,315.9755240100838,1
115.8,11,902.2290039609823,5.4,60.8083960517433,316.050578256813,1
115.9,11,902.2290039609823,5.4,60.79809381980647,316.1081173567831,1
116.0,11,902.2290039609823,5.4,60.78658697915954,316.16882529711904,1
116.1,11,902.2290039609823,5.4,60.767915458395436,316.26683304865696,1
116.2,11,902.2290039609823,5.4,60.76108709012184,316.29964570436505,1
116.3,11,902.2290039609823,4.5,60.74024698167244,316.4141723856697,1
116.4,11,902.2290039609823,4.5,60.72676570887121,316.4850855581002,1
116.5,11,902.2290039609823,4.5,60.71055591842715,316.5716334778449,1
116.6,11,902.2290039609823,4.5,60.70073079085977,316.6236166133014,1
116.7,11,902.2290039609823,4.5,60.693095919513425,316.6691327754013,1
116.8,11,902.2290039609823,4.5,60.684278077324976,316.7175510393283,1
116.9,11,902.2290039609823,4.5,60.67275072712823,316.77868070781733,1
117.0,11,902.2290039609823,4.5,60.661152084878594,316.842685874127,1
117.1,11,902.2290039609823,4.5,60.77182577621417,316.3156813122147,1
117.2,11,902.2290039609823,4.5,60.764468848187406,316.3536748441426,1
117.3,11,902.2290039609823,4.5,60.75187434248824,316.4255926924034,1
117.4,9,913.7222461778406,3.6,60.73354188002339,316.5265288211807,1
117.5,7,934.8115081799164,4.0,60.71152120909396,316.644511844054,1
117.6,7,944.459073188125,4.199999999999999,60.69524531035901,316.731632744855,1
117.7,7,944.459073188125,4.199999999999999,60.687456793775894,316.77391875194644,1
117.8,11,944.459073188125,3.5,60.67139779351554,316.86452290513466,1
117.9,11,944.459073188125,4.5,60.66182492399071,316.9163650739432,1
118.0,11,944.459073188125,4.5,60.64593196052451,317.00095450350005,1
118.1,11,944.459073188125,4.5,60.62564451073542,317.1091012989659,1
118.2,11,944.459073188125,4.5,60.611865326503676,317.184229870546,1
118.3,11,944.459073188125,4.5,60.595696402058444,317.2685479576754,1
118.4,9,944.459073188125,3.6,60.585949438927926,317.3242288223879,1
118.5,9,944.459073188125,4.0,60.56585703119675,317.4352408236036,1
118.6,9,944.459073188125,4.0,60.544718170949466,317.5531462826882,1
118.7,9,944.459073188125,4.0,60.52667756002211,317.6536423515121,1
118.8,9,944.459073188125,4.0,60.50896848514384,317.75069433948886,1
118.9,9,944.459073188125,4.0,60.47853807784948,317.91895516993594,1
119.0,11,944.459073188125,3.2,60.456131130423756,318.0415845008456,1
119.1,11,944.459073188125,4.5,60.33357871758699,318.7366991975191,1
119.2,11,944.459073188125,4.5,60.40151492611116,318.4200806053808,1
119.3,11,944.459073188125,4.5,60.391789294785625,318.4699038378835,1
119.4,11,944.459073188125,4.5,60.36723988934553,318.6030162032454,1
119.5,11,944.459073188125,4.5,60.339552034775444,318.74562662745717,1
119.6,11,944.459073188125,4.5,60.31906270287545,318.8596165598277,1
119.7,11,944.459073188125,4.5,60.2961094336086,318.9775224739318,1
119.8,7,945.6536859466843,4.5,60.26157812578604,319.16457875724507,1
119.9,7,945.6536859466843,4.199999999999999,60.2253574966037,319.3571609323019,1
120.0,11,945.6536859466843,3.5,60.19306369338494,319.5299067897455,1
120.1,11,945.6536859466843,4.5,60.15513325047566,319.73339299776353,1
120.2,11,945.6536859466843,4.5,60.11961595463154,319.92166538102646,1
120.3,11,945.6536859466843,4.5,60.07435756499639,320.16623926336683,1
120.4,11,945.6536859466843,4.5,60.03392992043602,320.3794104453033,1
120.5,11,945.6536859466843,4.5,59.98923393697264,320.615673187207,1
120.6,11,945.6536859466843,4.5,59.92747339508058,320.94420914939747,1
120.7,11,945.6536859466843,4.5,59.883202252925,321.179704472631,1
120.8,11,945.6536859466843,4.5,59.840465618413155,321.4058467501043,1
120.9,11,945.6536859466843,4.5,59.78413537938519,321.70494730506175,1
121.0,11,945.6536859466843,4.5,59.72562196401837,322.0198587495038,1
121.1,11,945.6536859466843,4.5,59.66762829509983,322.329790673207,1
121.2,11,945.6536859466843,4.5,59.60450740769372,322.6727829342834,1
121.3,9,945.6536859466843,3.6,59.55089875738936,322.9593284031133,1
121.4,9,945.6536859466843,4.0,59.49749535441117,323.25238584112765,1
121.5,9,945.6536859466843,4.0,59.42695959288169,323.63131528471314,1
121.6,9,945.6536859466843,4.0,59.364555642101266,323.9688650606097,1
121.7,11,945.6536859466843,3.2,59.31073942573404,324.262712994641,1
121.8,11,945.6536859466843,4.5,59.26663691731139,324.5889906753538,1
121.9,11,945.6536859466843,4.5,59.20567343282046,324.9211566440922,1
122.0,11,945.6536859466843,4.5,59.1432824960861,325.26251545740604,1
122.1,11,945.6536859466843,4.5,59.07729163624186,325.6240088110236,1
122.2,11,945.6536859466843,4.5,59.01452318755837,325.968488607987,1
122.3,11,945.6536859466843,4.5,58.937978472172865,326.3918077722819,1
122.4,11,945.6536859466843,4.5,58.87281554735547,326.748040301022,1
122.5,11,945.6536859466843,4.5,58.80861003757769,327.0991476761156,1
122.6,7,947.0429432955526,4.5,58.75042513442017,327.42125707139735,1
122.7,11,947.0429432955526,4.199999999999999,58.68033461031432,327.8115141092493,1
122.8,11,947.0429432955526,4.5,58.60883737667728,328.2050132435975,1
122.9,7,947.0429432955526,3.6,58.54060286743703,328.5874724101235,1
123.0,10,954.782009957588,3.5,58.46578530801519,329.0039692832165,1
123.1,10,954.782009957588,4.0,58.3944822234164,329.4001258493838,1
123.2,10,954.782009957588,4.0,58.319997711010444,329.81985529057044,1
123.3,10,954.782009957588,4.0,58.242321371600156,330.2559620277474,1
123.4,10,954.782009957588,4.0,58.173996227591964,330.6381795991167,1
123.5,10,954.782009957588,4.0,58.10224791726278,331.04798135180306,1
123.6,10,954.782009957588,4.0,58.031920195688954,331.4451543054623,1
123.7,10,954.782009957588,4.0,57.96950876831794,331.8012523723522,1
123.8,9,954.782009957588,3.2,57.895251748395026,332.2265353075923,1
123.9,9,954.782009957588,4.0,57.83695944998507,332.56281152547695,1
124.0,9,954.782009957588,4.0,57.767173804626495,332.9676551446398,1
124.1,9,954.782009957588,4.0,57.826645576236814,332.68444107589715,1
124.2,9,954.782009957588,4.0,57.7612777800521,333.06106503034744,1
124.3,11,954.782009957588,3.2,57.69648298138715,333.4368954556965,1
124.4,11,954.782009957588,3.6,57.31949160113922,335.81457330075966,1
124.5,11,954.782009957588,3.6,57.25543642065357,336.1989702978667,1
124.6,11,954.782009957588,3.6,57.1877989773314,336.59774720366005,1
124.7,11,954.782009957588,3.6,57.081129174214695,337.2564779818,1
124.8,11,954.782009957588,3.6,56.99976308403507,337.74242187009736,1
124.9,11,954.782009957588,3.6,56.936153806466194,338.1270308528278,1
125.0,11,954.782009957588,3.6,56.863385819511514,338.5667807381167,1
125.1,11,954.782009957588,3.6,56.794903373819395,338.9871598582438,1
125.2,11,954.782009957588,3.6,56.740671118774486,339.31500074939754,1
125.3,11,954.782009957588,3.6,56.685497311859464,339.64858500428335,1
125.4,11,954.782009957588,3.6,56.621030242298026,340.0358587235931,1
125.5,11,954.782009957588,3.6,56.56585662990139,340.3776154519137,1
125.6,7,955.6999397064582,3.6,56.51433998453996,340.6891782629206,1
125.7,7,955.6999397064582,4.199999999999999,56.449052504412336,341.0842654299415,1
125.8,7,955.6999397064582,4.199999999999999,56.39359967739446,341.4230577760195,1
125.9,7,955.6999397064582,4.199999999999999,56.404057974673975,341.23341779641794,1
126.0,7,955.6999397064582,4.199999999999999,56.3505215024959,341.55919547490674,1
126.1,7,955.6999397064582,4.199999999999999,56.30375077893561,341.85033748552195,1
126.2,7,955.6999397064582,4.199999999999999,56.36846829712434,341.5305427103191,1
126.3,7,955.6999397064582,4.199999999999999,56.32383953068955,341.80102394227265,1
126.4,7,955.6999397064582,4.199999999999999,56.27537527515277,342.0986041300008,1
126.5,7,955.6999397064582,4.199999999999999,56.22761373786875,342.3894501951472,1
126.6,7,955.6999397064582,4.199999999999999,56.18335235432639,342.66397161274836,1
126.7,7,955.6999397064582,4.199999999999999,56.14474109588549,342.90500759880786,1
126.8,7,955.6999397064582,4.199999999999999,56.109342633448634,343.1243369681605,1
126.9,7,955.6999397064582,4.199999999999999,56.07207259103535,343.35876662933526,1
127.0,7,955.6999397064582,4.199999999999999,56.03509357620855,343.58798277203607,1
127.1,7,955.6999397064582,4.199999999999999,56.012260438890735,343.7414067955957,1
127.2,11,955.6999397064582,4.199999999999999,56.11610294721564,343.1928166896363,1
127.3,11,955.6999397064582,4.5,56.08985203000139,343.35927873751996,1
127.4,11,955.6999397064582,4.5,56.0646873244572,343.5135740667489,1
127.5,11,955.6999397064582,4.5,56.03897503711506,343.6803138746668,1
127.6,11,955.6999397064582,3.6,56.01083831081083,343.8545913701155,1
127.7,11,955.6999397064582,3.6,55.98094067015322,344.04271818166,1
127.8,11,955.6999397064582,3.6,55.94323916622316,344.28200688372726,1
127.9,11,955.6999397064582,3.6,55.91320722658959,344.46971110434436,1
128.0,11,955.6999397064582,3.6,55.87904965208864,344.6820022223541,1
128.1,11,955.6999397064582,3.6,55.83857562012554,344.9366786420163,1
128.2,11,955.6999397064582,3.6,55.80396173224239,345.1571624088966,1
128.3,7,956.5765058253664,3.6,55.779092203279916,345.3161953500695,1
128.4,7,956.5765058253664,4.199999999999999,55.76248898192901,345.43296179087855,1
128.5,7,956.5765058253664,4.199999999999999,55.74106706403527,345.58106403247416,1
128.6,7,956.5765058253664,4.199999999999999,55.718677522884796,345.73399529787116,1
128.7,7,956.5765058253664,4.199999999999999,55.69985783369799,345.8524107413188,1
128.8,9,956.5765058253664,3.5,55.68570854766021,345.9497555283605,1
128.9,9,956.5765058253664,4.0,55.673480339877855,346.03806948394384,1
129.0,9,956.5765058253664,4.0,55.66328469868874,346.11375515317434,1
129.1,9,956.5765058253664,4.0,55.64940828080799,346.20763336378286,1
129.2,9,956.5765058253664,4.0,55.82949621618164,345.2507744715935,1
129.3,9,956.5765058253664,4.0,55.81232720928044,345.3664010085256,1
129.4,9,956.5765058253664,4.0,55.7871898064762,345.52852190108524,1
129.5,9,956.5765058253664,4.0,55.770058213587255,345.642698475929,1
129.6,9,956.5765058253664,4.0,55.74705059221882,345.79457696549207,1
129.7,9,956.5765058253664,4.0,55.723027902458654,345.9488770191874,1
129.8,9,956.5765058253664,4.0,55.68763269581609,346.1806583495379,1
129.9,9,956.5765058253664,4.0,55.661106012864096,346.35212576463675,1
130.0,9,956.5765058253664,4.0,55.63655352462496,346.5160688728356,1
130.1,9,956.5765058253664,4.0,55.54966197103286,346.89130845325167,1
130.2,9,956.5765058253664,4.0,55.52856311129085,347.03014283317407,1
130.3,9,956.5765058253664,4.0,55.50750421319735,347.16581577485647,1
130.4,9,956.5765058253664,4.0,55.48804438441452,347.2960519102841,1
130.5,9,956.5765058253664,4.0,55.46616146880595,347.4385603764738,1
130.6,9,956.5765058253664,4.0,55.44409888546849,347.5826121564644,1
130.7,9,956.5765058253664,4.0,55.436039225346,347.613306903512,1
130.8,7,957.3941093661489,4.0,55.40816118292348,347.7945750762393,1
130.9,7,957.3941093661489,4.199999999999999,55.39468503731981,347.88123676135996,1
131.0,7,957.3941093661489,4.199999999999999,55.38173629795981,347.95963560420273,1
131.1,7,957.3941093661489,4.199999999999999,55.495662594622516,347.34406524763426,1
131.2,7,957.3941093661489,4.199999999999999,55.478964346749606,347.4512866738705,1
131.3,7,957.3941093661489,4.199999999999999,55.46160621403129,347.56112794978577,1
131.4,7,957.3941093661489,4.199999999999999,55.43883910458565,347.6988712441565,1
131.5,7,957.3941093661489,4.199999999999999,55.41062174994455,347.8731302232479,1
131.6,7,957.3941093661489,4.199999999999999,55.38070511677519,348.06617145821747,1
131.7,7,957.3941093661489,4.199999999999999,55.3520655390477,348.2525603535089,1
131.8,8,969.4760513401737,4.199999999999999,55.33751257228808,348.3362252009684,1
131.9,8,974.7592096213652,4.199999999999999,55.31466475476286,348.4842664167239,1
132.0,8,977.2930481508058,4.199999999999999,55.28708702076341,348.66044086516274,1
132.1,8,977.2930481508058,4.199999999999999,55.257118182691705,348.8601688764608,1
132.2,8,977.2930481508058,4.199999999999999,55.224172034350715,349.07348438470194,1
132.3,8,977.2930481508058,4.199999999999999,55.196103065309615,349.2588627092889,1
132.4,8,977.2930481508058,4.199999999999999,55.164565291540285,349.4582398034296,1
132.5,8,977.2930481508058,4.199999999999999,55.140794804181596,349.59835809361107,1
132.6,8,977.2930481508058,4.199999999999999,55.108153794616236,349.81224420173623,1
132.7,8,977.2930481508058,4.199999999999999,55.0879101324106,349.93477267297726,1
132.8,9,977.2930481508058,4.199999999999999,55.061284505231264,350.09706321089385,1
132.9,9,977.2930481508058,4.800000000000001,55.032543012574294,350.2772263754813,1
133.0,9,977.2930481508058,4.800000000000001,55.010507441130116,350.41338457364367,1
133.1,9,977.2930481508058,4.800000000000001,55.054858376122866,350.05658966513636,1
133.2,9,977.2930481508058,4.800000000000001,55.02733203547314,350.22925700830353,1
133.3,9,977.2930481508058,4.800000000000001,54.99645475512287,350.42133040989495,1
133.4,9,977.2930481508058,4.800000000000001,55.041127304403474,350.19321057590946,1
133.5,9,977.2930481508058,4.800000000000001,55.01565732972372,350.3470457152829,1
133.6,9,977.2930481508058,4.800000000000001,54.9897197975408,350.50437355857946,1
133.7,9,977.2930481508058,4.800000000000001,54.96593357421287,350.65902887365314,1
133.8,7,977.8031756106875,4.0,54.99964908307912,350.39792149573054,1
133.9,7,977.8031756106875,4.199999999999999,54.96654840522832,350.60812663063575,1
134.0,7,977.8031756106875,4.199999999999999,54.94614205853863,350.7359282600587,1
134.1,7,977.8031756106875,4.199999999999999,54.913659018990124,350.94761530614596,1
134.2,7,977.8031756106875,4.199999999999999,54.88931772139206,351.1058096884998,1
134.3,7,977.8031756106875,4.199999999999999,54.874727610859175,351.20154621807615,1
134.4,9,977.8031756106875,4.199999999999999,54.85958373832952,351.29551862501836,1
134.5,9,977.8031756106875,4.800000000000001,54.838846965565054,351.4239721394006,1
134.6,9,977.8031756106875,4.800000000000001,54.81130493973111,351.6085512805379,1
134.7,9,977.8031756106875,4.800000000000001,54.796375000050396,351.7030439953908,1
134.8,9,977.8031756106875,4.800000000000001,54.77021622675679,351.868875701142,1
134.9,9,977.8031756106875,4.800000000000001,54.749965661740895,352.00215568545235,1
135.0,8,978.2711798371032,4.0,54.731759172139505,352.1162148365573,1
135.1,8,978.2711798371032,4.199999999999999,54.71871434099208,352.1930812756597,1
135.2,8,978.2711798371032,4.199999999999999,54.705224935816844,352.28041477841606,1
135.3,8,978.2711798371032,4.199999999999999,54.69358693600798,352.35449200970334,1
135.4,8,978.2711798371032,4.199999999999999,54.68149342113502,352.42792698174367,1
135.5,8,978.2711798371032,4.199999999999999,54.657860028320286,352.57814895444255,1
135.6,8,978.2711798371032,4.199999999999999,54.64317889618305,352.66423509665117,1
135.7,8,978.2711798371032,4.199999999999999,54.620100953537374,352.82785020093274,1
135.8,8,978.2711798371032,4.199999999999999,54.62062069964284,352.8267307915228,1
135.9,8,978.2711798371032,4.199999999999999,54.60510733998648,352.93091604384864,1
136.0,8,978.2711798371032,4.199999999999999,54.596299985604375,352.99380114204155,1
136.1,8,978.2711798371032,4.199999999999999,54.67204373076328,352.58375901063283,1
136.2,8,978.2711798371032,4.199999999999999,54.66525693383993,352.63657865072423,1
136.3,9,978.2711798371032,3.5,54.64898266150129,352.7470661983103,1
136.4,9,978.2711798371032,4.800000000000001,54.62909189800226,352.88195884060366,1
136.5,9,978.2711798371032,4.800000000000001,54.617143257955476,352.9609028872242,1
136.6,9,978.2711798371032,4.800000000000001,54.660718888588086,352.62985222986015,1
136.7,9,978.2711798371032,4.800000000000001,54.64364325022912,352.7424918627309,1
136.8,9,978.2711798371032,4.800000000000001,54.575143924948,353.05253490330057,1
136.9,9,978.2711798371032,4.800000000000001,54.553778093710285,353.19892212861686,1
137.0,9,978.2711798371032,4.800000000000001,54.54036495783451,353.2989323242359,1
137.1,9,978.2711798371032,4.800000000000001,54.52548487882997,353.3957056089485,1
137.2,9,978.2711798371032,4.800000000000001,54.501156273798365,353.55638638226606,1
137.3,9,978.2711798371032,4.800000000000001,54.489599827045126,353.6313006573049,1
137.4,9,978.2711798371032,4.800000000000001,54.462442352381785,353.81966785998975,1
137.5,9,978.2711798371032,4.800000000000001,54.453353136622724,353.8712658611739,1
137.6,9,978.2711798371032,4.800000000000001,54.44263462474582,353.9528612721486,1
137.7,9,978.2711798371032,4.0,54.4247713580684,354.06724130636076,1
137.8,9,978.2711798371032,4.0,54.41685726115007,354.13021875195716,1
137.9,9,978.2711798371032,4.0,54.410776189356866,354.17414421266335,1
138.0,9,978.2711798371032,4.0,54.39571476461599,354.2753275745241,1
138.1,9,978.2711798371032,4.0,54.38521044159422,354.3488949630756,1
138.2,9,978.2711798371032,4.0,54.37014115630538,354.4474659826567,1
138.3,9,978.2711798371032,4.0,54.4245327473502,354.1612838083703,1
138.4,9,978.2711798371032,4.0,54.409213026518984,354.2668072854624,1
138.5,9,978.2711798371032,4.0,54.40539256925467,354.2902999332122,1
138.6,9,978.2711798371032,4.0,54.39879349071308,354.33308839598783,1
138.7,9,978.2711798371032,4.0,54.393383027845374,354.37372941167337,1
138.8,9,978.2711798371032,4.0,54.46455716767025,353.80558754811807,1
138.9,9,978.2711798371032,4.0,54.457970320334695,353.853201282729,1
139.0,9,978.2711798371032,4.0,54.51420223029202,353.43199751133307,1
139.1,9,978.2711798371032,4.0,54.51635382964996,353.4170042902406,1
139.2,9,978.2711798371032,4.0,54.521853757976835,353.37336235263456,1
139.3,9,978.2711798371032,4.0,54.51529231367633,353.41660639700854,1
139.4,9,978.2711798371032,4.0,54.516553738593544,353.40267717643417,1
139.5,7,978.651321171743,4.0,54.51577627177738,353.40759579272975,1
139.6,7,978.651321171743,4.199999999999999,54.51413302261309,353.4222220322266,1
139.7,7,978.651321171743,4.199999999999999,54.52829149532749,353.32520986512895,1
139.8,7,978.651321171743,4.199999999999999,54.54208690900796,353.22519242314536,1
139.9,7,978.651321171743,4.199999999999999,54.54876348280931,353.18393523446014,1
140.0,7,978.651321171743,4.199999999999999,54.56588770110207,353.0575603890303,1
140.1,7,978.651321171743,4.199999999999999,54.57396771210717,352.99575934925696,1
140.2,7,978.651321171743,4.199999999999999,54.58216582989962,352.94374180330294,1
140.3,9,978.651321171743,4.199999999999999,54.58407333716626,352.93271667362524,1
140.4,9,978.651321171743,4.0,54.66122804679043,352.4835098187235,1
140.5,9,978.651321171743,4.0,54.66823952666074,352.4415929659404,1
140.6,9,978.651321171743,4.0,54.685728036137775,352.31746247409944,1
140.7,9,978.651321171743,4.0,54.694266848776344,352.2608660541471,1
140.8,9,978.651321171743,4.0,54.7061319733064,352.18091697663783,1
140.9,9,978.651321171743,4.0,54.727376462073416,352.0410909431661,1
141.0,9,978.651321171743,4.0,54.73977652504733,351.9568868063167,1
141.1,9,978.651321171743,4.0,54.748133950594465,351.89057492585823,1
141.2,9,978.651321171743,4.0,54.708628707480116,352.06224740278117,1
141.3,9,978.651321171743,4.0,54.769130366550705,351.63571553279326,1
141.4,9,978.651321171743,4.0,54.79023002253355,351.48874013972625,1
141.5,7,978.651321171743,3.2,54.81136183610206,351.35150007567904,1
141.6,7,978.651321171743,4.199999999999999,54.82293243892619,351.2734087924272,1
141.7,7,978.651321171743,4.199999999999999,54.833254265440914,351.2085592079319,1
141.8,9,978.651321171743,3.5,54.8542946912642,351.0644098491038,1
141.9,9,978.651321171743,4.0,54.86108164848372,351.02290889697986,1
142.0,9,978.651321171743,4.0,54.8743894745169,350.9336551009552,1
142.1,9,978.651321171743,4.0,54.884024878579886,350.8678463541911,1
142.2,9,978.651321171743,4.0,54.89822142755531,350.7764973531471,1
142.3,9,978.651321171743,4.0,54.91135432883242,350.688560707578,1
142.4,11,978.651321171743,3.2,54.91326535115779,350.6801553205522,1
142.5,11,978.651321171743,4.5,54.92781786020137,350.5792655435696,1
142.6,11,978.651321171743,4.5,54.94796889275793,350.4385443829673,1
142.7,11,978.651321171743,4.5,54.956629301476525,350.3762472982927,1
142.8,11,978.651321171743,4.5,54.95938281829618,350.35242866699286,1
142.9,11,978.651321171743,4.5,54.974228044560405,350.25030846938176,1
143.0,11,978.651321171743,4.5,55.05786684506279,349.76552983882993,1
143.1,11,978.651321171743,4.5,55.06698890084091,349.6957067681794,1
143.2,11,978.651321171743,4.5,55.08009109153896,349.6011893186849,1
143.3,11,978.651321171743,4.5,55.10584339451344,349.4257086518147,1
143.4,11,978.651321171743,4.5,55.11371523838841,349.36506387680845,1
143.5,11,978.651321171743,4.5,55.18765803161203,348.8390303675463,1
143.6,11,978.651321171743,4.5,55.19722562780662,348.77262579060186,1
143.7,11,978.651321171743,4.5,55.20209319232882,348.73517047097664,1
143.8,11,978.651321171743,4.5,55.23098448760619,348.5412382774721,1
143.9,11,978.651321171743,4.5,55.25371673395519,348.39257094543973,1
144.0,11,978.651321171743,4.5,55.26337946769489,348.3237069279571,1
144.1,11,978.651321171743,4.5,55.286307052364336,348.16813235285247,1
144.2,11,978.651321171743,4.5,55.298087787393186,348.09067074551524,1
144.3,11,978.651321171743,4.5,55.312741732080504,347.9949532391247,1
144.4,11,978.651321171743,4.5,55.333025940558834,347.86775708343123,1
144.5,11,978.651321171743,4.5,55.33813899180849,347.83408854446645,1
144.6,11,978.651321171743,4.5,55.35012304084124,347.74588569554794,1
144.7,11,978.651321171743,4.5,55.36274389517446,347.6619320932274,1
144.8,11,978.651321171743,4.5,55.37009043778924,347.6082524703693,1
144.9,11,978.651321171743,4.5,55.39472118228408,347.4445612003695,1
145.0,11,978.651321171743,4.5,55.39980322054934,347.40814369176115,1
145.1,9,978.651321171743,3.6,55.40613188279189,347.36933036983885,1
145.2,9,978.651321171743,4.800000000000001,55.417436356163336,347.2925669592424,1
145.3,9,978.651321171743,4.800000000000001,55.50620893930437,346.78533686482035,1
145.4,9,978.651321171743,4.800000000000001,55.51169270151799,346.7518978320755,1
145.5,9,978.651321171743,4.800000000000001,55.53894568878404,346.56436037986805,1
145.6,9,978.651321171743,4.800000000000001,55.540059444630955,346.55447614337766,1
145.7,9,978.651321171743,4.800000000000001,55.54027458247452,346.5502350515226,1
145.8,9,978.651321171743,4.800000000000001,55.550737187545394,346.4715979064905,1
145.9,9,978.651321171743,4.800000000000001,55.54220901567014,346.52764333253276,1
146.0,9,978.651321171743,4.800000000000001,55.60070656440976,346.1194959160365,1
146.1,9,978.651321171743,4.800000000000001,55.60535551780808,346.08447736147,1
146.2,9,978.651321171743,4.800000000000001,55.58567144591079,346.21094054167287,1
146.3,9,978.651321171743,4.800000000000001,55.580811314472605,346.23839581614175,1
146.4,9,978.651321171743,4.800000000000001,55.58613826219728,346.19774232518137,1
146.5,9,978.651321171743,4.800000000000001,55.57682061925709,346.25004276996737,1
146.6,9,978.651321171743,4.800000000000001,55.5839617463982,346.1955834675004,1
146.7,9,978.651321171743,4.800000000000001,55.58122630087797,346.21364418933183,1
146.8,9,978.651321171743,4.800000000000001,55.57774760477896,346.2290021921132,1
146.9,9,978.651321171743,4.800000000000001,55.58031834897321,346.2013895283987,1
147.0,9,978.651321171743,4.800000000000001,55.56456333401498,346.2938935421886,1
147.1,9,978.651321171743,4.800000000000001,55.56807759067051,346.2654244995541,1
147.2,9,978.651321171743,4.800000000000001,55.57314940909262,346.2198782189679,1
147.3,9,978.651321171743,4.800000000000001,55.552422291125154,346.3506736342691,1
147.4,9,978.651321171743,4.800000000000001,55.54939983845229,346.3672615199521,1
147.5,9,978.651321171743,4.800000000000001,55.53913425312183,346.4231534400486,1
147.6,9,978.651321171743,4.800000000000001,55.52088849472772,346.532499861587,1
147.7,9,978.651321171743,4.800000000000001,55.52440099731378,346.50503238972374,1
147.8,9,978.651321171743,4.800000000000001,55.530347926586785,346.46380388061186,1
147.9,11,978.651321171743,4.0,55.512603914948045,346.5757975039104,1
148.0,11,978.651321171743,4.5,55.516370128291456,346.549137969315,1
148.1,11,978.651321171743,4.5,55.501432875961214,346.6483727995144,1
148.2,11,978.651321171743,4.5,55.509104446434,346.59628678787766,1
148.3,11,978.651321171743,4.5,55.513551583448034,346.5695102331369,1
148.4,11,978.651321171743,4.5,55.502784165613505,346.64049095292114,1
148.5,9,978.651321171743,3.6,55.55933527511155,346.24881498599075,1
148.6,9,978.651321171743,4.0,55.55219332125266,346.29271485585275,1
148.7,9,978.651321171743,4.0,55.540549723078826,346.36898944714335,1
148.8,9,978.651321171743,4.0,55.534347454122624,346.4050406863524,1
148.9,9,978.651321171743,4.0,55.54158032210579,346.3527440702861,1
149.0,9,978.651321171743,4.0,55.523736827532275,346.47036393017834,1
149.1,9,978.651321171743,4.0,55.53205752360972,346.41951081174955,1
149.2,9,978.651321171743,4.0,55.52656651715653,346.455566456586,1
149.3,9,978.651321171743,4.0,55.528065092228466,346.44259937085735,1
149.4,11,978.651321171743,3.2,55.533794116679246,346.4104235699237,1
149.5,11,978.651321171743,4.5,55.53767950773329,346.38858246988286,1
149.6,11,978.651321171743,4.5,55.55155350184368,346.2958327443831,1
149.7,11,978.651321171743,4.5,55.5936226532242,346.1703262123233,1
149.8,11,978.651321171743,4.5,55.750389940776515,345.28876572415993,1
149.9,11,978.651321171743,4.5,55.759880436119275,345.22505440174166,1
150.0,11,978.651321171743,4.5,55.76255042435628,345.21634552607895,1
150.1,11,978.651321171743,4.5,55.77094486006644,345.1638458531773,1
150.2,11,978.651321171743,4.5,55.76588456935674,345.2001664094165,1
150.3,11,978.651321171743,4.5,55.767402824466835,345.1966405698909,1
150.4,11,978.651321171743,4.5,55.78473237276941,345.0928609974966,1
150.5,11,978.651321171743,4.5,55.7997543619901,345.00794998991137,1
150.6,11,978.651321171743,4.5,55.824411376036565,344.8493288546403,1
150.7,11,978.651321171743,4.5,55.8288986797405,344.8302493919416,1
150.8,11,978.651321171743,4.5,55.86098921735549,344.6250526659214,1
150.9,11,978.651321171743,4.5,55.86592333434582,344.5972006665112,1
151.0,11,978.651321171743,4.5,55.886211026378746,344.4715971243015,1
151.1,11,978.651321171743,4.5,55.94979246470637,344.05543517189915,1
151.2,11,978.651321171743,4.5,55.9692117887558,343.9331035203759,1
151.3,11,978.651321171743,4.5,55.97213143694401,343.92577223896,1
151.4,11,978.651321171743,4.5,55.980435098861946,343.8743407931803,1
151.5,11,978.651321171743,4.5,55.99267614520426,343.8026278812299,1
151.6,11,978.651321171743,4.5,56.00823357082166,343.71445001559636,1
151.7,11,978.651321171743,4.5,56.02138774128963,343.634313880638,1
151.8,11,978.651321171743,4.5,55.96047381908684,343.97031277467954,1
151.9,11,978.651321171743,4.5,55.97735755718235,343.87135317356626,1
152.0,7,984.1197014060982,3.6,56.00520734612611,343.69882745389503,1
152.1,7,999.9045441826677,4.199999999999999,56.029785601290676,343.54868853546657,2
152.2,7,999.9045441826677,-100.0,56.05100077781213,343.430731605063,2
152.3,7,999.9045441826677,4.199999999999999,56.07311359056109,343.2999821403188,2
152.4,7,999.9045441826677,4.199999999999999,55.939924307787926,344.223655616296,2
152.5,7,999.9045441826677,4.199999999999999,55.9545134158393,344.14186718342256,2
152.6,7,999.9045441826677,4.199999999999999,55.97880343731331,344.0009972472566,2
152.7,7,999.9045441826677,4.199999999999999,55.90645709988959,344.3959003785686,2
152.8,7,999.9045441826677,4.199999999999999,55.9200956162279,344.31208093245084,2
152.9,7,999.9045441826677,4.199999999999999,55.93832393455848,344.2125986024663,2
153.0,7,999.9045441826677,4.199999999999999,55.94964056846698,344.14515011131175,2
153.1,7,999.9045441826677,4.199999999999999,55.97204867716317,344.01116624368854,2
153.2,7,999.9045441826677,4.199999999999999,55.99467392289592,343.87777205251956,2
153.3,7,999.9045441826677,4.199999999999999,56.01662649067674,343.75374663615685,2
153.4,7,999.9045441826677,4.199999999999999,55.88367052315026,344.68799350508823,2
153.5,7,999.9045441826677,4.199999999999999,55.89350262344316,344.63838198266507,2
153.6,7,999.9045441826677,4.199999999999999,55.90908398326536,344.5474290254127,2
153.7,7,999.920265401449,4.199999999999999,55.92203404538449,344.4680015847455,2
153.8,7,999.920265401449,4.8999999999999995,55.91847200412994,344.4979435959295,2
153.9,7,999.920265401449,4.8999999999999995,55.918079218371304,344.50399913991816,2
154.0,7,999.920265401449,4.8999999999999995,55.922530997169645,344.4651103465768,2
154.1,7,999.920265401449,4.8999999999999995,55.936505782250975,344.3701203095705,2
154.2,7,999.920265401449,4.199999999999999,55.941656913062076,344.3406563750077,2
154.3,7,999.920265401449,4.199999999999999,55.942106307135475,344.3300228361113,2
154.4,7,999.920265401449,4.199999999999999,55.937170460496155,344.36332836788824,2
154.5,7,999.920265401449,4.199999999999999,55.94754489750616,344.2838818672177,2
154.6,7,999.920265401449,4.199999999999999,55.92849736522671,344.41080411823793,2
154.7,7,999.920265401449,4.199999999999999,55.92780101497451,344.40734315746556,2
154.8,7,999.920265401449,4.199999999999999,55.91870679968348,344.4609367643651,2
154.9,7,999.920265401449,4.199999999999999,55.92355073885258,344.4307998096824,2
155.0,7,999.920265401449,4.199999999999999,55.915441804399585,344.47161593152543,2
155.1,7,999.920265401449,4.199999999999999,55.90973526048748,344.50545825902685,2
155.2,11,999.920265401449,4.199999999999999,55.90987758161087,344.48908748491885,2
155.3,11,999.920265401449,4.5,55.88822218967155,344.62252417557846,2
155.4,11,999.920265401449,4.5,55.885735411281594,344.6288802695048,2
155.5,11,999.920265401449,4.5,55.86653580533118,344.74608214944055,2
155.6,11,999.920265401449,4.5,55.84934696577967,344.8453741256929,2
155.7,11,999.920265401449,4.5,55.75523644573961,345.36164316062553,2
155.8,11,999.920265401449,4.5,55.74757462141812,345.40576694826234,2
155.9,11,999.920265401449,4.5,55.72826581215966,345.51764155673584,2
156.0,11,999.920265401449,4.5,55.73643516961061,345.44763750310324,2
156.1,11,999.920265401449,4.5,55.55901227759311,346.6632130856982,2
156.2,11,999.920265401449,4.5,55.54315241337231,346.7640721695037,2
156.3,11,999.920265401449,4.5,55.52479908313367,346.8724030957077,2
156.4,11,999.920265401449,4.5,55.5071510767542,346.98099142411843,2
156.5,11,999.920265401449,4.5,55.371861907241296,347.7505943137744,2
156.6,11,999.920265401449,5.4,55.37000285633566,347.75485092995103,2
156.7,11,999.920265401449,5.4,55.346861715296185,347.8969980648595,2
156.8,11,999.920265401449,5.4,55.33465501350315,347.9635526567906,2
156.9,11,999.920265401449,4.5,55.324540314475314,348.017004815841,2
157.0,11,999.920265401449,4.5,55.30371652469647,348.14491475229966,2
157.1,11,999.920265401449,4.5,55.28911018389676,348.2283896488461,2
157.2,11,999.920265401449,4.5,55.276001755722795,348.3063581396025,2
157.3,11,999.920265401449,4.5,55.28071750042645,348.263796808508,2
157.4,11,999.920265401449,4.5,55.281345591164836,348.24836037738055,2
157.5,11,999.920265401449,4.5,55.25501104774605,348.4053868276162,2
157.6,11,999.920265401449,4.5,55.23559283153823,348.5214243265538,2
157.7,11,999.920265401449,4.5,55.228356018399644,348.55419174253626,2
157.8,11,999.920265401449,4.5,55.20818541240902,348.68636544604635,2
157.9,11,999.920265401449,4.5,55.21225593026651,348.6388859407135,2
158.0,11,999.920265401449,4.5,55.20997168991775,348.6468038413363,2
158.1,11,999.920265401449,3.6,55.21134489437641,348.6436208541278,2
158.2,11,999.920265401449,3.6,55.22249594801319,348.55255959724735,2
158.3,11,999.920265401449,3.6,55.193311183094096,348.7371074461836,2
158.4,11,999.920265401449,4.5,55.18786945913436,348.762484746769,2
158.5,11,999.920265401449,4.5,54.80253515979244,351.24189693921426,2
158.6,11,999.920265401449,4.5,54.78258924687857,351.3592146717133,2
158.7,11,999.920265401449,4.5,54.77490317288996,351.3922246101788,2
158.8,11,999.920265401449,4.5,54.746023029566814,351.5713899044696,2
158.9,11,999.920265401449,4.5,54.724031812033346,351.69833411781326,2
159.0,11,999.920265401449,4.5,54.70851445627033,351.7942032101497,2
159.1,11,999.920265401449,4.5,54.701543039785996,351.814119415419,2
159.2,11,999.920265401449,4.5,54.67457979982353,351.9765425155449,2
159.3,11,999.920265401449,4.5,54.66551379921172,352.02072129838683,2
159.4,11,999.920265401449,4.5,54.657174352176895,352.05779563969173,2
159.5,7,1000.0689583299206,3.6,54.62471560941042,352.26217067591324,2
159.6,7,1000.0689583299206,4.199999999999999,54.61176987944495,352.3288056808428,2
159.7,11,1000.0689583299206,3.5,54.58319664362601,352.5063726897161,2
159.8,11,1000.0689583299206,3.6,54.56778540132552,352.5986774113112,2
159.9,11,1000.0689583299206,3.6,54.54857258926318,352.7208608000034,2
160.0,11,1000.0689583299206,3.6,54.54282975843374,352.7586112182389,2
160.1,11,1000.0689583299206,3.6,54.56885402037624,352.56734270993354,2
160.2,11,1000.0689583299206,3.6,54.571950130317944,352.5402232358707,2
160.3,11,1000.0689583299206,3.6,54.56335459092891,352.5892413738539,2
160.4,11,1000.0689583299206,3.6,54.39664751057719,353.57797567684554,2
160.5,11,1000.0689583299206,3.6,54.399605805006004,353.5563550347919,2
160.6,11,1000.0689583299206,3.6,54.394755143208855,353.5823322794604,2
160.7,11,1000.0689583299206,3.6,54.382345873388466,353.6661093583542,2
160.8,11,1000.0689583299206,3.6,54.37263260214332,353.7217885808217,2
160.9,11,1000.0689583299206,3.6,54.36598000216969,353.7637582736254,2
161.0,11,1000.0689583299206,3.6,54.369719180472444,353.73005047068625,2
161.1,11,1000.0689583299206,3.6,54.36794871044053,353.746545070014,2
161.2,11,1000.0689583299206,3.6,54.36843365234306,353.7400750900728,2
161.3,11,1000.0689583299206,3.6,54.351668771213255,353.8492643482963,2
161.4,11,1000.0689583299206,3.6,54.34655423604777,353.88013532528316,2
161.5,11,1000.0689583299206,3.6,54.306367866437,354.07945147424607,2
161.6,11,1000.0689583299206,3.6,54.304924356603465,354.0853140806232,2
161.7,11,1000.0689583299206,3.6,54.29700502894458,354.14073585915264,2
161.8,7,1000.1076179155127,3.6,54.30194905954127,354.1071935315048,2
161.9,7,1000.1076179155127,4.199999999999999,54.30871092388553,354.06404722527157,2
162.0,7,1000.1076179155127,4.199999999999999,54.302220803724055,354.1134967669555,2
162.1,7,1000.1076179155127,4.199999999999999,54.32697141217902,353.94835590896537,2
162.2,7,1000.1076179155127,4.199999999999999,54.32690459578558,353.9505472882719,2
162.3,7,1000.1076179155127,4.199999999999999,54.338446600207305,353.8755621014906,2
162.4,7,1000.1076179155127,4.199999999999999,54.352979604079565,353.78225490140653,2
162.5,7,1000.1076179155127,4.199999999999999,54.35299466515636,353.7879751924662,2
162.6,7,1000.1076179155127,4.199999999999999,54.37507505530918,353.6443853844442,2
162.7,7,1000.1076179155127,4.199999999999999,54.372476619294055,353.66592441321046,2
162.8,7,1000.1076179155127,4.199999999999999,54.450041240867925,353.13005077913283,2
162.9,7,1000.1076179155127,4.199999999999999,54.46285028714017,353.04475861034194,2
163.0,7,1000.1076179155127,4.199999999999999,54.51616872001408,352.7233595199956,2
163.1,7,1000.1076179155127,4.199999999999999,54.52157572200137,352.6875655740173,2
163.2,7,1000.1076179155127,4.199999999999999,54.52482622043797,352.67488514895615,2
163.3,7,1000.1076179155127,4.199999999999999,54.533182773731326,352.61365765607144,2
163.4,7,1000.1076179155127,4.199999999999999,54.54607072121032,352.5280275080311,2
163.5,7,1000.1076179155127,4.199999999999999,54.56078655998756,352.4308627463931,2
163.6,7,1000.1076179155127,4.199999999999999,54.56509637784095,352.409437159145,2
163.7,7,1000.1076179155127,4.199999999999999,54.56059881659389,352.43757054415744,2
163.8,7,1000.1076179155127,4.199999999999999,54.575574039789096,352.33479618481124,2
163.9,7,1000.1076179155127,4.199999999999999,54.56448979521787,352.4107605412529,2
164.0,7,1000.1076179155127,4.199999999999999,54.57978337155477,352.3074651241465,2
164.1,7,1000.1076179155127,4.199999999999999,54.58620485796273,352.25774242820296,2
164.2,7,1000.1076179155127,4.199999999999999,54.588015225741344,352.2390125332842,2
164.3,7,1000.1076179155127,4.199999999999999,54.589936677841905,352.2308967782968,2
164.4,7,1000.1076179155127,4.199999999999999,54.59387825610194,352.1977014216477,2
164.5,7,1000.1076179155127,4.199999999999999,54.44307597583348,353.24682580936354,2
164.6,7,1000.1076179155127,4.199999999999999,54.45372193606838,353.17263420939435,2
164.7,7,1000.1076179155127,4.199999999999999,54.445777669400314,353.22600549241906,2
164.8,7,1000.1076179155127,4.199999999999999,54.45808797518723,353.14051718657856,2
164.9,7,1000.1076179155127,4.199999999999999,54.464998743957935,353.0905986810368,2
165.0,7,1000.1076179155127,4.199999999999999,54.455782140788244,353.1504522245216,2
165.1,7,1000.1076179155127,4.199999999999999,54.47009845577094,353.05281629255796,2
165.2,7,1000.1076179155127,4.199999999999999,54.47102689111877,353.04124573957904,2
165.3,7,1000.1076179155127,4.199999999999999,54.46266395775277,353.09642028435644,2
165.4,7,1000.1076179155127,4.199999999999999,54.456318225079954,353.1359019095437,2
165.5,7,1000.1076179155127,4.199999999999999,54.5244740620267,352.6571838936461,2
165.6,7,1000.1076179155127,4.199999999999999,54.573436050381744,352.3676516362822,2
165.7,7,1000.1076179155127,4.199999999999999,54.57510648939872,352.35655742353117,2
165.8,7,1000.1076179155127,4.199999999999999,54.562199128385075,352.44417113558984,2
165.9,7,1000.1076179155127,4.199999999999999,54.5638712719572,352.4313892275053,2
166.0,7,1000.1076179155127,4.199999999999999,54.570562935141595,352.3911763785638,2
166.1,7,1000.1076179155127,4.199999999999999,54.5539961012165,352.5046127141229,2
166.2,7,1000.1076179155127,4.199999999999999,54.56529859207079,352.4356079366744,2
166.3,7,1000.1076179155127,4.199999999999999,54.557255900856916,352.49008283533595,2
166.4,7,1000.1076179155127,4.199999999999999,54.56808585041727,352.42244169947145,2
166.5,7,1000.1076179155127,4.199999999999999,54.55698391567681,352.50677819735597,2
166.6,7,1000.1076179155127,4.199999999999999,54.563538724479365,352.4675412475277,2
166.7,7,1000.1076179155127,4.199999999999999,54.56015190600763,352.4946252995069,2
166.8,7,1000.1076179155127,4.199999999999999,54.56953806776693,352.43225506060276,2
166.9,7,1000.1076179155127,4.199999999999999,54.56063355765531,352.4958304148848,2
167.0,7,1000.1076179155127,4.199999999999999,54.577475495210734,352.38385848309434,2
167.1,7,1000.1076179155127,4.199999999999999,54.56976185910235,352.43703257218755,2
167.2,7,1000.1076179155127,3.5,54.56173152328532,352.4987609377655,2
167.3,7,1000.1076179155127,3.5,54.56445201685905,352.4808320540269,2
167.4,7,1000.1076179155127,3.5,54.57179334537359,352.43658503445215,2
167.5,8,1001.9348136460541,3.5,54.56272918809563,352.50162961063506,2
167.6,7,1001.9348136460541,2.8,54.55857847622984,352.53344676455083,2
167.7,7,1001.9348136460541,3.5,54.55444551713886,352.5719645320438,2
167.8,7,1001.9348136460541,3.5,54.56619094673294,352.50797144450416,2
167.9,7,1001.9348136460541,3.5,54.56412463387893,352.5280797552343,2
168.0,7,1001.9348136460541,3.5,54.57265600483062,352.47874077557105,2
168.1,7,1001.9348136460541,3.5,54.576318236947294,352.46370848732136,2
168.2,7,1001.9348136460541,3.5,54.665197407711446,351.8435795903407,2
168.3,9,1001.9348136460541,2.8,54.658234365606056,351.89748978508874,2
168.4,9,1001.9348136460541,3.2,54.65962641962375,351.89672274143965,2
168.5,9,1001.9348136460541,3.2,54.66133759864822,351.89189393352916,2
168.6,9,1001.9348136460541,3.2,54.656090507660124,351.93632911419775,2
168.7,9,1001.9348136460541,3.2,54.66204416131657,351.9078818458336,2
168.8,9,1001.9348136460541,3.2,54.66452652026053,351.89991680303456,2
168.9,9,1001.9348136460541,3.2,54.67230292482232,351.85612553372164,2
169.0,9,1001.9348136460541,3.2,54.667796003578545,351.89946025521124,2
169.1,9,1001.9348136460541,3.2,54.671545132969285,351.88899480635183,2
169.2,9,1001.9348136460541,3.2,54.7718671295993,351.316918993376,2
169.3,9,1001.9348136460541,3.2,54.77630265334325,351.29976865647313,2
169.4,9,1001.9348136460541,3.2,54.78093183478679,351.2853175991354,2
169.5,9,1001.9348136460541,3.2,54.77858216690403,351.31330875554784,2
169.6,9,1001.9348136460541,3.2,54.786999243195396,351.2639021215798,2
169.7,8,1005.1996215327775,2.4000000000000004,54.65925745634595,352.19525892603986,2
169.8,6,991.6410584716717,2.8,54.65100181117875,352.26109417776956,2
169.9,9,991.6410584716717,3.5,54.66020592785664,352.22704814545534,2
170.0,9,991.6410584716717,3.2,54.66144792193862,352.2318179002086,2
170.1,9,991.6410584716717,3.2,54.657771887264694,352.27184484322396,2
170.2,8,992.3166421094612,3.2,54.652646007241785,352.3222378337249,2
170.3,9,992.3166421094612,3.5,54.653854279956015,352.3298333150931,2
170.4,9,992.3166421094612,3.2,54.65101261517904,352.3669817149886,2
170.5,9,992.3166421094612,3.2,54.64931926333716,352.3983743777734,2
170.6,9,992.3166421094612,3.2,54.656724818679066,352.3681959448494,2
170.7,9,992.3166421094612,3.2,54.76108667299829,351.632352081125,2
170.8,9,992.3166421094612,3.2,54.77306308490358,351.569140323934,2
170.9,8,992.3166421094612,3.2,54.77903318289698,351.5467813057271,2
171.0,8,992.3166421094612,3.5,54.74226214006477,351.7443842914627,2
171.1,7,992.574194726089,2.8,54.75032338356348,351.71728041329857,2
171.2,7,992.574194726089,3.5,54.766255274279075,351.63859939274425,2
171.3,7,992.574194726089,3.5,54.77909772712435,351.57697877666146,2
171.4,7,992.574194726089,3.5,54.78374669904892,351.5777390051648,2
171.5,7,992.574194726089,3.5,54.87343347058484,351.06997218087474,2
171.6,9,992.574194726089,2.8,54.87938228200433,351.0531474368994,2
171.7,9,992.574194726089,4.0,54.89436091302984,350.98300362180873,2
171.8,9,992.574194726089,3.2,54.895143589258865,351.01204073965505,2
171.9,9,992.574194726089,3.2,54.91986272564235,350.87592708905436,2
172.0,9,992.574194726089,3.2,54.92620651070304,350.86625259939547,2
172.1,9,992.574194726089,3.2,54.93797201799087,350.8195668313007,2
172.2,9,992.574194726089,3.2,54.95199748442344,350.7528005090032,2
172.3,9,992.574194726089,3.2,54.95958293531774,350.7433556371771,2
172.4,9,992.574194726089,3.2,54.98169935740523,350.62490839155043,2
172.5,9,992.574194726089,3.2,54.989829357708025,350.60761918134324,2
172.6,9,992.574194726089,3.2,54.99929281963008,350.5729113670425,2
172.7,9,992.574194726089,3.2,55.01114584397687,350.53662207682663,2
172.8,9,992.574194726089,3.2,55.02364955787769,350.4800221302084,2
172.9,9,992.574194726089,3.2,55.03109801925196,350.4633824594546,2
173.0,9,992.574194726089,3.2,55.04824879656134,350.3843974646581,2
173.1,9,992.574194726089,3.2,55.05839733023449,350.3564003457006,2
173.2,9,992.574194726089,3.2,55.073451545863236,350.29161955309974,2
173.3,9,992.574194726089,3.2,55.08582662439727,350.2527644418559,2
173.4,9,992.574194726089,3.2,55.099873400589395,350.1953097938446,2
173.5,9,992.574194726089,3.2,55.23758805356256,349.2417098840523,2
173.6,9,992.574194726089,3.2,55.252880689771295,349.1699032990965,2
173.7,9,992.574194726089,4.0,55.26555570936443,349.1338645869151,2
173.8,9,992.574194726089,4.0,55.28232913777873,349.06163803172643,2
173.9,9,992.574194726089,4.0,55.29099696997535,349.03635607567884,2
174.0,9,992.574194726089,4.0,55.2805848698049,349.1170866203132,2
174.1,9,992.574194726089,4.0,55.298686606697586,349.0431900102807,2
174.2,9,992.574194726089,4.0,55.31250239276035,348.98902833142677,2
174.3,9,992.574194726089,4.0,55.31723374211736,348.9998278105263,2
174.4,9,992.574194726089,4.0,55.32707554459542,348.9745912621228,2
174.5,9,992.574194726089,4.0,55.33616153238315,348.94536781254806,2
174.6,9,992.574194726089,4.0,55.344772311935984,348.9300675409454,2
174.7,9,992.574194726089,4.0,55.35748795233567,348.8750075546666,2
174.8,9,992.574194726089,4.0,55.364919563599116,348.8593353567775,2
174.9,9,992.574194726089,4.0,55.37739139602383,348.8074303591634,2
175.0,9,992.574194726089,4.0,55.385645237498224,348.7972103590628,2
175.1,9,992.574194726089,4.0,55.39259692192067,348.78059248109685,2
175.2,9,992.574194726089,4.0,55.39916895998847,348.7749671162404,2
175.3,9,992.574194726089,4.0,55.40253613370753,348.7866422718115,2
175.4,9,992.574194726089,4.0,55.41342436649017,348.7466549383929,2
175.5,9,992.574194726089,4.0,55.41093255577723,348.79756844509996,2
175.6,9,992.574194726089,4.0,55.42066789479225,348.7638866272098,2
175.7,9,992.574194726089,4.0,55.42266553284327,348.79504584798826,2
175.8,9,992.574194726089,4.0,55.421530154171506,348.845422925478,2
175.9,9,992.574194726089,4.0,55.29652773817761,349.8258505490716,2
176.0,9,992.574194726089,4.0,55.295105751337275,349.8688081703009,2
176.1,9,992.574194726089,4.0,55.29497864812868,349.90777840087753,2
176.2,8,993.1236214490871,4.0,55.28898385298747,349.9881643679296,2
176.3,8,993.1236214490871,4.199999999999999,55.302567054644186,349.929821730866,2
176.4,8,993.1236214490871,4.199999999999999,55.3635521937487,349.49871884641504,2
176.5,8,993.1236214490871,4.199999999999999,55.36546293562495,349.51973738404615,2
176.6,8,993.1236214490871,4.199999999999999,55.33741459489479,349.71819536054375,2
176.7,8,993.1236214490871,4.199999999999999,55.343324302756265,349.70936664519,2
176.8,8,993.1236214490871,4.199999999999999,55.348322585129395,349.70373094011376,2
176.9,8,993.1236214490871,4.199999999999999,55.35851244269891,349.67322536712,2
177.0,8,993.1236214490871,4.199999999999999,55.36813620859458,349.6398666426469,2
177.1,8,993.1236214490871,4.199999999999999,55.36919454031452,349.65910946161824,2
177.2,8,993.1236214490871,4.199999999999999,55.37797684596465,349.62731534956646,2
177.3,8,993.1236214490871,4.199999999999999,55.38524606838224,349.60407146998807,2
177.4,8,993.1236214490871,4.199999999999999,55.39523365723638,349.57006028244905,2
177.5,8,993.1236214490871,4.199999999999999,55.40306390637463,349.5418143705715,2
177.6,8,993.1236214490871,4.199999999999999,55.401291860869534,349.5702360863795,2
177.7,8,993.1236214490871,4.199999999999999,55.399852637706054,349.5890544147448,2
177.8,8,993.1236214490871,4.199999999999999,55.393032537633516,349.65916988320953,2
177.9,8,993.1236214490871,4.199999999999999,55.38456638467822,349.7336389349824,2
178.0,8,993.1236214490871,4.199999999999999,55.381977819981046,349.77065041175763,2
178.1,8,993.1236214490871,4.199999999999999,55.38136175332848,349.7868869012157,2
178.2,8,993.1236214490871,4.199999999999999,55.37053023028062,349.8787312050034,2
178.3,8,993.1236214490871,4.199999999999999,55.36824367511966,349.9065524010033,2
178.4,8,993.1236214490871,4.199999999999999,55.37020662591204,349.9154533937277,2
178.5,8,993.1236214490871,4.199999999999999,55.47358307316541,348.9810194374334,2
178.6,7,994.4887196026932,4.199999999999999,55.48632505985481,348.91510806023746,2
178.7,8,994.4887196026932,4.199999999999999,55.48735127427004,348.9223185398341,2
178.8,8,994.4887196026932,4.199999999999999,55.47143551517564,349.0315996821332,2
178.9,8,994.4887196026932,4.199999999999999,55.46839134281277,349.06971183245537,2
179.0,8,994.4887196026932,4.199999999999999,55.46073520385406,349.12503974026845,2
179.1,8,1005.9343027608501,4.199999999999999,55.4445653002757,349.23973258710316,3
179.2,8,1005.9343027608501,-100.0,55.44385976713291,349.2450969961888,3
179.3,8,1005.9343027608501,4.199999999999999,55.43691719760437,349.3041335460207,3
179.4,8,1005.9343027608501,4.8999999999999995,55.42713321368606,349.38796635347114,3
179.5,8,1005.9343027608501,4.8999999999999995,55.417657511065585,349.457375413004,3
179.6,8,1005.9343027608501,4.8999999999999995,55.47984721788903,348.9841473010569,3
179.7,8,1005.9343027608501,4.8999999999999995,55.466779792995254,349.08135377167116,3
179.8,8,1005.9343027608501,4.8999999999999995,55.44809054888535,349.21474358638284,3
179.9,8,1005.9343027608501,4.8999999999999995,55.432127778075824,349.33005041812373,3
180.0,8,1005.9343027608501,4.8999999999999995,55.40602417204885,349.530997482114,3
180.1,8,1005.9343027608501,4.8999999999999995,55.38492873316625,349.6971492271054,3
180.2,8,1005.9343027608501,4.8999999999999995,55.35825867236464,349.88672682347897,3
180.3,8,1005.9343027608501,4.8999999999999995,55.20790605507314,351.0352167217226,3
180.4,8,1005.9343027608501,4.8999999999999995,55.18992818625691,351.16928615394977,3
180.5,8,1005.9343027608501,4.8999999999999995,55.179638356719124,351.2466796869595,3
180.6,8,1005.9343027608501,4.8999999999999995,55.15697742496558,351.39352434244864,3
180.7,8,1005.9343027608501,4.8999999999999995,55.12885011559783,351.5938348941012,3
180.8,8,1005.9343027608501,4.8999999999999995,55.11415302586244,351.7043433150613,3
180.9,8,1005.9343027608501,4.8999999999999995,55.10396306741022,351.7654530832732,3
181.0,8,1005.9343027608501,4.199999999999999,55.0758356616178,351.95768464118623,3
181.1,8,1005.9343027608501,4.199999999999999,55.05539211798171,352.0946181739301,3
181.2,8,1005.9343027608501,4.199999999999999,55.0323352004735,352.2572940260318,3
181.3,8,1017.1069520593526,4.199999999999999,55.01342474208651,352.3868345599973,4
181.4,7,1018.0928681398865,-100.0,54.98952322358794,352.5382987445747,4
181.5,8,1018.0928681398865,3.5,54.956189148318494,352.7695006130436,4
181.6,8,1018.0928681398865,4.199999999999999,54.93442397558242,352.9256776221239,4
181.7,8,1018.0928681398865,4.199999999999999,54.92750852938994,352.96991083823684,4
181.8,8,1018.0928681398865,4.199999999999999,54.90486486617148,353.1294512586052,4
181.9,8,1018.0928681398865,4.199999999999999,54.89597670703674,353.18570265011266,4
182.0,8,1018.0928681398865,4.199999999999999,54.92090015161395,353.08988213154703,4
182.1,8,1018.0928681398865,4.199999999999999,54.913301592501384,353.14859946435854,4
182.2,8,1018.0928681398865,4.199999999999999,54.901481881607964,353.2349592384159,4
182.3,8,1018.0928681398865,4.199999999999999,54.891882593695,353.3045101370642,4
182.4,8,1018.0928681398865,4.199999999999999,54.8939526575933,353.3026623842295,4
182.5,8,1018.0928681398865,4.199999999999999,54.88151642825895,353.38168227223525,4
182.6,8,1018.0928681398865,4.199999999999999,54.87102786528362,353.4732910628962,4
182.7,8,1018.0928681398865,4.8999999999999995,54.87103738079392,353.4759099518668,4
182.8,8,1018.0928681398865,4.199999999999999,54.855652129444906,353.58650938327617,4
182.9,8,1018.0928681398865,4.199999999999999,54.84359152213429,353.6790249933557,4
183.0,8,1018.0928681398865,4.199999999999999,54.83422149748133,353.75330821631303,4
183.1,8,1018.0928681398865,4.199999999999999,54.827634326945855,353.7979233292799,4
183.2,8,1018.0928681398865,4.199999999999999,54.765940785261144,354.1559558438123,4
183.3,8,1018.0928681398865,4.199999999999999,54.764515588375744,354.16158261601254,4
183.4,8,1018.0928681398865,4.199999999999999,54.75037788983204,354.2649674696532,4
183.5,8,1018.0928681398865,4.199999999999999,54.74396781283681,354.30582859600077,4
183.6,8,1018.0928681398865,4.199999999999999,54.73947238024722,354.33211549080704,4
183.7,8,1018.0928681398865,4.199999999999999,54.74418816830513,354.29827673639625,4
183.8,8,1018.0928681398865,4.199999999999999,54.73131353139047,354.3734917132635,4
183.9,8,1018.0928681398865,4.199999999999999,54.640556994055395,355.0279265659474,4
184.0,7,1018.4394967954737,4.199999999999999,54.637620005781585,355.030564704118,4
184.1,7,1018.2820427477611,4.199999999999999,54.63423360066839,355.06349093993947,4
184.2,8,1018.2820427477611,4.199999999999999,54.63770591063759,355.0311344515371,4
184.3,8,1018.2820427477611,4.199999999999999,54.64985357894358,354.9537564150919,4
184.4,8,1018.2820427477611,4.199999999999999,54.71874679048838,354.5874658642331,4
184.5,8,1018.2820427477611,4.199999999999999,54.73349143588112,354.49064241605265,4
184.6,8,1018.2820427477611,4.199999999999999,54.725525966642564,354.5630674199475,4
184.7,8,1018.2820427477611,4.199999999999999,54.733397036595164,354.5062219222102,4
184.8,8,1018.2820427477611,4.199999999999999,54.7345841064505,354.4958243331748,4
184.9,8,1018.2820427477611,4.199999999999999,54.6820758169783,354.7342151730722,4
185.0,8,1018.2820427477611,4.199999999999999,54.68456307762853,354.71732261261303,4
185.1,8,1018.2820427477611,4.199999999999999,54.70261082981968,354.595784697146,4
185.2,8,1018.2820427477611,4.199999999999999,54.71581397312973,354.51258194390846,4
185.3,8,1018.2820427477611,4.199999999999999,54.73277333427826,354.393164996526,4
185.4,8,1018.2820427477611,4.199999999999999,54.74464626006201,354.3184104427548,4
185.5,8,1018.2820427477611,4.199999999999999,54.76311463473612,354.20236042250275,4
185.6,8,1018.2820427477611,4.199999999999999,54.78051404183112,354.0818253038559,4
185.7,8,1018.2820427477611,4.199999999999999,54.78923228655741,354.02622220852254,4
185.8,8,1018.2820427477611,4.199999999999999,54.95993530128864,352.70732657356825,4
185.9,8,1018.2820427477611,4.199999999999999,54.980324439623466,352.58248071995604,4
186.0,8,1018.2820427477611,4.199999999999999,54.997142171575156,352.4755718065948,4
186.1,8,1018.2820427477611,4.199999999999999,55.01188380427608,352.38038451169393,4
186.2,8,1018.2820427477611,4.199999999999999,55.03186600055953,352.25365599275597,4
186.3,8,1018.2820427477611,4.199999999999999,55.03928898088361,352.1884530561798,4
186.4,8,1018.2820427477611,4.199999999999999,55.04827668075687,352.1177550668391,4
186.5,8,1018.2820427477611,4.199999999999999,55.056144401051746,352.06665477906296,4
186.6,8,1018.2820427477611,4.199999999999999,55.14805563782835,351.55350564396514,4
186.7,8,1018.2820427477611,4.199999999999999,55.16922962751285,351.41354139467467,4
186.8,8,1018.2820427477611,4.199999999999999,55.193179704339826,351.22783886294155,4
186.9,8,1018.2820427477611,4.199999999999999,55.19795890710748,351.1848741338449,4
187.0,8,1018.2820427477611,4.199999999999999,55.208769832256266,351.11634265245755,4
187.1,8,1028.8418127067182,4.199999999999999,55.22399912902198,351.0051002044389,5
187.2,8,1028.8418127067182,-100.0,55.23938603036091,350.8907520025034,5
187.3,8,1028.8418127067182,4.199999999999999,55.242859091144055,350.8560895451633,5
187.4,8,1028.8418127067182,4.199999999999999,55.25455899470836,350.75573023613254,5
187.5,8,1028.8418127067182,4.199999999999999,55.276224392295134,350.58566406809484,5
187.6,8,1028.8418127067182,4.199999999999999,55.274219934581254,350.58193180841977,5
187.7,8,1028.8418127067182,4.199999999999999,55.28171869655381,350.518382148285,5
187.8,8,1028.8418127067182,4.199999999999999,55.30075398915743,350.36875448607987,5
187.9,8,1028.8418127067182,4.199999999999999,55.51856984971961,348.70741909357537,5
188.0,8,1028.8418127067182,4.199999999999999,55.53268887661233,348.60489577604096,5
188.1,8,1028.8418127067182,4.199999999999999,55.329110482256,349.81393199919114,5
188.2,8,1028.8418127067182,4.199999999999999,55.306522641482715,349.9622049869017,5
188.3,8,1028.8418127067182,4.199999999999999,55.30409062780412,349.97079239966433,5
188.4,8,1028.8418127067182,4.199999999999999,55.303993828217266,349.9671357392739,5
188.5,8,1028.8418127067182,4.199999999999999,55.29913549271459,350.0093932008857,5
188.6,8,1028.8418127067182,4.199999999999999,55.29311788672635,350.04080531176896,5
188.7,8,1028.8418127067182,3.5,55.36351877390341,349.6668869887769,5
188.8,8,1028.8418127067182,4.199999999999999,55.35590069610194,349.7187740382344,5
188.9,8,1028.8418127067182,4.199999999999999,55.353731429094296,349.71517131659164,5
189.0,8,1028.8418127067182,4.199999999999999,55.34154944187832,349.79400557376835,5
189.1,8,1028.8418127067182,4.199999999999999,55.35595749511967,349.68787806494106,5
189.2,8,1028.8418127067182,4.199999999999999,55.35686265697859,349.6524244848402,5
189.3,8,1028.8418127067182,4.199999999999999,55.3449783694731,349.7155924723452,5
189.4,8,1028.8418127067182,4.199999999999999,55.33358282644811,349.7603700710185,5
189.5,8,1028.8418127067182,4.199999999999999,55.330512415775154,349.75207304374567,5
189.6,8,1028.8418127067182,4.199999999999999,55.32123966893609,349.7886916593121,5
189.7,8,1028.8418127067182,4.199999999999999,55.185184662433386,350.79093345871166,5
189.8,8,1028.8418127067182,4.199999999999999,55.17313246187946,350.8476247428449,5
189.9,8,1028.8418127067182,4.199999999999999,55.15715959710087,350.9348872632636,5
190.0,8,1028.8418127067182,4.199999999999999,55.14921517545355,350.96449069530354,5
190.1,8,1028.8418127067182,4.199999999999999,55.137878960370514,351.00518730119256,5
190.2,8,1028.8418127067182,4.199999999999999,55.04262601823924,351.50994372386674,5
190.3,8,1028.8418127067182,3.5,55.04244770086878,351.4804935393336,5
190.4,8,1028.8418127067182,3.5,55.037261091616166,351.5033999698515,5
190.5,7,1028.8418127067182,2.8,55.03159712977536,351.52520863350594,5
190.6,7,1028.8418127067182,3.5,55.0393061963417,351.46460511825444,5
190.7,7,1028.8418127067182,3.5,55.03851499146776,351.46233710864414,5
190.8,7,1028.8418127067182,3.5,55.19815153717243,350.25213596801393,5
190.9,8,1028.8418127067182,3.5,55.19311447106871,350.2747266667621,5
191.0,8,1028.8418127067182,3.5,55.01269810957277,351.23297742600073,5
191.1,8,1028.8418127067182,3.5,55.09916318244189,350.74668897614316,5
191.2,7,1028.559434704674,3.5,55.09232888077755,350.79272978341834,5
191.3,7,1028.559434704674,4.199999999999999,55.09514389550162,350.767294366036,5
191.4,7,1028.559434704674,4.199999999999999,55.10316866890595,350.7145688802972,5
191.5,7,1028.559434704674,4.199999999999999,55.098144795887926,350.74677220723083,5
191.6,7,1028.559434704674,4.199999999999999,55.10049637400135,350.74002616773913,5
191.7,7,1028.559434704674,4.199999999999999,55.10433220117844,350.7141379239637,5
191.8,7,1028.559434704674,4.199999999999999,55.09874903018005,350.75930109986473,5
191.9,7,1028.559434704674,4.199999999999999,55.09451103056489,350.7940771384293,5
192.0,7,1028.559434704674,4.199999999999999,55.10089946044816,350.75288799060945,5
192.1,7,1028.559434704674,4.199999999999999,55.187965835968384,350.1183882669864,5
192.2,7,1028.559434704674,4.199999999999999,55.18994167182387,350.1153999232625,5
192.3,7,1028.559434704674,4.199999999999999,55.19849149974613,350.06371206619747,5
192.4,7,1028.559434704674,4.199999999999999,55.22004468849431,349.92316218699983,5
192.5,7,1028.559434704674,4.199999999999999,55.22439249669688,349.89686310777756,5
192.6,7,1028.559434704674,4.199999999999999,55.22012635120331,349.9360181404602,5
192.7,7,1028.559434704674,4.199999999999999,55.227746585957526,349.9034327500031,5
192.8,8,1028.559434704674,3.5,55.2392608542738,349.8313104229102,5
192.9,8,1028.559434704674,3.5,55.250920523044954,349.75731853050786,5
193.0,8,1028.559434704674,3.5,55.25356610473936,349.7552827348165,5
193.1,8,1028.559434704674,3.5,55.42738093991599,348.4912876345088,5
193.2,8,1028.559434704674,3.5,55.51821684868976,347.6847340289873,5
193.3,8,1028.264287940764,3.5,55.60609387372202,347.22597208359264,5
193.4,8,1028.264287940764,4.199999999999999,55.61344120393933,347.1790786273091,5
193.5,8,1028.264287940764,4.199999999999999,55.49866187740801,347.81568881723797,5
193.6,8,1028.264287940764,4.199999999999999,55.49184686960527,347.87946152531856,5
193.7,8,1028.264287940764,4.199999999999999,55.48804534514734,347.9198625374969,5
193.8,8,1028.264287940764,4.199999999999999,55.4968200655739,347.88297369814006,5
193.9,8,1028.264287940764,4.199999999999999,55.50237344828427,347.8637194714813,5
194.0,8,1028.264287940764,4.199999999999999,55.50788469499515,347.85049069108413,5
194.1,8,1028.264287940764,4.199999999999999,55.52139773259977,347.7969735875124,5
194.2,7,1028.0755431476925,3.5,55.52964463771842,347.7686875177027,5
194.3,7,1028.0755431476925,4.199999999999999,55.53731750862323,347.7335283909941,5
194.4,7,1028.0755431476925,4.199999999999999,55.53707163325973,347.77014713284143,5
194.5,7,1028.0755431476925,4.199999999999999,55.55251308530822,347.6849833138127,5
194.6,7,1028.0755431476925,4.199999999999999,55.571831530060706,347.58436945284325,5
194.7,7,1028.0755431476925,4.199999999999999,55.59042169907045,347.48361396384314,5
194.8,7,1028.0755431476925,4.199999999999999,55.60409885565727,347.43084154874634,5
194.9,7,1028.0755431476925,4.199999999999999,55.59944319630435,347.5060724282732,5
195.0,7,1028.0755431476925,4.199999999999999,55.69146069074906,346.8611253641535,5
195.1,7,1028.0755431476925,4.199999999999999,55.71259577823962,346.7533888730885,5
195.2,7,1028.0755431476925,4.199999999999999,55.723498088809805,346.7062912189522,5
195.3,7,1028.0755431476925,4.199999999999999,55.729393531458115,346.70345183121407,5
195.4,7,1028.0755431476925,4.199999999999999,55.74288573336909,346.64271635362775,5
195.5,7,1028.0755431476925,4.199999999999999,55.758715428745305,346.57068758110245,5
195.6,7,1028.0755431476925,4.199999999999999,55.91350607104843,345.47396142323447,5
195.7,7,1028.0755431476925,4.199999999999999,55.99693492741255,345.0468394440663,5
195.8,7,1028.0755431476925,4.199999999999999,55.995547404332214,345.0798886593257,5
195.9,8,1027.8067443552509,4.199999999999999,56.00861650682664,345.01402376605813,5
196.0,8,1027.8067443552509,4.199999999999999,56.02232933478312,344.93381293882106,5
196.1,8,1027.8067443552509,4.199999999999999,56.029707625032955,344.91341389438355,5
196.2,8,1027.8067443552509,4.199999999999999,56.025841170867984,344.96292261910867,5
196.3,7,1027.5568954331568,4.199999999999999,56.035100257335245,344.91945855685356,5
196.4,7,1027.5568954331568,4.8999999999999995,56.027257732279224,344.992629771586,5
196.5,7,1027.5568954331568,4.8999999999999995,56.014805537992615,345.094333397387,5
196.6,7,1027.5568954331568,4.8999999999999995,55.995552941494296,345.24793666352923,5
196.7,7,1027.5568954331568,4.8999999999999995,55.98417799513317,345.34234891018866,5
196.8,7,1027.5568954331568,4.8999999999999995,55.98270416527548,345.3650010710835,5
196.9,7,1027.5568954331568,4.8999999999999995,55.97405276574182,345.4325138617064,5
197.0,7,1027.5568954331568,4.199999999999999,55.96335493735546,345.5230176748147,5
197.1,7,1027.5568954331568,4.199999999999999,55.95739876752279,345.58446566622064,5
197.2,7,1027.5568954331568,4.199999999999999,55.95463752128223,345.6273446226014,5
197.3,7,1027.5568954331568,4.199999999999999,55.95119380512185,345.6744893178303,5
197.4,7,1027.5568954331568,4.199999999999999,55.95566969783585,345.66440589433705,5
197.5,7,1027.5568954331568,4.199999999999999,55.943479182423914,345.76747044740114,5
197.6,7,1027.5568954331568,4.199999999999999,55.94942085434653,345.7401533340505,5
197.7,7,1027.5568954331568,4.199999999999999,55.94450317691252,345.79469268405023,5
197.8,7,1027.5568954331568,4.199999999999999,55.93758901851187,345.85499103911144,5
197.9,7,1027.5568954331568,4.199999999999999,56.001728551512755,345.541156902058,5
198.0,7,1027.5568954331568,4.199999999999999,55.99196391087381,345.62130320282387,5
198.1,7,1027.5568954331568,4.199999999999999,55.981619319549054,345.70555075422,5
198.2,7,1027.5568954331568,4.199999999999999,55.97535488489959,345.7603367688493,5
198.3,7,1027.5568954331568,4.199999999999999,56.02668253102206,345.4059347430586,5
198.4,7,1027.5568954331568,4.199999999999999,56.03012260945263,345.39614618762425,5
198.5,7,1027.2817079414408,4.199999999999999,56.00855465247399,345.55742955005724,5
198.6,7,1027.2817079414408,4.8999999999999995,56.00100943787343,345.61789870824856,5
198.7,7,1027.2817079414408,4.8999999999999995,55.99883552530499,345.6572635834282,5
198.8,7,1027.2817079414408,4.8999999999999995,55.99023317596262,345.7393476811717,5
198.9,7,1027.2817079414408,4.8999999999999995,55.98033433205394,345.8287820594361,5
199.0,8,1027.0650681728482,4.199999999999999,55.97067286772847,345.90529486257975,5
199.1,8,1027.0650681728482,4.199999999999999,55.959211022333,345.9960802218169,5
199.2,8,1027.0650681728482,4.199999999999999,55.959055964616944,346.01787347821175,5
199.3,8,1027.0650681728482,4.199999999999999,55.95789316986878,346.03841995035697,5
199.4,8,1027.0650681728482,4.199999999999999,55.939105829860196,346.17734773654325,5
199.5,6,1019.9965834826083,4.199999999999999,55.93174877740712,346.245620863993,5
199.6,6,1016.0137199507654,3.5,55.92328896717762,346.31628856766633,5
199.7,6,1014.3549596086395,3.5,55.92534536263459,346.3007561760661,5
199.8,6,1014.3549596086395,3.5,55.948159367201555,346.1514320342262,5
199.9,6,1014.3549596086395,3.5,55.96278178728552,346.05194218121443,5
200.0,6,1014.3549596086395,3.5,55.97003272353578,345.99759608806414,5
200.1,6,1014.3549596086395,3.5,56.03172311345473,345.66677225742933,5
200.2,6,1010.9888689518232,3.5,56.05273580630518,345.51991745218487,5
200.3,6,1010.9888689518232,4.0,56.05819445606696,345.47731949741046,5
200.4,6,1010.9888689518232,4.0,56.06940403479487,345.40314053282043,5
200.5,6,1010.9888689518232,4.0,56.064025415241815,345.44062780522205,5
200.6,8,1010.9888689518232,4.0,56.064312874617045,345.4441603540382,5
200.7,8,1010.9888689518232,4.199999999999999,56.12293604376707,345.0028957381565,5
200.8,8,1010.9888689518232,4.199999999999999,56.11276476870306,345.06894823673844,5
200.9,8,1010.9888689518232,4.199999999999999,56.10455466559291,345.12133632050245,5
201.0,8,1010.9888689518232,4.199999999999999,56.08622663387678,345.2415109237403,5
201.1,8,1010.9888689518232,4.199999999999999,56.072596641286886,345.3414036965341,5
201.2,8,1010.9888689518232,4.199999999999999,56.04957361959694,345.50799404824227,5
201.3,7,1010.9240006435614,4.199999999999999,56.02622502443644,345.65626558243514,5
201.4,7,1010.9240006435614,4.8999999999999995,55.9338957680394,346.3309381653916,5
201.5,7,1010.9240006435614,4.8999999999999995,55.91228638675523,346.49327964587843,5
201.6,7,1010.9240006435614,4.8999999999999995,55.89428986837578,346.6236933932221,5
201.7,7,1010.9240006435614,4.8999999999999995,55.87872986501087,346.7457799330999,5
201.8,7,1010.9240006435614,4.8999999999999995,55.86344856818252,346.8610091265527,5
201.9,7,1010.9240006435614,4.8999999999999995,55.84646809555579,346.98713106905524,5
202.0,7,1010.9240006435614,4.8999999999999995,55.82280165666995,347.1504600739953,5
202.1,7,1010.9240006435614,4.8999999999999995,55.80093402343972,347.31013773594765,5
202.2,7,1010.9240006435614,4.8999999999999995,55.77517376028399,347.4836547779231,5
202.3,7,1010.9240006435614,4.8999999999999995,55.80528569370358,347.365861394317,5
202.4,7,1010.9240006435614,4.8999999999999995,55.77332031946603,347.6063484316148,5
202.5,7,1010.9240006435614,4.8999999999999995,55.75246831479026,347.7656550539091,5
202.6,7,1010.9240006435614,4.8999999999999995,55.72103079176347,347.9918315912988,5
202.7,8,1010.9240006435614,4.199999999999999,55.69761612728706,348.1599020650401,5
202.8,8,1010.9240006435614,4.199999999999999,55.67110778707682,348.35813989971956,5
202.9,8,1010.9240006435614,4.199999999999999,55.65407950303252,348.5046914061177,5
203.0,8,1010.9240006435614,4.199999999999999,55.62510730226134,348.7171141650578,5
203.1,8,1010.9240006435614,4.199999999999999,55.5996150678522,348.9069804856039,5
203.2,8,1010.9240006435614,4.199999999999999,55.56439999843715,349.16126137615197,5
203.3,8,1010.9240006435614,4.199999999999999,55.54405259425293,349.32317653034806,5
203.4,8,1010.9240006435614,4.199999999999999,55.522332667863466,349.49744888018495,5
203.5,8,1010.9240006435614,4.199999999999999,55.59120248295224,348.95661189075054,5
203.6,8,1010.9240006435614,4.199999999999999,55.570079190380994,349.1081789119903,5
203.7,8,1010.9240006435614,4.8999999999999995,55.54148417633584,349.314513159994,5
203.8,8,1010.9240006435614,4.8999999999999995,55.50752652869532,349.55576574736995,5
203.9,8,1010.9240006435614,4.8999999999999995,55.39709768519858,350.4718041458822,5
204.0,8,1010.9240006435614,4.8999999999999995,55.37572211173773,350.63169994562077,5
204.1,8,1010.9240006435614,4.8999999999999995,55.355155336222865,350.7753308632731,5
204.2,8,1010.9240006435614,4.8999999999999995,55.33433747352976,350.9255835016545,5
204.3,8,1010.9240006435614,4.8999999999999995,55.303356624671174,351.15176014097335,5
204.4,8,1010.9240006435614,4.8999999999999995,55.276323624865455,351.35964961476395,5
204.5,8,1010.9240006435614,4.8999999999999995,55.296991892651256,351.28178511683797,5
204.6,8,1010.9240006435614,4.8999999999999995,55.26551244248368,351.49958722793303,5
204.7,8,1010.9240006435614,4.8999999999999995,55.24014726629967,351.66724499933963,5
204.8,8,1010.9240006435614,4.8999999999999995,55.216133824198266,351.8524053746363,5
204.9,8,1010.9240006435614,4.8999999999999995,55.19899281349285,351.96115216693227,5
205.0,8,1010.9240006435614,4.8999999999999995,55.167992649113486,352.19103581255763,5
205.1,8,1010.9240006435614,4.8999999999999995,55.14437684397649,352.37028327003077,5
205.2,8,1010.9240006435614,4.8999999999999995,55.12292187172544,352.52644997195233,5
205.3,8,1010.9240006435614,4.8999999999999995,55.121171931419624,352.54915874434744,5
205.4,8,1010.9240006435614,4.8999999999999995,55.09797827862093,352.7206191062247,5
205.5,8,1010.9240006435614,4.8999999999999995,55.0817638946138,352.8209252360624,5
205.6,8,1010.9240006435614,4.8999999999999995,55.05650068017638,352.9988014543376,5
205.7,8,1010.9240006435614,5.6,55.05306954224689,353.0142358543769,5
205.8,8,1010.9240006435614,5.6,55.042091018795944,353.11209036466573,5
205.9,8,1010.9240006435614,5.6,55.01799160050901,353.2860324869014,5
206.0,8,1010.9240006435614,5.6,55.001309616888726,353.41572530126894,5
206.1,8,1010.9240006435614,5.6,55.08682545014412,352.7110459789791,5
206.2,8,1010.9240006435614,5.6,55.07003320033763,352.82565447237107,5
206.3,8,1010.9240006435614,5.6,55.05468508360859,352.9325737421033,5
206.4,8,1010.9240006435614,5.6,55.0379807105616,353.0466237473259,5
206.5,8,1010.9240006435614,5.6,55.02888314815563,353.0921976329117,5
206.6,8,1010.9240006435614,5.6,55.030194458963734,353.06890891676244,5
206.7,8,1010.9240006435614,5.6,55.02699072071185,353.0576678366076,5
206.8,8,1010.9240006435614,5.6,55.02030609232185,353.08123456641886,5
206.9,8,1010.9240006435614,5.6,55.06010560981659,352.84818834648985,5
207.0,8,1010.9240006435614,5.6,55.04431914436786,352.9358080381006,5
207.1,8,1010.9240006435614,5.6,55.030831119725605,353.0050224551262,5
207.2,8,1010.9240006435614,4.8999999999999995,55.021120114680315,353.04707394098136,5
207.3,8,1010.9240006435614,4.8999999999999995,55.00613485259241,353.1302622978327,5
207.4,8,1010.9240006435614,4.8999999999999995,54.9965894270931,353.1731426561194,5
207.5,8,1010.9240006435614,4.8999999999999995,54.981745836107706,353.253679115129,5
207.6,8,1010.9240006435614,4.8999999999999995,54.975861079468714,353.2593703130973,5
207.7,8,1010.9240006435614,4.8999999999999995,54.95535744018638,353.3744339188204,5
207.8,8,1010.9240006435614,4.8999999999999995,54.86025028047693,353.73626196159904,5
207.9,8,1010.9240006435614,5.6,54.85570575867729,353.7464588566136,5
208.0,8,1010.9240006435614,5.6,54.846694979084276,353.7777071660896,5
208.1,8,1010.9240006435614,5.6,54.82063155841141,353.9283438702885,5
208.2,8,1010.9240006435614,5.6,54.80871536876465,353.9807682841722,5
208.3,8,1010.9240006435614,5.6,54.88145464382314,353.3677461764887,5
208.4,8,1010.9240006435614,5.6,54.874510324826126,353.4043094360562,5
208.5,8,1010.9240006435614,5.6,54.85711265044076,353.5061561031199,5
208.6,8,1010.9240006435614,5.6,54.79123316522846,353.8322491135199,5
208.7,8,1010.9240006435614,5.6,54.790904339636235,353.82090759545883,5
208.8,8,1010.9240006435614,5.6,54.79773485623424,353.7663483712797,5
208.9,8,1010.9240006435614,5.6,54.79276449512311,353.78202491045414,5
209.0,8,1010.9240006435614,5.6,54.83755497502119,353.5293323040819,5
209.1,8,1010.9240006435614,5.6,54.83840764382351,353.5105627548337,5
209.2,8,1010.9240006435614,5.6,54.83558039092119,353.5231857539542,5
209.3,8,1010.9240006435614,4.8999999999999995,54.82830087128863,353.5650031897294,5
209.4,8,1010.9240006435614,4.8999999999999995,54.83612852266536,353.4878321091304,5
209.5,8,1010.9240006435614,4.8999999999999995,54.83559525531143,353.5001723784342,5
209.6,8,1010.9240006435614,4.8999999999999995,54.830492555032095,353.53868095030805,5
209.7,8,1010.9240006435614,4.8999999999999995,54.82503149960584,353.5772414546889,5
209.8,8,1010.9240006435614,4.8999999999999995,54.80780897505388,353.7006267881382,5
209.9,8,1010.9240006435614,4.8999999999999995,54.74934730172684,354.01163098422523,5
210.0,8,1010.9240006435614,4.8999999999999995,54.74191087047088,354.06381420295986,5
210.1,8,1010.9240006435614,4.8999999999999995,54.74201860435633,354.06192106145977,5
210.2,8,1010.9240006435614,4.8999999999999995,54.66977913712621,354.63930955435217,5
210.3,8,1010.9240006435614,4.8999999999999995,54.670327299896286,354.6382494250499,5
210.4,8,1010.9240006435614,4.8999999999999995,54.67789491008887,354.58008772271035,5
210.5,8,1010.9240006435614,4.8999999999999995,54.68145881988274,354.5570486588655,5
210.6,8,1010.9240006435614,4.8999999999999995,54.678721643075214,354.5724165960672,5
210.7,8,1010.9240006435614,4.8999999999999995,54.68022637578748,354.5597734192604,5
210.8,8,1010.9240006435614,4.8999999999999995,54.789617475411504,353.70898779702634,5
210.9,8,1010.9240006435614,5.6,54.80337308291257,353.6153857965314,5
211.0,8,1010.9240006435614,5.6,54.80107530346517,353.6375041725591,5
211.1,8,1010.9240006435614,5.6,54.81677013261542,353.52517904232013,5
211.2,8,1010.9240006435614,5.6,54.81641014584642,353.5191225115419,5
211.3,8,1010.9240006435614,5.6,54.824144075774655,353.46570229402016,5
211.4,8,1010.9240006435614,5.6,54.86104428341902,353.270379494808,5
211.5,8,1010.9240006435614,5.6,54.85794082348641,353.2835466196539,5
211.6,8,1010.9240006435614,5.6,54.864955673133956,353.248975199365,5
211.7,8,1010.9240006435614,5.6,54.867177375882875,353.2314737371363,5
211.8,8,1010.9240006435614,5.6,54.87493072276352,353.1854622256943,5
211.9,8,1010.9240006435614,5.6,54.97065778309424,352.33234844604254,5
212.0,8,1010.9240006435614,5.6,54.977597397178556,352.28511400265813,5
212.1,8,1010.9240006435614,5.6,54.97610353755864,352.30416613066575,5
212.2,8,1010.9240006435614,5.6,54.987947313559985,352.2375090379428,5
212.3,8,1010.9240006435614,5.6,55.00181251343615,352.1417239069524,5
212.4,8,1010.9240006435614,5.6,55.009837305600215,352.0873702297642,5
212.5,8,1010.9240006435614,5.6,55.02034201105205,352.0263395724234,5
212.6,8,1010.9240006435614,5.6,55.01736721436582,352.0436302287059,5
212.7,8,1010.9240006435614,5.6,55.036730915163815,351.92587745284374,5
212.8,8,1010.9240006435614,5.6,54.97711142203713,352.2350423745113,5
212.9,8,1010.9240006435614,5.6,54.98866109127778,352.1645349027684,5
213.0,8,1010.9240006435614,5.6,55.0053399030584,352.0680608245422,5
213.1,8,1010.9240006435614,5.6,55.009803403124856,352.05504475171483,5
213.2,8,1010.9240006435614,5.6,55.02117344923492,351.97947418045896,5
213.3,8,1010.9240006435614,5.6,55.03367224208761,351.907746024008,5
213.4,8,1010.9240006435614,5.6,55.052028613865836,351.790148773375,5
213.5,8,1010.9240006435614,5.6,55.15544375357895,351.0168585379601,5
213.6,8,1010.9240006435614,5.6,55.17153580173233,350.91074619899894,5
213.7,8,1010.9240006435614,5.6,55.16590957474385,350.95751336343767,5
213.8,8,1010.9240006435614,5.6,55.17314854478458,350.9156176196012,5
213.9,8,1010.9240006435614,5.6,55.19181673675012,350.79100881780147,5
214.0,8,1010.9240006435614,5.6,55.210765336466096,350.68572531784486,5
214.1,8,1010.9240006435614,5.6,55.22869668974012,350.5818445126154,5
214.2,8,1010.9240006435614,5.6,55.128780273357066,351.14384771419367,5
214.3,8,1010.9240006435614,5.6,55.14825713040064,351.02362024053303,5
214.4,8,1010.9240006435614,5.6,55.16137865833456,350.9514754347592,5
214.5,8,1010.9240006435614,5.6,55.171569136598094,350.88110321391804,5
214.6,8,1010.9240006435614,5.6,55.26338442924794,350.38194069407444,5
214.7,8,1010.9240006435614,5.6,55.28223076534945,350.2539538796666,5
214.8,8,1010.9240006435614,5.6,55.300105889651164,350.1542384600366,5
214.9,8,1010.9240006435614,5.6,55.30412166869757,350.1314432235469,5
215.0,8,1010.9240006435614,5.6,55.31239232300989,350.0806679593095,5
215.1,8,1010.9240006435614,5.6,55.323825487723326,350.01339040828816,5
215.2,8,1010.9240006435614,5.6,55.32220824992875,350.03693247153694,5
215.3,8,1010.9240006435614,5.6,55.27637399227454,350.2535901364067,5
215.4,8,1010.9240006435614,5.6,55.29001460362308,350.1715091844751,5
215.5,8,1010.9240006435614,5.6,55.3095392808154,350.04719812709914,5
215.6,8,1010.9240006435614,5.6,55.32235909876955,349.9677452492944,5
215.7,8,1010.9240006435614,5.6,55.342505822171276,349.8319270225843,5
215.8,8,1010.9240006435614,5.6,55.35521758317783,349.7675482259537,5
215.9,8,1010.9240006435614,6.3,55.3709033044009,349.6625700709985,5
216.0,8,1010.9240006435614,6.3,55.38465103757645,349.59031340067327,5
216.1,8,1010.9240006435614,6.3,55.4841966091426,348.852039848579,5
216.2,8,1010.9240006435614,6.3,55.49764057431659,348.7631123875508,5
216.3,8,1010.9240006435614,5.6,55.50790661356379,348.69511789758525,5
216.4,8,1010.9240006435614,5.6,55.52191962741731,348.60484597724485,5
216.5,8,1010.9240006435614,5.6,55.471481426204164,349.0040800185842,5
216.6,8,1010.9240006435614,5.6,55.48888853862147,348.89236059347047,5
216.7,8,1010.9240006435614,5.6,55.48830446660466,348.9071457675898,5
216.8,8,1010.9240006435614,5.6,55.56886147464031,348.45699393989764,5
216.9,8,1010.9240006435614,5.6,55.56569462020771,348.49352958345594,5
217.0,8,1010.9240006435614,5.6,55.56958985011918,348.4749543340103,5
217.1,8,1010.9240006435614,5.6,55.59164551446355,348.3256804278863,5
217.2,8,1010.9240006435614,5.6,55.60972948894982,348.2153253345515,5
217.3,8,1010.9240006435614,5.6,55.621013313813535,348.1452080889396,5
217.4,8,1010.9240006435614,5.6,55.634767394203145,348.0596350502278,5
217.5,8,1010.9240006435614,5.6,55.577057700622646,348.2882930412196,5
217.6,8,1010.9240006435614,4.8999999999999995,55.583669187168404,348.2417773681917,5
217.7,8,1010.9240006435614,4.8999999999999995,55.60511158210609,348.0994537136864,5
217.8,8,1010.9240006435614,4.8999999999999995,55.62286775653186,347.97403824511065,5
217.9,8,1010.9240006435614,4.8999999999999995,55.645193545268505,347.82708754227684,5
218.0,8,1010.9240006435614,4.8999999999999995,55.67173313035752,347.64475893930864,5
218.1,8,1010.9240006435614,4.8999999999999995,55.69277500808927,347.48783256340914,5
218.2,8,1010.9240006435614,4.8999999999999995,55.70893237507423,347.378965727052,5
218.3,8,1010.9240006435614,4.8999999999999995,55.72399700161789,347.2762472516867,5
218.4,8,1010.9240006435614,4.8999999999999995,55.744574840696316,347.1275893875329,5
218.5,8,1010.9240006435614,5.6,55.762738524728206,347.00469506403823,5
218.6,8,1010.9240006435614,5.6,55.76633265288893,346.9792276948983,5
218.7,8,1010.9240006435614,5.6,55.66836180455988,347.45984434265256,5
218.8,8,1010.9240006435614,5.6,55.67769481480511,347.39702234897254,5
218.9,8,1010.9240006435614,5.6,55.689195574377635,347.31017304303737,5
219.0,8,1010.9240006435614,5.6,55.700005589145434,347.2219637289145,5
219.1,8,1010.9240006435614,5.6,55.706522887481555,347.1854789877324,5
219.2,8,1010.9240006435614,5.6,55.720496573616515,347.08811408899453,5
219.3,8,1010.9240006435614,5.6,55.74484265682089,346.9483490008645,5
219.4,8,1010.9240006435614,5.6,55.75006401362444,346.9190185520037,5
219.5,8,1010.9240006435614,5.6,55.753935753726324,346.90185677914894,5
219.6,8,1010.9240006435614,5.6,55.763197280271335,346.8342835526409,5
219.7,8,1010.9240006435614,5.6,55.77178467466078,346.78687563381334,5
219.8,8,1010.9240006435614,5.6,55.78015966965856,346.72976695605166,5
219.9,8,1010.9240006435614,5.6,55.786578602197736,346.6856561440586,5
220.0,8,1010.9240006435614,5.6,55.693098003400124,347.38295909215765,5
220.1,8,1010.9240006435614,5.6,55.69870597398699,347.33447425356803,5
220.2,8,1010.9240006435614,6.3,55.70755570245447,347.2743812033159,5
220.3,8,1010.9240006435614,6.3,55.64865738579323,347.5332098054494,5
220.4,8,1010.9240006435614,6.3,55.666492830446906,347.4132087776588,5
220.5,8,1010.9240006435614,6.3,55.85098571568465,346.00709139296,5
220.6,8,1010.9240006435614,6.3,55.85845909284749,345.948005285457,5
220.7,8,1010.9240006435614,6.3,55.87025786597259,345.86859977050534,5
220.8,8,1010.9240006435614,6.3,55.829971293229036,346.0517699109622,5
220.9,8,1010.9240006435614,6.3,55.84174251352767,345.98507404092885,5
221.0,8,1010.9240006435614,5.6,55.86351297202643,345.849729320464,5
221.1,8,1010.9240006435614,5.6,55.88581053747424,345.70731420404434,5
221.2,8,1010.9240006435614,5.6,55.90118520086631,345.6189885839765,5
221.3,8,1010.9240006435614,5.6,55.93281487473652,345.41513978831927,5
221.4,8,1010.9240006435614,5.6,55.96332828273539,345.2172942249674,5
221.5,8,1010.9240006435614,5.6,55.998619805417604,344.98944121381913,5
221.6,8,1010.9240006435614,5.6,56.01656474561607,344.8908325784597,5
221.7,8,1010.9240006435614,5.6,56.06274748043829,344.61406311138785,5
221.8,8,1010.9240006435614,5.6,55.9645176381906,345.3574297540794,5
221.9,8,1010.9240006435614,5.6,55.98535535851649,345.2361815180276,5
222.0,8,1010.9240006435614,5.6,56.0019652679763,345.1350449351567,5
222.1,8,1010.9240006435614,5.6,56.01144786989168,345.0940622731142,5
222.2,8,1010.9240006435614,5.6,56.04094354134597,344.9148006585199,5
222.3,8,1010.9240006435614,5.6,56.060807832631895,344.79799621212806,5
222.4,8,1010.9240006435614,5.6,56.07932787891171,344.6891220587357,5
222.5,8,1010.9240006435614,5.6,56.10283103987554,344.5390727652547,5
222.6,8,1010.9240006435614,4.8999999999999995,56.12864796799191,344.38021847731807,5
222.7,8,1010.9240006435614,4.8999999999999995,56.15735681826926,344.1962537161119,5
222.8,8,1010.9240006435614,4.8999999999999995,56.26499809744986,343.444003867447,5
222.9,8,1010.8348540351468,4.8999999999999995,56.290224295122556,343.28412170609244,5
223.0,8,1010.8348540351468,5.6,56.31530459553258,343.12266014458476,5
223.1,8,1010.8348540351468,5.6,56.33365319845046,343.0105501558405,5
223.2,8,1010.8348540351468,5.6,56.34995808781471,342.9117087670904,5
223.3,8,1010.8348540351468,5.6,56.36222606971115,342.83681138823476,5
223.4,8,1010.8348540351468,5.6,56.37987164197443,342.72969174070397,5
223.5,8,1010.8348540351468,5.6,56.34639013084269,342.8725939953452,5
223.6,8,1010.8348540351468,4.8999999999999995,56.29283477542257,343.2698257031908,5
223.7,8,1010.8348540351468,4.8999999999999995,56.31746097236048,343.1284077323053,5
223.8,8,1010.8348540351468,4.8999999999999995,56.361152220387225,342.8503484753164,5
223.9,8,1010.8348540351468,4.8999999999999995,56.39428605824203,342.6423487852697,5
224.0,8,1010.8348540351468,4.8999999999999995,56.447116777074015,342.3369137987388,5
224.1,8,1010.8348540351468,4.8999999999999995,56.46756375050107,342.209759929823,5
224.2,8,1010.8348540351468,4.8999999999999995,56.50197191578658,342.00910481614926,5
224.3,8,1010.8348540351468,4.8999999999999995,56.53722468614106,341.7834355957606,5
224.4,8,1010.8348540351468,4.8999999999999995,56.575876979647916,341.54060719645605,5
224.5,8,1010.8348540351468,4.8999999999999995,56.61038557596946,341.3301118628726,5
224.6,8,1010.8348540351468,4.8999999999999995,56.64655558808404,341.11266870391336,5
224.7,8,1010.8348540351468,4.8999999999999995,56.66651516996362,340.98274717003426,5
224.8,8,1010.8348540351468,4.8999999999999995,56.69994343053693,340.78233094842057,5
224.9,8,1010.8348540351468,4.8999999999999995,56.73024152760929,340.59296388448297,5
225.0,8,1010.8348540351468,4.8999999999999995,56.76320641223083,340.3923626116049,5
225.1,7,1017.053221546764,4.199999999999999,56.78584378424945,340.2592689460105,5
225.2,8,1017.053221546764,4.199999999999999,56.81215067043211,340.1030783299888,5
225.3,8,1017.053221546764,4.199999999999999,56.841733074005404,339.9276554809925,5
225.4,7,1020.0756672227163,4.199999999999999,56.94626257459167,339.22614423163805,5
225.5,7,1019.942746911616,4.8999999999999995,56.97219807936828,339.06984572245995,5
225.6,7,1019.942746911616,4.8999999999999995,57.003787461160215,338.87862277114033,5
225.7,8,1019.8028626452427,4.8999999999999995,57.03564765864858,338.69508880159714,5
225.8,8,1019.8028626452427,4.8999999999999995,57.0625137634601,338.52432679277183,5
225.9,8,1019.8028626452427,4.8999999999999995,57.08601943634618,338.39149227402817,5
226.0,8,1019.8028626452427,4.8999999999999995,57.105554798650004,338.27308660496215,5
226.1,8,1019.8028626452427,4.8999999999999995,57.12840762729462,338.1404613780438,5
226.2,8,1019.8028626452427,4.8999999999999995,57.166814175457844,337.9256772894744,5
226.3,8,1019.8028626452427,4.8999999999999995,57.18450703097762,337.82618675435214,5
226.4,8,1019.8028626452427,4.8999999999999995,57.20941449764339,337.6806452068301,5
226.5,8,1019.8028626452427,4.8999999999999995,57.22823474847371,337.570554690427,5
226.6,8,1019.8028626452427,4.8999999999999995,57.25257327351149,337.4303390571383,5
226.7,10,1019.8028626452427,4.199999999999999,57.147155858824675,337.9559384348729,5
226.8,10,1019.8028626452427,4.800000000000001,57.16263647507381,337.86267243973134,5
226.9,10,1019.8028626452427,4.800000000000001,57.17851631301414,337.7678385925907,5
227.0,10,1019.8028626452427,4.800000000000001,57.19582741878314,337.66290219714506,5
227.1,10,1019.8028626452427,4.800000000000001,57.217775132309704,337.5289310355803,5
227.2,10,1019.8028626452427,4.800000000000001,57.05022828986425,338.6987373609661,5
227.3,10,1019.8028626452427,4.800000000000001,57.05761703301113,338.6558013426758,5
227.4,10,1019.8028626452427,4.800000000000001,57.05940618438305,338.6489745507006,5
227.5,10,1019.8028626452427,4.800000000000001,57.07219199537377,338.57653402196536,5
227.6,10,1019.8028626452427,4.800000000000001,57.00498572230147,338.90105337802964,5
227.7,10,1019.8028626452427,4.800000000000001,57.01527319766019,338.8426862586017,5
227.8,10,1019.8028626452427,4.800000000000001,57.01886347225656,338.8219518336665,5
227.9,10,1019.8028626452427,4.800000000000001,57.02453281762813,338.7941683619155,5
228.0,10,1019.8028626452427,4.800000000000001,57.024956101743555,338.7953022787201,5
228.1,10,1019.8028626452427,4.800000000000001,57.068683317749674,338.5057510478698,5
228.2,8,1019.8028626452427,4.0,57.070691684953545,338.4959583159125,5
228.3,9,1024.1151525063153,4.199999999999999,56.91596083280231,339.57969298139847,5
228.4,9,1024.1151525063153,4.0,56.9208875206032,339.54998661420404,5
228.5,9,1024.1151525063153,4.0,56.93188203725282,339.470607113038,5
228.6,9,1024.1151525063153,4.0,56.928110915767476,339.4873013797213,5
228.7,10,1024.1151525063153,4.0,56.92933809528219,339.47324394905695,5
228.8,10,1024.1151525063153,4.800000000000001,56.923389025220686,339.4991444574326,5
228.9,10,1024.1151525063153,4.800000000000001,56.921322594578754,339.54466460960225,5
229.0,10,1024.1151525063153,4.800000000000001,56.81223719867155,340.1254480949975,5
229.1,10,1024.1151525063153,4.800000000000001,56.783219274364214,340.3239430403614,5
229.2,10,1024.1151525063153,4.800000000000001,56.774300841617276,340.38015062753095,5
229.3,10,1024.1151525063153,4.800000000000001,56.743932826673856,340.5837570659349,5
229.4,10,1024.1151525063153,4.800000000000001,56.71773726589673,340.74991600951626,5
229.5,10,1024.1151525063153,4.800000000000001,56.54266213771126,341.9907573923414,5
229.6,10,1024.1151525063153,4.800000000000001,56.50950390681126,342.2184886738171,5
229.7,10,1024.1151525063153,4.800000000000001,56.56756160852022,341.7944067429623,5
229.8,10,1024.1151525063153,4.800000000000001,56.54405523990681,341.9503759401963,5
229.9,10,1024.1151525063153,4.800000000000001,56.527631126539006,342.05066066263475,5
230.0,10,1024.1151525063153,4.800000000000001,56.496008377575265,342.26003932272556,5
230.1,10,1024.1151525063153,4.800000000000001,56.47785896812687,342.37638828921274,5
230.2,10,1024.1151525063153,4.800000000000001,56.33181186748196,343.16598567160946,5
230.3,10,1024.1151525063153,4.800000000000001,56.29268509406086,343.4250727094917,5
230.4,10,1024.1151525063153,4.800000000000001,56.267823166107675,343.58814014952605,5
230.5,10,1024.1151525063153,4.800000000000001,56.2485174101019,343.7090920614337,5
230.6,10,1024.1151525063153,4.800000000000001,56.22149403335047,343.8879070438116,5
230.7,10,1024.1151525063153,4.800000000000001,56.20281749930311,344.0098077069756,5
230.8,10,1024.1151525063153,4.800000000000001,56.16871430155595,344.2332013727606,5
230.9,10,1024.1151525063153,4.800000000000001,56.12936350591724,344.47814475020715,5
231.0,10,1024.1151525063153,4.800000000000001,55.916669873840675,345.99223731524563,5
231.1,10,1024.1151525063153,4.800000000000001,55.88722039185373,346.15182813767046,5
231.2,10,1024.1151525063153,4.800000000000001,55.84898652711247,346.3812327645671,5
231.3,10,1024.1151525063153,4.800000000000001,55.811583255155995,346.5963000732894,5
231.4,10,1024.1151525063153,4.800000000000001,55.64229293670438,347.5189642551841,5
231.5,10,1024.1151525063153,4.800000000000001,55.614351367942284,347.6714287085232,5
231.6,10,1024.1151525063153,4.800000000000001,55.567963016207244,347.95536012351374,5
231.7,10,1024.1151525063153,4.800000000000001,55.52464976720887,348.20737333777186,5
231.8,10,1024.1151525063153,4.800000000000001,55.478951536687205,348.4903069226556,5
231.9,10,1024.1151525063153,4.800000000000001,55.427057561890464,348.808668786427,5
232.0,10,1024.1151525063153,4.800000000000001,55.35415340217684,348.7927285246053,5
232.1,11,1024.1151525063153,4.800000000000001,55.31230254679819,349.0393877617413,5
232.2,11,1024.1151525063153,4.5,55.3450234419645,348.73881579055626,5
232.3,11,1024.1151525063153,4.5,55.28701333112725,349.1003571426377,5
232.4,10,1024.1151525063153,4.5,55.24918375597608,349.32186340119347,5
232.5,10,1024.1151525063153,4.800000000000001,55.21798360428336,349.4932086061456,5
232.6,10,1024.1151525063153,4.800000000000001,55.24388202102837,349.08066174537817,5
232.7,10,1024.1151525063153,4.800000000000001,55.20236961723455,349.32609547576544,5
232.8,10,1024.1151525063153,4.800000000000001,55.157293340284795,349.61115625018056,5
232.9,10,1024.1151525063153,4.800000000000001,55.11162398165828,349.8885314925712,5
233.0,10,1024.1151525063153,4.800000000000001,55.06536784798273,350.17901465126033,5
233.1,10,1024.1151525063153,4.800000000000001,55.024470071529734,350.43075659248643,5
233.2,10,1024.1151525063153,4.800000000000001,54.97607504928898,350.7351696153968,5
233.3,10,1024.1151525063153,4.800000000000001,54.921438755373316,351.085348425715,5
233.4,10,1024.1151525063153,4.800000000000001,54.88512056756728,351.3051782142318,5
233.5,10,1024.1151525063153,4.800000000000001,54.84139850042064,351.58727635038565,5
233.6,10,1024.1151525063153,4.800000000000001,54.98673343050841,350.7984777010271,5
233.7,10,1024.1151525063153,4.800000000000001,54.9543960921916,350.9944677552154,5
233.8,10,1024.1151525063153,4.800000000000001,54.905747206286605,351.3150857179793,5
233.9,7,1024.9772790787874,4.800000000000001,54.863371537832805,351.57092269978074,5
234.0,10,1024.9772790787874,4.8999999999999995,54.829368463970255,351.80463849394437,5
234.1,10,1024.9772790787874,4.800000000000001,54.77731285924699,352.14947366970034,5
234.2,10,1024.9772790787874,4.800000000000001,54.731077473864005,352.45820142105083,5
234.3,10,1024.9772790787874,4.800000000000001,54.68552772089829,352.75438764692285,5
234.4,10,1024.9772790787874,4.800000000000001,54.64663447414571,353.015918456201,5
234.5,10,1024.9772790787874,4.800000000000001,54.61043151151936,353.25930304606993,5
234.6,10,1024.9772790787874,4.800000000000001,54.652624392179305,352.919299196612,5
234.7,10,1024.9772790787874,4.800000000000001,54.611880412584654,353.17829557204595,5
234.8,10,1024.9772790787874,4.800000000000001,54.560439489217124,353.52709942288567,5
234.9,11,1024.9772790787874,4.0,54.513319137171976,353.8424993590461,5
235.0,11,1024.9772790787874,4.5,54.46850153753326,354.1496510731522,5
235.1,11,1024.9772790787874,4.5,54.428547096074126,354.40500896656397,5
235.2,11,1024.9772790787874,4.5,54.381652635702565,354.7240213799215,5
235.3,11,1024.9772790787874,4.5,54.55697107716499,353.78885962742356,5
235.4,11,1024.9772790787874,4.5,54.50314252730578,354.16244509631895,5
235.5,11,1024.9772790787874,4.5,54.45105600449181,354.52002475338605,5
235.6,8,1025.1183607406563,3.6,54.4094143099878,354.78898356508694,5
235.7,8,1024.9572379306842,4.199999999999999,54.370502960940954,355.05564668525926,5
235.8,8,1024.9572379306842,4.199999999999999,54.41271256674777,354.6336421289178,5
235.9,8,1024.9572379306842,4.199999999999999,54.38467881468233,354.8108291847519,5
236.0,8,1024.9572379306842,4.199999999999999,54.353605633621754,355.01300815154275,5
236.1,8,1024.9572379306842,4.199999999999999,54.31171057493128,355.28990513340636,5
236.2,8,1024.9572379306842,4.199999999999999,54.28667730735832,355.45824726960075,5
236.3,8,1024.9572379306842,4.199999999999999,54.26228462948437,355.6237534754836,5
236.4,8,1024.9572379306842,4.199999999999999,54.225849071885996,355.86551708793024,5
236.5,7,1024.7757526944615,4.199999999999999,54.1542405536735,356.1042246643015,5
236.6,7,1024.7757526944615,5.6,54.13146486297828,356.2587090910241,5
236.7,7,1024.7757526944615,5.6,54.1019143667296,356.45135314225024,5
236.8,7,1024.7757526944615,5.6,54.14551138891831,356.10439693233616,5
236.9,7,1024.7757526944615,5.6,54.13152259757999,356.2015108593823,5
237.0,7,1024.7757526944615,5.6,54.114640052544075,356.30667270150195,5
237.1,7,1024.7757526944615,5.6,54.09287947952973,356.4540768831111,5
237.2,7,1024.7757526944615,5.6,54.076554004359274,356.55678748223255,5
237.3,7,1024.7757526944615,5.6,54.06450182391889,356.6323676108957,5
237.4,7,1024.7757526944615,5.6,54.05914278266031,356.6608573405125,5
237.5,7,1024.7757526944615,4.8999999999999995,54.05391217487194,356.6986097103629,5
237.6,7,1024.7757526944615,4.8999999999999995,54.0359892789717,356.81159174837194,5
237.7,7,1024.7757526944615,4.8999999999999995,54.02505525657082,356.88144660189494,5
237.8,7,1024.7757526944615,4.8999999999999995,54.138195553026335,356.2199351559047,5
237.9,7,1024.7757526944615,4.8999999999999995,54.13540234413202,356.2253113338539,5
238.0,7,1024.7757526944615,4.8999999999999995,54.133147428237294,356.2302385795781,5
238.1,7,1024.7757526944615,4.8999999999999995,54.122590621953236,356.29518610096625,5
238.2,7,1024.7757526944615,4.8999999999999995,54.124741694269616,356.264526127688,5
238.3,7,1024.7757526944615,4.8999999999999995,54.032400466935705,356.8037324772547,5
238.4,7,1024.7757526944615,4.8999999999999995,53.9856632050061,356.98811734163803,5
238.5,7,1024.7757526944615,4.8999999999999995,53.97691224056838,357.04410825032465,5
238.6,7,1024.7757526944615,4.8999999999999995,53.97617359472079,357.0402682091449,5
238.7,7,1024.7757526944615,4.8999999999999995,53.97698908204838,357.0209531814804,5
238.8,7,1024.7757526944615,4.8999999999999995,53.96869754819718,357.08000615452994,5
238.9,7,1024.7757526944615,4.8999999999999995,53.856233532537,357.9237129629996,5
239.0,7,1024.7757526944615,4.8999999999999995,53.85622851599866,357.92479647467064,5
239.1,9,1024.7757526944615,4.199999999999999,53.918656766068594,357.446034140896,5
239.2,9,1024.7757526944615,4.0,53.9138818154852,357.4743994970743,5
239.3,7,1024.604237724104,4.0,53.9261682840683,357.3839826034595,5
239.4,7,1024.604237724104,4.8999999999999995,53.93237829141261,357.3306487964511,5
239.5,7,1024.604237724104,4.8999999999999995,53.944768415093115,357.246789872112,5
239.6,7,1024.604237724104,4.8999999999999995,53.89466008683124,357.58261017844313,5
239.7,9,1024.604237724104,4.8999999999999995,53.89391880939833,357.58470522704374,5
239.8,9,1024.604237724104,4.800000000000001,53.895979296460965,357.5626540149623,5
239.9,9,1024.604237724104,4.800000000000001,53.903066489820276,357.5167855402252,5
240.0,9,1024.604237724104,4.800000000000001,53.90489004643198,357.49562733619763,5
240.1,9,1024.604237724104,4.800000000000001,53.89535109113598,357.55785098357194,5
240.2,9,1024.604237724104,4.800000000000001,53.90405161333034,357.48530034935936,5
240.3,9,1024.604237724104,4.800000000000001,53.961112580651005,357.15116133296505,5
240.4,9,1024.604237724104,4.800000000000001,53.96586416690421,357.1107041494482,5
240.5,9,1024.604237724104,5.6000000000000005,53.98148995354374,357.005237883777,5
240.6,9,1024.604237724104,5.6000000000000005,53.97326951664388,357.06719828914083,5
240.7,9,1024.604237724104,5.6000000000000005,53.982653795101896,356.99280025723573,5
240.8,9,1024.604237724104,4.800000000000001,53.990472874277074,356.93994155571716,5
240.9,9,1024.604237724104,4.800000000000001,53.980372370193855,357.00466786873824,5
241.0,9,1024.604237724104,4.800000000000001,53.977970987675974,357.015987026023,5
241.1,9,1024.604237724104,4.800000000000001,53.97524998183298,357.03938584133937,5
241.2,9,1024.604237724104,4.800000000000001,53.96682348571703,357.09024891308314,5
241.3,9,1024.604237724104,4.800000000000001,53.9581070910866,357.1527884627805,5
241.4,9,1024.604237724104,4.800000000000001,54.01975067892122,356.6808642094215,5
241.5,9,1024.604237724104,4.800000000000001,53.99580808862244,356.85071908789484,5
241.6,9,1024.604237724104,4.800000000000001,54.006508546769425,356.7767635114286,5
241.7,9,1024.604237724104,4.800000000000001,53.98967328648688,356.8904826260974,5
241.8,9,1024.604237724104,4.800000000000001,53.87884858718075,357.5399827264034,5
241.9,9,1024.604237724104,4.800000000000001,53.87891190420013,357.54724966290405,5
242.0,7,1024.4482883361438,4.0,53.89426170651946,357.4268503188496,5
242.1,7,1024.4482883361438,4.8999999999999995,53.8768504552899,357.5564933874942,5
242.2,7,1024.4482883361438,4.8999999999999995,53.878332955208634,357.53779841908425,5
242.3,7,1024.4482883361438,4.8999999999999995,53.882607137492016,357.4983092615107,5
242.4,7,1024.4482883361438,4.8999999999999995,53.88596412122196,357.46298988926924,5
242.5,7,1024.4482883361438,4.8999999999999995,53.874611590044964,357.5367196316463,5
242.6,9,1024.4482883361438,4.199999999999999,53.87503475241403,357.52607020281084,5
242.7,9,1024.4482883361438,4.800000000000001,53.88095562912066,357.47674101928874,5
242.8,9,1024.4482883361438,4.800000000000001,53.88633535794376,357.43716929999636,5
242.9,9,1024.4482883361438,4.800000000000001,53.848161131944764,357.6472154570017,5
243.0,9,1024.4482883361438,4.800000000000001,53.845635749779284,357.66107564544654,5
243.1,9,1024.4482883361438,4.800000000000001,53.833300117198974,357.7434639959588,5
243.2,9,1024.4482883361438,4.800000000000001,53.83429154410216,357.73133926594454,5
243.3,9,1024.4482883361438,4.800000000000001,53.84834696519698,357.62617940516077,5
243.4,9,1024.4482883361438,4.800000000000001,53.83629854931091,357.71058126477726,5
243.5,9,1024.4482883361438,4.800000000000001,53.84548875431089,357.63288563019864,5
243.6,9,1024.4482883361438,4.800000000000001,53.83536703477627,357.7022625486102,5
243.7,9,1024.4482883361438,4.800000000000001,53.839621617927165,357.67388615694034,5
243.8,9,1024.4482883361438,4.800000000000001,53.838710183092985,357.66817797839417,5
243.9,9,1024.4482883361438,4.800000000000001,53.83646008186726,357.68099448644296,5
244.0,9,1024.4482883361438,4.800000000000001,53.83012254817497,357.72509135137136,5
244.1,11,1024.4482883361438,4.0,53.81274010836479,357.8420568769059,5
244.2,11,1024.4482883361438,4.5,53.81569038240774,357.81927452973696,5
244.3,11,1024.4482883361438,4.5,53.86352893200618,357.45769361220243,5
244.4,11,1024.4482883361438,4.5,53.86761701202754,357.4217849830626,5
244.5,11,1024.4482883361438,4.5,53.8645043465244,357.4393855850905,5
244.6,11,1024.4482883361438,4.5,53.85468779668604,357.503825315305,5
244.7,11,1024.4482883361438,4.5,53.84602998858116,357.5621014448081,5
244.8,11,1024.4482883361438,4.5,53.76890902528319,358.0226195523047,5
244.9,11,1024.4482883361438,4.5,53.74484710885622,358.19754330266676,5
245.0,11,1024.4482883361438,4.5,53.7539538275108,358.13053587640695,5
245.1,11,1024.4482883361438,4.5,53.75069626615847,358.1542049247977,5
245.2,11,1024.4482883361438,4.5,53.821580110561726,357.7410447912174,5
245.3,7,1024.3587380111144,3.6,53.816769931766075,357.7804219678362,5
245.4,7,1024.3587380111144,4.8999999999999995,53.807597429556814,357.8461777040593,5
245.5,7,1024.3587380111144,4.8999999999999995,53.810988728668974,357.8160262194525,5
245.6,7,1024.3587380111144,4.8999999999999995,53.81337407109301,357.81834033491964,5
245.7,7,1024.3587380111144,4.8999999999999995,53.81975886881823,357.77343957270887,5
245.8,7,1024.3587380111144,4.8999999999999995,53.81260885411717,357.82846804479016,5
245.9,7,1024.3587380111144,4.8999999999999995,53.82077078822875,357.7630028406948,5
246.0,9,1024.3587380111144,4.199999999999999,53.81216977757062,357.8253853940653,5
246.1,9,1024.3587380111144,4.800000000000001,53.72610994851756,358.329300517326,5
246.2,9,1024.3587380111144,4.800000000000001,53.72294369088108,358.35903803259214,5
246.3,9,1024.3587380111144,4.800000000000001,53.789887409271486,357.86633136236765,5
246.4,9,1024.3587380111144,4.800000000000001,53.79450213250766,357.8492418892157,5
246.5,9,1024.3587380111144,4.800000000000001,53.80640510182856,357.7701271244714,5
246.6,9,1024.3587380111144,4.800000000000001,53.80198986413694,357.8017930958272,5
246.7,9,1024.3587380111144,4.800000000000001,53.76581522255217,357.92563285266186,5
246.8,9,1024.3587380111144,4.800000000000001,53.785373300352454,357.7953014087684,5
246.9,7,1024.3587380111144,4.800000000000001,53.78167881961352,357.82671781874853,5
247.0,7,1024.3587380111144,4.8999999999999995,53.63838325599312,358.7310082084267,5
247.1,7,1024.3587380111144,4.8999999999999995,53.64984237444723,358.65881647259425,5
247.2,7,1024.3587380111144,4.8999999999999995,53.65774811913996,358.6073397778174,5
247.3,7,1024.1787276257817,4.8999999999999995,53.701032476201064,358.2121836247294,5
247.4,7,1024.1787276257817,5.6,53.70465595620753,358.194816882212,5
247.5,7,1024.1787276257817,5.6,53.709529632359676,358.16021829475756,5
247.6,7,1024.1787276257817,5.6,53.71929180066306,358.0950626994371,5
247.7,7,1024.1787276257817,5.6,53.715035945106834,358.131218076344,5
247.8,7,1024.1787276257817,5.6,53.726665373795655,358.05586852852866,5
247.9,7,1024.1787276257817,5.6,53.86493377507068,357.2045479701578,5
248.0,7,1024.1787276257817,5.6,53.877362311753714,357.12755446655103,5
248.1,7,1024.1787276257817,5.6,53.83877778233001,357.4709255788093,5
248.2,7,1024.1787276257817,5.6,53.838763619787805,357.4688932625571,5
248.3,7,1024.1787276257817,5.6,53.84193288214891,357.4545385996658,5
248.4,7,1024.1787276257817,5.6,53.84889638692768,357.4113769763027,5
248.5,7,1024.1787276257817,5.6,53.85092834725452,357.39934572603744,5
248.6,7,1024.1787276257817,5.6,53.84830350780892,357.4247958997521,5
248.7,7,1024.1787276257817,5.6,53.861858231782136,357.33883840092415,5
248.8,7,1024.1787276257817,5.6,53.87213968243927,357.2696318228314,5
248.9,7,1024.1787276257817,5.6,53.86871293053146,357.2985003613902,5
249.0,7,1024.1787276257817,5.6,53.93070183772082,356.85729444516267,5
249.1,7,1024.1787276257817,5.6,53.94050409572506,356.7973328711714,5
249.2,7,1024.1787276257817,5.6,53.93230744514851,356.8603991285984,5
249.3,7,1024.1787276257817,5.6,53.94158640954492,356.7924965983727,5
249.4,7,1024.1787276257817,5.6,53.946793085915004,356.75696686564584,5
249.5,7,1024.1787276257817,5.6,53.9382495959958,356.82639976367386,5
249.6,7,1024.1787276257817,5.6,53.93486946204959,356.8534182600744,5
249.7,7,1024.1787276257817,5.6,53.84007918876529,357.5585657240084,5
249.8,7,1024.1787276257817,5.6,53.82697223805694,357.658141204331,5
249.9,7,1024.1787276257817,5.6,53.819598558395235,357.7152569346386,5
250.0,7,1023.9931214597193,5.6,53.80874535092439,357.79714765366157,5
250.1,7,1023.9931214597193,6.3,53.80006012900402,357.863199511743,5
250.2,7,1023.9931214597193,6.3,53.91387053492613,357.19625758667195,5
250.3,7,1023.9931214597193,6.3,53.91577252822909,357.18296980726177,5
250.4,7,1023.9931214597193,6.3,53.88427392211422,357.40383419864304,5
250.5,7,1023.9931214597193,6.3,53.88749931105112,357.38621870822965,5
250.6,7,1023.9931214597193,6.3,53.76984041742511,358.0894039691649,5
250.7,7,1023.9931214597193,5.6,53.7503042169508,358.2269843566048,5
250.8,7,1023.9931214597193,5.6,53.81558134905413,357.86242159077767,5
250.9,7,1023.9931214597193,5.6,53.81237037149686,357.891809752732,5
251.0,7,1023.9931214597193,5.6,53.80039085574519,357.9801993991439,5
251.1,7,1023.9931214597193,5.6,53.79677368181408,358.01388076363617,5
251.2,7,1023.9931214597193,5.6,53.79496585194221,358.0267433989035,5
251.3,7,1023.9931214597193,5.6,53.77693986253,358.17125968919424,5
251.4,7,1023.9931214597193,5.6,53.837115090966364,357.7368311338673,5
251.5,7,1023.9931214597193,5.6,53.71670897074567,358.4374156746248,5
251.6,7,1023.9931214597193,5.6,53.682061062677874,358.6867337484982,5
251.7,7,1023.9931214597193,5.6,53.668225348763414,358.7934351219774,5
251.8,7,1023.9931214597193,5.6,53.67490568400148,358.7499036245018,5
251.9,7,1023.9931214597193,5.6,53.65845118701978,358.8674501289224,5
252.0,7,1023.9931214597193,5.6,53.62814934857664,359.0919646044732,5
252.1,7,1023.9931214597193,5.6,53.62751993984131,359.0946328227412,5
252.2,7,1023.9931214597193,5.6,53.62673270752228,359.10722803821164,5
252.3,7,1023.9931214597193,5.6,53.621262950324606,359.1443724174506,5
252.4,7,1023.9931214597193,4.8999999999999995,53.623045507931025,359.1237251538405,5
252.5,7,1023.9931214597193,4.8999999999999995,53.5992869185221,359.2959873315969,5
252.6,7,1023.9931214597193,4.8999999999999995,53.60358600409623,359.25629341581134,5
252.7,7,1023.9931214597193,4.8999999999999995,53.613579851698674,359.1818280891023,5
252.8,7,1023.9931214597193,4.8999999999999995,53.56718989678243,359.45256669621074,5
252.9,7,1023.9931214597193,4.8999999999999995,53.568532118097465,359.42951006019337,5
253.0,7,1023.9931214597193,4.8999999999999995,53.507246142601176,359.96883683276417,5
253.1,7,1023.9931214597193,4.8999999999999995,53.55039391651983,359.632779735727,5
253.2,8,1026.9317954113208,4.8999999999999995,53.528955715766564,359.7773257943039,5
253.3,7,1026.7429075428295,3.5,53.522535003135616,359.82338348417454,5
253.4,7,1026.7429075428295,5.6,53.51561168567122,359.85498137811544,5
253.5,7,1026.7429075428295,5.6,53.50779083880274,359.9039563295717,5
253.6,7,1026.7429075428295,5.6,53.48572655166168,360.0582090971358,5
253.7,7,1026.7429075428295,4.8999999999999995,53.48071289580349,360.0859124578789,5
253.8,7,1026.7429075428295,4.8999999999999995,53.46675148770625,360.1678945666828,5
253.9,7,1026.7429075428295,4.8999999999999995,53.4528686153087,360.2685988377102,5
254.0,7,1026.7429075428295,4.8999999999999995,53.45539802125295,360.24587753720004,5
254.1,7,1026.7429075428295,4.8999999999999995,53.44352087971693,360.31485721611455,5
254.2,7,1026.7429075428295,4.8999999999999995,53.42503058251002,360.44590589884126,5
254.3,7,1026.7429075428295,4.8999999999999995,53.421228025462035,360.4585225240777,5
254.4,7,1026.7429075428295,4.8999999999999995,53.405862367126346,360.5621382347578,5
254.5,7,1026.7429075428295,4.8999999999999995,53.38941142045374,360.6594871328426,5
254.6,7,1026.7429075428295,4.8999999999999995,53.36611396169539,360.8114830859573,5
254.7,7,1026.7429075428295,4.8999999999999995,53.35639908810043,360.86602817624066,5
254.8,7,1026.7429075428295,4.8999999999999995,53.318111782844284,361.12306506122405,5
254.9,7,1026.7429075428295,4.8999999999999995,53.21677223925089,361.7396858884153,5
255.0,7,1026.7429075428295,4.8999999999999995,53.182438136513845,361.9755860178833,5
255.1,7,1026.7429075428295,4.8999999999999995,53.162978125982036,362.0926086357889,5
255.2,7,1026.7429075428295,4.8999999999999995,53.24994082904344,361.5579135496733,5
255.3,7,1026.7429075428295,4.8999999999999995,53.26795990830444,361.3816967060902,5
255.4,7,1026.7429075428295,4.8999999999999995,53.231755485077755,361.6281186031479,5
255.5,7,1026.7429075428295,4.8999999999999995,53.188312237930475,361.91771299735206,5
255.6,7,1026.7429075428295,4.8999999999999995,53.143655263583454,362.18697312574386,5
255.7,7,1026.7429075428295,4.8999999999999995,53.1209015695777,362.32661766919256,5
255.8,7,1026.7429075428295,4.8999999999999995,53.09487886606804,362.490950526285,5
255.9,7,1026.7429075428295,4.8999999999999995,53.07536561868553,362.6126931874503,5
256.0,7,1026.7429075428295,4.8999999999999995,53.046620361415606,362.80185115656,5
256.1,7,1026.7429075428295,4.8999999999999995,53.019233196097474,362.98864539121644,5
256.2,7,1026.7429075428295,4.8999999999999995,52.925462487946916,363.6940592388256,5
256.3,7,1026.7429075428295,4.8999999999999995,52.90308229217972,363.84035638426815,5
256.4,7,1026.7429075428295,4.8999999999999995,52.95366391341659,363.54218201748233,5
256.5,7,1026.7429075428295,4.8999999999999995,52.93875582250965,363.624682639963,5
256.6,7,1026.7429075428295,4.8999999999999995,52.91299034879508,363.79536776731595,5
256.7,7,1026.7429075428295,4.8999999999999995,52.89836010290968,363.88336428557204,5
256.8,7,1026.7429075428295,4.8999999999999995,52.88504725881971,363.96343962890796,5
256.9,7,1026.7429075428295,4.8999999999999995,52.85451169197415,364.1664245875005,5
257.0,7,1026.7429075428295,4.8999999999999995,52.757186276787046,364.8996369463033,5
257.1,7,1026.7429075428295,4.8999999999999995,52.6320837608981,365.6794145247907,5
257.2,7,1026.7429075428295,4.8999999999999995,52.61902117978839,365.7676341638415,5
257.3,7,1026.7429075428295,4.8999999999999995,52.614586939885214,365.7948858095912,5
257.4,7,1026.7429075428295,4.8999999999999995,52.59630539654671,365.92806102927653,5
257.5,7,1026.7429075428295,4.8999999999999995,52.59537971512401,365.9284737052367,5
257.6,7,1026.7429075428295,4.8999999999999995,52.586601296169206,365.9847850823729,5
257.7,7,1026.7429075428295,4.8999999999999995,52.566984122929426,366.1300485491811,5
257.8,7,1026.7429075428295,4.8999999999999995,52.55677742467202,366.20005378403005,5
257.9,7,1026.7429075428295,4.8999999999999995,52.526167069703696,366.42576024548373,5
258.0,7,1026.7429075428295,4.8999999999999995,52.57409925510114,366.0517113662521,5
258.1,7,1026.7429075428295,4.8999999999999995,52.55931760513084,366.164351967985,5
258.2,7,1026.7429075428295,4.8999999999999995,52.55810227257475,366.16625222513414,5
258.3,7,1026.7429075428295,4.8999999999999995,52.548359171826206,366.2374096916219,5
258.4,11,1026.7429075428295,4.199999999999999,52.531781697433374,366.36520494485205,5
258.5,7,1026.5495806065082,3.6,52.523514007576196,366.4235109250929,5
258.6,7,1026.5495806065082,4.8999999999999995,52.51819261466754,366.4509391991219,5
258.7,7,1026.5495806065082,4.8999999999999995,52.50930829147222,366.5183300162085,5
258.8,7,1026.5495806065082,4.8999999999999995,52.3595529124848,367.46645447726627,5
258.9,7,1026.5495806065082,4.8999999999999995,52.40853995051927,367.1580230504452,5
259.0,7,1026.5495806065082,4.8999999999999995,52.394660915074724,367.24900801825356,5
259.1,7,1026.5495806065082,4.8999999999999995,52.369188843303355,367.2507058699838,5
259.2,7,1026.5495806065082,5.6,52.37089876371498,367.2274324216109,5
259.3,7,1026.5495806065082,5.6,52.361774921370525,367.28740829807293,5
259.4,7,1026.5495806065082,5.6,52.34852393282799,367.3815366210389,5
259.5,7,1026.5495806065082,5.6,52.33753432566966,367.4546497305395,5
259.6,7,1026.5495806065082,5.6,52.33509064240812,367.4688428306707,5
259.7,7,1026.5495806065082,5.6,52.239170583418684,368.1844020893243,5
259.8,7,1026.5495806065082,5.6,52.22052692073292,368.3148950393279,5
259.9,7,1026.5495806065082,5.6,52.06355163500479,369.3305081224996,5
260.0,7,1026.5495806065082,5.6,52.04419786771108,369.46602051940624,5
260.1,7,1026.5495806065082,5.6,52.03339204260796,369.53992069472577,5
260.2,7,1026.5495806065082,5.6,52.02005095819931,369.62629280165606,5
260.3,7,1026.5495806065082,5.6,52.023644766403905,369.5900084104579,5
260.4,7,1026.5495806065082,5.6,52.00635885709326,369.7135883694676,5
260.5,7,1026.5495806065082,4.8999999999999995,51.98692032245559,369.85553161046084,5
260.6,7,1026.5495806065082,4.8999999999999995,52.030310302002746,369.51809705030337,5
260.7,7,1026.5495806065082,4.8999999999999995,52.009004708100775,369.6692415621029,5
260.8,7,1026.5495806065082,4.8999999999999995,51.90487729869446,370.4599015735894,5
260.9,7,1026.5495806065082,4.8999999999999995,51.881594745951375,370.64213941753826,5
261.0,7,1026.5495806065082,4.8999999999999995,51.8880843084658,370.59031493993234,5
261.1,7,1026.5495806065082,4.8999999999999995,51.93586600879412,370.2816085432021,5
261.2,7,1026.5495806065082,4.8999999999999995,51.92644062011766,370.34251759431663,5
261.3,7,1026.5495806065082,4.8999999999999995,51.92974179768872,370.30816036223666,5
261.4,7,1026.5495806065082,4.8999999999999995,51.90777799287751,370.46824851348026,5
261.5,7,1026.5495806065082,4.8999999999999995,51.90213643714715,370.5030280053855,5
261.6,7,1026.5495806065082,4.8999999999999995,51.88924975091984,370.59911245498915,5
261.7,7,1026.5495806065082,4.8999999999999995,51.890187093971235,370.58131047682804,5
261.8,7,1026.5495806065082,4.8999999999999995,51.87090086810511,370.7225173814468,5
261.9,7,1026.5495806065082,4.8999999999999995,51.819705798663605,371.1114977725352,5
262.0,7,1026.5495806065082,4.8999999999999995,51.466987853407716,373.63184822842527,5
262.1,7,1026.5495806065082,4.8999999999999995,51.45693651061968,373.70068035785357,5
262.2,7,1026.5495806065082,4.8999999999999995,51.43427174851503,373.8633772601437,5
262.3,7,1026.3588155137609,4.8999999999999995,51.42455879405071,373.92946298968604,5
262.4,7,1026.3588155137609,4.8999999999999995,51.414196588439594,373.99055651938886,5
262.5,7,1026.3588155137609,4.8999999999999995,51.39628290608861,374.12097343471527,5
262.6,7,1026.3588155137609,4.8999999999999995,51.44774494446742,373.6629420659224,5
262.7,9,1026.3588155137609,4.8999999999999995,51.43565397455562,373.7499960237814,5
262.8,9,1026.3588155137609,4.800000000000001,51.42631554152538,373.8297130918046,5
262.9,9,1026.3588155137609,4.800000000000001,51.42794020065652,373.8192771215738,5
263.0,9,1026.3588155137609,4.800000000000001,51.43482512453544,373.7690225941298,5
263.1,9,1026.3588155137609,4.800000000000001,51.42416261734196,373.85809761538104,5
263.2,9,1026.3588155137609,4.800000000000001,51.425483221741075,373.8415139990949,5
263.3,9,1026.3588155137609,4.800000000000001,51.08497587156936,376.344061492818,5
263.4,9,1026.3588155137609,4.800000000000001,51.146159824809786,375.85738159583104,5
263.5,9,1026.3588155137609,4.800000000000001,51.22072284267102,375.3445970751867,5
263.6,9,1026.3588155137609,4.800000000000001,51.23965586460733,375.19076357322285,5
263.7,9,1026.3588155137609,4.800000000000001,51.23957751321244,375.1955214788595,5
263.8,9,1026.3588155137609,4.800000000000001,51.24635913286924,375.1403883205018,5
263.9,9,1026.3588155137609,4.800000000000001,51.24293075202602,375.16779749659855,5
264.0,9,1026.3588155137609,4.800000000000001,51.24731640913434,375.1336158787195,5
264.1,7,1026.3588155137609,4.0,51.25373600758499,375.0792682174929,5
264.2,7,1026.3588155137609,4.8999999999999995,51.27007365494488,374.9487380335173,5
264.3,7,1026.3588155137609,4.8999999999999995,51.27611605479058,374.9013271581008,5
264.4,7,1026.3588155137609,4.8999999999999995,51.284674130122156,374.82603463337796,5
264.5,9,1026.3588155137609,4.199999999999999,51.28582922767697,374.8131585840781,5
264.6,9,1026.3588155137609,4.800000000000001,51.294111219238474,374.7434599157226,5
264.7,9,1026.3588155137609,4.800000000000001,51.29679504855106,374.71571172930544,5
264.8,9,1026.3588155137609,4.800000000000001,51.29696999597762,374.7106342861355,5
264.9,9,1026.3588155137609,4.800000000000001,51.28139306287919,374.82635398561075,5
265.0,9,1026.3588155137609,4.800000000000001,51.29330118434063,374.72120252277136,5
265.1,9,1026.3588155137609,4.800000000000001,51.29285440937931,374.73153440258096,5
265.2,9,1026.3588155137609,4.800000000000001,51.301572357316715,374.65834036664285,5
265.3,9,1026.3588155137609,4.800000000000001,51.29458938926837,374.7070506259032,5
265.4,9,1026.3588155137609,4.800000000000001,51.30748032672853,374.6090587884123,5
265.5,9,1026.3588155137609,4.800000000000001,51.306804070363974,374.6119131349593,5
265.6,9,1026.3588155137609,4.800000000000001,51.38168233009054,374.08950913640047,5
265.7,8,1028.5335485270468,4.0,51.23493559064775,375.09999705538377,5
265.8,8,1029.6597351810883,4.199999999999999,51.22139450222406,375.20630853747036,5
265.9,8,1029.907817472679,4.199999999999999,51.22707032862709,375.16292205258503,5
266.0,8,1029.907817472679,4.199999999999999,51.23155889866642,375.13133700538424,5
266.1,7,1029.7076540407463,4.199999999999999,51.23081586776028,375.1363648442775,5
266.2,7,1029.7076540407463,4.8999999999999995,51.274084256736316,374.7768074677747,5
266.3,7,1029.7076540407463,4.8999999999999995,51.27053644781009,374.80118523129937,5
266.4,7,1029.7076540407463,4.8999999999999995,51.2696681662392,374.810885039312,5
266.5,7,1029.7076540407463,4.8999999999999995,51.09260131392989,376.19150781928016,5
266.6,7,1029.7076540407463,4.8999999999999995,51.08320052203263,376.2664928643833,5
266.7,7,1029.7076540407463,4.8999999999999995,51.07650856092289,376.32000277818514,5
266.8,7,1029.7076540407463,4.8999999999999995,51.081633702452365,376.2859704424516,5
266.9,7,1029.7076540407463,4.8999999999999995,50.946602676861175,377.2222212858466,5
267.0,7,1029.7076540407463,4.8999999999999995,50.94111671274003,377.27343261392866,5
267.1,7,1029.7076540407463,4.8999999999999995,50.944387079371836,377.253103849858,5
267.2,7,1029.7076540407463,4.8999999999999995,50.95017259867041,377.21747813448104,5
267.3,7,1029.7076540407463,4.8999999999999995,50.954850827908345,377.18815224027867,5
267.4,7,1029.7076540407463,4.8999999999999995,50.95251329606778,377.21546046061997,5
267.5,7,1029.7076540407463,4.8999999999999995,50.951719279646724,377.2298058365669,5
267.6,7,1029.7076540407463,4.8999999999999995,50.9067702841831,377.6190992902886,5
267.7,7,1029.7076540407463,4.8999999999999995,50.7464880179575,378.90903997127066,5
267.8,7,1029.7076540407463,4.8999999999999995,50.74479234762637,378.9346320903224,5
267.9,7,1029.7076540407463,4.8999999999999995,50.73575567046394,379.0158069250685,5
268.0,7,1029.7076540407463,4.8999999999999995,50.62476269647033,379.80353657038967,5
268.1,7,1029.7076540407463,4.8999999999999995,50.62889574462157,379.783388600686,5
268.2,7,1029.7076540407463,4.8999999999999995,50.62995454636824,379.77736544766367,5
268.3,7,1029.7076540407463,4.8999999999999995,50.61102904719641,379.9389436980456,5
268.4,7,1029.7076540407463,4.8999999999999995,50.60911609845047,379.95938408283376,5
268.5,7,1029.7076540407463,4.8999999999999995,50.582985711735276,380.1784833565258,5
268.6,7,1029.7076540407463,4.8999999999999995,50.58621645609083,380.16373958782503,5
268.7,7,1029.7076540407463,4.8999999999999995,50.64500759831124,379.6916714963752,5
268.8,7,1029.7076540407463,4.8999999999999995,50.6429411724986,379.7188367985708,5
268.9,8,1029.5463304635132,4.199999999999999,50.618549162086424,379.91502799803845,5
269.0,8,1029.5463304635132,4.8999999999999995,50.60345424371768,380.0458822914013,5
269.1,8,1029.5463304635132,4.8999999999999995,50.59511873601038,380.1187822880534,5
269.2,8,1029.5463304635132,4.8999999999999995,50.57033739641578,380.32763835893127,5
269.3,8,1029.5463304635132,4.8999999999999995,50.55693687138084,380.4326633001754,5
269.4,8,1029.5463304635132,4.8999999999999995,50.54938550590394,380.510479811618,5
269.5,8,1029.5463304635132,4.8999999999999995,50.53703470694917,380.6134011465791,5
269.6,8,1029.5463304635132,4.8999999999999995,50.525277334617186,380.719367618245,5
269.7,8,1029.5463304635132,4.8999999999999995,50.50521122110645,380.88663989549957,5
269.8,8,1029.5463304635132,4.8999999999999995,50.48118113095721,381.0881278673308,5
269.9,8,1029.5463304635132,4.8999999999999995,50.46370665330535,381.2355566998971,5
270.0,8,1029.5463304635132,4.8999999999999995,50.250865027276426,382.7534547069831,5
270.1,8,1029.5463304635132,4.8999999999999995,50.066114460515394,384.2909439993565,5
270.2,8,1029.5463304635132,4.8999999999999995,50.04355098084514,384.48696078978327,5
270.3,8,1029.5463304635132,4.8999999999999995,50.08517854777514,384.22823728429955,5
270.4,8,1029.5463304635132,4.8999999999999995,50.05327325247783,384.500598344728,5
270.5,8,1029.5463304635132,4.8999999999999995,50.03057161081678,384.68928834132714,5
270.6,8,1029.5463304635132,4.8999999999999995,50.01134062380761,384.86368933901997,5
270.7,9,1029.5463304635132,4.199999999999999,49.9945782878181,385.00187873372977,5
270.8,9,1029.5463304635132,4.800000000000001,49.965493548853786,385.25350932427807,5
270.9,9,1029.5463304635132,4.800000000000001,49.942479553592364,385.44718206328025,5
271.0,9,1029.5463304635132,4.800000000000001,49.78187276952565,386.82814070496613,5
271.1,9,1029.5463304635132,4.800000000000001,49.7614691383816,387.00312101901784,5
271.2,9,1029.5463304635132,4.800000000000001,49.828226218058944,386.43975025144414,5
271.3,9,1029.5463304635132,4.800000000000001,49.81070780119614,386.59212031836057,5
271.4,9,1029.5463304635132,4.800000000000001,49.78735483339365,386.78864130857,5
271.5,9,1029.5463304635132,4.800000000000001,49.73461303508743,387.23945331361904,5
271.6,9,1029.5463304635132,4.800000000000001,49.5801042740415,387.8971308637598,5
271.7,8,1029.362837070046,4.0,49.540901092980484,388.2219844289604,5
271.8,8,1029.362837070046,4.8999999999999995,49.512195128636236,388.45673249065806,5
271.9,8,1029.362837070046,4.8999999999999995,49.47658052376312,388.74934614853476,5
272.0,8,1029.362837070046,4.8999999999999995,49.45525287363643,388.9176529744835,5
272.1,8,1029.362837070046,4.8999999999999995,49.423659200033974,389.1745160767808,5
272.2,8,1029.362837070046,4.8999999999999995,49.39737940227501,389.39001532420866,5
272.3,8,1029.362837070046,4.8999999999999995,49.36080097158157,389.6886846417848,5
272.4,8,1029.362837070046,4.8999999999999995,49.348065178070755,389.7863164472443,5
272.5,8,1029.362837070046,4.8999999999999995,49.328308566365,389.94895137645824,5
272.6,8,1029.362837070046,4.8999999999999995,49.37023266495537,389.67758411838986,5
272.7,8,1029.362837070046,4.8999999999999995,49.1933676897935,391.2024074089213,5
272.8,8,1029.362837070046,4.8999999999999995,49.17292616203229,391.3693475899135,5
272.9,8,1029.362837070046,4.8999999999999995,49.15172473683761,391.54229309491006,5
273.0,8,1029.362837070046,4.8999999999999995,49.13504893053047,391.679405218772,5
273.1,8,1029.362837070046,4.8999999999999995,49.11625667599488,391.83405621911004,5
273.2,8,1029.362837070046,4.8999999999999995,48.933496873288156,393.16334708676834,5
273.3,8,1029.362837070046,4.8999999999999995,48.93300237882961,393.16898060558674,5
273.4,8,1029.362837070046,4.8999999999999995,48.91286869846456,393.3357173773742,5
273.5,8,1029.362837070046,4.8999999999999995,48.908122916702425,393.36691156122606,5
273.6,7,1029.3978314432206,4.8999999999999995,48.87026205339339,393.68418094331014,5
273.7,7,1029.2169056032246,4.8999999999999995,48.858632409557984,393.78189834288,5
273.8,7,1029.2169056032246,4.8999999999999995,48.82896776682863,394.026001606759,5
273.9,7,1029.2169056032246,4.8999999999999995,48.63772589356112,395.72426818372696,5
274.0,7,1029.2169056032246,4.8999999999999995,48.629609163073454,395.7843444826051,5
274.1,7,1029.2169056032246,4.8999999999999995,48.60910343917721,395.96174751735145,5
274.2,7,1029.2169056032246,4.8999999999999995,48.60721419690101,395.97239080261386,5
274.3,7,1029.2169056032246,4.8999999999999995,48.59910792865357,396.0310701049137,5
274.4,7,1029.2169056032246,4.8999999999999995,48.592018206883395,396.09253223449707,5
274.5,8,1029.0201815278324,4.8999999999999995,48.6507628976521,395.56075890399813,5
274.6,8,1029.0201815278324,5.6,48.65027328548834,395.56495520362597,5
274.7,8,1029.0201815278324,5.6,48.64478636518763,395.6210862752333,5
274.8,8,1029.0201815278324,5.6,48.517498008720516,396.5598026715836,5
274.9,8,1029.0201815278324,5.6,48.51263734849724,396.60177896548294,5
275.0,8,1029.0201815278324,5.6,48.51473883649403,396.5936219554202,5
275.1,8,1029.0201815278324,5.6,48.52430673350357,396.50507062178275,5
275.2,8,1029.0201815278324,5.6,48.51107922751938,396.6223735612309,5
275.3,8,1029.0201815278324,5.6,48.26730550788804,398.83198957887555,5
275.4,8,1029.0201815278324,5.6,48.26653939819775,398.8425169770393,5
275.5,8,1029.0201815278324,5.6,48.34254342969876,398.2872179172599,5
275.6,8,1029.0201815278324,5.6,48.32531790678765,398.43382425428206,5
275.7,8,1029.0201815278324,5.6,48.31139042263952,398.5617373167688,5
275.8,8,1029.0201815278324,5.6,48.3713458059226,397.9364395385471,5
275.9,8,1029.0201815278324,5.6,48.37336813356066,397.91812412667304,5
276.0,8,1029.0201815278324,5.6,48.363486212294134,398.00876132541123,5
276.1,8,1029.0201815278324,5.6,48.3452026913356,398.1754017153853,5
276.2,8,1029.0201815278324,5.6,48.33533293580638,398.27623793528596,5
276.3,8,1029.0201815278324,5.6,48.32747518394858,398.33983421620064,5
276.4,8,1029.0201815278324,5.6,48.31106190723435,398.49019185598365,5
276.5,8,1029.0201815278324,5.6,48.31135046140436,398.49242669282916,5
276.6,8,1029.0201815278324,5.6,48.12725922736279,399.90498056316426,5
276.7,8,1029.0201815278324,5.6,48.11677950396102,399.9928943395704,5
276.8,8,1029.0201815278324,5.6,48.103464886024184,400.11185519416813,5
276.9,8,1029.0201815278324,5.6,48.09580124141641,400.18098001972885,5
277.0,8,1029.0201815278324,5.6,48.07729993382276,400.33680860735046,5
277.1,8,1029.0201815278324,5.6,48.06610205587127,400.4410134469658,5
277.2,8,1029.0201815278324,5.6,48.056973286569445,400.5274900276413,5
277.3,8,1029.0201815278324,5.6,48.03729958176387,400.69554655270537,5
277.4,8,1029.0201815278324,5.6,48.03088645377119,400.76180290433825,5
277.5,8,1029.0201815278324,5.6,48.02811553890126,400.7954641052063,5
277.6,8,1029.0201815278324,5.6,48.10441896657483,400.0834908285744,5
277.7,8,1029.0201815278324,5.6,48.10230332617196,400.0959448732406,5
277.8,8,1029.0201815278324,5.6,48.08661753900908,400.231222256859,5
277.9,8,1029.0201815278324,5.6,48.07380095401185,400.3406807476709,5
278.0,8,1029.0201815278324,5.6,48.065328715224936,400.39725308346607,5
278.1,8,1029.0201815278324,5.6,48.04972911633426,400.53250534434915,5
278.2,8,1029.0201815278324,5.6,48.118737974040734,400.0253555742289,5
278.3,8,1029.0201815278324,5.6,48.110017119043405,400.08748250877704,5
278.4,8,1029.0201815278324,5.6,48.082350096444586,400.3175007817452,5
278.5,8,1029.0201815278324,4.8999999999999995,48.08223584254334,400.3209262052251,5
278.6,8,1029.0201815278324,4.8999999999999995,48.08345952931946,400.29829211588935,5
278.7,8,1029.0201815278324,4.8999999999999995,48.070008993010816,400.4047122982389,5
278.8,8,1029.0201815278324,4.8999999999999995,48.05662916422743,400.51772652898603,5
278.9,8,1029.0201815278324,4.8999999999999995,48.03730952864278,400.67654553049135,5
279.0,8,1029.0201815278324,4.8999999999999995,47.901441720453406,401.68599224435354,5
279.1,8,1028.8332340113266,4.8999999999999995,47.87332417353194,401.94122661788435,5
279.2,8,1028.8332340113266,5.6,47.87989919815985,401.8696120177939,5
279.3,8,1028.8332340113266,5.6,47.87156751210891,401.9347498711644,5
279.4,8,1028.8332340113266,5.6,47.86973782544271,401.94323355632145,5
279.5,8,1028.8332340113266,5.6,47.85671407628506,402.0535649562512,5
279.6,8,1028.8332340113266,5.6,47.85463681925952,402.06730410295006,5
279.7,8,1028.8332340113266,5.6,47.85958731242279,402.01970134728185,5
279.8,8,1028.8332340113266,5.6,47.875452153768435,401.8716620733247,5
279.9,8,1028.8332340113266,5.6,47.69007827713104,403.2981780113703,5
280.0,8,1028.8332340113266,5.6,47.43917223861023,405.61481903321874,5
280.1,8,1028.8332340113266,5.6,47.4566028593275,405.44119539609846,5
280.2,8,1028.8332340113266,5.6,47.45680564029843,405.4209387563727,5
280.3,8,1028.8332340113266,5.6,47.46821956656581,405.31062695757146,5
280.4,8,1028.8332340113266,5.6,47.47980801038307,405.1932642792167,5
280.5,8,1028.8332340113266,5.6,47.50995975118075,404.91196027884405,5
280.6,8,1028.8332340113266,5.6,47.492487914310416,405.0625439806172,5
280.7,8,1028.8332340113266,5.6,47.50205476501133,404.9623830542923,5
280.8,8,1028.8332340113266,5.6,47.59889121949679,404.16870431729956,5
280.9,8,1028.8332340113266,5.6,47.60855031509179,404.07411162309177,5
281.0,8,1028.8332340113266,5.6,47.61521535050637,404.0009748340252,5
281.1,8,1028.8332340113266,5.6,47.62262832172476,403.92948005961375,5
281.2,8,1028.8332340113266,5.6,47.63700856021287,403.7908857678371,5
281.3,8,1028.8332340113266,5.6,47.632350968617175,403.8293526862093,5
281.4,8,1028.8332340113266,5.6,47.43042830599741,405.39147405190516,5
281.5,8,1028.8332340113266,5.6,47.443758047565495,405.26116859446097,5
281.6,8,1028.8332340113266,5.6,47.46689383379001,405.0491988024763,5
281.7,8,1028.8332340113266,5.6,47.48390462956748,404.890618754186,5
281.8,8,1028.8332340113266,5.6,47.476667491248975,404.94937940783444,5
281.9,8,1028.6460333763387,5.6,47.21310281095222,407.3872963439217,5
282.0,8,1028.6460333763387,6.3,47.23124159600662,407.204063263851,5
282.1,8,1028.6460333763387,6.3,47.24461813500348,407.0762303292356,5
282.2,8,1028.6460333763387,6.3,47.27056163664145,406.82729026109735,5
282.3,8,1028.6460333763387,6.3,47.305507609260474,406.49459075884755,5
282.4,8,1028.6460333763387,6.3,47.35971178700083,405.80607362592275,5
282.5,8,1028.6460333763387,5.6,47.54604947352804,404.118813738858,5
282.6,8,1028.6460333763387,5.6,47.56232166390977,403.96692333605233,5
282.7,8,1028.6460333763387,5.6,47.5969732497906,403.65335754936825,5
282.8,8,1028.6460333763387,5.6,47.61389035758622,403.4998646918172,5
282.9,8,1028.6460333763387,5.6,47.62009499826665,403.44302440180155,5
283.0,8,1028.6460333763387,5.6,47.65930133772181,403.09283722964096,5
283.1,8,1028.6460333763387,5.6,47.45633762836457,404.73933610283177,5
283.2,8,1028.6460333763387,5.6,47.47469277590298,404.58046018424,5
283.3,7,1028.7459403649723,4.8999999999999995,47.475051060086756,404.58070049399623,5
283.4,7,1028.7459403649723,5.6,47.58390582079676,403.6783517595323,5
283.5,7,1028.7459403649723,5.6,47.59877723817796,403.5484221250548,5
283.6,7,1028.7459403649723,5.6,47.61639405332805,403.39411514253914,5
283.7,7,1028.7459403649723,5.6,47.62076422537989,403.35847389029493,5
283.8,7,1028.7459403649723,5.6,47.64915229686174,403.1116622630502,5
283.9,7,1028.7459403649723,5.6,47.66136452645401,403.00640599079406,5
284.0,7,1028.7459403649723,5.6,47.6706550751438,402.9328418829233,5
284.1,7,1028.7459403649723,5.6,47.70197443118966,402.6617514768561,5
284.2,7,1035.15277611109,5.6,47.7444407339848,402.2955676193019,6
284.3,7,1035.15277611109,-100.0,47.75909999318043,402.169673665617,6
284.4,7,1035.15277611109,5.6,47.761151970741565,402.1535403311533,6
284.5,7,1035.15277611109,5.6,47.532958580776636,404.0154708234609,6
284.6,7,1035.15277611109,5.6,47.549427682827,403.86718579852356,6
284.7,7,1035.15277611109,5.6,47.54354852037159,403.9159195408052,6
284.8,7,1035.15277611109,5.6,47.56232110699801,403.750485474156,6
284.9,7,1035.15277611109,5.6,47.56135748119193,403.75739728467795,6
285.0,7,1035.15277611109,5.6,47.56815717611099,403.69429239890496,6
285.1,8,1035.0038572423439,5.6,47.68841569369062,402.65270656085124,6
285.2,7,1035.0038572423439,4.8999999999999995,47.71126154433986,402.4537120452487,6
285.3,7,1035.0038572423439,5.6,47.70183734009008,402.5301014314987,6
285.4,7,1035.0038572423439,5.6,47.69725283812964,402.5683966109936,6
285.5,7,1035.0038572423439,5.6,47.686448612089805,402.6587357087868,6
285.6,8,1035.0038572423439,4.8999999999999995,47.72665885391919,402.3133035512418,6
285.7,8,1035.0038572423439,4.8999999999999995,47.808099839081926,401.6370526145498,6
285.8,8,1035.0038572423439,4.8999999999999995,47.84475320871498,401.3234010787618,6
285.9,8,1035.0038572423439,4.8999999999999995,47.82420111681446,401.49704348968817,6
286.0,8,1035.0038572423439,4.8999999999999995,47.84461928697718,401.3211512104871,6
286.1,8,1035.0038572423439,4.8999999999999995,47.84322890655488,401.3307082565813,6
286.2,8,1035.0038572423439,4.8999999999999995,47.8397942237545,401.3569556537266,6
286.3,8,1035.0038572423439,4.8999999999999995,47.83076475087268,401.43197028716224,6
286.4,8,1035.0038572423439,4.8999999999999995,47.859641528095764,401.1847002324762,6
286.5,8,1035.0038572423439,4.8999999999999995,47.847146565156265,401.28898095723935,6
286.6,8,1035.0038572423439,4.8999999999999995,47.84146444414696,401.33465768664394,6
286.7,8,1035.0038572423439,4.8999999999999995,47.81590480386774,401.54966484366423,6
286.8,8,1035.0038572423439,4.8999999999999995,47.834198029259916,401.3934462222582,6
286.9,8,1035.0038572423439,4.8999999999999995,47.82607248595549,401.46027189251436,6
287.0,8,1034.7792470841223,4.199999999999999,47.83192225052647,401.40999746484374,6
287.1,8,1034.7792470841223,4.8999999999999995,47.82661123995625,401.4531671751888,6
287.2,8,1034.7792470841223,4.8999999999999995,47.8420122320489,401.32252592578016,6
287.3,8,1034.7792470841223,4.8999999999999995,47.8295986634037,401.42630170125744,6
287.4,8,1034.7792470841223,4.8999999999999995,47.84355042369065,401.30838388056134,6
287.5,8,1034.7792470841223,4.8999999999999995,47.84876798043551,401.2643254819692,6
287.6,8,1034.7792470841223,4.8999999999999995,47.842138371787186,401.3198643404045,6
287.7,8,1034.7792470841223,4.8999999999999995,47.82608284917694,401.4546459505641,6
287.8,8,1034.7792470841223,4.8999999999999995,47.83865760199476,401.3495171659548,6
287.9,8,1034.7792470841223,4.8999999999999995,47.944794360784755,400.4659563999728,6
288.0,8,1034.7792470841223,4.8999999999999995,47.94018056698886,400.5060485574743,6
288.1,8,1034.7792470841223,4.8999999999999995,47.99497349799677,400.0447169377344,6
288.2,8,1034.7792470841223,4.8999999999999995,48.01515066075206,399.8781080299146,6
288.3,8,1034.7792470841223,4.8999999999999995,48.02569995321629,399.7927504655716,6
288.4,8,1034.7792470841223,4.8999999999999995,48.02012307505137,399.8395915945247,6
288.5,8,1034.7792470841223,4.8999999999999995,48.03159262860679,399.74480422138413,6
288.6,8,1034.7792470841223,4.8999999999999995,48.042855030776494,399.65275223090043,6
288.7,8,1034.7792470841223,4.8999999999999995,48.04180851975697,399.6624029701817,6
288.8,8,1034.7792470841223,4.8999999999999995,48.04776066619681,399.6139650300769,6
288.9,8,1034.7792470841223,4.8999999999999995,48.054490433784466,399.55987513795594,6
289.0,8,1034.7792470841223,4.199999999999999,48.06348934287685,399.48792229146557,6
289.1,8,1034.7792470841223,4.199999999999999,48.08102592745765,399.34612644724064,6
289.2,8,1034.7792470841223,4.199999999999999,48.0822551655223,399.3360792851871,6
289.3,8,1034.7792470841223,4.199999999999999,48.08114029506612,399.34525805448146,6
289.4,8,1034.7792470841223,4.199999999999999,48.097467930953925,399.2129071980079,6
289.5,8,1034.7792470841223,4.199999999999999,48.11688129051899,399.0543225384757,6
289.6,8,1034.561098957445,4.199999999999999,48.11649991458276,399.0582950042603,6
289.7,8,1034.561098957445,4.8999999999999995,48.12300999800938,399.00420047988683,6
289.8,8,1034.561098957445,4.8999999999999995,48.14912555947109,398.7906051060589,6
289.9,8,1034.561098957445,4.8999999999999995,48.16211330062004,398.6859434472287,6
290.0,8,1034.561098957445,4.8999999999999995,48.17468871680363,398.5825599482969,6
290.1,8,1034.561098957445,4.8999999999999995,48.1898022038616,398.45906524610757,6
290.2,8,1034.561098957445,4.8999999999999995,48.20499947388676,398.33801654107356,6
290.3,8,1034.561098957445,4.8999999999999995,48.28126530903498,397.72311793535744,6
290.4,8,1034.561098957445,4.8999999999999995,48.307145202434505,397.5145386739375,6
290.5,8,1034.561098957445,4.8999999999999995,48.31586895991012,397.4443059446339,6
290.6,8,1034.561098957445,4.8999999999999995,48.35915997260012,397.094966433287,6
290.7,8,1034.561098957445,4.8999999999999995,48.375873100000135,396.96383317370214,6
290.8,8,1034.561098957445,4.8999999999999995,48.37904920007036,396.9352784097131,6
290.9,8,1034.561098957445,4.8999999999999995,48.42171941207295,396.59508672751116,6
291.0,8,1034.561098957445,4.8999999999999995,48.519320620869046,395.7852841626102,6
291.1,8,1034.561098957445,4.8999999999999995,48.528162059007016,395.71321453482085,6
291.2,8,1034.561098957445,4.8999999999999995,48.37338034941793,396.9502435978691,6
291.3,8,1034.561098957445,4.8999999999999995,48.414146068955404,396.62229693275935,6
291.4,8,1034.561098957445,4.8999999999999995,48.43124819043531,396.48341683062745,6
291.5,8,1034.561098957445,4.8999999999999995,48.44930894083757,396.33893861662733,6
291.6,8,1034.561098957445,4.8999999999999995,48.46039857004493,396.25129568615466,6
291.7,8,1034.561098957445,4.8999999999999995,48.46964887116964,396.1779479147916,6
291.8,8,1034.561098957445,4.8999999999999995,48.47913484500272,396.09965660200453,6
291.9,8,1034.561098957445,4.8999999999999995,48.5056929974283,395.88892471292684,6
292.0,8,1034.561098957445,4.8999999999999995,48.567440904561835,395.4335468989765,6
292.1,7,1034.54481611224,4.199999999999999,48.56869082186131,395.42580961815025,6
292.2,7,1034.3533690847387,5.6,48.57321938762655,395.38724162792505,6
292.3,7,1034.3533690847387,5.6,48.5940235425937,395.2227846720634,6
292.4,7,1034.3533690847387,5.6,48.597490396618454,395.1961668314017,6
292.5,7,1034.3533690847387,5.6,48.61093501645905,395.08865452792315,6
292.6,7,1034.3533690847387,4.8999999999999995,48.62028788436633,395.01481075914535,6
292.7,7,1034.3533690847387,4.8999999999999995,48.63692388932538,394.8827916680232,6
292.8,7,1034.3533690847387,4.8999999999999995,48.72451340435791,394.19594450284205,6
292.9,7,1034.3533690847387,4.8999999999999995,48.7286712617614,394.1601831535428,6
293.0,7,1034.3533690847387,4.8999999999999995,48.73605982846935,394.10026180596935,6
293.1,7,1034.3533690847387,4.8999999999999995,48.75079577833412,393.97998970432695,6
293.2,7,1034.3533690847387,4.8999999999999995,48.74996134470298,393.9855860038234,6
293.3,7,1034.3533690847387,4.8999999999999995,48.76050823048925,393.90412077139626,6
293.4,7,1034.3533690847387,4.8999999999999995,48.78110718086538,393.7389804403833,6
293.5,7,1034.3533690847387,4.8999999999999995,48.78791310433843,393.68483305109874,6
293.6,7,1034.3533690847387,4.8999999999999995,48.88081680210489,392.920863186211,6
293.7,7,1034.3533690847387,4.8999999999999995,48.87553361138937,392.959761167797,6
293.8,7,1034.3533690847387,4.8999999999999995,48.880130343959515,392.9221544283564,6
293.9,7,1034.3533690847387,4.8999999999999995,48.90436156119379,392.73315011335933,6
294.0,7,1034.3533690847387,4.8999999999999995,48.935058307518176,392.493385637689,6
294.1,7,1034.3533690847387,4.8999999999999995,48.91751997736062,392.62650154631467,6
294.2,7,1034.3533690847387,4.8999999999999995,48.930748127119244,392.5205489006537,6
294.3,7,1034.3533690847387,4.8999999999999995,48.94234530378638,392.43312710181715,6
294.4,7,1034.3533690847387,4.8999999999999995,48.99743472592185,391.9819769116747,6
294.5,7,1034.3533690847387,4.8999999999999995,48.99906675068973,391.96758523683354,6
294.6,7,1034.3533690847387,4.8999999999999995,49.00817066451329,391.8970103608639,6
294.7,7,1034.3533690847387,4.8999999999999995,49.04046623832606,391.6463488206123,6
294.8,7,1034.3533690847387,4.8999999999999995,49.04489410235227,391.6101013053301,6
294.9,7,1034.3533690847387,4.8999999999999995,49.05615073573114,391.5265941805483,6
295.0,7,1034.3533690847387,4.8999999999999995,49.081725921382755,391.32830836983317,6
295.1,7,1034.3533690847387,4.8999999999999995,49.088580204317125,391.2749153999086,6
295.2,7,1034.3533690847387,4.8999999999999995,49.10247401595599,391.1690638845035,6
295.3,7,1034.3533690847387,4.8999999999999995,49.11501792575585,391.0731073611226,6
295.4,7,1034.3533690847387,4.8999999999999995,49.12511904312536,390.99409294706436,6
295.5,7,1034.3533690847387,4.8999999999999995,49.120060531572385,391.03637756706974,6
295.6,7,1034.3533690847387,4.8999999999999995,49.12377364129243,391.0068326426581,6
295.7,7,1034.3533690847387,4.8999999999999995,49.131572803987765,390.9516297722747,6
295.8,7,1034.3533690847387,4.8999999999999995,49.11777506875908,391.0566403848985,6
295.9,7,1034.3533690847387,4.8999999999999995,49.133910185554754,390.93331621674866,6
296.0,7,1034.1364575777177,4.8999999999999995,49.14765261254699,390.82615253184485,6
296.1,7,1034.1364575777177,5.6,49.137189977918865,390.90858778530384,6
296.2,7,1034.1364575777177,4.8999999999999995,49.1224312797809,391.01984559384243,6
296.3,7,1034.1364575777177,4.8999999999999995,49.09557159594527,391.2278053883249,6
296.4,7,1034.1364575777177,4.8999999999999995,49.10340988347879,391.1694285782845,6
296.5,7,1034.1364575777177,4.8999999999999995,49.16139121513328,390.8184660539283,6
296.6,7,1034.1364575777177,4.8999999999999995,49.15686084800353,390.8564728725296,6
296.7,7,1034.1364575777177,4.8999999999999995,49.06913728714352,391.41697347218326,6
296.8,7,1034.1364575777177,4.8999999999999995,49.081375715443244,391.3244022320731,6
296.9,7,1034.1364575777177,4.8999999999999995,49.085699280246985,391.2941042475471,6
297.0,7,1034.1364575777177,4.8999999999999995,49.073102775866985,391.39468348437515,6
297.1,7,1034.1364575777177,4.8999999999999995,49.10390868047107,391.1404579561606,6
297.2,7,1034.1364575777177,4.8999999999999995,49.08388356981217,391.2960783547792,6
297.3,7,1034.1364575777177,4.8999999999999995,49.042891013721565,391.6210285990535,6
297.4,7,1034.1364575777177,4.8999999999999995,49.0315861739234,391.71045923632175,6
297.5,7,1034.1364575777177,4.8999999999999995,49.04273144326194,391.6233885214951,6
297.6,7,1034.1364575777177,4.8999999999999995,49.02840304653418,391.73544414420724,6
297.7,7,1034.1364575777177,4.8999999999999995,49.041703466458685,391.6335100894387,6
297.8,7,1034.1364575777177,4.8999999999999995,49.04513105015073,391.60436927442663,6
297.9,7,1034.1364575777177,4.8999999999999995,49.057246019140756,391.51060845599716,6
298.0,7,1034.1364575777177,4.8999999999999995,49.0410449919445,391.6367750147323,6
298.1,7,1034.1364575777177,4.8999999999999995,48.919458457245696,392.4910159992945,6
298.2,7,1034.1364575777177,4.8999999999999995,48.91670076082411,392.5128165420546,6
298.3,7,1034.1364575777177,4.8999999999999995,48.91095059769597,392.5588765700958,6
298.4,7,1034.1364575777177,4.8999999999999995,48.89394251070154,392.6937724283339,6
298.5,7,1034.1364575777177,4.8999999999999995,48.88736284717106,392.7457869626778,6
298.6,7,1034.1364575777177,4.8999999999999995,48.88876248680029,392.73404426755667,6
298.7,7,1034.1364575777177,4.8999999999999995,48.88375039574959,392.77399886915566,6
298.8,9,1034.1364575777177,4.199999999999999,48.72509127235065,394.04765709423623,6
298.9,9,1034.1364575777177,4.0,48.73047333353453,394.00419197652184,6
299.0,9,1034.1364575777177,4.0,48.703075556782,394.2321594387056,6
299.1,9,1034.1364575777177,4.0,48.698798925719714,394.26703628151495,6
299.2,9,1034.1364575777177,3.2,48.708568895867955,394.1877506619902,6
299.3,9,1034.1364575777177,3.2,48.70443387490855,394.2209940266177,6
299.4,9,1034.1364575777177,3.2,48.71004313775579,394.1763440622876,6
299.5,9,1034.1364575777177,3.2,48.73540105955733,393.9695286685362,6
299.6,9,1034.1364575777177,3.2,48.73943700689352,393.9368331427261,6
299.7,9,1034.1364575777177,3.2,48.74805691697088,393.86697648942265,6
299.8,9,1034.1364575777177,3.2,48.7524892462374,393.8309547457091,6
299.9,9,1034.1364575777177,3.2,48.76230703776493,393.7510785960135,6
300.0,8,1034.6198068193864,3.2,48.768110641287464,393.70424575064345,6
300.1,9,1034.6198068193864,3.5,48.76685502293526,393.7147482524714,6
300.2,10,1034.6198068193864,3.2,48.77609443619352,393.639778304709,6
300.3,10,1034.6198068193864,4.800000000000001,48.827169811645,393.22916201230333,6
300.4,10,1034.6198068193864,4.800000000000001,48.83543722936272,393.1619009561093,6
300.5,10,1034.6198068193864,4.800000000000001,48.84357059643288,393.0965351643636,6
300.6,10,1034.6198068193864,4.800000000000001,48.862664231134566,392.9419304948862,6
300.7,10,1034.6198068193864,4.800000000000001,48.87148599046229,392.8702110481171,6
300.8,10,1034.6198068193864,4.800000000000001,48.73884463948921,393.93631434779945,6
300.9,10,1034.6198068193864,4.800000000000001,48.74547146126434,393.88275034105135,6
301.0,9,1034.6198068193864,4.0,48.75125742819171,393.8359954773469,6
301.1,9,1034.6198068193864,3.2,48.765554838166935,393.72060633363,6
301.2,9,1034.6198068193864,3.2,48.80196102393284,393.4276280348537,6
301.3,9,1034.6198068193864,3.2,48.812134797299336,393.3457427420466,6
301.4,9,1034.6198068193864,3.2,48.811608978930124,393.350314562228,6
301.5,9,1034.6198068193864,3.2,48.80799832058459,393.3793079858425,6
301.6,10,1034.6198068193864,3.2,48.82592753046563,393.2354114320685,6
301.7,10,1034.6198068193864,4.0,48.82226337046699,393.264949683888,6
301.8,10,1034.6198068193864,4.0,48.82357097906848,393.2545083246316,6
301.9,10,1034.6198068193864,4.0,48.83621386890023,393.15375088250937,6
302.0,10,1034.6198068193864,4.0,48.82759345603476,393.2234010419845,6
302.1,9,1034.6198068193864,4.0,48.832141993886395,393.1872210953681,6
302.2,6,1025.3297087301544,3.2,48.81994636905166,393.28501394993447,6
302.3,6,1024.5754745545441,4.0,48.832647325178215,393.18342132384214,6
302.4,6,1024.5754745545441,4.0,48.845293674613245,393.0821981076899,6
302.5,6,1024.5754745545441,4.0,48.8528354197021,393.02255534306533,6
302.6,6,1024.5754745545441,4.0,48.854119752372966,393.01197129379153,6
302.7,6,1024.5754745545441,4.0,48.90901339331243,392.56992168417503,6
302.8,6,1024.5754745545441,4.0,48.76107001063113,393.75681177931756,6
302.9,6,1024.5754745545441,4.0,48.75821713969013,393.7800140526793,6
303.0,6,1024.5754745545441,4.0,48.766072896290495,393.7168750970675,6
303.1,6,1024.5754745545441,4.0,48.65167365935694,394.6899855334151,6
303.2,5,1018.7227115235254,3.5,48.64728023475067,394.7249118006722,6
303.3,5,1016.879523093701,4.5,48.64727282267616,394.725218443322,6
303.4,5,1015.9581749657939,4.5,48.62039282817555,394.947023067949,6
303.5,5,1014.2672946622147,4.5,48.596768766488566,395.14060441320055,6
303.6,5,1014.2672946622147,4.5,48.570656728175365,395.3560284349678,6
303.7,5,1014.2672946622147,4.5,48.5745683938601,395.3218621191951,6
303.8,5,1014.2672946622147,4.5,48.55899125319799,395.45096299150737,6
303.9,5,1014.2672946622147,4.5,48.58326721074931,395.22315478808866,6
304.0,5,1014.2672946622147,4.5,48.62186895904574,394.88442505520766,6
304.1,5,1014.2672946622147,4.5,48.6057256343417,395.01564673352044,6
304.2,5,1014.2672946622147,4.5,48.58694340283836,395.16822732386674,6
304.3,5,1014.2672946622147,4.5,48.58061249742172,395.22440322525574,6
304.4,5,1014.2672946622147,4.5,48.581389219500636,395.21928468275655,6
304.5,5,1014.2672946622147,4.5,48.563240499468264,395.3674480199055,6
304.6,5,1014.2672946622147,4.5,48.55155095195464,395.46261696019155,6
304.7,5,1012.2120512219561,4.5,48.517175825475306,395.7416768912343,6
304.8,5,1012.2120512219561,5.0,48.505580408314884,395.8368107712017,6
304.9,5,1012.2120512219561,5.0,48.49952676133001,395.8864658712614,6
305.0,5,1012.2120512219561,5.0,48.49186211505512,395.94946016035686,6
305.1,5,1012.2120512219561,5.0,48.534549368228824,395.6007924786909,6
305.2,5,1012.2120512219561,5.0,48.53554473305988,395.5937214901219,6
305.3,5,1012.2120512219561,5.0,48.53069691261649,395.63374951909134,6
305.4,5,1012.2120512219561,5.0,48.515488995949,395.7583603484072,6
305.5,5,1012.2120512219561,5.0,48.50783253191533,395.82097920318347,6
305.6,5,1012.2120512219561,5.0,48.30573869844009,397.498743868155,6
305.7,5,1012.2120512219561,5.0,48.292606533853544,397.6058587885392,6
305.8,5,1012.2120512219561,5.0,48.296606665848195,397.57444423452614,6
305.9,5,1012.2120512219561,5.0,48.295967448398486,397.580859011734,6
306.0,5,1012.2120512219561,5.0,48.28441164843264,397.6768159247465,6
306.1,5,1012.2120512219561,5.0,48.26869121251899,397.8061970179644,6
306.2,5,1012.2120512219561,5.0,48.249647193700135,397.96364613562156,6
306.3,5,1012.2120512219561,5.0,48.240798927591925,398.0354216455971,6
306.4,5,1012.2120512219561,5.0,48.23159422801615,398.1102652868061,6
306.5,5,1012.2120512219561,5.0,48.21920748985645,398.21198180639436,6
306.6,5,1012.2120512219561,5.0,48.13143248920464,398.92221641778696,6
306.7,5,1012.2120512219561,5.0,48.11894801848957,399.0255892781312,6
306.8,5,1012.2120512219561,5.0,48.1069829373417,399.11841835812413,6
306.9,5,1012.2120512219561,5.0,47.90363212367236,400.83367341323566,6
307.0,5,1012.2120512219561,5.0,47.873631309984304,401.0877247159942,6
307.1,5,1012.2120512219561,5.0,47.86752092153256,401.14100121808883,6
307.2,5,1012.2120512219561,5.0,47.856663408634404,401.2334286122691,6
307.3,5,1012.2120512219561,5.0,47.85752670373272,401.2270157604529,6
307.4,5,1012.2120512219561,5.0,47.84258522636813,401.35649939095197,6
307.5,5,1012.2120512219561,5.0,47.85123540142966,401.2859031995991,6
307.6,5,1012.2120512219561,5.0,47.84700920284223,401.32334231738355,6
307.7,5,1012.2120512219561,5.0,47.87304908427055,401.11202967153116,6
307.8,5,1012.2120512219561,5.0,47.86459200330777,401.18325701775984,6
307.9,5,1012.2120512219561,5.0,47.85710125410121,401.25016289864186,6
308.0,5,1012.2120512219561,5.0,47.85871770953452,401.23940462253034,6
308.1,5,1010.1824085054,5.0,47.85303838936497,401.2893457865056,6
308.2,5,1010.1824085054,5.5,47.84666605371601,401.34376929418886,6
308.3,5,1010.1824085054,5.5,47.84446747901686,401.3647071957771,6
308.4,5,1010.1824085054,5.5,47.83813905759185,401.42015812691443,6
308.5,5,1010.1824085054,5.5,47.842862411094075,401.3827879848859,6
308.6,5,1010.1824085054,5.5,47.82911699815703,401.4978896214141,6
308.7,5,1010.1824085054,5.5,47.822642492478465,401.55384412887895,6
308.8,5,1010.1824085054,5.5,47.8069972008997,401.7139993950741,6
308.9,5,1010.1824085054,5.5,47.79882413025935,401.7850968435907,6
309.0,5,1010.1824085054,5.5,47.800970239374664,401.7692733444534,6
309.1,5,1010.1824085054,5.5,47.75906721327755,402.30265097100846,6
309.2,5,1010.1824085054,5.5,47.5329073351565,404.1317897416817,6
309.3,5,1010.1824085054,5.5,47.542497690646655,404.0437085158263,6
309.4,5,1010.1824085054,5.5,47.550258714028985,403.97046551689175,6
309.5,5,1010.1824085054,5.5,47.518690985263774,404.24179761735184,6
309.6,5,1010.1824085054,5.5,47.56710204086269,403.80490257311726,6
309.7,5,1010.1824085054,5.5,47.57982938970787,403.6896800657923,6
309.8,5,1010.1824085054,5.5,47.560383016118266,403.8592387191837,6
309.9,5,1010.1824085054,5.5,47.57935588835524,403.6947581586237,6
310.0,5,1010.1824085054,5.5,47.592104305175305,403.58375329554923,6
310.1,5,1010.1824085054,5.5,47.617637790067924,403.3675496381779,6
310.2,5,1010.1824085054,5.5,47.6076956458334,403.45323390196086,6
310.3,5,1010.1824085054,5.5,47.62623488152445,403.29156450937774,6
310.4,5,1010.1824085054,5.5,47.63632486630092,403.2025341892393,6
310.5,5,1010.1824085054,5.5,47.66327650995452,402.96971532695113,6
310.6,5,1010.1824085054,5.5,47.639857702524544,403.16670463135415,6
310.7,5,1010.1824085054,5.5,47.656156981188424,403.02431381159084,6
310.8,5,1010.1824085054,5.5,47.663497655358455,402.9557254354079,6
310.9,5,1010.1824085054,5.5,47.66961119730931,402.90082072069924,6
311.0,5,1010.1824085054,5.5,47.67045442984879,402.8886292836166,6
311.1,5,1010.1824085054,5.5,47.613552023738286,403.4682019891769,6
311.2,5,1010.1824085054,5.5,47.62026842358634,403.403237405361,6
311.3,5,1010.1824085054,5.5,47.62713517657842,403.3424904666852,6
311.4,5,1010.1824085054,5.5,47.612776945327404,403.4710756332663,6
311.5,5,1010.1824085054,5.5,47.56059885147875,403.99816942188255,6
311.6,5,1008.1704798971344,5.5,47.5646449103383,403.96045676497204,6
311.7,5,1008.1704798971344,6.0,47.56227054450243,403.9819392184569,6
311.8,5,1008.1704798971344,6.0,47.584361309479505,403.7981883253465,6
311.9,5,1008.1704798971344,5.5,47.591693375714065,403.73945365160444,6
312.0,5,1008.1704798971344,5.5,47.62245206507849,403.47511851330614,6
312.1,5,1008.1704798971344,5.5,47.622478311701556,403.4877287311597,6
312.2,5,1008.1704798971344,5.5,47.636023757076714,403.38073705247456,6
312.3,5,1008.1704798971344,5.5,47.65187490036847,403.2535662896749,6
312.4,5,1008.1704798971344,5.5,47.66883422259978,403.1177899087006,6
312.5,5,1008.1704798971344,5.5,47.67827051112195,403.0505751116465,6
312.6,5,1008.1704798971344,5.5,47.71068040962542,402.78002783040694,6
312.7,5,1008.1704798971344,5.5,47.750350983552714,402.44141197677993,6
312.8,5,1008.1704798971344,5.5,47.75716371368357,402.3937082138659,6
312.9,5,1008.1704798971344,5.5,47.79416863514255,402.08275892667723,6
313.0,5,1008.1704798971344,5.5,47.809349067637285,401.9708662184519,6
313.1,5,1008.1704798971344,5.5,47.83936205986451,401.72351654478757,6
313.2,5,1008.1704798971344,5.5,47.67478921109703,403.2368603062814,6
313.3,5,1008.1704798971344,5.5,47.792299476066425,402.2904204207009,6
313.4,5,1008.1704798971344,5.5,47.82755228156562,402.0013375277397,6
313.5,5,1008.1704798971344,5.5,47.86964169844882,401.64930916439226,6
313.6,5,1008.1704798971344,5.5,47.90385304916525,401.3630187034587,6
313.7,5,1008.1704798971344,5.5,47.94009875993524,401.06409380864716,6
313.8,5,1008.1704798971344,5.5,47.97488139616995,400.78015898016736,6
313.9,5,1008.1704798971344,5.5,48.01346369703056,400.4586596892387,6
314.0,5,1008.1704798971344,5.5,48.04240181502382,400.2281328413035,6
314.1,5,1008.1704798971344,5.5,48.07487337394706,399.9567952815437,6
314.2,5,1008.1704798971344,5.5,48.110460320053434,399.6625130800134,6
314.3,5,1008.1704798971344,5.5,48.13808014333716,399.43639547665936,6
314.4,5,1008.1704798971344,5.5,48.173416058109865,399.14802563885723,6
314.5,5,1008.1704798971344,5.5,48.205677586886196,398.87689751035896,6
314.6,5,1008.1704798971344,5.5,48.22180341206956,398.75510416342297,6
314.7,5,1008.1704798971344,5.5,48.24030065212903,398.60264462934185,6
314.8,5,1008.1704798971344,5.5,48.27533107817037,398.3103586930861,6
314.9,5,1006.1846975298973,5.5,48.28617277375101,398.2230383310915,6
315.0,5,1006.1846975298973,6.0,48.3119361226599,398.0054373453651,6
315.1,5,1006.1846975298973,6.0,48.336851023305826,397.7988687341921,6
315.2,5,1006.1846975298973,6.0,48.355336954879,397.64870754051185,6
315.3,5,1006.1846975298973,6.0,48.38557347227832,397.39706542863536,6
315.4,5,1006.1846975298973,6.0,48.40199901649697,397.26596298816617,6
315.5,5,1006.1846975298973,6.0,48.41264153705488,397.1795942814263,6
315.6,5,1006.1846975298973,6.0,48.490193749711736,396.5764174777203,6
315.7,5,1006.1846975298973,6.0,48.50871724675419,396.42272478165944,6
315.8,5,1006.1846975298973,6.0,48.6214785592865,395.4321053612007,6
315.9,5,1006.1846975298973,6.0,48.61907804803486,395.45693518445773,6
316.0,5,1006.1846975298973,6.0,48.64462836017039,395.2460717866366,6
316.1,5,1006.1846975298973,6.0,48.65801134048694,395.12961228895034,6
316.2,5,1006.1846975298973,6.0,48.672986200522075,395.00821089849256,6
316.3,5,1006.1846975298973,6.0,48.682614853786944,394.9180345316869,6
316.4,5,1006.1846975298973,6.0,48.675517061114554,394.980704992885,6
316.5,5,1006.1846975298973,6.0,48.69978720495938,394.7782186185892,6
316.6,5,1006.1846975298973,6.0,48.71718824350421,394.62634972390924,6
316.7,5,1006.1846975298973,6.0,48.71642494206517,394.6336556142595,6
316.8,5,1006.1846975298973,6.0,48.71748379647437,394.62148267397345,6
316.9,5,1006.1846975298973,6.0,48.737775862454185,394.45650165286787,6
317.0,5,1006.1846975298973,6.0,48.583459922513555,395.80567944835536,6
317.1,5,1006.1846975298973,6.0,48.59144655953799,395.7422291763639,6
317.2,5,1006.1846975298973,6.0,48.58943141414649,395.7540063059488,6
317.3,5,1006.1846975298973,6.0,48.593950438708035,395.71462093061655,6
317.4,5,1006.1846975298973,6.0,48.43644142405946,396.8918411187027,6
317.5,5,1006.1846975298973,6.0,48.44616338163914,396.81855888242154,6
317.6,5,1006.1846975298973,6.0,48.45049769518465,396.7704198814422,6
317.7,5,1006.1846975298973,6.0,48.449442817176674,396.77851923284936,6
317.8,5,1006.1846975298973,6.0,48.459216656400095,396.68896989500786,6
317.9,5,1006.1846975298973,6.0,48.509671892912536,396.2995709621148,6
318.0,5,1006.1846975298973,6.0,48.50817246892362,396.30982129616575,6
318.1,5,1004.2170193968866,6.0,48.518770502407904,396.216849914623,6
318.2,5,1004.2170193968866,6.5,48.52217250395049,396.1916927109771,6
318.3,5,1004.2170193968866,6.5,48.47970163805774,396.88994983396947,6
318.4,5,1004.2170193968866,5.5,48.49304180381381,396.7763813507761,6
318.5,5,1004.2170193968866,5.5,48.605461785535184,395.7821962832555,6
318.6,5,1004.2170193968866,5.5,48.61026913448013,395.7363636647318,6
318.7,5,1004.2170193968866,5.5,48.61127154941765,395.7372315394939,6
318.8,5,1004.2170193968866,5.5,48.63367075904702,395.5500460351352,6
318.9,5,1004.2170193968866,5.5,48.65255345196327,395.39429059227825,6
319.0,5,1004.2170193968866,5.5,48.49201858173055,396.5816746468066,6
319.1,5,1004.2170193968866,5.5,48.515553634268265,396.3932344452759,6
319.2,5,1004.2170193968866,5.5,48.52727410001061,396.28908691768265,6
319.3,5,1004.2170193968866,5.5,48.54946050374859,396.1133671659844,6
319.4,5,1004.2170193968866,5.5,48.592434667898964,395.7593488885958,6
319.5,5,1004.2170193968866,5.5,48.6051251180624,395.64342785316285,6
319.6,5,1004.2170193968866,5.5,48.6220470443104,395.5087358121151,6
319.7,5,1004.2170193968866,5.5,48.62888908191263,395.4550234404778,6
319.8,5,1004.2170193968866,5.5,48.654498703553465,395.2416036632302,6
319.9,5,1004.2170193968866,5.5,48.6779869928695,395.04556118613607,6
320.0,5,1004.2170193968866,5.5,48.703861416860406,394.8282437405164,6
320.1,5,1004.2170193968866,5.5,48.722433682931964,394.67617867884724,6
320.2,5,1004.2170193968866,5.5,48.75017083087918,394.43416767477197,6
320.3,5,1004.2170193968866,5.5,48.75035495799001,394.4406206730131,6
320.4,5,1004.2170193968866,5.5,48.7630079244015,394.3346503522468,6
320.5,5,1004.2170193968866,5.5,48.80964056960808,393.9717469187973,6
320.6,5,1004.2170193968866,5.5,48.814816313280055,393.9253339909741,6
320.7,5,1004.2170193968866,5.5,48.84196148853271,393.69304772079306,6
320.8,5,1004.2170193968866,5.5,48.86455247409676,393.5079989525559,6
320.9,5,1004.2170193968866,5.5,48.89201077654422,393.267019575306,6
321.0,5,1002.2718287662445,5.5,48.90278577570332,393.17425484603314,6
321.1,5,1002.2718287662445,6.0,48.93850220641609,392.87166922141313,6
321.2,5,1002.2718287662445,6.0,48.78906562105476,393.98264954363333,6
321.3,5,1002.2718287662445,6.0,48.822682476326484,393.6951518278227,6
321.4,5,1002.2718287662445,6.0,48.84217829387676,393.53007062790607,6
321.5,5,1002.2718287662445,6.0,48.857377483635396,393.3954634141045,6
321.6,5,1002.2718287662445,6.0,48.881413668496464,393.1929904191469,6
321.7,5,1002.2718287662445,6.0,48.90970033361293,392.95114253980285,6
321.8,5,1002.2718287662445,6.0,48.93292313178003,392.7512347695206,6
321.9,5,1002.2718287662445,6.0,48.970425377315536,392.4381131079548,6
322.0,5,1002.2718287662445,6.0,49.00055234683177,392.1820731490659,6
322.1,5,1002.2718287662445,6.0,49.11595812776033,391.20997542637855,6
322.2,5,1002.2718287662445,6.0,49.14601084874768,390.960489409056,6
322.3,5,1002.2718287662445,6.0,49.17101149011724,390.7489024004052,6
322.4,5,1002.2718287662445,5.5,49.194703806817316,390.54974774911426,6
322.5,5,1002.2718287662445,5.5,49.22367099660741,390.3111212801713,6
322.6,5,1002.2718287662445,5.5,49.25127428489899,390.07976861821186,6
322.7,5,1002.2718287662445,5.5,49.28317020463088,389.8103450755779,6
322.8,5,1002.2718287662445,5.5,49.28996665296414,389.7529722449496,6
322.9,5,1002.2718287662445,5.5,49.31873457860256,389.51824391713285,6
323.0,5,1002.2718287662445,5.5,49.34727497679452,389.2579679360565,6
323.1,5,1002.2718287662445,5.5,49.36662960246247,389.09772111762607,6
323.2,5,1002.2718287662445,5.5,49.38328836069063,388.9572908964375,6
323.3,5,1002.2718287662445,5.5,49.41730833433353,388.6849014061372,6
323.4,5,1002.2718287662445,5.5,49.45282295658937,388.39590371340466,6
323.5,5,1002.2718287662445,5.5,49.47070291801611,388.2525925640339,6
323.6,5,1002.2718287662445,5.5,49.51184354607159,387.9226240163372,6
323.7,5,1002.2718287662445,5.5,49.54631511285183,387.66043191822325,6
323.8,5,1002.2718287662445,5.5,49.57025530115558,387.46467387248936,6
323.9,5,1002.2718287662445,5.0,49.59136242597519,387.29664447513744,6
324.0,5,1002.2718287662445,5.0,49.6044463165708,387.19151918745246,6
324.1,5,1002.2718287662445,5.0,49.6239919161561,387.03322243663956,6
324.2,5,1002.2718287662445,5.0,49.648680646329694,386.8378813816341,6
324.3,5,1002.2718287662445,5.0,49.650672620304675,386.8203494923391,6
324.4,5,1002.2718287662445,5.0,49.655943365522354,386.77612743658494,6
324.5,5,1000.3471368302489,5.0,49.67607083259851,386.61955654609346,6
324.6,5,1000.3471368302489,5.5,49.70843952698063,386.35781100119596,6
324.7,5,1000.3471368302489,5.5,49.75875927303311,385.9589908394096,6
324.8,5,1000.3471368302489,5.5,49.77400168625711,385.83622574640174,6
324.9,5,1000.3471368302489,5.5,49.79747941813182,385.65082974317806,6
325.0,5,1000.3471368302489,5.5,49.82254882758318,385.4540770377753,6
325.1,5,1000.3471368302489,5.5,49.83140363838869,385.3876438980245,6
325.2,5,1000.3471368302489,5.5,49.87702594801046,385.0294539621801,6
325.3,5,1000.3471368302489,5.5,49.88733186157009,384.9473176138386,6
325.4,5,1000.3471368302489,5.5,49.90771984522496,384.7874699328031,6
325.5,5,1000.3471368302489,5.0,49.926495290766844,384.6418480808155,6
325.6,5,1000.3471368302489,5.0,49.94084226766306,384.52948566701446,6
325.7,5,1000.3471368302489,5.0,49.95161757757309,384.44551332235073,6
325.8,5,1000.3471368302489,5.0,49.979422975688166,384.228991499881,6
325.9,5,1000.3471368302489,5.0,49.98792394530891,384.163037671063,6
326.0,5,1000.3471368302489,5.0,50.02057938651921,383.9102080864993,6
326.1,5,1000.3471368302489,5.0,50.036892982298454,383.7838108115426,6
326.2,5,1000.3471368302489,5.0,50.03896265048777,383.7684478458,6
326.3,5,1000.3471368302489,5.0,50.059085120372686,383.6121086520162,6
326.4,5,1000.3471368302489,5.0,50.07960589055389,383.4556462502505,6
326.5,5,1000.3471368302489,5.0,50.11371666410464,383.1927486246432,6
326.6,5,1000.3471368302489,5.0,50.115014808388885,383.18467624304594,6
326.7,5,1000.3471368302489,5.0,50.21550943097034,382.40252267135554,6
326.8,5,1000.3471368302489,5.0,50.23728152779921,382.23516197569313,6
326.9,5,1000.3471368302489,5.0,50.252057866380945,382.1226159388233,6
327.0,5,1000.3471368302489,5.0,50.27390387947267,381.9564444630869,6
327.1,5,1000.3471368302489,5.0,50.28646508538909,381.8618619125475,6
327.2,5,1000.3471368302489,5.0,50.30930641547006,381.6876399634418,6
327.3,5,1000.3471368302489,4.5,50.29622910136605,381.789598256373,6
327.4,5,1000.3471368302489,4.5,50.34532861046638,381.4209452474586,6
327.5,5,1000.3471368302489,4.5,50.36745367252772,381.25277909056325,6
327.6,5,1000.3471368302489,4.5,50.377134473100995,381.17936271591236,6
327.7,5,1000.3471368302489,4.5,50.389811904853815,381.0845782062107,6
327.8,5,1000.3471368302489,4.5,50.41085648185712,380.9269769987673,6
327.9,5,1000.3471368302489,4.5,50.39320159071431,381.05002852097914,6
328.0,5,1000.3471368302489,4.5,50.42198501966839,380.8338975049368,6
328.1,5,1000.3471368302489,4.5,50.447288281667085,380.6401504080986,6
328.2,5,1000.3471368302489,4.5,50.46229822535992,380.5261296954387,6
328.3,5,1000.3471368302489,4.5,50.49173177210477,380.3019390287375,6
328.4,5,1000.3471368302489,4.5,50.50675830054358,380.1891066611603,6
328.5,5,998.445247839291,4.5,50.51746943659107,380.11107942866835,6
328.6,5,998.445247839291,5.0,50.54461151770128,379.9060247559969,6
328.7,5,998.445247839291,5.0,50.55942709488768,379.7975698412174,6
328.8,5,998.445247839291,5.0,50.59131371808894,379.55838772510947,6
328.9,5,998.445247839291,5.0,50.62321941146408,379.31836677397797,6
329.0,5,998.445247839291,5.0,50.63485421697045,379.2320116145021,6
329.1,5,998.445247839291,5.0,50.65448154875921,379.0846279909987,6
329.2,5,998.445247839291,4.5,50.66945541306305,378.97302704833766,6
329.3,5,998.445247839291,4.5,50.71154152016197,378.6587498636267,6
329.4,5,998.445247839291,4.5,50.6380280144957,379.21272326889937,6
329.5,5,998.445247839291,4.5,50.55968823066022,379.8169582800317,6
329.6,5,998.445247839291,4.5,50.62089135754698,379.3520125499352,6
329.7,5,998.445247839291,4.5,50.65681717610413,379.08257699843557,6
329.8,5,998.445247839291,4.5,50.67999008887047,378.91082607349017,6
329.9,5,998.445247839291,4.5,50.70172248072437,378.7479486647876,6
330.0,5,998.445247839291,4.5,50.73582323632479,378.49068888479326,6
330.1,8,998.445247839291,4.5,50.77886260557125,378.16803600812193,6
330.2,8,998.445247839291,4.8999999999999995,50.80414628334883,377.98217442267213,6
330.3,8,998.445247839291,4.8999999999999995,50.84938165128982,377.64302588708074,6
330.4,8,998.445247839291,4.8999999999999995,50.87349639864599,377.46407217398644,6
330.5,8,998.445247839291,4.8999999999999995,50.88924231388529,377.3477325364521,6
330.6,8,998.445247839291,4.8999999999999995,50.91971165558287,377.11971476914135,6
330.7,8,998.445247839291,4.8999999999999995,50.940242965265256,376.9668949548318,6
330.8,8,998.445247839291,4.8999999999999995,50.966996925264496,376.76786766123485,6
330.9,8,998.445247839291,4.8999999999999995,50.97477763645594,376.71135355548904,6
331.0,8,998.445247839291,4.8999999999999995,51.01545339938939,376.4089999497685,6
331.1,8,998.445247839291,4.8999999999999995,51.02904427028649,376.3084116955463,6
331.2,8,998.445247839291,4.8999999999999995,51.06531233102726,376.04085939313745,6
331.3,8,998.445247839291,4.8999999999999995,51.089556658978026,375.86116349886856,6
331.4,8,998.445247839291,4.8999999999999995,51.1286910359826,375.57101291385345,6
331.5,8,998.445247839291,4.8999999999999995,51.15139023351382,375.4050633314549,6
331.6,8,998.445247839291,4.8999999999999995,51.17583843454321,375.22325415926,6
331.7,8,998.445247839291,4.8999999999999995,51.208257398871766,374.9850203791761,6
331.8,8,998.445247839291,4.8999999999999995,51.237617884405665,374.76822322175406,6
331.9,8,998.445247839291,4.8999999999999995,51.265296254344904,374.56535403045825,6
332.0,8,998.445247839291,4.8999999999999995,51.337295387292016,374.0092766208586,6
332.1,8,998.445247839291,4.8999999999999995,51.52297006314239,372.6760721862921,6
332.2,8,998.445247839291,4.8999999999999995,51.55449836651902,372.4465545478498,6
332.3,8,998.445247839291,4.8999999999999995,51.566583321546716,372.3598401923586,6
332.4,8,998.445247839291,4.8999999999999995,51.499723122698704,372.8317366382044,6
332.5,8,998.4536873887786,4.8999999999999995,51.52102726040785,372.6775582550625,6
332.6,8,998.4536873887786,5.6,51.54880521051035,372.4755601092692,6
332.7,8,998.4536873887786,5.6,51.5442748707236,372.5089225550582,6
332.8,8,998.4536873887786,5.6,51.5819325213105,372.23520639778724,6
332.9,8,998.4536873887786,5.6,51.611715342385,372.01915510244993,6
333.0,8,998.4536873887786,5.6,51.637185260029696,371.8341988426869,6
333.1,8,998.4536873887786,5.6,51.65087757737153,371.7344093027772,6
333.2,8,998.4536873887786,5.6,51.68559568235976,371.48364409539636,6
333.3,8,1003.8477136803688,5.6,51.70163000450017,371.36715169630236,7
333.4,8,1003.8477136803688,-100.0,51.71686824791051,371.2571090574008,7
333.5,8,1003.8477136803688,5.6,51.738630447044656,371.0996073666509,7
333.6,8,1003.8477136803688,5.6,51.77689863889489,370.82434905334503,7
333.7,8,1003.8477136803688,5.6,51.76930679091127,370.879203450563,7
333.8,8,1003.8477136803688,5.6,51.70820787509905,371.31444068357916,7
333.9,8,1003.8477136803688,5.6,51.738898389935066,371.0941076661959,7
334.0,8,1003.8477136803688,5.6,51.73902936862889,371.09316378068206,7
334.1,8,1003.8477136803688,5.6,51.637492745284106,371.82515762316075,7
334.2,8,1003.8477136803688,5.6,51.64940258563081,371.7388768247116,7
334.3,8,1003.8477136803688,5.6,51.63857257950787,371.81664193704137,7
334.4,8,1003.8477136803688,5.6,51.63522862630487,371.8405567853007,7
334.5,8,1003.8477136803688,5.6,51.51617546242591,372.6985301151278,7
334.6,8,1003.8477136803688,5.6,51.6422101632986,371.79002222083426,7
334.7,8,1003.8477136803688,5.6,51.63014226723779,371.8765932683508,7
334.8,8,1003.8477136803688,5.6,51.64043584660077,371.80207402171993,7
334.9,8,1003.8477136803688,5.6,51.65988540804689,371.6649502333694,7
335.0,8,1003.8477136803688,5.6,51.675681564466565,371.55235437063226,7
335.1,8,1003.8295585581126,5.6,51.667234051085146,371.6131808957947,7
335.2,8,1003.8295585581126,6.3,51.684554642976096,371.48963615992517,7
335.3,8,1003.8295585581126,6.3,51.680430393750626,371.5193697624087,7
335.4,8,1003.8295585581126,5.6,51.65879286871734,371.76247230368824,7
335.5,8,1003.8295585581126,5.6,51.66515559526111,371.71912926516416,7
335.6,7,1003.8295585581126,5.6,51.82564643997411,370.60778451001966,7
335.7,7,1003.8295585581126,5.6,51.82403722686142,370.6203639070539,7
335.8,7,1003.8295585581126,5.6,51.84607100564749,370.47067871511365,7
335.9,7,1003.8295585581126,5.6,51.83808447519943,370.5228029980681,7
336.0,7,1003.8295585581126,5.6,51.84774706771988,370.4602338308837,7
336.1,7,1003.8295585581126,5.6,51.700936525851645,371.4727001321173,7
336.2,7,1003.8295585581126,6.3,51.70943546316448,371.4157720684456,7
336.3,7,1003.8295585581126,6.3,51.703146738097395,371.4595232097858,7
336.4,7,1003.8295585581126,6.3,51.71853019279014,371.3510221074416,7
336.5,7,1003.8295585581126,6.3,51.724939593743585,371.3067356761295,7
336.6,7,1003.8295585581126,6.3,51.73342138331367,371.24535740488415,7
336.7,7,1003.8295585581126,6.3,51.743075007599415,371.17472705838986,7
336.8,7,1003.8295585581126,6.3,51.79804133751678,370.86727015591407,7
336.9,7,1003.8295585581126,6.3,51.80645744206275,370.8061320062159,7
337.0,7,1003.8295585581126,6.3,51.894148292816055,370.13706993883477,7
337.1,7,1003.8295585581126,6.3,51.88814821175035,370.1755224675086,7
337.2,7,1003.8295585581126,6.3,51.89005319354602,370.1594263390846,7
337.3,7,1003.8295585581126,6.3,51.897170998035136,370.10626059013396,7
337.4,7,1003.8295585581126,6.3,51.87221511898748,370.2745476398194,7
337.5,7,1003.8295585581126,6.3,51.875847345756625,370.2478471139392,7
337.6,7,1003.8295585581126,5.6,51.87800769932957,370.23282495609055,7
337.7,7,1003.8295585581126,5.6,51.864892300958246,370.32185709238763,7
337.8,7,1003.8295585581126,5.6,51.87132123967141,370.2747144636526,7
337.9,7,1003.8295585581126,5.6,51.869631791762956,370.28503098790884,7
338.0,7,1003.8295585581126,5.6,52.00266911729132,369.3655044424363,7
338.1,7,1003.8295585581126,5.6,51.91884559507904,369.8261029548148,7
338.2,7,1003.8295585581126,5.6,51.90361268318503,369.93185661352936,7
338.3,7,1003.8295585581126,5.6,51.90337132143909,369.93295252573,7
338.4,7,1003.8295585581126,5.6,51.90913780493143,369.8898115668059,7
338.5,7,1003.8295585581126,5.6,51.924132903844395,369.78257343309724,7
338.6,7,1003.8295585581126,5.6,51.932948513273935,369.71821284893247,7
338.7,7,1003.8295585581126,5.6,51.95264444561017,369.5780775264609,7
338.8,7,1003.8295585581126,5.6,51.971063003873454,369.4473925453532,7
338.9,7,1003.8295585581126,6.3,51.99062558010003,369.3088820192048,7
339.0,7,1003.8295585581126,6.3,51.99006285435253,369.3125332062932,7
339.1,7,1003.8295585581126,6.3,51.837611481651074,370.410844569708,7
339.2,7,1003.8295585581126,6.3,51.853703523159574,370.2966769638804,7
339.3,7,1003.8295585581126,6.3,51.86635129694327,370.2065101418733,7
339.4,7,1003.8295585581126,6.3,51.747431417583456,371.03548232989067,7
339.5,7,1003.8295585581126,6.3,51.763523081503465,370.9203998433194,7
339.6,7,1003.8295585581126,6.3,51.7514239159609,371.0063409477949,7
339.7,7,1003.8295585581126,6.3,51.76665716992038,370.89744646189126,7
339.8,7,1003.8295585581126,6.3,51.769213017980164,370.8793495265015,7
339.9,7,1003.8295585581126,7.0,51.77599234809496,370.8307678785758,7
340.0,7,1003.8295585581126,7.0,51.78166593925034,370.7898701704376,7
340.1,7,1003.8295585581126,7.0,51.65024760339111,371.7414745169616,7
340.2,7,1003.8295585581126,7.0,51.64229164648361,371.7979256055653,7
340.3,7,1003.8295585581126,7.0,51.65663482990459,371.6949972768264,7
340.4,7,1003.8295585581126,7.0,51.46316655107458,373.0829939377152,7
340.5,7,1003.8295585581126,7.0,51.45807327928435,373.11978195204847,7
340.6,7,1003.8295585581126,7.0,51.46092294677759,373.09910720847074,7
340.7,7,1003.8295585581126,6.3,51.4615867338014,373.0941663916449,7
340.8,7,1003.8295585581126,6.3,51.465829316802385,373.0632958487795,7
340.9,7,1003.8295585581126,6.3,51.466866973168095,373.0556247057681,7
341.0,7,1003.8295585581126,6.3,51.48808181211163,372.9019512494516,7
341.1,7,1003.8295585581126,6.3,51.49405791904259,372.8587171456421,7
341.2,7,1003.8295585581126,6.3,51.49728164477952,372.8352490960409,7
341.3,7,1003.8295585581126,6.3,51.40518910648706,373.50492513157275,7
341.4,7,1003.8295585581126,6.3,51.40691905026786,373.49200138568017,7
341.5,7,1003.8295585581126,6.3,51.4278395452461,373.348289521321,7
341.6,7,1003.8295585581126,6.3,51.423998531804095,373.37544677605024,7
341.7,7,1003.8295585581126,6.3,51.43069400291422,373.32584252569507,7
341.8,7,1003.8295585581126,6.3,51.4391374671475,373.26427909202596,7
341.9,7,1003.8295585581126,6.3,51.50849143675154,372.758232966886,7
342.0,7,1003.8295585581126,5.6,51.51204374358328,372.73226238945296,7
342.1,7,1003.8295585581126,5.6,51.515214170169735,372.70886987396966,7
342.2,7,1003.8295585581126,5.6,51.36970914488468,373.7730173545409,7
342.3,7,1003.8295585581126,6.3,51.38736083073884,373.64423381793665,7
342.4,7,1003.8295585581126,6.3,51.39862590391769,373.56283494994864,7
342.5,7,1003.8295585581126,6.3,51.39471931476349,373.58963315048965,7
342.6,7,1003.8295585581126,6.3,51.39527676513558,373.58605485130187,7
342.7,7,1003.8295585581126,6.3,51.41653386346848,373.4318974414163,7
342.8,7,1003.8295585581126,6.3,51.419140159165366,373.4129378454432,7
342.9,7,1003.8295585581126,6.3,51.43039083376431,373.33106751404443,7
343.0,7,1003.8295585581126,6.3,51.43210203590984,373.3179818522833,7
343.1,7,1003.8295585581126,6.3,51.445632375512176,373.21922068166134,7
343.2,7,1003.8295585581126,6.3,51.447760771661365,373.2037820596719,7
343.3,7,1003.8295585581126,6.3,51.455486946892876,373.14719714951366,7
343.4,7,1003.8295585581126,6.3,51.269791371335394,374.490079237278,7
343.5,7,1003.8295585581126,6.3,51.278464987802394,374.42681669335263,7
343.6,7,1003.8295585581126,6.3,51.287199641313066,374.36282587584117,7
343.7,7,1003.8295585581126,6.3,51.29009757539553,374.34154586555485,7
343.8,7,1003.8295585581126,5.6,51.2917029704343,374.3296467175636,7
343.9,7,1003.8295585581126,5.6,51.29075514400694,374.336493108922,7
344.0,7,1003.8295585581126,5.6,51.28881814864822,374.35061696438436,7
344.1,7,1003.8295585581126,5.6,51.29240302522249,374.3245417690435,7
344.2,7,1003.8295585581126,5.6,51.28944273216402,374.3463949259162,7
344.3,7,1003.8295585581126,5.6,51.28581800601664,374.3730448874659,7
344.4,7,1003.8295585581126,5.6,51.333732969497675,374.02528422986865,7
344.5,7,1003.8295585581126,5.6,51.32674756755725,374.07685292747635,7
344.6,7,1003.8295585581126,5.6,51.32172768209777,374.11403481607664,7
344.7,7,1003.8295585581126,5.6,51.327258580009754,374.07425039669965,7
344.8,7,1003.8295585581126,5.6,51.33064426904609,374.0506186547096,7
344.9,7,1003.8295585581126,5.6,51.26791547333217,374.58798542724605,7
345.0,7,1003.8295585581126,5.6,51.26894424623764,374.58202951944037,7
345.1,7,1003.8295585581126,5.6,51.26519585375135,374.61077464511504,7
345.2,7,1003.8295585581126,5.6,51.263497667751025,374.627477027679,7
345.3,7,1003.8295585581126,5.6,51.26382775202716,374.62801499405856,7
345.4,7,1003.8295585581126,4.8999999999999995,51.26543104198399,374.61998935727524,7
345.5,7,1003.8295585581126,4.8999999999999995,51.26003807638138,374.66408599501847,7
345.6,7,1003.8295585581126,4.8999999999999995,51.262595490163775,374.6497901358151,7
345.7,7,1003.8295585581126,4.8999999999999995,51.230718803544185,374.9512844865437,7
345.8,9,1003.8295585581126,4.8999999999999995,51.231998945712995,374.9475552820132,7
345.9,9,1003.8295585581126,4.800000000000001,51.25069680045992,374.81457039886334,7
346.0,9,1003.8295585581126,4.800000000000001,51.26700980204441,374.69543414907685,7
346.1,9,1003.8295585581126,4.800000000000001,51.28593024553266,374.55520963891036,7
346.2,9,1003.8295585581126,4.800000000000001,51.28960285617703,374.5338096177303,7
346.3,9,1003.8295585581126,4.800000000000001,51.28319439167923,374.5878392168145,7
346.4,9,1003.8295585581126,4.800000000000001,51.295123901133536,374.5033077018328,7
346.5,9,1003.8295585581126,5.6000000000000005,51.302722554831846,374.4510457304385,7
346.6,9,1003.8295585581126,5.6000000000000005,51.3240181892088,374.3111719998175,7
346.7,9,1003.8295585581126,5.6000000000000005,51.34392468473956,374.16827856940563,7
346.8,9,1003.8295585581126,5.6000000000000005,51.351938432761514,374.1133511037904,7
346.9,9,1003.8295585581126,5.6000000000000005,51.35692094520515,374.0856364498108,7
347.0,9,1003.8295585581126,5.6000000000000005,51.37521763804192,373.9577224185479,7
347.1,9,1003.8295585581126,5.6000000000000005,51.38986995905381,373.8576434804449,7
347.2,9,1003.8295585581126,5.6000000000000005,51.39664344800453,373.81371140067296,7
347.3,9,1003.8295585581126,5.6000000000000005,51.37091062016321,374.2113923542969,7
347.4,9,1003.8295585581126,5.6000000000000005,51.31664692838269,374.77450462973,7
347.5,9,1003.8295585581126,5.6000000000000005,51.33506029412852,374.64270711117376,7
347.6,9,1003.8295585581126,6.4,51.35727149731713,374.4784079033453,7
347.7,9,1003.8295585581126,5.6000000000000005,51.36343515056207,374.44426683686004,7
347.8,9,1003.8295585581126,5.6000000000000005,51.369540790053904,374.4122329279927,7
347.9,9,1003.8295585581126,5.6000000000000005,51.39394056434013,374.23421918224756,7
348.0,9,1003.8295585581126,5.6000000000000005,51.42039599380831,374.0461384740611,7
348.1,9,1003.8295585581126,5.6000000000000005,51.42287953748181,374.026201111453,7
348.2,9,1003.8295585581126,5.6000000000000005,51.432516930184605,373.94992335470783,7
348.3,9,1003.8295585581126,5.6000000000000005,51.447597128888034,373.8361475187779,7
348.4,9,1003.8295585581126,5.6000000000000005,51.45745133024862,373.7555883223648,7
348.5,9,1003.8295585581126,5.6000000000000005,51.47076029395527,373.656340262095,7
348.6,9,1003.8295585581126,5.6000000000000005,51.493448893230045,373.4898425859791,7
348.7,9,1003.8295585581126,5.6000000000000005,51.53162534196984,373.2024963474274,7
348.8,9,1003.8295585581126,5.6000000000000005,51.53912792738389,373.1481906641345,7
348.9,9,1003.8295585581126,5.6000000000000005,51.55753637439118,373.01601784366534,7
349.0,9,1003.8295585581126,4.800000000000001,51.61588966480738,372.4041614010792,7
349.1,9,1003.8295585581126,4.800000000000001,51.635962455411786,372.2562865746753,7
349.2,9,1003.8295585581126,4.800000000000001,51.68735944143877,371.7633213471959,7
349.3,9,1003.8295585581126,4.800000000000001,51.703511280821076,371.64472371546253,7
349.4,9,1003.8295585581126,4.800000000000001,51.71437535582311,371.5642842258022,7
349.5,9,1003.8295585581126,4.800000000000001,51.72105454744994,371.51983784473845,7
349.6,9,1003.8295585581126,4.800000000000001,51.73848658124726,371.3962633786311,7
349.7,9,1003.8295585581126,4.800000000000001,51.7728364499234,371.1472381758773,7
349.8,9,1003.8295585581126,5.6000000000000005,51.80322677716926,370.92247214686074,7
349.9,9,1003.8295585581126,5.6000000000000005,51.82292096117255,370.78099130721455,7
350.0,9,1003.8295585581126,5.6000000000000005,51.8486799512837,370.593696054768,7
350.1,9,1003.8295585581126,5.6000000000000005,51.866858343063804,370.4563823520451,7
350.2,9,1003.8295585581126,5.6000000000000005,51.89882282895441,370.22497075053445,7
350.3,9,1003.8295585581126,5.6000000000000005,51.91772517532755,370.09051167902874,7
350.4,9,1003.8295585581126,5.6000000000000005,51.9519427907941,369.84138637869154,7
350.5,9,1003.8295585581126,5.6000000000000005,51.98592409596026,369.59271944470106,7
350.6,9,1003.8295585581126,5.6000000000000005,51.97820689967381,369.65797515314995,7
350.7,9,1003.8295585581126,5.6000000000000005,52.016003089933825,369.3827386890074,7
350.8,9,1003.8295585581126,5.6000000000000005,52.03729370782841,369.22948354863155,7
350.9,9,1003.8295585581126,6.4,52.05178538314043,369.1264588207639,7
351.0,9,1003.8295585581126,6.4,52.059931458093985,369.071166203292,7
351.1,9,1003.8295585581126,5.6000000000000005,52.06044412981802,369.06884880626376,7
351.2,9,1003.8295585581126,5.6000000000000005,52.073994478450516,368.96559239943633,7
351.3,9,1003.8295585581126,5.6000000000000005,52.09435284104531,368.82224899695393,7
351.4,9,1003.8295585581126,5.6000000000000005,52.1314534453025,368.55614179868957,7
351.5,9,1003.8295585581126,5.6000000000000005,52.160307501242315,368.35227857238476,7
351.6,9,1003.8295585581126,5.6000000000000005,52.18853146259885,368.1479624967417,7
351.7,9,1003.8295585581126,5.6000000000000005,52.20231954175439,368.0568140782226,7
351.8,9,1003.8295585581126,5.6000000000000005,52.24425929922866,367.75612465130763,7
351.9,9,1003.8295585581126,5.6000000000000005,52.27606641055493,367.52993137893145,7
352.0,9,1003.8295585581126,5.6000000000000005,52.29270366448135,367.41466515784475,7
352.1,9,1003.8295585581126,5.6000000000000005,52.330204714504134,367.14790174840846,7
352.2,9,1003.8295585581126,5.6000000000000005,52.34544975587217,367.0448819575094,7
352.3,9,1003.8295585581126,5.6000000000000005,52.29182324325858,367.414316684986,7
352.4,9,1003.8295585581126,4.800000000000001,52.326680512292725,367.1675367319327,7
352.5,9,1003.8295585581126,4.800000000000001,52.355967388571344,366.9623173441177,7
352.6,9,1003.8295585581126,5.6000000000000005,52.38497559644651,366.75393241979737,7
352.7,9,1003.8295585581126,5.6000000000000005,52.40110372714467,366.6475357954914,7
352.8,9,1003.8295585581126,5.6000000000000005,52.43297842333546,366.4205022276732,7
352.9,9,1003.8295585581126,5.6000000000000005,52.36696650235261,366.91640568457524,7
353.0,9,1003.8295585581126,5.6000000000000005,52.4045920854004,366.6517978227632,7
353.1,9,1003.8295585581126,5.6000000000000005,52.42737270253667,366.49768205259346,7
353.2,9,1003.8295585581126,5.6000000000000005,52.440920016066556,366.4112688461737,7
353.3,9,1003.8295585581126,5.6000000000000005,52.478390509200516,366.1519251303658,7
353.4,9,1003.8295585581126,5.6000000000000005,52.49359404980259,366.05356713367644,7
353.5,9,1003.8295585581126,5.6000000000000005,52.535900211073134,365.75481789715013,7
353.6,9,1003.8295585581126,6.4,52.537446424027074,365.7548545013422,7
353.7,9,1003.8295585581126,6.4,52.51041390418516,365.91098777217894,7
353.8,9,1003.8295585581126,6.4,52.548747020011085,365.64374411111913,7
353.9,9,1003.8295585581126,6.4,52.57259939541692,365.482195321912,7
354.0,9,1003.8295585581126,6.4,52.599116895498234,365.30292144936186,7
354.1,9,1003.8295585581126,6.4,52.62119335845521,365.1467671567448,7
354.2,9,1003.8295585581126,6.4,52.64444357049677,364.9897706325026,7
354.3,9,1003.8295585581126,6.4,52.680991199915326,364.73230923492576,7
354.4,9,1003.8295585581126,6.4,52.707283614292,364.5542236627424,7
354.5,9,1003.8295585581126,5.6000000000000005,52.74610381720457,364.2860455060367,7
354.6,9,1003.8295585581126,5.6000000000000005,52.78345111778984,364.0280589802412,7
354.7,9,1003.8295585581126,5.6000000000000005,52.81392046347745,363.81920059189173,7
354.8,9,1003.8295585581126,5.6000000000000005,52.818668811300654,363.7724661732424,7
354.9,9,1003.8295585581126,5.6000000000000005,52.85283556713482,363.53281905665494,7
355.0,9,1003.8295585581126,5.6000000000000005,52.87260771642405,363.39341234589256,7
355.1,9,1003.8295585581126,5.6000000000000005,52.91195726101478,363.1195179282456,7
355.2,9,1003.8295585581126,5.6000000000000005,52.91669264630805,363.09455876894833,7
355.3,9,1003.8295585581126,5.6000000000000005,52.90088956784501,363.2179545233404,7
355.4,9,1003.8295585581126,5.6000000000000005,52.92258785526778,363.07255901535177,7
355.5,9,1003.8295585581126,5.6000000000000005,52.949597207151,362.8847300653353,7
355.6,9,1003.8295585581126,5.6000000000000005,52.9783727043155,362.68939927426266,7
355.7,9,1003.8295585581126,5.6000000000000005,53.01369452628717,362.43911084211186,7
355.8,9,1003.8295585581126,5.6000000000000005,53.03875082581651,362.2704072492364,7
355.9,9,1003.8295585581126,5.6000000000000005,53.08274534797579,361.96687757013706,7
356.0,9,1003.8295585581126,5.6000000000000005,53.108228241015055,361.7933134637309,7
356.1,9,1003.8295585581126,5.6000000000000005,53.13914378312067,361.5791951312942,7
356.2,9,1003.8295585581126,5.6000000000000005,53.157365722802865,361.4617168538679,7
356.3,9,1003.8295585581126,5.6000000000000005,53.20718588786236,361.1144832054282,7
356.4,9,1003.8295585581126,5.6000000000000005,53.23784529675252,360.906825325412,7
356.5,9,1003.8295585581126,5.6000000000000005,53.274394616100395,360.6566711585251,7
356.6,9,1003.8295585581126,5.6000000000000005,53.29669212291433,360.50274506883875,7
356.7,9,1003.8295585581126,5.6000000000000005,53.24703410340141,360.8205930452314,7
356.8,9,1003.8295585581126,5.6000000000000005,53.286208432409666,360.5545557638486,7
356.9,9,1003.8295585581126,5.6000000000000005,53.32685623870785,360.27547734899895,7
357.0,9,1003.8295585581126,5.6000000000000005,53.35145816799265,360.113491276268,7
357.1,9,1003.8295585581126,5.6000000000000005,53.3867171677868,359.87537050704975,7
357.2,9,1003.8295585581126,4.800000000000001,53.421440424021796,359.6413964678643,7
357.3,9,1003.8295585581126,4.800000000000001,53.455305007908976,359.40696396629806,7
357.4,9,1003.8295585581126,4.800000000000001,53.46730038839108,359.3265454782787,7
357.5,9,1003.8295585581126,4.800000000000001,53.512693548998264,359.0160522771315,7
357.6,9,1003.8295585581126,4.800000000000001,53.517557378608515,358.99144334975347,7
357.7,9,1003.8295585581126,4.800000000000001,53.54298457606022,358.8191830487506,7
357.8,9,1003.8295585581126,4.800000000000001,53.54436848585105,358.7890020678956,7
357.9,9,1003.8295585581126,4.800000000000001,53.57558323112518,358.5802199215053,7
358.0,9,1003.8295585581126,4.800000000000001,53.44851397635095,359.4855922720358,7
358.1,9,1003.8295585581126,4.800000000000001,53.493833655227164,359.1767771866217,7
358.2,11,1003.8295585581126,4.0,53.52090365388257,358.99391680028594,7
358.3,11,1003.8295585581126,5.4,53.55890234413436,358.73715080124435,7
358.4,11,1003.8295585581126,5.4,53.57441020731085,358.6399321911707,7
358.5,11,1003.8295585581126,5.4,53.5271819928659,358.93349467979397,7
358.6,11,1003.8295585581126,5.4,53.563567691846586,358.689576577608,7
358.7,11,1003.8295585581126,5.4,53.57910447303287,358.5835995496792,7
358.8,11,1003.8295585581126,5.4,53.54278020707494,358.851728011024,7
358.9,11,1003.8295585581126,5.4,53.57219525706581,358.65266823756997,7
359.0,11,1003.8295585581126,5.4,53.60403150099377,358.4373057793606,7
359.1,11,1003.8295585581126,5.4,53.471290836647746,359.3891774102964,7
359.2,11,1003.8295585581126,5.4,53.50920508372161,359.1351303391141,7
359.3,11,1003.8295585581126,5.4,53.529875060133925,358.9939083038165,7
359.4,11,1003.8295585581126,5.4,53.54226926882362,358.9184587833731,7
359.5,11,1003.8295585581126,5.4,53.572399139083146,358.71333144965337,7
359.6,9,1003.8295585581126,4.5,53.596459535953535,358.5576856067459,7
359.7,9,1003.8295585581126,4.0,53.643379151220884,358.2380066605838,7
359.8,9,1003.8295585581126,4.0,53.66258443451548,358.1136113987486,7
359.9,9,1003.8295585581126,4.0,53.68204952380293,357.9947243371259,7
360.0,9,1003.8295585581126,4.0,53.72110535358438,357.7289552698719,7
360.1,9,1005.6713347411248,4.0,53.73412458793437,357.65141614071206,7
360.2,9,1005.6713347411248,4.800000000000001,53.76188833910055,357.46942997891216,7
360.3,9,1005.6713347411248,4.800000000000001,53.716181271965915,357.74612126451814,7
360.4,9,1005.6713347411248,4.800000000000001,53.75748828081713,357.4687227599335,7
360.5,9,1005.6713347411248,4.800000000000001,53.7807196088485,357.32161514094156,7
360.6,9,1005.6713347411248,4.800000000000001,53.82257976693093,357.04227104237435,7
360.7,9,1005.6713347411248,4.0,53.84244057865234,356.9108238873979,7
360.8,9,1005.6713347411248,4.0,53.869100111477884,356.73900742322394,7
360.9,9,1005.6713347411248,4.0,53.83791215299955,356.9274226150063,7
361.0,9,1005.6713347411248,4.0,53.88851261123742,356.58852253405524,7
361.1,9,1005.6713347411248,4.0,53.90512912242874,356.4805955797275,7
361.2,9,1005.6713347411248,4.0,53.84662854672533,356.8390360528226,7
361.3,9,1005.6713347411248,4.0,53.8787138035528,356.625742464562,7
361.4,9,1005.6713347411248,4.0,53.76535352244518,357.4379112835606,7
361.5,9,1005.6713347411248,4.0,53.81227750897729,357.12487434454096,7
361.6,9,1005.6713347411248,4.0,53.84195807291975,356.9275719112984,7
361.7,9,1005.6713347411248,4.0,53.879913571281435,356.67897218078167,7
361.8,11,1005.6713347411248,3.2,53.921004722784396,356.4042418974118,7
361.9,11,1005.6713347411248,5.4,53.892449613728814,356.6239044222953,7
362.0,11,1005.6713347411248,5.4,53.92099037066913,356.44285414499177,7
362.1,11,1005.6713347411248,5.4,53.94597739085272,356.2776102301626,7
362.2,11,1005.6713347411248,5.4,53.973062952679456,356.09925039437434,7
362.3,11,1005.6713347411248,5.4,54.00618988833197,355.88162435190077,7
362.4,11,1005.6713347411248,5.4,53.885736494311075,356.75028875795954,7
362.5,11,1005.6713347411248,5.4,53.93130330302879,356.4444523204576,7
362.6,11,1005.6713347411248,5.4,53.94716274794837,356.3500824182795,7
362.7,11,1005.6713347411248,5.4,53.97263498230005,356.1884475357141,7
362.8,11,1005.6713347411248,5.4,54.013397007881785,355.92182039295676,7
362.9,11,1005.6713347411248,5.4,54.05975529832932,355.6130078617637,7
363.0,11,1005.6713347411248,5.4,54.09686011198674,355.3705718990833,7
363.1,11,1005.6713347411248,5.4,54.132654295910484,355.13435830247886,7
363.2,9,1005.6713347411248,4.5,54.17675889214466,354.8488770238064,7
363.3,9,1005.6713347411248,4.0,54.2090066019841,354.6491504123179,7
363.4,11,1005.6713347411248,3.2,54.25841844536811,354.32307686280774,7
363.5,11,1005.6713347411248,5.4,54.30201649730744,354.0411332021489,7
363.6,11,1005.6713347411248,5.4,54.339653519201995,353.7955809967221,7
363.7,11,1005.6713347411248,5.4,54.384082164883836,353.5062160206354,7
363.8,11,1005.6713347411248,5.4,54.23270281823412,354.41448857502223,7
363.9,11,1005.6713347411248,5.4,54.27515343936477,354.13943875770315,7
364.0,11,1005.6713347411248,5.4,54.29682868992326,354.00187626947496,7
364.1,11,1005.6713347411248,5.4,54.34212327534304,353.70391362123587,7
364.2,11,1005.6713347411248,5.4,54.39934457449972,353.3292692645626,7
364.3,11,1005.6713347411248,5.4,54.43913931310108,353.07338243145875,7
364.4,11,1005.6713347411248,6.3,54.483280808975984,352.7805186614854,7
364.5,11,1005.6713347411248,6.3,54.513508987647526,352.587118040987,7
364.6,11,1005.6713347411248,6.3,54.54172218337773,352.4116695854018,7
364.7,11,1005.6713347411248,5.4,54.603642977871345,352.00659866890805,7
364.8,11,1005.6713347411248,5.4,54.6454427580349,351.736058038765,7
364.9,11,1005.6713347411248,5.4,54.68471116559155,351.47889423962744,7
365.0,11,1005.6713347411248,5.4,54.7217917990764,351.2419710194051,7
365.1,11,1005.6713347411248,5.4,54.76376023773501,350.9695766169043,7
365.2,11,1005.6713347411248,5.4,54.711135158567856,351.3502311753574,7
365.3,11,1005.6713347411248,5.4,54.757443624244765,351.0477920098814,7
365.4,11,1005.6713347411248,5.4,54.79933556756849,350.7755619216407,7
365.5,11,1005.6713347411248,5.4,54.85216050434733,350.4373781382533,7
365.6,11,1005.6713347411248,5.4,54.88789541275103,350.2130190560208,7
365.7,11,1005.6713347411248,5.4,54.89727585642929,350.1256262866131,7
365.8,11,1005.6713347411248,5.4,54.933774796024316,349.89631180116135,7
365.9,11,1005.6713347411248,4.5,54.97437774446943,349.64069687654023,7
366.0,11,1005.6713347411248,4.5,55.01704789121854,349.3662624698128,7
366.1,11,1005.6713347411248,4.5,55.11836787431524,348.6437283162171,7
366.2,11,1005.6713347411248,3.6,55.15804016642324,348.3893021932186,7
366.3,11,1005.6713347411248,3.6,55.1903411385364,348.1906068513873,7
366.4,11,1005.6713347411248,3.6,55.24228678767498,347.85962556919236,7
366.5,11,1005.6713347411248,3.6,55.291416470329,347.54709077427833,7
366.6,11,1005.6713347411248,3.6,55.20935434003488,348.02182088458414,7
366.7,11,1005.6713347411248,3.6,55.072731178946896,348.94853343217574,7
366.8,11,1005.6713347411248,3.6,55.11223467575675,348.69919289381903,7
366.9,7,1007.3408509424784,2.7,55.15897809143775,348.4045540245321,7
367.0,7,1007.6884791461968,3.5,55.206408633038635,348.09820460555886,7
367.1,7,1007.6884791461968,3.5,55.248609400970366,347.8330446928096,7
367.2,11,1007.6884791461968,3.5,55.28873179651874,347.5806077366335,7
367.3,11,1007.6884791461968,3.6,55.334137262059315,347.29078123253123,7
367.4,11,1007.6884791461968,3.6,55.36853191916826,347.0763734177676,7
367.5,11,1007.6884791461968,3.6,55.40984736947668,346.81463515216365,7
367.6,11,1007.6884791461968,3.6,55.454497093031364,346.53482747477955,7
367.7,11,1007.6884791461968,3.6,55.49854514304867,346.25209996020044,7
367.8,11,1007.6884791461968,3.6,55.52583740993116,346.0840272094613,7
367.9,10,1012.5125365635862,3.6,55.56982767418805,345.80529266745066,7
368.0,11,1012.5125365635862,4.0,55.59302429848354,345.66510785371764,7
368.1,11,1012.5125365635862,3.6,55.64371205916527,345.34839025087564,7
368.2,11,1012.5125365635862,3.6,55.69469449190628,345.02364228785905,7
368.3,10,1014.9372479699576,3.6,55.74177055932802,344.7319498098774,7
368.4,10,1016.7303698105558,4.0,55.659466502674114,345.19232711539246,7
368.5,11,1016.7303698105558,4.0,55.6931766797922,344.98362612438353,7
368.6,11,1016.7303698105558,3.6,55.724491109004624,344.78508527774187,7
368.7,7,1016.6636352477218,3.6,55.768362967793166,344.51024147663554,7
368.8,7,1016.6636352477218,4.199999999999999,55.74469349144999,344.63591151663786,7
368.9,7,1016.6636352477218,4.199999999999999,55.76321023871611,344.5219379941548,7
369.0,7,1016.6636352477218,4.199999999999999,55.787849358192574,344.3649921780938,7
369.1,7,1016.6636352477218,4.199999999999999,55.79957603158502,344.2921363699119,7
369.2,7,1016.6636352477218,4.199999999999999,55.83254409478398,344.0831910190441,7
369.3,7,1016.6636352477218,4.199999999999999,55.87307149198049,343.8292753986261,7
369.4,7,1016.6636352477218,4.199999999999999,55.90164662417294,343.65086382490165,7
369.5,7,1016.6636352477218,4.199999999999999,55.9355219136768,343.43969575651045,7
369.6,7,1016.6636352477218,4.199999999999999,55.9569642639101,343.30782000427035,7
369.7,7,1016.6636352477218,3.5,55.98589661827485,343.1281225245902,7
369.8,7,1016.6636352477218,3.5,56.010599509713096,342.97395020751844,7
369.9,7,1016.6636352477218,3.5,55.898293292880794,343.6256024390117,7
370.0,7,1016.6636352477218,3.5,55.72444365616795,344.7527561919116,7
370.1,7,1016.6636352477218,3.5,55.75115092880327,344.582171883318,7
370.2,7,1016.6636352477218,3.5,55.756944884135635,344.5522408326286,7
370.3,11,1016.6636352477218,3.5,55.77161622005528,344.46159475000974,7
370.4,11,1016.6636352477218,3.6,55.72762511219215,344.74984862312203,7
370.5,11,1016.6636352477218,3.6,55.73019852333171,344.73648629280547,7
370.6,11,1016.6636352477218,3.6,55.739170038662934,344.6847072624852,7
370.7,10,1018.4074422599019,2.7,55.754667274116066,344.58404344041855,7
370.8,7,1018.3303673227109,4.0,55.74848118373495,344.62688254206057,7
370.9,7,1018.3303673227109,4.199999999999999,55.76238744080722,344.5431088099448,7
371.0,7,1018.3303673227109,4.199999999999999,55.65188767741965,345.1933543852497,7
371.1,7,1018.3303673227109,4.199999999999999,55.67505075636855,345.04523420925557,7
371.2,7,1018.3303673227109,4.199999999999999,55.67746575601754,345.0353317718682,7
371.3,7,1018.3303673227109,4.199999999999999,55.69104830404535,344.9517744410614,7
371.4,7,1018.3303673227109,4.199999999999999,55.70516461855507,344.86758433826935,7
371.5,7,1018.3303673227109,4.199999999999999,55.75229646991395,344.5247214887367,7
371.6,7,1018.3303673227109,4.199999999999999,55.752495005220396,344.5260365071671,7
371.7,11,1018.3303673227109,3.5,55.75826675755575,344.49099719972503,7
371.8,11,1018.3303673227109,3.6,55.75999695932096,344.48543449767135,7
371.9,11,1018.3303673227109,3.6,55.77668620549077,344.38051933187126,7
372.0,11,1018.3303673227109,3.6,55.775111496276004,344.39312191460965,7
372.1,11,1018.3303673227109,3.6,55.719853846344435,344.72066926445973,7
372.2,11,1018.3303673227109,3.6,55.72870747277099,344.66511403712263,7
372.3,10,1018.3303673227109,2.7,55.73564617554146,344.625760943155,7
372.4,10,1018.3303673227109,4.0,55.74301707620508,344.5812973659089,7
372.5,7,1018.3303673227109,3.2,55.74939631058474,344.5431576839938,7
372.6,7,1018.3303673227109,3.5,55.753049462720575,344.5263821581427,7
372.7,7,1018.3303673227109,3.5,55.716194138410586,344.8568422842659,7
372.8,7,1018.3303673227109,3.5,55.71495977129723,344.87017107950555,7
372.9,7,1018.3303673227109,3.5,55.722944023817206,344.8233885524814,7
373.0,7,1018.2421027398439,3.5,55.48642130396837,346.38725644299757,7
373.1,7,1018.2421027398439,4.199999999999999,55.48331198282552,346.4150240731178,7
373.2,7,1018.2421027398439,4.199999999999999,55.477479905028304,346.46729880659416,7
373.3,7,1018.2421027398439,4.199999999999999,55.486910256573424,346.3755546228027,7
373.4,7,1018.2421027398439,4.199999999999999,55.48978075159715,346.3641323514695,7
373.5,7,1018.2421027398439,4.199999999999999,55.49978014408977,346.3068532654575,7
373.6,7,1018.2421027398439,4.199999999999999,55.50050455627775,346.3077614605885,7
373.7,7,1018.2421027398439,4.199999999999999,55.5160700448846,346.21127977211756,7
373.8,7,1018.2421027398439,4.199999999999999,55.52680779895638,346.1471963691229,7
373.9,7,1018.2421027398439,4.199999999999999,55.49468886409326,346.3640440805505,7
374.0,7,1018.2421027398439,4.199999999999999,55.49922720403406,346.34118662091737,7
374.1,7,1018.2421027398439,4.199999999999999,55.522304709285905,346.19562866742325,7
374.2,7,1018.2421027398439,4.199999999999999,55.53238511889719,346.14190913631074,7
374.3,7,1018.2421027398439,4.199999999999999,55.56115964414255,345.96357319899755,7
374.4,7,1018.2421027398439,4.199999999999999,55.58169901478824,345.84684221024827,7
374.5,7,1018.2421027398439,4.199999999999999,55.604406119759034,345.70602816314465,7
374.6,7,1018.2421027398439,4.199999999999999,55.61794874368445,345.6306924712667,7
374.7,7,1018.2421027398439,4.199999999999999,55.65293826615524,345.41608360824546,7
374.8,7,1018.2421027398439,4.199999999999999,55.68332371393822,345.2312937410438,7
374.9,7,1018.2421027398439,4.199999999999999,55.71216549178364,345.05744103575654,7
375.0,7,1018.2421027398439,4.199999999999999,55.73103646786274,344.9486523574826,7
375.1,7,1018.2421027398439,4.199999999999999,55.759111831227315,344.7729925760374,7
375.2,7,1018.1597276686813,4.199999999999999,55.78930435460738,344.59132068015913,7
375.3,7,1018.1597276686813,4.8999999999999995,55.824811559361166,344.37027631623596,7
375.4,7,1018.1597276686813,4.8999999999999995,55.840046683654975,344.2835595918323,7
375.5,7,1018.1597276686813,4.8999999999999995,55.87564054557147,344.06313654916096,7
375.6,7,1018.1597276686813,4.199999999999999,55.835417395546955,344.2929558167532,7
375.7,7,1018.1597276686813,4.199999999999999,55.87715800941494,344.0313111097039,7
375.8,7,1018.1597276686813,4.199999999999999,55.89255773709088,343.94087768616015,7
375.9,7,1018.1597276686813,4.199999999999999,55.81606290299578,344.36838250084503,7
376.0,7,1018.1597276686813,4.199999999999999,55.82496993705759,344.32244258365097,7
376.1,7,1018.1597276686813,4.199999999999999,55.85776418724146,344.1208174944304,7
376.2,7,1018.1597276686813,4.199999999999999,55.88096474310257,343.97741890580016,7
376.3,7,1018.1597276686813,4.199999999999999,55.90263999586635,343.84418856994904,7
376.4,7,1018.1597276686813,4.199999999999999,55.926435015783554,343.6995033115386,7
376.5,7,1018.1597276686813,4.199999999999999,55.945945953245285,343.5739177939125,7
376.6,7,1018.1597276686813,4.199999999999999,55.95844792818001,343.5037948590136,7
376.7,7,1018.1597276686813,4.199999999999999,55.984487545379125,343.34007423836863,7
376.8,7,1018.1597276686813,4.199999999999999,56.00497092163462,343.2220639886068,7
376.9,7,1018.1597276686813,4.199999999999999,56.02554720690064,343.09248386272526,7
377.0,7,1018.1597276686813,4.199999999999999,56.039970385260546,343.006318334777,7
377.1,7,1018.1597276686813,4.199999999999999,55.98601334633049,343.3623824870289,7
377.2,7,1018.1597276686813,4.199999999999999,55.993208448617224,343.32666306621195,7
377.3,9,1018.1597276686813,3.5,56.014975273454766,343.19050420029197,7
377.4,9,1018.1597276686813,3.2,56.0165836616618,343.18517221888237,7
377.5,9,1018.1597276686813,3.2,56.03207987502684,343.08758367078383,7
377.6,7,1018.0913575716555,3.2,55.80551874832305,344.4997805267011,7
377.7,7,1018.0913575716555,4.199999999999999,55.826198856690716,344.3724020747974,7
377.8,7,1018.0913575716555,4.199999999999999,55.84387234697084,344.2652036574393,7
377.9,7,1018.0913575716555,4.199999999999999,55.867613920340716,344.1188128674462,7
378.0,7,1018.0913575716555,4.199999999999999,55.88027285697094,344.0438384531574,7
378.1,7,1018.0913575716555,4.199999999999999,55.8999727962335,343.9186665435049,7
378.2,7,1018.0913575716555,4.199999999999999,55.9110690048526,343.85002619327713,7
378.3,7,1018.0913575716555,4.199999999999999,55.859624032892654,344.1355925212789,7
378.4,7,1018.0913575716555,4.199999999999999,55.86012151959483,344.13483807908756,7
378.5,7,1018.0913575716555,4.199999999999999,55.87865664661365,344.0220540389848,7
378.6,7,1018.0913575716555,4.199999999999999,55.89163088118306,343.9438840673501,7
378.7,7,1018.0913575716555,4.199999999999999,55.913637425666636,343.8047126427862,7
378.8,7,1018.0913575716555,4.199999999999999,55.912276466052596,343.8209048811859,7
378.9,7,1018.0913575716555,4.199999999999999,55.92717328119588,343.73014537045435,7
379.0,7,1018.0913575716555,4.199999999999999,55.92742381509406,343.7366841713091,7
379.1,7,1018.0913575716555,4.199999999999999,55.9468374087228,343.61337010676925,7
379.2,7,1018.0913575716555,4.199999999999999,55.956684725012494,343.5539824190333,7
379.3,7,1018.0913575716555,4.199999999999999,55.97033109567058,343.47199306680466,7
379.4,7,1018.0913575716555,4.199999999999999,55.97227557278307,343.46170129159617,7
379.5,7,1018.0913575716555,4.199999999999999,55.986557769697185,343.3648762444989,7
379.6,7,1018.0913575716555,4.199999999999999,55.987677294143246,343.35877658908885,7
379.7,7,1018.0913575716555,4.199999999999999,56.01080786996032,343.20937615807776,7
379.8,7,1018.0086226047357,4.199999999999999,55.96375402105065,343.47005361219937,7
379.9,7,1018.0086226047357,4.8999999999999995,55.979815325114345,343.3684822577144,7
380.0,7,1018.0086226047357,4.8999999999999995,55.990147588248185,343.3065171758193,7
380.1,7,1018.0086226047357,4.8999999999999995,56.00892500416315,343.18889292757103,7
380.2,7,1018.0086226047357,4.8999999999999995,56.01662091630896,343.14060054461476,7
380.3,7,1018.0086226047357,4.8999999999999995,56.04015180377623,342.9945326030282,7
380.4,7,1018.0086226047357,4.8999999999999995,56.06095622137968,342.8714784201868,7
380.5,7,1018.0086226047357,4.8999999999999995,56.09481484526039,342.66184250523156,7
380.6,7,1018.0086226047357,4.8999999999999995,56.11286044621383,342.55399070521855,7
380.7,7,1018.0086226047357,4.8999999999999995,56.07837886874961,342.78480231634427,7
380.8,7,1018.0086226047357,4.8999999999999995,56.09415940675851,342.6929444763929,7
380.9,7,1018.0086226047357,4.8999999999999995,56.12957306423853,342.4748430010028,7
381.0,7,1018.0086226047357,4.8999999999999995,56.14111484610481,342.4052410152178,7
381.1,7,1018.0086226047357,4.8999999999999995,56.17146450374986,342.2183829101249,7
381.2,7,1018.0086226047357,4.199999999999999,56.130196820002936,342.44754346049797,7
381.3,7,1018.0086226047357,4.199999999999999,56.17118889079723,342.19290980716465,7
381.4,7,1018.0086226047357,4.199999999999999,56.185579978209944,342.10308776067103,7
381.5,7,1018.0086226047357,4.199999999999999,56.22126003328654,341.87983115354905,7
381.6,7,1018.0086226047357,4.199999999999999,56.23942460859098,341.77242062682,7
381.7,7,1018.0086226047357,4.199999999999999,56.242023780394845,341.76413128010165,7
381.8,7,1018.0086226047357,4.199999999999999,56.26812954585844,341.60582689727687,7
381.9,7,1018.0086226047357,4.199999999999999,56.300669236680136,341.4002104408243,7
382.0,7,1018.0086226047357,4.199999999999999,56.31613053170446,341.30736032360153,7
382.1,7,1018.0086226047357,4.199999999999999,56.35477653636459,341.0652282563362,7
382.2,7,1018.0086226047357,4.199999999999999,56.371477651231835,340.9621013157,7
382.3,7,1018.0086226047357,4.199999999999999,56.40391531446579,340.76776126605387,7
382.4,7,1018.0086226047357,4.199999999999999,56.34030879397815,341.1105845842846,7
382.5,7,1018.0086226047357,4.199999999999999,56.36205301223478,340.98140037161266,7
382.6,7,1018.0086226047357,4.199999999999999,56.39409932747972,340.78488245847325,7
382.7,7,1018.0086226047357,4.199999999999999,56.42011759904236,340.62609821032,7
382.8,7,1018.0086226047357,4.199999999999999,56.445268739461646,340.4732040984083,7
382.9,7,1018.0086226047357,4.199999999999999,56.473764056202896,340.2969377643992,7
383.0,7,1018.0086226047357,4.199999999999999,56.49215259271698,340.18864070027234,7
383.1,7,1018.0086226047357,4.199999999999999,56.46978081170754,340.345080706575,7
383.2,7,1018.0086226047357,4.199999999999999,56.496181803834794,340.1873546052608,7
383.3,7,1018.0086226047357,4.199999999999999,56.522088698702035,340.02965795218523,7
383.4,7,1018.0086226047357,4.199999999999999,56.536763971949895,339.9441100546658,7
383.5,7,1018.0086226047357,4.199999999999999,56.563950425222366,339.7763187455503,7
383.6,7,1018.0086226047357,4.199999999999999,56.58174877951146,339.67064459356675,7
383.7,7,1018.0086226047357,4.199999999999999,56.60788191764102,339.5090922644714,7
383.8,7,1018.0086226047357,4.199999999999999,56.619023532941924,339.4384335321655,7
383.9,7,1018.0086226047357,4.199999999999999,56.516830655408796,340.0110332237763,7
384.0,7,1018.0086226047357,4.199999999999999,56.47129919016774,340.26455964990214,7
384.1,7,1018.0086226047357,4.199999999999999,56.48469064371183,340.1812003891898,7
384.2,7,1018.0086226047357,4.199999999999999,56.48621515076826,340.17220869786524,7
384.3,7,1018.0086226047357,4.199999999999999,56.49724833736948,340.10247858295696,7
384.4,7,1018.0086226047357,4.199999999999999,56.497529510036244,340.10514264853487,7
384.5,7,1018.0086226047357,4.199999999999999,56.51485551203632,339.99903030975634,7
384.6,7,1018.0086226047357,4.199999999999999,56.53494336846678,339.87754683386015,7
384.7,7,1018.0086226047357,4.199999999999999,56.55527279100636,339.7541923496756,7
384.8,7,1018.0086226047357,4.199999999999999,56.5663746368231,339.6895714231573,7
384.9,7,1018.0086226047357,4.199999999999999,56.57524794119692,339.6327373939374,7
385.0,7,1018.0086226047357,3.5,56.586756208477325,339.5663145304204,7
385.1,7,1018.0086226047357,3.5,56.56492455271506,339.67378160323625,7
385.2,7,1018.0086226047357,3.5,56.58215615691584,339.569411855931,7
385.3,7,1018.0086226047357,3.5,56.598773396331666,339.4704185305916,7
385.4,7,1018.0086226047357,3.5,56.62226220657271,339.3003805254227,7
385.5,7,1017.9257720105692,3.5,56.6483049802119,339.14488795882176,7
385.6,7,1017.9257720105692,4.199999999999999,56.665211664154185,339.0461195856468,7
385.7,7,1017.9257720105692,4.199999999999999,56.692084469441724,338.88628826797424,7
385.8,7,1017.9257720105692,4.199999999999999,56.61069714557172,339.40908435081735,7
385.9,7,1017.9257720105692,4.199999999999999,56.57852141403934,339.62556456565403,7
386.0,7,1017.9257720105692,4.199999999999999,56.586845158285286,339.57932682404885,7
386.1,7,1017.9257720105692,4.199999999999999,56.623959120413275,339.35386943636365,7
386.2,7,1017.9257720105692,4.199999999999999,56.64245050516577,339.2498940734705,7
386.3,7,1017.9257720105692,4.199999999999999,56.67453642231804,339.0580085703929,7
386.4,7,1017.9257720105692,4.199999999999999,56.693626406681474,338.945099180327,7
386.5,7,1017.9257720105692,4.199999999999999,56.72718439314343,338.7445263592881,7
386.6,7,1017.9257720105692,4.199999999999999,56.74675577615602,338.63433894960644,7
386.7,9,1017.9257720105692,3.5,56.78655701290669,338.39350580447973,7
386.8,9,1017.9257720105692,4.0,56.81763091598282,338.21101855100824,7
386.9,9,1017.9257720105692,4.0,56.83633370619441,338.1047325798008,7
387.0,9,1017.9257720105692,4.0,56.779420527993636,338.41670845061293,7
387.1,9,1017.9257720105692,4.0,56.80992969684927,338.23805593735614,7
387.2,9,1017.9257720105692,4.0,56.79912307549135,338.2851960990052,7
387.3,9,1017.9257720105692,4.0,56.82762734394545,338.11955580989303,7
387.4,7,1017.9257720105692,3.2,56.85647093081468,337.9487975138892,7
387.5,7,1017.9257720105692,3.5,56.88238233977657,337.79220032648084,7
387.6,7,1017.9257720105692,3.5,56.910051078064484,337.6326120601923,7
387.7,7,1017.9257720105692,3.5,56.961528319264325,337.3240056796093,7
387.8,7,1017.9257720105692,3.5,56.98728429001618,337.17521533339266,7
387.9,7,1017.8405239072258,3.5,57.02788703578683,336.93532436942894,7
388.0,7,1017.8405239072258,4.199999999999999,57.048819945950285,336.81322470433486,7
388.1,7,1017.8405239072258,4.199999999999999,57.082656301543224,336.6140618317968,7
388.2,7,1017.8405239072258,4.199999999999999,57.11382531108589,336.43349004335175,7
388.3,7,1017.8405239072258,4.199999999999999,57.15816029272905,336.1707484345102,7
388.4,9,1017.8405239072258,3.5,57.13404037875246,336.2535094576266,7
388.5,9,1017.8405239072258,4.0,57.17516080744327,336.0095291683173,7
388.6,9,1017.8405239072258,4.0,57.20473413299085,335.8355093399026,7
388.7,9,1017.8405239072258,4.0,57.24139768719936,335.6195311387056,7
388.8,9,1017.8405239072258,4.0,57.103434812091514,336.4818903347839,7
388.9,11,1017.8405239072258,3.2,57.13817947977917,336.2788040737427,7
389.0,11,1017.8405239072258,3.6,57.16587074509408,336.1157894254848,7
389.1,11,1017.8405239072258,3.6,57.20009134560723,335.91337668727476,7
389.2,11,1017.8405239072258,3.6,57.17258005494256,336.0941819868991,7
389.3,11,1017.8405239072258,3.6,57.20636866700356,335.89670552011177,7
389.4,11,1017.8405239072258,3.6,57.2293208087346,335.7654226837246,7
389.5,11,1017.8405239072258,3.6,57.24841839173275,335.656780268565,7
389.6,9,1017.8405239072258,3.6,57.265091745600245,335.56353458824753,7
389.7,9,1017.8405239072258,4.0,57.298261615986775,335.36751433243194,7
389.8,9,1017.8405239072258,4.0,57.259637750851034,335.58274202385644,7
389.9,9,1017.8405239072258,4.0,57.29618303650997,335.37285397128585,7
390.0,9,1017.8405239072258,4.0,57.31374168760627,335.2728595473365,7
390.1,9,1017.8405239072258,4.0,57.33704572008471,335.1335776713161,7
390.2,9,1017.8405239072258,4.0,57.35398692976466,335.03988329315956,7
390.3,9,1017.8405239072258,4.0,57.3903920506656,334.82685457224414,7
390.4,9,1017.8405239072258,4.0,57.2480360933438,335.7184121286282,7
390.5,9,1017.8405239072258,4.0,57.2723793500263,335.579516639755,7
390.6,9,1017.8405239072258,4.0,57.3070291805812,335.37772851692677,7
390.7,9,1017.8405239072258,4.0,57.32731350616519,335.25889497764194,7
390.8,9,1017.8405239072258,4.0,57.33971214388956,335.1931706494771,7
390.9,9,1017.8405239072258,4.0,57.3695801497397,335.0178241241047,7
391.0,9,1017.8405239072258,4.0,57.3748612564994,334.99475080974014,7
391.1,9,1017.8405239072258,4.0,57.38342097607203,334.9483263464731,7
391.2,9,1017.8405239072258,4.0,57.40660740612195,334.8122079084379,7
391.3,9,1017.8405239072258,4.0,57.31792484650168,335.2999760036826,7
391.4,9,1017.8405239072258,4.0,57.33457724440724,335.2072639488216,7
391.5,9,1017.8405239072258,4.0,57.34690508886958,335.1389849701634,7
391.6,9,1017.8405239072258,4.0,57.36356702856649,335.0419250004585,7
391.7,9,1017.8405239072258,4.0,57.379176988675255,334.9526589444499,7
391.8,9,1017.8405239072258,4.0,57.388426992857916,334.90525427061596,7
391.9,9,1017.8405239072258,4.0,57.40865148493648,334.7888443036067,7
392.0,9,1017.8405239072258,4.0,57.42068126150876,334.72245668897983,7
392.1,9,1017.8405239072258,4.0,57.44286882746498,334.5940551634285,7
392.2,9,1017.8405239072258,4.0,57.4389352912508,334.622803686461,7
392.3,9,1017.8405239072258,4.0,57.463825955854546,334.47952767747233,7
392.4,9,1017.8405239072258,4.0,57.478791646588746,334.3921482561326,7
392.5,9,1017.8405239072258,4.0,57.50275283095921,334.25380475418046,7
392.6,9,1017.8405239072258,4.0,57.51674704655203,334.1737431148352,7
392.7,7,1017.9349143234581,4.0,57.42542130091661,334.66188214162344,7
392.8,7,1017.9349143234581,4.199999999999999,57.438022712699095,334.5934266086284,7
392.9,7,1017.9349143234581,4.199999999999999,57.44700353562221,334.54677649144793,7
393.0,7,1017.9349143234581,4.199999999999999,57.46619704485681,334.43580493495745,7
393.1,7,1017.9349143234581,4.199999999999999,57.4793429807336,334.36019067196776,7
393.2,7,1017.9349143234581,4.199999999999999,57.4963199698952,334.25722984149036,7
393.3,7,1017.9349143234581,4.199999999999999,57.51097578792189,334.1741991330015,7
393.4,7,1017.9349143234581,4.199999999999999,57.52674565748191,334.08542130532567,7
393.5,7,1017.9349143234581,4.199999999999999,57.58685990834251,333.74932829223417,7
393.6,7,1017.9349143234581,4.199999999999999,57.59198664073101,333.71929965936954,7
393.7,7,1017.9349143234581,4.199999999999999,57.613216446582754,333.59117013955665,7
393.8,9,1017.9349143234581,3.5,57.61629308233241,333.57518786420746,7
393.9,9,1017.9349143234581,4.0,57.619552437582115,333.56314250937237,7
394.0,9,1017.9349143234581,4.0,57.63780459551066,333.4571171896966,7
394.1,9,1017.9349143234581,4.0,57.71766158177705,332.9671110893653,7
394.2,9,1017.9349143234581,4.0,57.72077104234182,332.9511792373162,7
394.3,9,1017.9349143234581,4.0,57.6261149451,333.5365489713645,7
394.4,9,1017.9349143234581,4.0,57.64043277014426,333.449102009051,7
394.5,9,1017.9349143234581,4.0,57.64276101145034,333.42950125437994,7
394.6,9,1017.9349143234581,4.0,57.64584999902025,333.4113051071214,7
394.7,9,1017.9349143234581,4.0,57.648746626757095,333.4000629696293,7
394.8,9,1017.9349143234581,4.0,57.66313733452115,333.31515318960464,7
394.9,7,1017.8689770309055,4.0,57.66678907060572,333.29419744185225,7
395.0,9,1017.8689770309055,3.5,57.671036812379036,333.26592700578715,7
395.1,9,1017.8689770309055,4.800000000000001,57.67027814769887,333.2705198872113,7
395.2,9,1017.8689770309055,4.800000000000001,57.67188214760799,333.26246162585517,7
395.3,9,1017.8689770309055,4.800000000000001,57.67686924491545,333.23264846603684,7
395.4,9,1017.8689770309055,4.800000000000001,57.62672076705378,333.49825964944546,7
395.5,9,1017.8689770309055,4.0,57.6275751306203,333.4898924344575,7
395.6,9,1017.8689770309055,4.0,57.6250737724711,333.5043634167482,7
395.7,9,1017.8689770309055,4.0,57.646675372304856,333.3925313823069,7
395.8,9,1017.8689770309055,4.0,57.642644748158304,333.41522183129547,7
395.9,9,1017.8689770309055,4.0,57.652237759588616,333.3588872786017,7
396.0,9,1017.8689770309055,4.0,57.66378896125646,333.2913314726229,7
396.1,9,1017.8689770309055,4.0,57.71045830930451,332.95492531098114,7
396.2,9,1017.8689770309055,4.0,57.69975593733319,333.0162405304275,7
396.3,9,1017.8689770309055,4.0,57.70001522289044,333.01435949247184,7
396.4,9,1017.8689770309055,4.0,57.67753262628668,333.1462349715749,7
396.5,9,1017.8689770309055,4.0,57.66741508422112,333.20813630745056,7
396.6,9,1017.8689770309055,4.0,57.66122288289503,333.2417520866844,7
396.7,9,1017.8689770309055,4.0,57.6669719361478,333.2088096570684,7
396.8,9,1017.8689770309055,4.0,57.66719483935903,333.2052037525941,7
396.9,9,1017.8689770309055,4.0,57.659616077018086,333.2502336945821,7
397.0,7,1017.797428080071,4.0,57.6671681778635,333.20628201957277,7
397.1,7,1017.797428080071,4.199999999999999,57.463951456173994,334.45569211442216,7
397.2,7,1017.797428080071,4.199999999999999,57.55807512629044,333.87605604854,7
397.3,7,1022.475816540692,4.199999999999999,57.55391556850405,333.90459631077545,8
397.4,7,1022.475816540692,-100.0,57.55411645509413,333.9040640609786,8
397.5,7,1022.475816540692,4.199999999999999,57.54473581727158,333.9617578576023,8
397.6,7,1022.475816540692,4.199999999999999,57.54881782067727,333.94127895338386,8
397.7,7,1022.475816540692,4.199999999999999,57.54280566978126,333.9849892559456,8
397.8,7,1022.475816540692,4.199999999999999,57.47448755724706,334.35580090125086,8
397.9,7,1022.475816540692,4.199999999999999,57.4644646099417,334.4179811879785,8
398.0,7,1022.475816540692,4.199999999999999,57.46126827223573,334.4382611881505,8
398.1,7,1022.475816540692,4.199999999999999,57.460355067637266,334.44823249477497,8
398.2,7,1022.475816540692,4.199999999999999,57.4831146174666,334.3247426887723,8
398.3,7,1022.475816540692,4.199999999999999,57.48412725753713,334.3188139239745,8
398.4,7,1022.475816540692,4.199999999999999,57.48673442165769,334.30057420781645,8
398.5,7,1022.475816540692,4.199999999999999,57.48746035153278,334.29590691696546,8
398.6,7,1022.475816540692,4.199999999999999,57.47925293526032,334.3503618960088,8
398.7,7,1022.475816540692,4.199999999999999,57.48155826669159,334.33847789231675,8
398.8,7,1022.475816540692,4.199999999999999,57.47642959650939,334.37230766351513,8
398.9,7,1022.475816540692,4.199999999999999,57.46754193150242,334.4259878004873,8
399.0,7,1022.475816540692,4.199999999999999,57.4066889391177,334.80412997349765,8
399.1,7,1022.475816540692,4.199999999999999,57.39711539280778,334.86452420134646,8
399.2,7,1022.475816540692,4.199999999999999,57.382189049212506,334.9533607741938,8
399.3,7,1022.475816540692,4.199999999999999,57.38401524056615,334.9394933034013,8
399.4,7,1022.475816540692,4.199999999999999,57.38069955931472,334.9569264739158,8
399.5,7,1022.475816540692,4.199999999999999,57.251108030632494,335.66947004699017,8
399.6,7,1022.475816540692,4.199999999999999,57.240319549253066,335.7367753969404,8
399.7,7,1022.475816540692,4.199999999999999,57.25221684589729,335.6648004777399,8
399.8,7,1022.475816540692,4.199999999999999,57.251510434822166,335.6668525496947,8
399.9,7,1022.475816540692,4.199999999999999,57.34835084890818,335.06388442397446,8
400.0,7,1022.475816540692,4.199999999999999,57.33677033875459,335.1292063178941,8
400.1,11,1022.475816540692,4.199999999999999,57.32222095455458,335.21536514847975,8
400.2,11,1022.475816540692,4.5,57.31999672968712,335.22867010048503,8
400.3,11,1022.475816540692,4.5,57.32415193495851,335.20527237945464,8
400.4,11,1022.475816540692,4.5,57.33754261259634,335.13266056100963,8
400.5,7,1022.475816540692,4.5,57.26229174413849,335.5491888398142,8
400.6,7,1022.475816540692,4.199999999999999,57.24638161735456,335.64115311527837,8
400.7,7,1022.475816540692,4.199999999999999,57.25636928231556,335.5804315057127,8
400.8,7,1022.475816540692,4.199999999999999,57.25439883208862,335.589400989277,8
400.9,7,1022.475816540692,4.199999999999999,57.24028987177289,335.6708258377034,8
401.0,7,1022.475816540692,4.199999999999999,57.22712782099743,335.74840093450837,8
401.1,7,1022.475816540692,4.199999999999999,57.22463634504902,335.76177959194484,8
401.2,7,1022.475816540692,4.199999999999999,57.207374372906116,335.86191617092925,8
401.3,11,1022.475816540692,3.5,57.19557932423548,335.9302129798358,8
401.4,11,1022.475816540692,4.5,57.17822473676128,336.03149199305176,8
401.5,11,1022.475816540692,4.5,57.159226878239835,336.1458225872118,8
401.6,11,1022.475816540692,4.5,57.143967718818345,336.23436396673566,8
401.7,11,1022.475816540692,4.5,57.13609476471206,336.2787320701464,8
401.8,11,1022.475816540692,4.5,57.11591805607607,336.39675800422805,8
401.9,11,1022.475816540692,4.5,57.107097013854315,336.4475078662115,8
402.0,11,1022.475816540692,4.5,57.098666301192,336.4934942834067,8
402.1,11,1022.475816540692,4.5,57.00789472291163,337.00743026282885,8
402.2,11,1022.475816540692,4.5,56.993299979068,337.09019098765685,8
402.3,11,1022.475816540692,4.5,56.98358209567968,337.1438364438577,8
402.4,7,1022.3855552123196,4.5,56.96805580557396,337.2359331694937,8
402.5,7,1022.3855552123196,4.199999999999999,56.99603633924928,337.0590930559454,8
402.6,7,1022.3855552123196,4.199999999999999,56.98712608087515,337.1112945491353,8
402.7,7,1022.3855552123196,4.199999999999999,56.84198673270054,338.0125067390759,8
402.8,7,1022.3855552123196,4.199999999999999,56.8821576527414,337.7907011912741,8
402.9,11,1022.3855552123196,3.5,56.85411677887553,337.9547461448353,8
403.0,11,1022.3855552123196,4.5,56.83438692421011,338.07006356437455,8
403.1,11,1022.3855552123196,4.5,56.817302071259164,338.1715679869713,8
403.2,11,1022.3855552123196,4.5,56.794616501356316,338.3102689310863,8
403.3,11,1022.3855552123196,4.5,56.781060760643044,338.391271426059,8
403.4,11,1022.3855552123196,4.5,56.76581808924086,338.4833679951044,8
403.5,8,1023.6786974446983,3.6,56.737412565718174,338.6540904006091,8
403.6,8,1024.2914339685958,3.5,56.61585279455423,339.41643368280756,8
403.7,8,1024.4610220901095,3.5,56.619099524926774,339.4066934165161,8
403.8,8,1024.4610220901095,3.5,56.595647240901684,339.5488027556861,8
403.9,8,1024.4610220901095,3.5,56.510871392098906,340.03658752254245,8
404.0,8,1024.4610220901095,3.5,56.49754201492384,340.11442848055094,8
404.1,8,1024.4610220901095,3.5,56.47577400535818,340.24194076538953,8
404.2,8,1024.4610220901095,3.5,56.40206335856132,340.77288422344736,8
404.3,8,1024.4610220901095,3.5,56.383746942810824,340.88055573920906,8
404.4,8,1024.4610220901095,3.5,56.36160077597048,341.0085411397163,8
404.5,8,1024.4610220901095,3.5,56.339788268063444,341.13986434782333,8
404.6,8,1028.9662878027439,3.5,56.32591804047665,341.2241216919948,9
404.7,7,1028.8429417788907,-100.0,56.307803539283555,341.33343056344984,9
404.8,7,1028.8429417788907,4.199999999999999,56.30005702262078,341.3727351146142,9
404.9,7,1028.8429417788907,4.199999999999999,56.26061495631394,341.6126348094431,9
405.0,7,1028.8429417788907,4.199999999999999,56.103153031776074,342.6276809128499,9
405.1,7,1028.8429417788907,4.199999999999999,56.08246996007526,342.7517871255526,9
405.2,7,1028.8429417788907,4.199999999999999,56.05905635355683,342.89298326140107,9
405.3,7,1028.8429417788907,4.199999999999999,56.026141255305234,343.09850252064825,9
405.4,7,1028.8429417788907,4.199999999999999,56.015288914475306,343.1600109791342,9
405.5,7,1028.8429417788907,4.199999999999999,55.99756967746596,343.26668335049146,9
405.6,8,1028.7223086052188,4.199999999999999,55.97223454455831,343.41898353521617,9
405.7,8,1028.7223086052188,4.199999999999999,55.93855706587274,343.6310735577805,9
405.8,8,1028.7223086052188,4.199999999999999,55.945385305876236,343.5799733069207,9
405.9,8,1028.7223086052188,4.199999999999999,55.96470192674026,343.46418348957945,9
406.0,8,1028.7223086052188,4.199999999999999,55.936795792857374,343.6388363150269,9
406.1,8,1028.7223086052188,4.199999999999999,55.74171369108678,344.92421670548424,9
406.2,8,1028.7223086052188,4.199999999999999,55.73029847946084,344.98891465905547,9
406.3,8,1028.7223086052188,4.199999999999999,55.71087938645982,345.1175519235644,9
406.4,8,1028.7223086052188,4.199999999999999,55.70180926338175,345.17227108937396,9
406.5,8,1028.7223086052188,4.199999999999999,55.6806308914794,345.30928207351576,9
406.6,8,1028.7223086052188,4.199999999999999,55.664141101194225,345.40746359236016,9
406.7,8,1028.7223086052188,4.199999999999999,55.628599414377014,345.6365342334468,9
406.8,8,1028.7223086052188,4.199999999999999,55.633346718745436,345.60231791960746,9
406.9,8,1028.7223086052188,4.199999999999999,55.6153324241225,345.72287481565814,9
407.0,8,1028.7223086052188,4.199999999999999,55.606700089583526,345.77316643723066,9
407.1,8,1028.7223086052188,4.199999999999999,55.57067675173781,346.0041001594071,9
407.2,8,1028.7223086052188,4.199999999999999,55.556165894181035,346.0919035564237,9
407.3,8,1028.7223086052188,4.199999999999999,55.530067516929634,346.25663627822246,9
407.4,8,1028.7223086052188,4.199999999999999,55.511371087601844,346.37748636342087,9
407.5,8,1028.7223086052188,4.199999999999999,55.49162151724087,346.49646039940126,9
407.6,8,1028.7223086052188,4.199999999999999,55.51421653576914,346.29667709789226,9
407.7,8,1028.7223086052188,4.199999999999999,55.49601216687106,346.414608121559,9
407.8,8,1028.7223086052188,4.199999999999999,55.482465782314705,346.4973668990647,9
407.9,8,1028.7223086052188,4.199999999999999,55.47608631169024,346.53717092455634,9
408.0,8,1028.7223086052188,4.199999999999999,55.45351400876489,346.682650363511,9
408.1,8,1028.7223086052188,4.199999999999999,55.4388168495074,346.7763936938817,9
408.2,8,1028.7223086052188,4.199999999999999,55.42489337020925,346.87262097831376,9
408.3,8,1028.7223086052188,4.199999999999999,55.48108834896826,346.5031387380333,9
408.4,8,1028.5920359367196,4.199999999999999,55.441143530868445,346.76619080971494,9
408.5,8,1028.5920359367196,4.8999999999999995,55.28284225375539,347.84049492358645,9
408.6,8,1028.5920359367196,4.8999999999999995,55.26243755344929,347.9724469640223,9
408.7,8,1028.5920359367196,4.8999999999999995,55.242256272929836,348.10712895874644,9
408.8,8,1028.5920359367196,4.199999999999999,55.233494025706726,348.1647976690113,9
408.9,8,1028.5920359367196,4.199999999999999,55.21665703293363,348.2796079541729,9
409.0,8,1028.5920359367196,4.199999999999999,55.204540905003896,348.35624899380593,9
409.1,8,1032.9948020208399,4.199999999999999,55.18152375062504,348.5084369378241,10
409.2,8,1032.9948020208399,-100.0,55.17122874237279,348.5739775143919,10
409.3,8,1032.9948020208399,4.199999999999999,55.16015543513214,348.6475542451902,10
409.4,8,1032.9948020208399,4.199999999999999,55.04122188148802,349.46367799543907,10
409.5,8,1032.9948020208399,4.199999999999999,55.00319040879356,349.712802972777,10
409.6,8,1032.9948020208399,4.199999999999999,54.97785722380402,349.8874593511416,10
409.7,8,1032.9948020208399,4.199999999999999,54.96219047564301,349.9957469216247,10
409.8,8,1032.9948020208399,4.199999999999999,54.934435574600826,350.18693177243443,10
409.9,8,1032.9948020208399,4.199999999999999,54.92526230377715,350.25340803631246,10
410.0,8,1032.9948020208399,4.199999999999999,54.92142529799332,350.2941005964652,10
410.1,8,1032.9948020208399,4.199999999999999,54.912075291142926,350.3578256128705,10
410.2,8,1032.9948020208399,4.199999999999999,54.90613228135228,350.41150394376467,10
410.3,8,1032.9948020208399,4.199999999999999,54.861117144638364,350.7012674346165,10
410.4,8,1032.9948020208399,4.199999999999999,54.85059237905861,350.7776188819315,10
410.5,8,1032.9948020208399,4.199999999999999,54.84270835313998,350.83413911001554,10
410.6,8,1032.9948020208399,4.199999999999999,54.83630779908952,350.88404676342395,10
410.7,8,1032.9948020208399,4.199999999999999,54.865095503413315,350.7169554323111,10
410.8,8,1032.9948020208399,4.199999999999999,54.91092151851082,350.39453320321127,10
410.9,8,1032.9948020208399,4.199999999999999,54.9092532512053,350.4164581362108,10
411.0,8,1032.9948020208399,4.199999999999999,54.79080702744638,351.12266043795745,10
411.1,8,1032.9948020208399,4.199999999999999,54.77810497150362,351.2132484855801,10
411.2,8,1032.9948020208399,4.199999999999999,54.78369547941454,351.18537756044293,10
411.3,8,1032.9948020208399,4.199999999999999,54.78401844736304,351.1883173595503,10
411.4,8,1032.9948020208399,4.199999999999999,54.78193478288207,351.2132304242634,10
411.5,8,1032.9948020208399,4.199999999999999,54.77779622168551,351.2433599510805,10
411.6,8,1032.9948020208399,4.199999999999999,54.77149174880641,351.2906421543292,10
411.7,8,1032.9948020208399,4.199999999999999,54.772421751312834,351.2924320564024,10
411.8,8,1032.9948020208399,4.199999999999999,54.76499019707386,351.3515648609647,10
411.9,8,1032.9948020208399,4.199999999999999,54.775542426043046,351.2837230784022,10
412.0,8,1032.9948020208399,4.199999999999999,54.77214403051145,351.31367592933356,10
412.1,8,1032.9948020208399,4.199999999999999,54.76358524489476,351.3784534209593,10
412.2,8,1032.9948020208399,4.199999999999999,54.76965358039335,351.34557591830514,10
412.3,8,1032.9948020208399,4.199999999999999,54.7631173119212,351.39265210084545,10
412.4,8,1032.9948020208399,4.199999999999999,54.764735607056075,351.3967355413591,10
412.5,8,1032.9948020208399,4.199999999999999,54.636873539797165,352.315782432898,10
412.6,7,1033.0981635520345,4.199999999999999,54.60875080190793,352.51650350645275,10
412.7,7,1033.1580072401734,4.8999999999999995,54.66882454777189,352.0939046162507,10
412.8,7,1033.1580072401734,4.8999999999999995,54.555593812566826,352.7603414481589,10
412.9,7,1033.1580072401734,4.8999999999999995,54.56414497856745,352.70793808422843,10
413.0,7,1033.1580072401734,4.8999999999999995,54.56605301953168,352.70422380715956,10
413.1,7,1033.1580072401734,4.8999999999999995,54.5715474536662,352.6756882581491,10
413.2,7,1033.1580072401734,4.8999999999999995,54.57511933503312,352.65325711979597,10
413.3,7,1033.1580072401734,4.8999999999999995,54.65624273329772,352.19482071280504,10
413.4,7,1033.1580072401734,4.8999999999999995,54.66473419899825,352.15008022501434,10
413.5,7,1033.1580072401734,4.8999999999999995,54.529029744935485,353.12743262516915,10
413.6,7,1033.1580072401734,4.8999999999999995,54.5305282385806,353.1259605966078,10
413.7,7,1033.1580072401734,4.8999999999999995,54.54186650008043,353.05757043415406,10
413.8,7,1033.1580072401734,4.8999999999999995,54.54919743090568,353.0136015416382,10
413.9,7,1033.1580072401734,4.8999999999999995,54.43168236185561,353.7025066994588,10
414.0,8,1033.0189462523606,4.8999999999999995,54.44537052012303,353.62514608986567,10
414.1,8,1033.0189462523606,4.8999999999999995,54.473154274866594,353.43862914657643,10
414.2,8,1033.0189462523606,4.8999999999999995,54.47479563419368,353.43628137339056,10
414.3,8,1033.0189462523606,4.8999999999999995,54.491092361541476,353.32775426540474,10
414.4,8,1033.0189462523606,4.8999999999999995,54.502123208606726,353.26014687011383,10
414.5,8,1033.0189462523606,4.8999999999999995,54.516207044677756,353.16830933372717,10
414.6,8,1033.0189462523606,4.8999999999999995,54.616970878159776,352.3180270348795,10
414.7,8,1033.0189462523606,4.8999999999999995,54.50721464451493,352.94404026004554,10
414.8,8,1033.0189462523606,4.8999999999999995,54.52319227170901,352.83717182893963,10
414.9,8,1033.0189462523606,4.8999999999999995,54.54907289815635,352.6599734164653,10
415.0,8,1033.0189462523606,4.8999999999999995,54.55070743119576,352.65406610747726,10
415.1,8,1033.0189462523606,4.8999999999999995,54.55770913734556,352.6048686673965,10
415.2,8,1033.0189462523606,4.8999999999999995,54.569282929798234,352.53299655036005,10
415.3,8,1033.0189462523606,4.8999999999999995,54.583536911628485,352.4326367323004,10
415.4,8,1033.0189462523606,4.8999999999999995,54.55356649625196,352.6499822570664,10
415.5,8,1033.0189462523606,4.8999999999999995,54.58169715199779,352.46150945123065,10
415.6,8,1033.0189462523606,4.8999999999999995,54.356373437153614,354.07389761121,10
415.7,8,1033.0189462523606,4.8999999999999995,54.45488316715479,353.4878659691449,10
415.8,8,1033.0189462523606,4.8999999999999995,54.46169306457952,353.4484443328206,10
415.9,8,1033.0189462523606,4.8999999999999995,54.48801119276054,353.27915858986637,10
416.0,8,1033.0189462523606,4.8999999999999995,54.49173827256398,353.26407119909675,10
416.1,8,1033.0189462523606,4.8999999999999995,54.53108989885712,352.9882155387193,10
416.2,8,1033.0189462523606,4.8999999999999995,54.54290936999324,352.9134521874199,10
416.3,8,1033.0189462523606,4.8999999999999995,54.55504102285764,352.8388126512865,10
416.4,8,1033.0189462523606,4.8999999999999995,54.55692267619112,352.82981458327663,10
416.5,8,1033.0189462523606,4.8999999999999995,54.552941423293866,352.8668627050582,10
416.6,8,1033.0189462523606,4.8999999999999995,54.568529337841596,352.7633059900194,10
416.7,8,1033.0189462523606,4.8999999999999995,54.57075874899043,352.7520011161191,10
416.8,8,1033.0189462523606,4.8999999999999995,54.57696968565552,352.7165118336443,10
416.9,8,1033.0189462523606,4.8999999999999995,54.43343374073268,353.55224773227604,10
417.0,8,1033.0189462523606,4.8999999999999995,54.44034467876117,353.5218912290977,10
417.1,8,1033.0189462523606,4.199999999999999,54.44840155801569,353.46790490336156,10
417.2,8,1033.0189462523606,4.199999999999999,54.45572298121664,353.42579142247905,10
417.3,8,1033.0189462523606,4.199999999999999,54.35357108445507,354.17236178277506,10
417.4,8,1033.0189462523606,4.199999999999999,54.35536384133879,354.17424639251806,10
417.5,8,1033.0189462523606,4.199999999999999,54.35749462932071,354.166269185685,10
417.6,8,1033.0189462523606,4.199999999999999,54.36858633859656,354.0946811438138,10
417.7,8,1033.0189462523606,4.199999999999999,54.38068761992183,354.01129483828504,10
417.8,8,1033.0189462523606,4.199999999999999,54.389367941981845,353.95322972066015,10
417.9,8,1033.0189462523606,4.199999999999999,54.46093621822943,353.5402496481967,10
418.0,8,1037.310314802856,4.199999999999999,54.470503198444106,353.47627763579584,11
418.1,8,1037.310314802856,-100.0,54.46487493684616,353.5145498897107,11
418.2,7,1037.2776313120241,3.5,54.45331996217715,353.60138673007657,11
418.3,7,1037.2776313120241,4.199999999999999,54.45570901999576,353.5901318774582,11
418.4,7,1037.2776313120241,4.199999999999999,54.45476382786992,353.60099662128584,11
418.5,7,1037.2776313120241,4.199999999999999,54.458775666074075,353.5735258381452,11
418.6,7,1037.2776313120241,4.199999999999999,54.50259660914559,353.2604243263753,11
418.7,7,1037.2776313120241,4.199999999999999,54.489450045995504,353.34579626123997,11
418.8,7,1037.2776313120241,4.199999999999999,54.48564239692354,353.3713535729664,11
418.9,7,1037.2776313120241,4.199999999999999,54.49341377042699,353.31718253079123,11
419.0,7,1037.1145639845722,4.199999999999999,54.33749722496204,354.4514125865762,11
419.1,7,1037.1145639845722,4.8999999999999995,54.349390364469954,354.38847023116637,11
419.2,7,1037.1145639845722,4.8999999999999995,54.34133051062355,354.4479083442693,11
419.3,7,1037.1145639845722,4.8999999999999995,54.401932803288105,353.88706259203104,11
419.4,7,1037.1145639845722,4.8999999999999995,54.3942171396079,353.94819719223995,11
419.5,7,1037.1145639845722,4.8999999999999995,54.3974560246599,353.9227876432485,11
419.6,7,1037.1145639845722,4.8999999999999995,54.38800915749931,353.98449271950335,11
419.7,7,1037.1145639845722,4.8999999999999995,54.37862185676122,354.0492398070087,11
419.8,7,1037.1145639845722,4.8999999999999995,54.37474768889777,354.07012932610735,11
419.9,7,1037.1145639845722,4.8999999999999995,54.35988712738019,354.1712274184848,11
420.0,7,1037.1145639845722,4.8999999999999995,54.34992558925099,354.2386454170464,11
420.1,7,1037.1145639845722,4.8999999999999995,54.21028316598584,355.065951061953,11
420.2,7,1037.1145639845722,4.8999999999999995,54.28796301147842,354.34854001030544,11
420.3,7,1037.1145639845722,4.8999999999999995,54.280350588376876,354.3997754563077,11
420.4,7,1037.1145639845722,4.8999999999999995,54.27942070020911,354.40440830946,11
420.5,7,1037.1145639845722,4.8999999999999995,54.2741956232191,354.4422129492324,11
420.6,7,1037.1145639845722,4.8999999999999995,54.31553482124114,354.13708849688805,11
420.7,7,1037.1145639845722,4.8999999999999995,54.31028669719443,354.16861722015057,11
420.8,7,1037.1145639845722,4.8999999999999995,54.31171207891835,354.1655993545149,11
420.9,7,1037.1145639845722,4.199999999999999,54.34535496573682,353.9200132186645,11
421.0,7,1037.1145639845722,4.199999999999999,54.345578496744835,353.9202575347066,11
421.1,7,1037.1145639845722,4.199999999999999,54.33772299888018,353.97017876667417,11
421.2,7,1037.1145639845722,4.199999999999999,54.334277916465126,353.99136610655694,11
421.3,7,1041.3225433261373,4.199999999999999,54.342536564608224,353.930457180075,12
421.4,7,1041.3225433261373,-100.0,54.352245316539296,353.861923461748,12
421.5,7,1041.3225433261373,4.199999999999999,54.144366017215425,355.3523015639852,12
421.6,7,1041.3225433261373,4.199999999999999,54.1531446723458,355.28687924352585,12
421.7,7,1041.3225433261373,4.199999999999999,54.16284272996549,355.47076340413196,12
421.8,7,1041.3225433261373,4.199999999999999,54.17817931377179,355.36275840468835,12
421.9,7,1041.3225433261373,4.199999999999999,54.1873522721991,355.30077205147734,12
422.0,7,1041.149240905204,4.199999999999999,54.20034626828482,355.2092078227748,12
422.1,7,1041.149240905204,4.8999999999999995,54.19741335699703,355.2220542441249,12
422.2,7,1041.149240905204,4.8999999999999995,54.2067963067021,355.16014605901574,12
422.3,7,1041.149240905204,4.8999999999999995,54.21285106638877,355.10956374065745,12
422.4,7,1041.149240905204,4.8999999999999995,54.361997049845,354.21553179906334,12
422.5,7,1041.149240905204,4.8999999999999995,54.34998165736233,354.29165584150144,12
422.6,7,1041.149240905204,4.8999999999999995,54.35764034312281,354.22249181928044,12
422.7,7,1041.149240905204,4.8999999999999995,54.34617026548169,354.29445044104455,12
422.8,7,1041.149240905204,4.8999999999999995,54.3431476683934,354.3036203040237,12
422.9,7,1041.149240905204,4.8999999999999995,54.34986917302629,354.2474081935611,12
423.0,7,1041.149240905204,4.8999999999999995,54.344747221603605,354.26657119029335,12
423.1,7,1041.149240905204,4.8999999999999995,54.347984371129435,354.22684765869633,12
423.2,7,1041.149240905204,4.8999999999999995,54.34967155604113,354.20681614209656,12
423.3,7,1041.149240905204,4.8999999999999995,54.346436531314595,354.2158504461456,12
423.4,7,1041.149240905204,4.8999999999999995,54.342664966346675,354.23223245297567,12
423.5,7,1041.149240905204,4.8999999999999995,54.334293441198895,354.27162559154726,12
423.6,7,1041.149240905204,4.199999999999999,54.33186426565075,354.2699159354961,12
423.7,7,1041.149240905204,4.199999999999999,54.36018843823831,354.052269919944,12
423.8,7,1041.149240905204,4.199999999999999,54.34185991374095,354.1691292612105,12
423.9,7,1041.149240905204,4.199999999999999,54.33274626516548,354.21601721918114,12
424.0,7,1041.149240905204,4.199999999999999,54.317793165591524,354.3033889754769,12
424.1,7,1041.149240905204,4.199999999999999,54.20465826975383,354.97734384311934,12
424.2,7,1041.149240905204,4.199999999999999,54.19701532233086,355.01730268042365,12
424.3,7,1041.149240905204,4.199999999999999,54.179187953739714,355.11830472819884,12
424.4,7,1041.149240905204,4.199999999999999,54.15971896065135,355.2499889263463,12
424.5,7,1041.149240905204,4.199999999999999,54.15973764682771,355.23721676780065,12
424.6,7,1041.149240905204,4.199999999999999,54.137287180326645,355.38435785955,12
424.7,7,1040.9750873634541,4.199999999999999,54.11218801662315,355.5444348835283,12
424.8,7,1040.9750873634541,4.8999999999999995,54.100166007592364,355.6146412146643,12
424.9,7,1040.9750873634541,4.8999999999999995,54.08240788833987,355.72660846022916,12
425.0,7,1040.9750873634541,4.8999999999999995,54.07477431807048,355.76488692397663,12
425.1,7,1040.9750873634541,4.8999999999999995,54.11345289723981,355.5406136870596,12
425.2,7,1040.9750873634541,4.8999999999999995,54.08641761950613,355.7089388576991,12
425.3,7,1040.9750873634541,4.8999999999999995,54.05081269812019,355.9473398694933,12
425.4,7,1040.9750873634541,4.8999999999999995,54.04219405668359,355.9990451134382,12
425.5,7,1040.9750873634541,4.8999999999999995,54.018699559389844,356.16180286057977,12
425.6,7,1040.9750873634541,4.8999999999999995,54.0055882589877,356.2389729064051,12
425.7,7,1040.9750873634541,4.8999999999999995,53.98439839063076,356.37835723658975,12
425.8,7,1040.9750873634541,4.8999999999999995,53.956905970690386,356.5670517498314,12
425.9,7,1040.9750873634541,4.8999999999999995,53.93274218237198,356.57790733823924,12
426.0,7,1040.9750873634541,4.8999999999999995,53.90705756990758,356.7490351912609,12
426.1,7,1040.9750873634541,4.8999999999999995,53.88582365684961,356.89406241640756,12
426.2,7,1040.9750873634541,4.8999999999999995,53.908527754460835,356.71855503970573,12
426.3,7,1040.9750873634541,4.8999999999999995,53.8918663256512,356.8243591748902,12
426.4,7,1040.9750873634541,4.8999999999999995,53.863431099231946,357.02109488014537,12
426.5,7,1040.9750873634541,4.8999999999999995,53.84914526745286,357.113463693069,12
426.6,7,1040.9750873634541,4.8999999999999995,53.8147229745976,357.3486252756392,12
426.7,7,1040.9750873634541,4.8999999999999995,53.808079692714,357.38396850860136,12
426.8,7,1040.9750873634541,4.8999999999999995,53.78148071105922,357.56344759940407,12
426.9,7,1040.9750873634541,4.8999999999999995,53.76481205624229,357.67331458408427,12
427.0,7,1040.9750873634541,4.8999999999999995,53.741197918133714,357.82987928842465,12
427.1,7,1040.9750873634541,4.8999999999999995,53.72163851418104,357.9564083567865,12
427.2,7,1040.9750873634541,4.8999999999999995,53.705062306083775,358.0665341793331,12
427.3,7,1040.9750873634541,4.8999999999999995,53.80389702783833,357.33289820340616,12
427.4,7,1040.9750873634541,4.8999999999999995,53.80612126536848,357.30915353682946,12
427.5,7,1040.9750873634541,4.8999999999999995,53.785378284457316,357.4467624299392,12
427.6,7,1040.9750873634541,4.8999999999999995,53.77669647695698,357.5004293696977,12
427.7,7,1040.8009571077487,4.8999999999999995,53.74131197694321,357.74013395606704,12
427.8,7,1040.8009571077487,5.6,53.727435604272046,357.82934293438575,12
427.9,7,1040.8009571077487,4.8999999999999995,53.72292544160492,357.8611339797277,12
428.0,7,1040.8009571077487,4.8999999999999995,53.723629238545065,357.8579839420829,12
428.1,7,1040.8009571077487,4.8999999999999995,53.72264722851409,357.85469041203373,12
428.2,7,1040.8009571077487,4.8999999999999995,53.70199675048393,357.9969297371472,12
428.3,7,1040.8009571077487,4.8999999999999995,53.69861414984602,358.01469670221184,12
428.4,7,1040.8009571077487,4.8999999999999995,53.68731238490702,358.0868925856187,12
428.5,7,1040.8009571077487,4.8999999999999995,53.67489625317298,358.1736079740444,12
428.6,7,1040.8009571077487,4.8999999999999995,53.667056679214085,358.2284367406388,12
428.7,7,1040.8009571077487,4.8999999999999995,53.663172326284844,358.25021431597224,12
428.8,7,1040.8009571077487,4.8999999999999995,53.64181133266444,358.39457195694854,12
428.9,7,1040.8009571077487,4.8999999999999995,53.634147284768666,358.4471886039282,12
429.0,7,1040.8009571077487,4.8999999999999995,53.62232612590681,358.5258678465003,12
429.1,7,1040.8009571077487,4.8999999999999995,53.671876035615895,358.16761572858707,12
429.2,7,1040.8009571077487,4.8999999999999995,53.666656258597214,358.20250896852383,12
429.3,7,1040.8009571077487,4.8999999999999995,53.665990460039986,358.20293123096144,12
429.4,7,1040.8009571077487,4.8999999999999995,53.718538311955555,357.889822650824,12
429.5,7,1040.8009571077487,4.8999999999999995,53.72825216208307,357.82048568584696,12
429.6,7,1040.8009571077487,4.8999999999999995,53.65062419886857,358.29809769107436,12
429.7,7,1040.8009571077487,4.8999999999999995,53.656572856038096,358.256444142589,12
429.8,7,1040.8009571077487,4.8999999999999995,53.663601953691156,358.206908106745,12
429.9,7,1040.8009571077487,4.8999999999999995,53.6554801476815,358.26295732455424,12
430.0,7,1040.8009571077487,4.8999999999999995,53.65017954140772,358.2963423835264,12
430.1,7,1040.8009571077487,4.8999999999999995,53.648139906539356,358.3051145864914,12
430.2,7,1040.8009571077487,4.8999999999999995,53.66156668384652,358.20451413046135,12
430.3,7,1040.8009571077487,4.199999999999999,53.64432355590306,358.32487452084365,12
430.4,7,1040.8009571077487,4.199999999999999,53.64051996650169,358.3408118775816,12
430.5,7,1040.8009571077487,4.199999999999999,53.631173181999785,358.40586129288147,12
430.6,7,1040.626963919466,4.199999999999999,53.626521433403084,358.4299459369181,12
430.7,7,1040.626963919466,4.8999999999999995,53.62011936323367,358.4716620152162,12
430.8,7,1040.626963919466,4.8999999999999995,53.623165866580564,358.4448116538031,12
430.9,7,1040.626963919466,4.8999999999999995,53.61510124941051,358.495456211764,12
431.0,7,1040.626963919466,4.8999999999999995,53.619860277068184,358.45201834665926,12
431.1,7,1040.626963919466,4.8999999999999995,53.63625410139739,358.3338673738656,12
431.2,7,1040.626963919466,4.8999999999999995,53.64642829819699,358.17394992458367,12
431.3,7,1040.626963919466,4.8999999999999995,53.64182584077322,358.20381142641725,12
431.4,7,1040.626963919466,4.8999999999999995,53.64671417466211,358.16608041036886,12
431.5,7,1040.626963919466,4.8999999999999995,53.659854322621555,358.0770712059586,12
431.6,7,1040.626963919466,4.8999999999999995,53.60805675853335,358.3992963829817,12
431.7,7,1040.626963919466,4.8999999999999995,53.604576456408175,358.41916291048324,12
431.8,7,1040.626963919466,4.8999999999999995,53.64455228670744,358.1368490057521,12
431.9,7,1040.626963919466,4.8999999999999995,53.53976986982707,358.87626257400643,12
432.0,7,1040.626963919466,4.8999999999999995,53.54770669159644,358.8218811737524,12
432.1,7,1040.626963919466,4.8999999999999995,53.54290117245485,358.8533639355397,12
432.2,7,1040.626963919466,4.8999999999999995,53.55089648849812,358.794835124955,12
432.3,9,1040.626963919466,4.199999999999999,53.551800798087086,358.7897406846357,12
432.4,9,1040.626963919466,4.0,53.55886475807829,358.7388942326314,12
432.5,9,1040.626963919466,4.0,53.551058929524984,358.79149279752914,12
432.6,9,1040.626963919466,4.0,53.54664997305736,358.81831665261507,12
432.7,9,1040.626963919466,4.0,53.55371040116965,358.7688969626537,12
432.8,9,1040.626963919466,4.0,53.56897123203578,358.6619036521014,12
432.9,9,1040.626963919466,4.0,53.40884267413805,359.6866531825563,12
433.0,9,1040.626963919466,4.0,53.40822435713724,359.68954234691955,12
433.1,7,1040.626963919466,3.2,53.42633639524702,359.560618436404,12
433.2,7,1040.626963919466,4.199999999999999,53.43634039975637,359.4879675637584,12
433.3,7,1040.626963919466,4.199999999999999,53.424957574593485,359.5666751305832,12
433.4,7,1040.626963919466,4.199999999999999,53.413384654079024,359.6431237760921,12
433.5,7,1040.626963919466,4.199999999999999,53.428689153983285,359.5325743227579,12
433.6,7,1040.626963919466,4.199999999999999,53.29787641678282,360.45403135722506,12
433.7,7,1040.456596933245,4.199999999999999,53.29185643487406,360.4919708238466,12
433.8,7,1040.456596933245,4.8999999999999995,53.303970656506,360.402073256015,12
433.9,7,1040.456596933245,4.8999999999999995,53.29927455666146,360.4319661627569,12
434.0,7,1040.456596933245,4.8999999999999995,53.30639292026573,360.3773354018278,12
434.1,7,1040.456596933245,4.8999999999999995,53.30699715401466,360.369761644745,12
434.2,7,1040.456596933245,4.8999999999999995,53.21709664766817,360.95521563095735,12
434.3,7,1040.456596933245,4.8999999999999995,53.227557466336364,360.8785457628423,12
434.4,7,1040.456596933245,4.8999999999999995,53.226734075240174,360.88173470813865,12
434.5,7,1040.456596933245,4.8999999999999995,53.22543690699925,360.8928715927558,12
434.6,7,1040.456596933245,4.8999999999999995,53.07560564743059,361.95768660164964,12
434.7,7,1040.456596933245,4.8999999999999995,53.07887240967587,361.9302739492665,12
434.8,7,1040.456596933245,4.8999999999999995,53.134373743860934,361.52559051627554,12
434.9,7,1040.456596933245,4.8999999999999995,53.112752808320565,361.6723777716818,12
435.0,7,1040.456596933245,4.8999999999999995,53.118671590834495,361.62560345390546,12
435.1,7,1040.456596933245,4.8999999999999995,53.112838338103934,361.658794872857,12
435.2,7,1040.456596933245,4.8999999999999995,53.10360642606467,361.7179757865737,12
435.3,7,1040.456596933245,4.8999999999999995,53.10008346560585,361.7379435479708,12
435.4,7,1040.456596933245,4.8999999999999995,53.09982371374507,361.7318743940367,12
435.5,7,1040.456596933245,4.8999999999999995,53.1170786781859,361.6046000956959,12
435.6,7,1040.456596933245,4.8999999999999995,53.10698363649899,361.6712274296997,12
435.7,7,1040.456596933245,4.8999999999999995,53.11046216092388,361.6383000420316,12
435.8,7,1040.456596933245,4.8999999999999995,53.10399650460017,361.67805253607656,12
435.9,7,1040.456596933245,4.8999999999999995,52.95110814635076,362.683355941593,12
436.0,7,1040.456596933245,4.8999999999999995,52.955831386007475,362.6444075340454,12
436.1,7,1040.456596933245,4.8999999999999995,52.9316414785184,362.81095496962405,12
436.2,7,1040.456596933245,4.8999999999999995,52.93136840409848,362.80945614869813,12
436.3,7,1040.456596933245,4.8999999999999995,52.94717314527102,362.69610096331314,12
436.4,7,1040.456596933245,4.8999999999999995,52.94282375125945,362.72415714463733,12
436.5,7,1040.456596933245,4.8999999999999995,52.925303924230974,362.8430869327573,12
436.6,7,1040.456596933245,4.8999999999999995,52.94391927949704,362.7095460272268,12
436.7,7,1040.456596933245,4.8999999999999995,52.95335656914992,362.64031085558884,12
436.8,7,1040.456596933245,4.8999999999999995,52.95031958431868,362.6582913737485,12
436.9,7,1040.456596933245,4.8999999999999995,53.027250368804516,362.14772113029227,12
437.0,7,1040.286503398234,4.8999999999999995,53.03930057795043,362.06177555252714,12
437.1,7,1040.286503398234,5.6,53.03455335393228,362.09234946696597,12
437.2,7,1040.286503398234,5.6,53.04316419961327,362.0296476676483,12
437.3,7,1040.286503398234,5.6,53.07995822695898,361.771463816734,12
437.4,7,1040.286503398234,5.6,53.07717077581922,361.78946656358255,12
437.5,7,1040.286503398234,5.6,53.07897586208527,361.77512618146204,12
437.6,7,1040.286503398234,5.6,53.09408314148588,361.6678273168799,12
437.7,7,1040.286503398234,5.6,53.0840241596401,361.7371376921104,12
437.8,7,1040.286503398234,5.6,53.07930306153254,361.76725081272593,12
437.9,7,1040.286503398234,5.6,53.08593417101582,361.71887173845795,12
438.0,7,1040.286503398234,5.6,53.095123972219085,361.6532387838378,12
438.1,7,1040.286503398234,5.6,53.07055754809558,361.81968837770114,12
438.2,7,1040.286503398234,5.6,53.09417245632647,361.6572355782505,12
438.3,7,1040.286503398234,5.6,53.09077154340672,361.68061082889716,12
438.4,7,1040.286503398234,5.6,53.07384885517763,361.7972137944854,12
438.5,7,1040.286503398234,5.6,53.084987028099256,361.72003837374325,12
438.6,7,1040.286503398234,5.6,52.829578657416405,363.5124054761369,12
438.7,7,1040.286503398234,4.8999999999999995,52.80986459964075,363.65072490257285,12
438.8,7,1040.286503398234,4.8999999999999995,52.81246346631838,363.6296838219754,12
438.9,7,1040.286503398234,4.8999999999999995,52.809733360144264,363.6476831472021,12
439.0,7,1040.286503398234,4.8999999999999995,52.80268668134515,363.693317641152,12
439.1,7,1040.286503398234,4.8999999999999995,52.880760730908634,363.1707670572499,12
439.2,7,1040.286503398234,4.8999999999999995,52.866219089625346,363.2712950166658,12
439.3,7,1040.286503398234,4.8999999999999995,52.86574016887481,363.27251671165146,12
439.4,7,1040.286503398234,4.8999999999999995,52.8725717359464,363.2242401123576,12
439.5,7,1040.286503398234,4.8999999999999995,52.87518248607637,363.20175754601246,12
439.6,7,1040.286503398234,4.8999999999999995,52.87457857524405,363.20399251676406,12
439.7,7,1040.286503398234,4.8999999999999995,52.88064726014656,363.1592170695435,12
439.8,7,1040.286503398234,4.8999999999999995,52.76347342247665,363.94307531107904,12
439.9,7,1040.286503398234,4.8999999999999995,52.77085516119115,363.88978645622524,12
440.0,7,1040.286503398234,4.8999999999999995,52.74480874196652,364.0713404282409,12
440.1,7,1040.286503398234,4.8999999999999995,52.740032329911955,364.1042199277233,12
440.2,7,1040.286503398234,4.8999999999999995,52.74862965679415,364.04209298503025,12
440.3,7,1040.286503398234,4.8999999999999995,52.73812690035791,364.1151875775296,12
440.4,7,1040.286503398234,4.199999999999999,52.815120795018196,363.5992071367275,12
440.5,7,1040.286503398234,4.199999999999999,52.80499436809038,363.6682190199143,12
440.6,7,1040.286503398234,4.199999999999999,52.786916439605314,363.7935509774952,12
440.7,7,1040.286503398234,4.199999999999999,52.788328432642174,363.780006416412,12
440.8,7,1040.286503398234,4.199999999999999,52.76911918354591,363.9126108117909,12
440.9,7,1040.286503398234,4.199999999999999,52.760065419588805,363.9746963003954,12
441.0,7,1040.286503398234,4.199999999999999,52.74657360161285,364.0645507323028,12
441.1,7,1040.286503398234,4.199999999999999,52.57249243574563,365.2491754679359,12
441.2,7,1040.286503398234,4.199999999999999,52.56232238348841,365.31915089749504,12
441.3,7,1040.286503398234,4.199999999999999,52.55432831735415,365.3733083520683,12
441.4,7,1040.286503398234,4.199999999999999,52.533009921557024,365.52129169981197,12
441.5,7,1040.286503398234,4.199999999999999,52.52775421593389,365.5546022051052,12
441.6,7,1040.286503398234,4.199999999999999,52.52771725145382,365.5525107129539,12
441.7,7,1040.286503398234,4.199999999999999,52.514994407467725,365.6409827076845,12
441.8,7,1040.286503398234,4.199999999999999,52.510358860918046,365.67117849546173,12
441.9,7,1040.286503398234,4.199999999999999,52.50411360737458,365.7127536920674,12
442.0,7,1040.286503398234,4.199999999999999,52.491589293774055,365.79986922444004,12
442.1,7,1040.286503398234,4.199999999999999,52.56153561396307,365.3193196015237,12
442.2,7,1041.318565042616,4.199999999999999,52.54158241224576,365.45529248876744,12
442.3,7,1041.318565042616,4.8999999999999995,52.22009281421988,367.7040978272589,12
442.4,7,1041.318565042616,4.8999999999999995,52.21271153213565,367.75552603284643,12
442.5,7,1041.318565042616,4.8999999999999995,52.20465239540895,367.8098547274964,12
442.6,7,1041.318565042616,4.8999999999999995,52.174168083401625,368.0256398926296,12
442.7,7,1041.318565042616,4.8999999999999995,52.15604713747709,368.153175246907,12
442.8,7,1041.318565042616,4.8999999999999995,52.16024121469286,368.12190480875677,12
442.9,7,1041.1466650880725,4.8999999999999995,52.15894714122636,368.1213742721748,12
443.0,7,1041.1466650880725,5.6,52.1392359234997,368.2619977753062,12
443.1,7,1041.1466650880725,5.6,52.13281681540073,368.30609461765334,12
443.2,7,1041.1466650880725,5.6,52.1258221309148,368.3556870866439,12
443.3,7,1041.1466650880725,5.6,52.09151883552996,368.5999527005574,12
443.4,7,1041.1466650880725,5.6,52.0867890878206,368.63172642351776,12
443.5,7,1041.1466650880725,5.6,52.06710430673711,368.7709066395904,12
443.6,7,1041.1466650880725,5.6,52.06836381991025,368.76036814611837,12
443.7,7,1041.1466650880725,5.6,52.039124079422095,368.9679174690215,12
443.8,7,1041.1466650880725,5.6,52.03377931993741,369.00516552797797,12
443.9,7,1041.1466650880725,5.6,52.02165385193302,369.0908327382996,12
444.0,7,1041.1466650880725,5.6,52.005304745242995,369.2066378084874,12
444.1,7,1041.1466650880725,5.6,52.00106368251313,369.23538971186724,12
444.2,7,1041.1466650880725,5.6,51.98709098884767,369.33485507705575,12
444.3,7,1041.1466650880725,5.6,51.98304783529092,369.3627270750003,12
444.4,7,1041.1466650880725,5.6,52.019309074266815,369.11294325351184,12
444.5,7,1041.1466650880725,5.6,52.006113394055134,369.20623780669627,12
444.6,7,1041.1466650880725,5.6,51.836921859811696,370.39664554919227,12
444.7,7,1041.1466650880725,5.6,51.825477914188,370.4789054315934,12
444.8,7,1041.1466650880725,5.6,51.80619454978785,370.6171805029313,12
444.9,7,1041.1466650880725,5.6,51.84776768230985,370.3175797090721,12
445.0,7,1041.1466650880725,4.8999999999999995,51.847232935296475,370.3211852603885,12
445.1,7,1041.1466650880725,4.8999999999999995,51.82027222074968,370.51481722835285,12
445.2,7,1041.1466650880725,4.8999999999999995,51.830868173838944,370.43803133622333,12
445.3,7,1041.1466650880725,4.8999999999999995,51.8191589715602,370.52151803558604,12
445.4,7,1041.1466650880725,4.8999999999999995,51.8107820147939,370.58155431074965,12
445.5,7,1041.1466650880725,4.8999999999999995,51.8003196060487,370.65641277559143,12
445.6,7,1041.1466650880725,4.8999999999999995,51.79390080353778,370.70216537526665,12
445.7,7,1041.1466650880725,4.8999999999999995,51.78140822162679,370.79136438756154,12
445.8,7,1041.1466650880725,4.8999999999999995,51.76435594178118,370.9135647434728,12
445.9,7,1041.1466650880725,4.8999999999999995,51.779620179910694,370.8034311543686,12
446.0,7,1041.1466650880725,4.8999999999999995,51.76419143746791,370.91427757619584,12
446.1,7,1041.1466650880725,4.8999999999999995,51.74513143903718,371.0511504930124,12
446.2,7,1040.9765400515837,4.8999999999999995,51.60305920607878,372.0711509699771,12
446.3,7,1040.9765400515837,5.6,51.59814591673926,372.1065784996364,12
446.4,7,1040.9765400515837,5.6,51.57905139131314,372.24417079890173,12
446.5,7,1040.9765400515837,5.6,51.58571491061534,372.19611543909764,12
446.6,7,1040.9765400515837,5.6,51.554159714559155,372.4238786788698,12
446.7,7,1040.9765400515837,5.6,51.5423772015227,372.5090347272006,12
446.8,7,1040.9765400515837,5.6,51.551292554273346,372.44459197780964,12
446.9,7,1040.9765400515837,5.6,51.55044833728011,372.450697617983,12
447.0,7,1040.9765400515837,5.6,51.598997546411965,372.1004210222693,12
447.1,7,1040.9765400515837,5.6,51.57658240748961,372.2624609130022,12
447.2,7,1040.9765400515837,5.6,51.4393786535927,373.25667996302263,12
447.3,7,1040.9765400515837,5.6,51.29684483713886,374.29224483863277,12
447.4,7,1040.9765400515837,5.6,51.27182574784939,374.4751236921891,12
447.5,7,1040.9765400515837,5.6,51.27362255856359,374.4621519571484,12
447.6,7,1040.9765400515837,5.6,51.29503324330622,374.3056367571357,12
447.7,7,1040.9765400515837,5.6,51.27904008680288,374.42266920293525,12
447.8,7,1040.9765400515837,5.6,51.28304263277958,374.3935569528871,12
447.9,7,1040.9765400515837,5.6,51.296904074573746,374.29224192410015,12
448.0,7,1040.9765400515837,5.6,51.31373933439217,374.16934202762855,12
448.1,7,1040.9765400515837,5.6,51.2804359289386,374.41306767443893,12
448.2,7,1040.9765400515837,5.6,51.300592612001154,374.26575290043866,12
448.3,7,1040.9765400515837,5.6,51.31923817714706,374.1292514234707,12
448.4,7,1040.9765400515837,5.6,51.312560383700145,374.1781525998683,12
448.5,7,1040.9765400515837,5.6,51.30917389062746,374.20345135330905,12
448.6,7,1040.9765400515837,5.6,51.31582417094877,374.15497943406876,12
448.7,7,1040.9765400515837,5.6,51.30281351325995,374.25011185925706,12
448.8,7,1040.9765400515837,5.6,51.30670476766386,374.2221617974676,12
448.9,7,1040.9765400515837,5.6,51.31175791399438,374.18520275287824,12
449.0,7,1040.9765400515837,5.6,51.30182207433551,374.258081451704,12
449.1,7,1040.805226495625,5.6,51.29014746878883,374.3440035627193,12
449.2,7,1040.805226495625,6.3,51.28678171273303,374.3686928505151,12
449.3,7,1040.805226495625,6.3,51.293943532623054,374.3165568710718,12
449.4,7,1040.805226495625,6.3,51.3189932603167,374.13331314960703,12
449.5,7,1040.805226495625,6.3,51.30707250283943,374.21994953361514,12
449.6,7,1040.805226495625,6.3,51.10851917265572,375.6718919796018,12
449.7,7,1040.805226495625,6.3,51.11639374118812,375.61383689058005,12
449.8,7,1040.805226495625,6.3,51.071942652794185,375.94142118322486,12
449.9,7,1040.805226495625,6.3,50.86132277601031,377.49876485348824,12
450.0,7,1040.805226495625,6.3,50.85493094049919,377.54580039324026,12
450.1,7,1040.805226495625,6.3,50.84656884436945,377.6077976692649,12
450.2,7,1040.805226495625,6.3,50.85199149722041,377.5674983212971,12
450.3,7,1040.805226495625,6.3,50.84945865047923,377.58621162148484,12
450.4,7,1040.805226495625,6.3,50.83340824210677,377.7054212958863,12
450.5,7,1040.805226495625,6.3,50.800160230374324,377.9519312677693,12
450.6,7,1040.805226495625,6.3,50.849761779677834,377.58289131071444,12
450.7,7,1040.805226495625,6.3,50.85702443613778,377.528968965863,12
450.8,7,1040.805226495625,6.3,50.85196447418356,377.5665584986606,12
450.9,7,1040.805226495625,6.3,50.86247935003526,377.488537341834,12
451.0,7,1040.805226495625,6.3,50.84705355398425,377.6030892442328,12
451.1,7,1040.805226495625,6.3,50.84512607419113,377.6176001918292,12
451.2,7,1040.805226495625,6.3,50.82754148069455,377.7485982096705,12
451.3,7,1040.805226495625,5.6,50.83298394278576,377.7081262683195,12
451.4,7,1040.805226495625,5.6,50.833718146650625,377.7027730052867,12
451.5,7,1040.805226495625,5.6,50.624109359321274,379.26781485221113,12
451.6,7,1040.805226495625,5.6,50.60831337704354,379.38573110652067,12
451.7,7,1040.805226495625,5.6,50.61840206472211,379.310374607695,12
451.8,7,1040.805226495625,5.6,50.60865181167965,379.3832045874187,12
451.9,7,1040.805226495625,5.6,50.60566503575762,379.4051109911385,12
452.0,7,1040.805226495625,5.6,50.615952357101854,379.3280161839592,12
452.1,7,1040.805226495625,5.6,50.62591543001132,379.2532408043728,12
452.2,7,1040.805226495625,5.6,50.60811946129133,379.3862261208712,12
452.3,7,1040.805226495625,5.6,50.62039044163533,379.2943462918642,12
452.4,7,1040.805226495625,5.6,50.62086640895157,379.29080092351955,12
452.5,7,1040.805226495625,5.6,50.604636408058184,379.41205574159596,12
452.6,7,1040.805226495625,5.6,50.58763380693051,379.539473076323,12
452.7,7,1040.805226495625,5.6,50.594043426515526,379.4913861238458,12
452.8,7,1040.805226495625,5.6,50.58247094785817,379.57818193211665,12
452.9,7,1040.805226495625,5.6,50.5846403148191,379.56186959081856,12
453.0,7,1040.805226495625,5.6,50.59635999893925,379.47401995829813,12
453.1,7,1040.805226495625,5.6,50.59253733867601,379.5026519480298,12
453.2,7,1040.805226495625,5.6,50.58554655541097,379.55507071748787,12
453.3,7,1040.805226495625,5.6,50.57902145797495,379.60408351680644,12
453.4,7,1040.805226495625,5.6,50.57673701063494,379.6212303270679,12
453.5,7,1040.805226495625,5.6,50.5687585697855,379.6811425796401,12
453.6,7,1040.805226495625,5.6,50.56413662835648,379.7158918831094,12
453.7,7,1040.805226495625,5.6,50.54743965646409,379.84127188419563,12
453.8,7,1040.805226495625,5.6,50.619774562334,379.29912436084874,12
453.9,7,1040.805226495625,5.6,50.62590754358881,379.25297262718175,12
454.0,7,1040.805226495625,5.6,50.616843095519606,379.32081242091124,12
454.1,7,1040.805226495625,5.6,50.628115846434966,379.2360753822398,12
454.2,7,1040.805226495625,5.6,50.61911712176216,379.30362871571936,12
454.3,7,1040.805226495625,5.6,50.619422544529556,379.301193871535,12
454.4,7,1040.805226495625,5.6,50.771472374403444,378.16752249681815,12
454.5,7,1040.805226495625,5.6,50.74891415687486,378.3351999088484,12
454.6,7,1040.805226495625,5.6,50.73545750892052,378.43529079797236,12
454.7,7,1040.805226495625,5.6,50.71208738377979,378.609613872572,12
454.8,7,1040.805226495625,5.6,50.71792602196014,378.5663663679958,12
454.9,7,1040.805226495625,5.6,50.77979797468344,378.1084096356293,12
455.0,7,1040.805226495625,5.6,50.77589093445833,378.13779650099747,12
455.1,7,1040.805226495625,5.6,50.767592943569404,378.19963916765226,12
455.2,7,1040.805226495625,5.6,50.76725183377488,378.2025797736293,12
455.3,7,1040.805226495625,5.6,50.75457237606685,378.2967038163199,12
455.4,7,1040.805226495625,5.6,50.7425613946988,378.3862828829664,12
455.5,7,1040.805226495625,5.6,50.71239629634886,378.61052153119414,12
455.6,7,1040.805226495625,5.6,50.69352473179317,378.7519032539482,12
455.7,7,1040.6365416879541,5.6,50.51154794183114,380.1112161401137,12
455.8,7,1040.6365416879541,6.3,50.49839032358343,380.2102060023042,12
455.9,7,1040.6365416879541,6.3,50.48611322801242,380.30269292574303,12
456.0,7,1040.6365416879541,6.3,50.47595888224848,380.3793034707299,12
456.1,7,1040.6365416879541,5.6,50.54373432765615,379.86913741539024,12
456.2,7,1040.6365416879541,5.6,50.531464441202985,379.96130853114437,12
456.3,7,1040.6365416879541,5.6,50.52297471381975,380.0251293654687,12
456.4,7,1040.6365416879541,5.6,50.5274976584012,379.99114215428034,12
456.5,7,1040.6365416879541,5.6,50.2776228486597,381.889402951433,12
456.6,7,1040.6365416879541,5.6,50.2706315651338,381.94310391974705,12
456.7,7,1040.6365416879541,5.6,50.261782466714806,382.01031237816744,12
456.8,7,1040.6365416879541,5.6,50.269122706328865,381.9554664801375,12
456.9,7,1040.6365416879541,5.6,50.25136907650308,382.0858530418368,12
457.0,7,1040.6365416879541,5.6,50.25247426299887,382.07794478049084,12
457.1,7,1040.6365416879541,5.6,50.246547831578575,382.1237073967083,12
457.2,7,1040.6365416879541,5.6,50.23085823597648,382.24362396569563,12
457.3,7,1040.6365416879541,5.6,50.24529592188351,382.1353788435881,12
457.4,7,1040.6365416879541,5.6,50.23122493586141,382.24265910148006,12
457.5,7,1040.6365416879541,5.6,50.22175595897886,382.3153618181643,12
457.6,7,1040.6365416879541,4.8999999999999995,50.21139662781016,382.39414673172905,12
457.7,7,1040.6365416879541,4.8999999999999995,50.04384533116121,383.701059075387,12
457.8,7,1040.6365416879541,4.8999999999999995,50.03543407854965,383.76480156605453,12
457.9,7,1040.6365416879541,4.8999999999999995,50.039164369601906,383.73442212415307,12
458.0,7,1040.6365416879541,4.8999999999999995,50.04794704130205,383.6678154111852,12
458.1,7,1040.6365416879541,4.8999999999999995,50.04765904425386,383.66763657494124,12
458.2,7,1040.6365416879541,4.8999999999999995,50.068685959581984,383.5077315105806,12
458.3,7,1040.6365416879541,4.8999999999999995,50.081804108082466,383.40678077242615,12
458.4,7,1040.6365416879541,4.8999999999999995,50.099582478043274,383.2523088059238,12
458.5,7,1040.6365416879541,4.8999999999999995,50.108009912868496,383.18814910006586,12
458.6,7,1040.6365416879541,4.8999999999999995,50.191325358650275,382.544108811294,12
458.7,7,1040.6365416879541,4.8999999999999995,50.208682946007826,382.41189176817556,12
458.8,7,1040.6365416879541,4.8999999999999995,50.215914916379106,382.35669778254135,12
458.9,7,1040.6365416879541,4.8999999999999995,50.19698883388581,382.4994471930016,12
459.0,7,1040.6365416879541,4.8999999999999995,49.96834333685568,384.27215464786633,12
459.1,7,1040.6365416879541,4.8999999999999995,49.972375880548455,384.2414766503031,12
459.2,7,1040.6365416879541,4.8999999999999995,49.97862959716356,384.19293128105653,12
459.3,7,1040.6365416879541,4.8999999999999995,49.97054926506573,384.25505360597964,12
459.4,7,1040.4699358251198,4.8999999999999995,49.98217747129659,384.16744855561353,12
459.5,7,1040.4699358251198,5.6,49.980425128504606,384.17973225354774,12
459.6,7,1040.4699358251198,4.8999999999999995,49.9901480737099,384.10383806675605,12
459.7,7,1040.4699358251198,4.8999999999999995,49.99355698105792,384.07822146858757,12
459.8,7,1040.4699358251198,4.8999999999999995,49.993703963415804,384.07571497273364,12
459.9,7,1040.4699358251198,4.8999999999999995,50.014714567309106,383.91546352761,12
460.0,7,1040.4699358251198,4.8999999999999995,49.810849322157196,385.5193179445206,12
460.1,7,1040.4699358251198,4.8999999999999995,49.83340998540766,385.34780768305376,12
460.2,7,1040.4699358251198,4.8999999999999995,49.82612520157839,385.4012232217185,12
460.3,7,1040.4699358251198,4.8999999999999995,49.824004985332465,385.41751624108383,12
460.4,7,1040.4699358251198,4.8999999999999995,49.84642937876356,385.24456615269315,12
460.5,7,1040.4699358251198,4.8999999999999995,49.85615921960479,385.168371471029,12
460.6,7,1040.4699358251198,4.8999999999999995,49.84659781791612,385.24082438058315,12
460.7,7,1040.4699358251198,4.8999999999999995,49.84470797411066,385.25451141331456,12
460.8,8,1041.3016376538876,4.8999999999999995,49.87136005008866,385.05490686251824,12
460.9,7,1041.3016376538876,2.8,49.86678983939245,385.08737795159095,12
461.0,7,1041.3016376538876,4.8999999999999995,49.85733531865073,385.16096162776375,12
461.1,7,1041.3016376538876,4.8999999999999995,49.847879840545495,385.2321823516857,12
461.2,7,1041.3016376538876,4.8999999999999995,49.90427333693212,384.7806197802309,12
461.3,7,1041.3016376538876,4.8999999999999995,49.88572134145949,384.92203793408044,12
461.4,7,1041.3016376538876,4.8999999999999995,49.87214441125245,385.025601473007,12
461.5,7,1041.3016376538876,4.8999999999999995,49.85903602880535,385.1250341907255,12
461.6,7,1041.3016376538876,4.8999999999999995,49.8359530916518,385.30123761902206,12
461.7,7,1041.3016376538876,4.8999999999999995,49.82913079357109,385.35080257331254,12
461.8,7,1045.2175880021662,4.8999999999999995,49.82857731593526,385.35516389450083,13
461.9,7,1045.2175880021662,-100.0,49.79013071126831,385.6185959035552,13
462.0,7,1045.2175880021662,4.8999999999999995,49.78647386972233,385.64694296650043,13
462.1,7,1045.2175880021662,4.8999999999999995,49.773404402121045,385.7482380076742,13
462.2,7,1045.2175880021662,4.8999999999999995,49.761891573398714,385.83752723274864,13
462.3,7,1045.2175880021662,4.8999999999999995,49.759268431243136,385.85791902753414,13
462.4,7,1045.2175880021662,4.8999999999999995,49.73656122360051,386.0344222889914,13
462.5,8,1045.4531146056397,4.199999999999999,49.721967316435155,386.1479322532498,13
462.6,8,1045.4531146056397,3.5,49.715359697434835,386.199428319829,13
462.7,8,1045.4531146056397,3.5,49.7217301212912,386.15012280212096,13
462.8,8,1045.4531146056397,3.5,49.71541600537663,386.19950049979786,13
462.9,8,1045.4531146056397,3.5,49.711430334765126,386.23074761770977,13
463.0,8,1045.4531146056397,3.5,49.709043439717874,386.24930354599195,13
463.1,8,1045.4531146056397,3.5,49.69095397770569,386.39056472781243,13
463.2,8,1045.4531146056397,3.5,49.707375569756906,386.26292158352453,13
463.3,7,1045.2726409583547,3.5,49.735598689385455,386.0425474712611,13
463.4,7,1045.2726409583547,4.8999999999999995,49.802506477122094,385.5266109664088,13
463.5,7,1045.2726409583547,4.8999999999999995,49.80701311867364,385.491959523762,13
463.6,7,1045.2726409583547,4.8999999999999995,49.81184546196553,385.454821623046,13
463.7,7,1045.2726409583547,4.8999999999999995,49.831063693061125,385.3058180971559,13
463.8,7,1045.2726409583547,4.8999999999999995,49.82179814372953,385.3788591662362,13
463.9,7,1045.2726409583547,4.8999999999999995,49.822018152082215,385.37690062284526,13
464.0,7,1045.2726409583547,4.8999999999999995,49.824504925915576,385.35843443460305,13
464.1,7,1045.2726409583547,4.8999999999999995,49.81331372039886,385.4454612177302,13
464.2,7,1045.2726409583547,4.8999999999999995,49.816730304095216,385.41921966896575,13
464.3,7,1045.2726409583547,4.8999999999999995,49.825988205148136,385.34788887837453,13
464.4,7,1045.2726409583547,4.8999999999999995,49.818205250827894,385.4088463917255,13
464.5,9,1045.2726409583547,4.199999999999999,49.82405000104123,385.36415431528667,13
464.6,9,1045.2726409583547,4.800000000000001,49.820451913659085,385.3923753847172,13
464.7,9,1045.2726409583547,4.800000000000001,49.81579815658546,385.42820587683786,13
464.8,9,1045.2726409583547,4.800000000000001,49.81783656285164,385.41371133224254,13
464.9,9,1045.2726409583547,4.800000000000001,49.789416224844096,385.6369629088698,13
465.0,9,1045.2726409583547,4.800000000000001,49.776837761395946,385.73529248700197,13
465.1,9,1045.2726409583547,4.800000000000001,49.789237228036114,385.6403511399783,13
465.2,9,1045.2726409583547,4.800000000000001,49.78444338241263,385.6784811819697,13
465.3,9,1045.2726409583547,4.800000000000001,49.78197815616824,385.69865055156345,13
465.4,9,1045.2726409583547,4.800000000000001,49.79328304935025,385.6113753076736,13
465.5,9,1045.2726409583547,4.800000000000001,49.78369289094525,385.6859762880427,13
465.6,9,1045.2726409583547,4.800000000000001,49.773833978455976,385.76423613795396,13
465.7,8,1045.1269465704995,4.0,49.77231339089791,385.7770513965139,13
465.8,8,1045.1269465704995,4.199999999999999,49.76942719387354,385.80056999084974,13
465.9,8,1045.1269465704995,4.199999999999999,49.75024784306228,385.9520307471354,13
466.0,8,1045.1269465704995,4.199999999999999,49.793696894238494,385.6250328452371,13
466.1,8,1045.1269465704995,4.199999999999999,49.785409313188524,385.6920311143395,13
466.2,8,1045.1269465704995,4.199999999999999,49.783078741071435,385.71176951872445,13
466.3,8,1045.1269465704995,4.199999999999999,49.781419429014704,385.7258715941051,13
466.4,8,1045.1269465704995,4.199999999999999,49.78986479165121,385.66095073900976,13
466.5,8,1045.1269465704995,4.199999999999999,49.804112728444316,385.54952064238347,13
466.6,8,1045.1269465704995,4.199999999999999,49.79777278148714,385.60060002508783,13
466.7,8,1045.1269465704995,4.199999999999999,49.79136047023914,385.6510812313203,13
466.8,8,1045.1269465704995,4.199999999999999,49.79626362411163,385.61531143830626,13
466.9,8,1045.1269465704995,4.199999999999999,49.78083884952386,385.73921288173256,13
467.0,8,1045.1269465704995,4.199999999999999,49.781383739900036,385.73724806179746,13
467.1,8,1045.1269465704995,4.199999999999999,49.61483177892097,387.00805380594534,13
467.2,8,1045.1269465704995,4.199999999999999,49.53834006906264,387.6176080717073,13
467.3,8,1045.1269465704995,4.199999999999999,49.54041402304904,387.6046914408001,13
467.4,8,1045.1269465704995,4.199999999999999,49.55278652561193,387.5084700234761,13
467.5,8,1045.1269465704995,4.199999999999999,49.56645142831341,387.4030909572667,13
467.6,8,1045.1269465704995,4.199999999999999,49.56141209221212,387.44422683002944,13
467.7,8,1045.1269465704995,4.199999999999999,49.56545761720375,387.4135310215196,13
467.8,8,1045.1269465704995,4.199999999999999,49.57510561191236,387.3389444321589,13
467.9,8,1045.1269465704995,4.199999999999999,49.558493695107394,387.47201286166177,13
468.0,8,1045.1269465704995,4.199999999999999,49.47658322345566,388.1331816854615,13
468.1,8,1044.9482234800644,4.199999999999999,49.47207515147074,388.16913737226685,13
468.2,8,1044.9482234800644,4.8999999999999995,49.4813818152701,388.09743476949427,13
468.3,8,1044.9482234800644,4.8999999999999995,49.480113653528974,388.108100379906,13
468.4,8,1044.9482234800644,4.8999999999999995,49.49320927735737,388.0046220475327,13
468.5,8,1044.9482234800644,4.8999999999999995,49.50239361739314,387.9338835685839,13
468.6,8,1044.9482234800644,4.8999999999999995,49.509056844254616,387.88563161981347,13
468.7,8,1044.9482234800644,4.8999999999999995,49.506941289122935,387.90634573378577,13
468.8,8,1044.9482234800644,4.8999999999999995,49.49995111414624,387.96435110965444,13
468.9,8,1044.9482234800644,4.8999999999999995,49.49933381844205,387.9726078544335,13
469.0,8,1044.9482234800644,4.8999999999999995,49.5121975520933,387.8742569959844,13
469.1,8,1044.9482234800644,4.8999999999999995,49.5047729830343,387.9366998143853,13
469.2,8,1044.9482234800644,4.199999999999999,49.52168292614505,387.80387808023374,13
469.3,8,1044.9482234800644,4.199999999999999,49.527287248179555,387.76257235524486,13
469.4,8,1044.9482234800644,4.199999999999999,49.538838447592475,387.67271755514486,13
469.5,8,1044.9482234800644,4.199999999999999,49.54623317070522,387.6165300318634,13
469.6,8,1044.9482234800644,4.199999999999999,49.54967708136928,387.5938672991907,13
469.7,8,1044.9482234800644,4.199999999999999,49.565048176742266,387.4755064933937,13
469.8,8,1044.9482234800644,4.199999999999999,49.55995772224293,387.5186840725859,13
469.9,8,1044.9482234800644,4.199999999999999,49.55491225337876,387.560793084533,13
470.0,8,1044.9482234800644,4.199999999999999,49.55669063044317,387.54811471436506,13
470.1,8,1044.9482234800644,4.199999999999999,49.57091633581937,387.4399745873004,13
470.2,8,1044.9482234800644,4.199999999999999,49.59422587824984,387.2582052321276,13
470.3,8,1044.9482234800644,4.199999999999999,49.59504237083646,387.2543561143127,13
470.4,8,1044.9482234800644,4.199999999999999,49.60757723347339,387.1568207488348,13
470.5,8,1044.9482234800644,4.199999999999999,49.5129564249026,387.92441341969254,13
470.6,8,1044.9482234800644,4.199999999999999,49.5254738657173,387.8275888276452,13
470.7,8,1044.9482234800644,4.199999999999999,49.54168647120596,387.70194202924864,13
470.8,8,1044.7733776324478,4.199999999999999,49.56676580703939,387.5046601963859,13
470.9,8,1044.7733776324478,4.8999999999999995,49.57899361799518,387.40863331752234,13
471.0,8,1044.7733776324478,4.8999999999999995,49.609134754513356,387.16908085767034,13
471.1,8,1048.5713651572141,4.8999999999999995,49.64016153336759,386.92046025605384,14
471.2,8,1048.5713651572141,-100.0,49.651808728004006,386.8302987635061,14
471.3,8,1048.5713651572141,4.8999999999999995,49.67378944775594,386.6555924829375,14
471.4,8,1048.5713651572141,4.8999999999999995,49.88068872255683,385.0013243342785,14
471.5,8,1048.5713651572141,4.8999999999999995,49.90799956356502,384.78791061446884,14
471.6,8,1048.5713651572141,4.8999999999999995,50.046494951663846,383.6968807439465,14
471.7,8,1048.5713651572141,4.8999999999999995,50.0795880971154,383.43866803234675,14
471.8,8,1048.5713651572141,4.8999999999999995,49.96821921344614,384.31777517041917,14
471.9,8,1048.5713651572141,4.8999999999999995,49.98841609381387,384.15842347432107,14
472.0,8,1048.5713651572141,4.8999999999999995,50.01774550280153,383.929556759222,14
472.1,8,1048.5713651572141,4.8999999999999995,50.033170666673115,383.81041226258003,14
472.2,8,1048.5713651572141,4.8999999999999995,50.05834432736528,383.6154150331555,14
472.3,7,1048.5184293853847,4.8999999999999995,49.937037601909196,384.52518962511454,14
472.4,7,1048.3539916549846,4.199999999999999,49.93544695718562,384.53915604043766,14
472.5,7,1048.3539916549846,4.199999999999999,49.9349439287612,384.5449123025487,14
472.6,7,1048.3539916549846,4.199999999999999,49.94459601367638,384.4709624017373,14
472.7,7,1048.3539916549846,4.199999999999999,49.95866651946979,384.36297228603803,14
472.8,7,1048.3539916549846,4.199999999999999,49.83272068851103,385.3602112804124,14
472.9,9,1048.3539916549846,3.5,49.844757551565245,385.26756796809923,14
473.0,9,1048.3539916549846,4.0,49.85192462922916,385.2118009600615,14
473.1,9,1048.3539916549846,4.0,49.84365872259955,385.2812273441674,14
473.2,9,1048.3539916549846,4.0,49.84806312640677,385.2472633844881,14
473.3,9,1048.3539916549846,4.0,49.84745494958037,385.2512488213315,14
473.4,9,1048.3539916549846,4.0,49.684923592690716,386.476174855518,14
473.5,9,1048.3539916549846,4.0,49.67926003354512,386.5194883611691,14
473.6,9,1048.3539916549846,4.0,49.6783882311456,386.52914475797616,14
473.7,9,1048.3539916549846,4.0,49.68910768513098,386.443558011831,14
473.8,7,1048.3539916549846,4.0,49.71138320182965,386.2295211687278,14
473.9,9,1048.3539916549846,3.5,49.54311658816741,387.5461957713717,14
474.0,7,1048.3539916549846,4.0,49.53677060964363,387.59595575698785,14
474.1,8,1048.1777925912997,3.5,49.5279614089742,387.6650480141909,14
474.2,7,1048.1777925912997,4.8999999999999995,49.71039466689922,386.259082099955,14
474.3,7,1048.1777925912997,3.5,49.70492579976488,386.30089130295585,14
474.4,7,1048.1777925912997,3.5,49.69458825970534,386.38171339392636,14
474.5,7,1048.1777925912997,3.5,49.690393280357405,386.413456246663,14
474.6,9,1048.1777925912997,3.5,49.68211031420772,386.47884215460965,14
474.7,9,1048.1777925912997,4.0,49.68922362331334,386.4219984084878,14
474.8,9,1048.1777925912997,4.0,49.68938085102329,386.4202158909614,14
474.9,8,1048.1777925912997,4.0,49.522674408626216,387.74429119007414,14
475.0,8,1048.1777925912997,4.8999999999999995,49.690500916328844,386.4094717934966,14
475.1,8,1048.1777925912997,4.8999999999999995,49.68190153647283,386.47689677408096,14
475.2,8,1048.1777925912997,4.8999999999999995,49.66160218231991,386.6360083290094,14
475.3,8,1048.1777925912997,4.8999999999999995,49.65120748257496,386.717046075876,14
475.4,8,1048.1777925912997,4.8999999999999995,49.63466908015463,386.84757794369847,14
475.5,8,1048.1777925912997,4.8999999999999995,49.626229408498276,386.9129706930944,14
475.6,8,1048.1777925912997,4.8999999999999995,49.61267761393388,387.01822499782133,14
475.7,8,1048.1777925912997,4.8999999999999995,49.607137690887285,387.06200178587864,14
475.8,8,1048.1777925912997,4.8999999999999995,49.60751842491126,387.0592019104714,14
475.9,8,1048.1777925912997,4.8999999999999995,49.60712818476759,387.0602972532309,14
476.0,8,1051.9035893027494,4.8999999999999995,49.58433011178013,387.23990061591144,15
476.1,8,1051.9035893027494,-100.0,49.57460704892604,387.3161378357163,15
476.2,8,1051.9035893027494,4.8999999999999995,49.4655620111642,388.15942652083675,15
476.3,8,1051.9035893027494,4.8999999999999995,49.462707672323745,388.18051756413314,15
476.4,8,1051.9035893027494,4.8999999999999995,49.447644468058144,388.29848712198213,15
476.5,8,1051.9035893027494,4.8999999999999995,49.43393589437841,388.4062934504486,15
476.6,8,1051.9035893027494,4.8999999999999995,49.60160679114559,387.10904334709585,15
476.7,8,1051.7071535487225,4.8999999999999995,49.58771331166213,387.2175045643478,15
476.8,8,1051.7071535487225,5.6,49.57830079716537,387.2904952738398,15
476.9,8,1051.7071535487225,5.6,49.55237980218284,387.49384238619166,15
477.0,8,1051.7071535487225,5.6,49.55148690005005,387.4995136414483,15
477.1,8,1051.7071535487225,5.6,49.539629390131736,387.59061506606605,15
477.2,8,1051.7071535487225,5.6,49.53843570984584,387.5981041003924,15
477.3,8,1051.7071535487225,5.6,49.5161012955045,387.7717679071402,15
477.4,8,1051.7071535487225,5.6,49.48635557536845,388.0052086805345,15
477.5,8,1051.7071535487225,5.6,49.46963347497884,388.13619403419295,15
477.6,8,1051.7071535487225,5.6,49.45198220366494,388.2742491215779,15
477.7,8,1051.7071535487225,5.6,49.44455269736248,388.3317413718097,15
477.8,8,1051.7071535487225,5.6,49.44038516578596,388.36312165147217,15
477.9,8,1051.7071535487225,5.6,49.42164451717136,388.50939095516316,15
478.0,8,1051.7071535487225,5.6,49.42255657580132,388.5000492976216,15
478.1,8,1051.7071535487225,5.6,49.4144351145492,388.5635899488357,15
478.2,8,1055.3870111510776,5.6,49.40696737562524,388.6213581801379,16
478.3,8,1055.3870111510776,-100.0,49.40259562402173,388.65511494155874,16
478.4,8,1055.3870111510776,5.6,49.37273218500309,388.8905657052886,16
478.5,8,1055.3870111510776,5.6,49.36982121057174,388.9117348847319,16
478.6,8,1055.3870111510776,5.6,49.34674596787753,389.0936916019276,16
478.7,8,1055.3870111510776,5.6,49.35083515068055,389.05969997454207,16
478.8,8,1055.3870111510776,5.6,49.331371428292314,389.2128631060277,16
478.9,8,1055.3870111510776,5.6,49.320725768791874,389.29756608739,16
479.0,8,1055.3870111510776,5.6,49.307749347196236,389.4004168335475,16
479.1,8,1055.3870111510776,5.6,49.30601369106083,389.4132757471176,16
479.2,8,1055.3870111510776,5.6,49.29046763551375,389.53534427028774,16
479.3,8,1055.3870111510776,5.6,49.283882663632504,389.58709233982245,16
479.4,8,1055.3870111510776,5.6,49.27801702388024,389.6326336549925,16
479.5,8,1055.3870111510776,5.6,49.258096053885915,389.79103081775355,16
479.6,8,1055.3870111510776,5.6,49.22496319499872,390.054088215588,16
479.7,8,1055.3870111510776,5.6,49.21814609493608,390.1067476255372,16
479.8,8,1055.3870111510776,5.6,49.42338593575594,388.5123226667189,16
479.9,8,1055.3870111510776,5.6,49.38863895628173,388.7868856688506,16
480.0,8,1055.3870111510776,5.6,49.367755334321714,388.95284882205476,16
480.1,8,1055.3870111510776,5.6,49.35011005412916,389.09370802878027,16
480.2,8,1055.3870111510776,5.6,49.334296596626686,389.21754842244576,16
480.3,8,1055.3870111510776,5.6,49.285989979221995,389.6022852043825,16
480.4,8,1055.3870111510776,5.6,49.27014224860274,389.7277381934549,16
480.5,8,1055.3870111510776,5.6,49.24626626159021,389.9163613056511,16
480.6,8,1055.3870111510776,5.6,49.232081577014796,390.03092294370765,16
480.7,8,1055.1747653398652,5.6,49.164525825768294,390.74354792312056,16
480.8,8,1055.1747653398652,6.3,49.153335852534724,390.8288333179961,16
480.9,8,1055.1747653398652,6.3,49.13002854515214,391.0076163787912,16
481.0,8,1055.1747653398652,6.3,49.11318660519171,391.1332403997523,16
481.1,8,1055.1747653398652,6.3,49.0602970014692,391.5588702790021,16
481.2,8,1055.1747653398652,6.3,49.039250858339514,391.72276071745665,16
481.3,8,1055.1747653398652,6.3,49.027607565397595,391.751945376299,16
481.4,8,1055.1747653398652,6.3,48.99457128887482,392.01096214605576,16
481.5,8,1055.1747653398652,6.3,48.9770529016926,392.1468680192477,16
481.6,8,1055.1747653398652,6.3,48.96817903060661,392.1407683730366,16
481.7,8,1055.1747653398652,5.6,48.94386123996556,392.33422874057084,16
481.8,8,1055.1747653398652,5.6,48.935647394648456,392.39685707395313,16
481.9,8,1055.1747653398652,5.6,48.90371016168274,392.65445841619385,16
482.0,8,1055.1747653398652,5.6,48.90509868244913,392.62237103709094,16
482.1,8,1055.1747653398652,5.6,48.88869981917243,392.75302036193955,16
482.2,8,1055.1747653398652,5.6,48.881599464923255,392.8091322874345,16
482.3,8,1055.1747653398652,5.6,49.076114401200705,391.2337631559245,16
482.4,8,1055.1747653398652,5.6,49.08317417821972,391.17690106085325,16
482.5,8,1055.1747653398652,5.6,49.060982467377144,391.3541459668104,16
482.6,8,1055.1747653398652,5.6,49.040386640713606,391.51871550535714,16
482.7,8,1055.1747653398652,5.6,49.026705807725875,391.62843149882127,16
482.8,8,1055.1747653398652,5.6,49.02906009823674,391.6095286988889,16
482.9,8,1055.1747653398652,5.6,49.03478930461644,391.56414654249375,16
483.0,8,1055.1747653398652,5.6,49.0294480881549,391.6069138061995,16
483.1,8,1055.1747653398652,4.8999999999999995,49.02623552410905,391.6331376712444,16
483.2,8,1055.1747653398652,4.8999999999999995,49.02949795334983,391.6070988102209,16
483.3,8,1055.1747653398652,4.8999999999999995,49.03636405468227,391.5523799071277,16
483.4,8,1055.1747653398652,4.8999999999999995,49.02827030311359,391.6179876508696,16
483.5,8,1055.1747653398652,4.8999999999999995,49.0300088380274,391.6044664901674,16
483.6,8,1055.1747653398652,4.8999999999999995,49.03064028688034,391.59991253644023,16
483.7,8,1055.1747653398652,4.8999999999999995,49.03083295813498,391.5981171188381,16
483.8,8,1055.1747653398652,4.8999999999999995,49.03498150360254,391.5652090584501,16
483.9,8,1055.1747653398652,4.8999999999999995,49.041725959433464,391.51177664965223,16
484.0,8,1055.1747653398652,4.8999999999999995,49.03587980648091,391.559328974518,16
484.1,8,1055.1747653398652,4.8999999999999995,49.044090310685235,391.49412550825315,16
484.2,8,1055.1747653398652,4.8999999999999995,49.0283102464729,391.6208140536754,16
484.3,8,1055.1747653398652,4.8999999999999995,49.043884348503724,391.4967460682867,16
484.4,8,1054.9625834593844,4.8999999999999995,49.03866766382025,391.53991236222953,16
484.5,8,1054.9625834593844,5.6,49.04809044840215,391.46498025042115,16
484.6,8,1054.9625834593844,5.6,49.06328166657569,391.34445987006177,16
484.7,8,1054.9625834593844,5.6,49.233477468232955,389.98104842069984,16
484.8,8,1054.9625834593844,5.6,49.229780212641295,390.01088315254583,16
484.9,8,1054.9625834593844,5.6,49.2296360314773,390.01312266342256,16
485.0,8,1054.9625834593844,5.6,49.235547387549076,389.96728674534984,16
485.1,8,1054.9625834593844,5.6,49.24023531838513,389.9302717794934,16
485.2,8,1054.9625834593844,5.6,49.49502183793787,387.94821702421905,16
485.3,8,1054.9625834593844,5.6,49.502876148201835,387.8872140165887,16
485.4,8,1054.9625834593844,5.6,49.51042833657546,387.82927302148425,16
485.5,8,1054.9625834593844,5.6,49.509914812244496,387.8357881680249,16
485.6,8,1054.9625834593844,5.6,49.518027202248724,387.7726322489867,16
485.7,8,1054.9625834593844,5.6,49.52691825810921,387.7036274464919,16
485.8,8,1054.9625834593844,5.6,49.527648399968626,387.6988388049931,16
485.9,8,1054.9625834593844,5.6,49.537503066460076,387.62148366284885,16
486.0,8,1054.9625834593844,5.6,49.55359554264094,387.47076055873924,16
486.1,7,1054.8844349035282,4.199999999999999,49.54742125655774,387.52016628218826,16
486.2,7,1054.723570040968,4.8999999999999995,49.563861011751,387.39237464570783,16
486.3,7,1054.723570040968,4.8999999999999995,49.58234186583993,387.24832445851564,16
486.4,7,1054.723570040968,4.8999999999999995,49.58911803817217,387.1965325055713,16
486.5,7,1054.723570040968,4.8999999999999995,49.60529236879307,387.0720153309429,16
486.6,8,1054.723570040968,4.199999999999999,49.60490638452565,387.07803007357677,16
486.7,7,1054.723570040968,4.199999999999999,49.6225693324767,386.94202704690633,16
486.8,7,1054.723570040968,4.199999999999999,49.62957901216997,386.8898290198931,16
486.9,7,1054.723570040968,4.199999999999999,49.54799111057418,387.5409981101376,16
487.0,7,1054.723570040968,4.199999999999999,49.5594262771462,387.4541077824106,16
487.1,7,1054.723570040968,4.199999999999999,49.70541518428688,386.2990960564164,16
487.2,7,1054.723570040968,4.199999999999999,49.73062238751555,386.1048765343907,16
487.3,7,1054.723570040968,4.199999999999999,49.74064313617673,386.02777641462745,16
487.4,7,1054.723570040968,4.199999999999999,49.748165667971314,385.97127128825423,16
487.5,7,1054.723570040968,4.199999999999999,49.75613245358329,385.9112968036687,16
487.6,7,1054.723570040968,4.199999999999999,49.75903186596665,385.89172609336345,16
487.7,7,1054.723570040968,4.199999999999999,49.766704258018684,385.83446328601036,16
487.8,7,1054.723570040968,4.199999999999999,49.96443532208279,384.3385570694094,16
487.9,7,1054.5170137101527,4.199999999999999,49.97090069646404,384.29165954156275,16
488.0,7,1054.5170137101527,4.8999999999999995,49.97519471898255,384.2610356052778,16
488.1,7,1054.5170137101527,4.8999999999999995,49.959322850673715,384.38833336596934,16
488.2,7,1054.5170137101527,4.8999999999999995,49.96312702968895,384.3604731146107,16
488.3,7,1054.5170137101527,4.8999999999999995,49.96667273195572,384.3353392857556,16
488.4,7,1054.5170137101527,4.8999999999999995,49.97632846162464,384.262723346897,16
488.5,7,1054.5170137101527,4.8999999999999995,49.98376366359509,384.2051068658136,16
488.6,7,1054.5170137101527,4.8999999999999995,49.976953975656954,384.2597548735314,16
488.7,7,1054.5170137101527,4.8999999999999995,49.99251932531334,384.14150886530143,16
488.8,7,1054.5170137101527,4.8999999999999995,49.97685032803375,384.2645586232427,16
488.9,7,1054.5170137101527,4.8999999999999995,49.906607802040575,384.8231487666112,16
489.0,7,1054.5170137101527,4.8999999999999995,49.934093520582294,384.6093635042504,16
489.1,7,1054.5170137101527,4.8999999999999995,49.720886298137685,386.2110767387283,16
489.2,7,1054.5170137101527,4.8999999999999995,49.736608270642535,386.0897174524,16
489.3,7,1054.5170137101527,4.8999999999999995,49.764918411163364,385.86765752556954,16
489.4,7,1054.5170137101527,4.8999999999999995,49.773816289801736,385.7964339874221,16
489.5,7,1054.5170137101527,4.8999999999999995,49.76395558063632,385.8757710532634,16
489.6,7,1054.5170137101527,4.8999999999999995,49.75628637555276,385.93551442312037,16
489.7,7,1054.5170137101527,4.8999999999999995,49.76726922912644,385.84963334107533,16
489.8,7,1054.5170137101527,4.8999999999999995,49.775556465286186,385.7851689597561,16
489.9,7,1054.5170137101527,4.8999999999999995,49.91357660726672,384.69619257777754,16
490.0,7,1054.5170137101527,4.8999999999999995,49.9648307223875,384.354546107608,16
490.1,7,1054.5170137101527,4.8999999999999995,49.966543187369545,384.34212256839805,16
490.2,7,1054.5170137101527,4.8999999999999995,49.95354616274015,384.44476681571643,16
490.3,7,1054.5170137101527,4.8999999999999995,49.95417908817159,384.4403186754089,16
490.4,7,1054.5170137101527,4.8999999999999995,49.94801105646726,384.48776009249343,16
490.5,7,1054.5170137101527,4.8999999999999995,49.94598343060244,384.5036363037191,16
490.6,7,1054.5170137101527,4.8999999999999995,49.90358856456254,384.9951777399685,16
490.7,7,1054.5170137101527,4.8999999999999995,49.88959409180232,385.1038992199997,16
490.8,7,1054.5170137101527,4.8999999999999995,49.89688533962579,385.0458401687616,16
490.9,7,1054.5170137101527,4.8999999999999995,49.78271414353476,385.8924601597896,16
491.0,7,1054.5170137101527,4.8999999999999995,49.767904484899304,386.01324778700325,16
491.1,7,1054.5170137101527,4.8999999999999995,49.77021797965145,385.9945774781511,16
491.2,7,1054.5170137101527,4.8999999999999995,49.778544228351464,385.9259319949763,16
491.3,7,1054.5170137101527,4.8999999999999995,49.75396764902035,386.12208558346816,16
491.4,7,1054.5170137101527,4.199999999999999,49.76231968554878,386.0578170609625,16
491.5,7,1054.5170137101527,4.199999999999999,49.66348183781197,386.8671842965023,16
491.6,7,1054.5170137101527,4.199999999999999,49.67184613000491,386.80155955008104,16
491.7,7,1054.5170137101527,4.199999999999999,49.66065729678025,386.8917956428221,16
491.8,7,1054.5170137101527,4.199999999999999,49.663108159068486,386.8697280679158,16
491.9,7,1054.5170137101527,4.199999999999999,49.67896014308377,386.7432586218504,16
492.0,7,1054.5170137101527,4.199999999999999,49.57329463998282,387.51537932435167,16
492.1,7,1054.5170137101527,4.199999999999999,49.580419296660494,387.4554279173642,16
492.2,10,1054.5170137101527,4.199999999999999,49.70926326837953,386.40798647553345,16
492.3,7,1054.5170137101527,4.0,49.57367667872326,387.5107867199178,16
492.4,7,1054.5170137101527,4.199999999999999,49.74579602465829,386.23599227416526,16
492.5,7,1054.5170137101527,4.199999999999999,49.74045769621114,386.27349974517256,16
492.6,7,1054.5170137101527,4.199999999999999,49.73272680575988,386.3338125627505,16
492.7,7,1054.5170137101527,4.199999999999999,49.73621783935829,386.3038697324073,16
492.8,7,1054.5170137101527,4.199999999999999,49.736057205356616,386.300339393262,16
492.9,7,1054.3109558190718,4.199999999999999,49.723260384975006,386.4049498327962,16
493.0,9,1054.3109558190718,4.199999999999999,49.70696905366881,386.53810813234065,16
493.1,9,1054.3109558190718,3.2,49.70936981555596,386.51986725394937,16
493.2,9,1054.3109558190718,3.2,49.69883235185512,386.59592939311517,16
493.3,9,1054.3109558190718,3.2,49.6969821792361,386.60673247786593,16
493.4,8,1054.00644898171,3.2,49.68063817494358,386.73156367668423,16
493.5,8,1054.00644898171,3.5,49.6786409989768,386.7427346073707,16
493.6,7,1054.00644898171,3.5,49.68452310569176,386.6885030369048,16
493.7,7,1054.00644898171,4.199999999999999,49.673566218030246,386.77752613929846,16
493.8,7,1054.00644898171,4.199999999999999,49.681255272549876,386.71345569534844,16
493.9,7,1054.00644898171,4.199999999999999,49.685149795310664,386.68144923564256,16
494.0,7,1054.00644898171,4.199999999999999,49.57406460327729,387.50781367776665,16
494.1,7,1054.00644898171,4.199999999999999,49.57835171175229,387.4713135789465,16
494.2,7,1054.00644898171,4.199999999999999,49.58669983814019,387.39769517702064,16
494.3,7,1054.00644898171,4.199999999999999,49.59602034477735,387.32350244613167,16
494.4,7,1054.00644898171,4.199999999999999,49.57448069485585,387.4945309107239,16
494.5,7,1054.00644898171,4.199999999999999,49.57280846373839,387.5029692054672,16
494.6,10,1054.00644898171,4.199999999999999,49.56897673314717,387.529208493381,16
494.7,10,1054.00644898171,4.800000000000001,49.77547959202613,385.7944478915409,16
494.8,7,1054.00644898171,4.800000000000001,49.769631448416945,385.8376477163368,16
494.9,7,1054.00644898171,4.8999999999999995,49.761916618385776,385.895692042101,16
495.0,7,1054.00644898171,4.8999999999999995,49.75338288339056,385.9588922628948,16
495.1,7,1054.00644898171,4.8999999999999995,49.740242780923246,386.0623361584811,16
495.2,7,1054.00644898171,4.8999999999999995,49.86633892340658,385.06117639550564,16
495.3,7,1054.00644898171,4.8999999999999995,49.73075751679419,386.0956691154129,16
495.4,7,1054.00644898171,4.8999999999999995,49.72485415904791,386.14101612793365,16
495.5,7,1054.00644898171,4.8999999999999995,49.72842280946459,386.1110347306039,16
495.6,7,1054.00644898171,4.8999999999999995,49.71599435525954,386.2086084374662,16
495.7,7,1054.00644898171,4.8999999999999995,49.71339311121828,386.2273817437467,16
495.8,7,1054.00644898171,4.8999999999999995,49.6942594816985,386.37606978747647,16
495.9,7,1054.00644898171,4.8999999999999995,49.68644516724642,386.43733250795765,16
496.0,7,1054.00644898171,4.8999999999999995,49.68292511133335,386.4632639810261,16
496.1,7,1054.00644898171,4.8999999999999995,49.69078128925135,386.4006325473431,16
496.2,7,1054.00644898171,4.8999999999999995,49.708767225750385,386.2503883140711,16
496.3,7,1054.00644898171,4.8999999999999995,49.690993856958876,386.3886549946852,16
496.4,7,1054.00644898171,4.8999999999999995,49.545515734315316,387.52314123495637,16
496.5,7,1054.00644898171,4.8999999999999995,49.710561572585604,386.23765029246806,16
496.6,7,1054.00644898171,4.8999999999999995,49.71277565719252,386.220140396649,16
496.7,7,1054.00644898171,4.8999999999999995,49.70812791176279,386.25629753889854,16
496.8,7,1054.00644898171,4.8999999999999995,49.61876986061697,386.9552560034581,16
496.9,7,1054.00644898171,4.8999999999999995,49.600409244970606,387.09894886412906,16
497.0,7,1054.00644898171,4.8999999999999995,49.597271534027406,387.12357091891204,16
497.1,7,1054.00644898171,4.199999999999999,49.58507446790582,387.2191946525231,16
497.2,7,1054.00644898171,4.199999999999999,49.58922599163344,387.1871056243908,16
497.3,7,1054.00644898171,4.199999999999999,49.569865346790266,387.33904367649063,16
497.4,7,1054.00644898171,4.199999999999999,49.57132858245275,387.3275018002728,16
497.5,7,1054.00644898171,4.199999999999999,49.553090626201865,387.4710156856502,16
497.6,5,1046.7404066792863,4.199999999999999,49.372139761231495,388.8835836062967,16
497.7,5,1045.6240499111582,5.5,49.36377615043598,388.9496058381082,16
497.8,5,1045.6240499111582,5.5,49.357947556387145,388.99538987435693,16
497.9,5,1045.6240499111582,5.5,49.33824538526416,389.1508021767115,16
498.0,5,1045.6240499111582,5.5,49.317383933188665,389.3154682392553,16
498.1,5,1045.6240499111582,5.5,49.44107911349643,388.3421586112644,16
498.2,5,1045.6240499111582,5.5,49.4294994515964,388.4329559244567,16
498.3,5,1045.6240499111582,5.5,49.412399347749485,388.5673139706181,16
498.4,5,1045.6240499111582,5.5,49.41279495628733,388.56394566307995,16
498.5,5,1045.6240499111582,5.5,49.390757431586295,388.73708355263835,16
498.6,5,1045.6240499111582,5.5,49.38350776850741,388.7941824485099,16
498.7,5,1045.6240499111582,5.5,49.36847545100278,388.9123931507886,16
498.8,5,1044.2030386040576,5.5,49.48081413383385,388.03070992568075,16
498.9,5,1044.2030386040576,6.0,49.47535260047671,388.07365962714164,16
499.0,5,1044.2030386040576,6.0,49.47133661551146,388.10494911405203,16
499.1,5,1044.2030386040576,6.0,49.46106495872349,388.18571928741426,16
499.2,5,1044.2030386040576,6.0,49.44232418695523,388.3331061599382,16
499.3,5,1044.2030386040576,6.0,49.43133094554686,388.41944170114505,16
499.4,5,1044.2030386040576,6.0,49.421494536137345,388.49686076297155,16
499.5,5,1044.2030386040576,6.0,49.39639628841784,388.6940994873071,16
499.6,5,1044.2030386040576,6.0,49.28717923252359,389.559581543141,16
499.7,5,1044.2030386040576,6.0,49.282924367933646,389.5928179732018,16
499.8,5,1044.2030386040576,6.0,49.26197630104104,389.7587703383981,16
499.9,5,1044.2030386040576,6.0,49.246781998784684,389.8783550420486,16
500.0,5,1044.2030386040576,6.0,49.227449326958435,390.0316546902574,16
500.1,5,1044.2030386040576,6.0,49.20748507542641,390.19015632780855,16
500.2,5,1044.2030386040576,6.0,49.186706652417286,390.3550085368945,16
500.3,5,1044.2030386040576,6.0,49.16888992541098,390.4970952149939,16
500.4,5,1044.2030386040576,6.0,49.159890785090795,390.56834661465143,16
500.5,5,1044.2030386040576,6.0,49.1400817343867,390.7257565285,16
500.6,5,1044.2030386040576,6.0,49.22470086485794,390.04914287982194,16
500.7,5,1044.2030386040576,6.0,49.194356110738454,390.2897127762452,16
500.8,5,1044.2030386040576,6.0,49.17474690148863,390.4452469199765,16
500.9,5,1044.2030386040576,6.0,49.156434482355536,390.5906709478455,16
501.0,5,1044.2030386040576,6.0,49.11736756249051,390.90161086981277,16
501.1,5,1044.2030386040576,6.0,49.07427081370676,391.24547035261503,16
501.2,5,1044.2030386040576,6.0,49.13374136936239,390.770219048664,16
501.3,5,1044.2030386040576,6.0,49.2355162270208,389.96619600732566,16
501.4,5,1044.2030386040576,6.0,49.191381178631985,390.3170264955408,16
501.5,5,1044.2030386040576,6.0,49.16040296615182,390.5642318026098,16
501.6,5,1044.2030386040576,6.0,49.12356336774896,390.8577860111477,16
501.7,5,1044.2030386040576,6.0,49.08261220440164,391.1848907363036,16
501.8,5,1044.2030386040576,6.0,48.89691070618467,392.66394465605896,16
501.9,5,1044.2030386040576,6.0,48.875397547819745,392.8369703539705,16
502.0,5,1044.2030386040576,6.0,48.84331402326782,393.0954542265555,16
502.1,5,1044.2030386040576,6.0,48.773327636574976,393.7774818444657,16
502.2,5,1044.2030386040576,6.0,48.73749299193686,394.0707233848645,16
502.3,5,1044.2030386040576,6.0,48.71048456632334,394.2944515424752,16
502.4,5,1044.2030386040576,6.0,48.679917027445335,394.54300900496514,16
502.5,5,1044.2030386040576,6.0,48.64659674391342,394.81495921322403,16
502.6,5,1044.2030386040576,6.0,48.618915128970436,395.03956625615274,16
502.7,5,1044.2030386040576,6.0,48.431749288616786,396.44139437241006,16
502.8,5,1044.2030386040576,6.0,48.40472932996212,396.6628065038587,16
502.9,5,1044.2030386040576,6.0,48.37443095480449,396.91174184330794,16
503.0,5,1044.2030386040576,6.0,48.35185597894672,397.09644955886995,16
503.1,5,1044.2030386040576,6.0,48.321687327297525,397.3445668852374,16
503.2,5,1044.2030386040576,6.0,48.479651174454176,396.0695910997697,16
503.3,5,1044.2030386040576,6.0,48.37163318674519,396.96609719051173,16
503.4,5,1044.2030386040576,6.0,48.34130102354486,397.2146467020873,16
503.5,5,1044.2030386040576,6.0,48.3201721090784,397.3869294073539,16
503.6,5,1044.2030386040576,6.0,48.297050654715505,397.57641289257043,16
503.7,5,1044.2030386040576,6.0,48.27444185850466,397.7620827381249,16
503.8,5,1044.2030386040576,6.0,48.34848375155695,397.1393255384769,16
503.9,5,1044.2030386040576,6.0,48.325779397764734,397.3254382566099,16
504.0,5,1044.2030386040576,6.0,48.313164611104455,397.42908613931564,16
504.1,5,1044.2030386040576,6.0,48.29460678201654,397.58208117364586,16
504.2,5,1044.2030386040576,6.0,48.27841008675492,397.71514784001624,16
504.3,5,1044.2030386040576,6.0,48.26211629220845,397.8490145512633,16
504.4,5,1044.2030386040576,6.0,48.23947994520725,398.0351945204866,16
504.5,5,1044.2030386040576,6.0,48.23113856293014,398.103559063038,16
504.6,5,1044.2030386040576,6.0,48.221089297836244,398.1854179022098,16
504.7,5,1044.2030386040576,6.0,48.05791040826479,399.559334652451,16
504.8,5,1044.2030386040576,6.0,48.036798465284264,399.73404167368244,16
504.9,5,1044.2030386040576,6.0,48.032306872562195,399.77160818013823,16
505.0,5,1044.2030386040576,6.0,48.02636094271426,399.821699352048,16
505.1,5,1044.2030386040576,6.0,48.01397905846217,399.92682084778005,16
505.2,5,1044.2030386040576,6.0,48.01028524850973,399.95734573934715,16
505.3,5,1044.2030386040576,6.0,48.0037751201705,400.0117109421692,16
505.4,5,1044.2030386040576,6.0,48.01388534220313,399.92693398875076,16
505.5,5,1044.2030386040576,6.0,47.99234076059881,400.10908517808485,16
505.6,5,1044.2030386040576,6.0,48.000897530701636,400.0384540540745,16
505.7,5,1044.2030386040576,6.0,48.130589602346255,398.98533852686603,16
505.8,5,1044.2030386040576,6.0,48.128547972986055,399.00447241118763,16
505.9,5,1044.2030386040576,6.0,48.13945521260143,398.9150860503155,16
506.0,5,1044.2030386040576,6.0,47.99319834862257,400.17035690449904,16
506.1,5,1042.7903686795864,6.0,47.98326396125783,400.2567864768884,16
506.2,5,1042.7903686795864,6.5,48.00186859714624,400.1028436591205,16
506.3,5,1042.7903686795864,6.5,47.99987334900456,400.12225885191936,16
506.4,5,1042.7903686795864,6.5,48.002627973674464,400.10502641301605,16
506.5,5,1042.7903686795864,6.5,47.88536467502543,401.05195832237064,16
506.6,5,1042.7903686795864,6.5,47.99383310543982,400.12820713035586,16
506.7,5,1042.7903686795864,6.5,48.00244102539163,400.06357058480694,16
506.8,5,1042.7903686795864,6.5,48.00870721462991,400.016413715165,16
506.9,5,1042.7903686795864,6.5,48.01236668031852,399.99393602046666,16
507.0,5,1042.7903686795864,6.5,48.03295285791475,399.8279755055513,16
507.1,5,1042.7903686795864,6.5,48.04440771214669,399.7430234735708,16
507.2,5,1042.7903686795864,6.5,48.06204896707497,399.60402200138503,16
507.3,5,1042.7903686795864,6.5,48.08005604251737,399.46166996055894,16
507.4,5,1042.7903686795864,6.5,47.93610538226643,400.62459275655516,16
507.5,5,1042.7903686795864,6.5,47.93961132713328,400.605669105347,16
507.6,5,1042.7903686795864,6.5,47.94924537300905,400.53399339164434,16
507.7,5,1042.7903686795864,6.5,47.97695760497608,400.3087348588548,16
507.8,5,1042.7903686795864,6.5,47.856805381020976,401.370435748991,16
507.9,5,1042.7903686795864,6.5,47.87765085675589,401.2002259116721,16
508.0,5,1042.7903686795864,6.5,47.89806878474104,401.03875054898714,16
508.1,5,1042.7903686795864,6.5,48.039906525054874,399.91655606839055,16
508.2,5,1042.7903686795864,6.5,48.071081317071275,399.66621862732256,16
508.3,5,1042.7903686795864,6.0,48.089478800250745,399.520473923154,16
508.4,5,1042.7903686795864,6.0,48.10742168211219,399.38071763515484,16
508.5,5,1042.7903686795864,6.0,48.12024386274391,399.27927531278317,16
508.6,5,1042.7903686795864,6.0,48.13343576851727,399.1749962583591,16
508.7,5,1042.7903686795864,6.0,47.98082273502749,400.5469680372526,16
508.8,5,1042.7903686795864,6.0,47.98950076275388,400.4859563103949,16
508.9,5,1042.7903686795864,6.0,48.00807356487472,400.33526869292,16
509.0,5,1042.7903686795864,6.0,48.02995253848,400.1686674743323,16
509.1,5,1042.7903686795864,6.0,48.04225869000142,400.08067075040583,16
509.2,5,1042.7903686795864,6.0,48.06594435272033,399.8882848571018,16
509.3,5,1042.7903686795864,6.0,48.15969797990867,399.0717155849036,16
509.4,5,1042.7903686795864,6.0,48.17269408082203,398.9742467140767,16
509.5,5,1042.7903686795864,6.0,48.1795003824203,398.9280845372448,16
509.6,5,1042.7903686795864,6.0,48.19632764981639,398.79128932161075,16
509.7,5,1042.7903686795864,6.0,48.21356680126429,398.6575902094602,16
509.8,5,1042.7903686795864,6.0,48.23070796022324,398.519829667212,16
509.9,5,1042.7903686795864,6.0,48.22362591855524,398.5933102732893,16
510.0,5,1042.7903686795864,6.0,48.23731563811748,398.4827127489815,16
510.1,5,1042.7903686795864,6.0,48.247348038598574,398.4165646963071,16
510.2,5,1042.7903686795864,6.0,48.24929888856336,398.40528603209924,16
510.3,5,1042.7903686795864,6.0,48.084877013067626,399.68945488599206,16
510.4,5,1042.7903686795864,6.0,48.10159653860342,399.5522660876226,16
510.5,5,1042.7903686795864,6.0,48.09910359015039,399.58555557480435,16
510.6,5,1042.7903686795864,6.0,48.21729908831036,398.6747735089899,16
510.7,5,1042.7903686795864,6.0,48.21240733774258,398.7268704123547,16
510.8,5,1042.7903686795864,6.0,48.01354550314832,400.5192228704814,16
510.9,5,1042.7903686795864,6.0,48.01765080486501,400.5009157132181,16
511.0,5,1042.7903686795864,6.0,48.01474961275125,400.5273835309722,16
511.1,5,1042.7903686795864,6.0,48.02061713220232,400.4910456687195,16
511.2,5,1042.7903686795864,6.0,48.02875367390598,400.4316671617913,16
511.3,5,1042.7903686795864,6.0,48.03543584675584,400.3859152373702,16
511.4,5,1042.7903686795864,6.0,48.04521236427576,400.3067441053006,16
511.5,5,1042.7903686795864,6.0,48.05135304179492,400.25895200194174,16
511.6,5,1042.7903686795864,6.0,48.08978246864765,400.02282607992305,16
511.7,5,1042.7903686795864,6.0,48.077803390665856,400.1329260445874,16
511.8,5,1042.7903686795864,6.0,47.9009764648591,401.5040460378214,16
511.9,5,1042.7903686795864,6.0,47.9054615512523,401.46058077225075,16
512.0,5,1042.7903686795864,6.0,47.89669619125675,401.54878214122357,16
512.1,5,1042.7903686795864,6.0,47.91008709981995,401.4325281757011,16
512.2,5,1042.7903686795864,6.0,47.89640169356608,401.56376160767985,16
512.3,5,1042.7903686795864,6.0,47.89582113818982,401.5747928701185,16
512.4,5,1042.7903686795864,6.0,47.8929533023213,401.61236635928424,16
512.5,5,1042.7903686795864,6.0,47.893676055139245,401.5969596733458,16
512.6,5,1042.7903686795864,6.0,47.71212112590135,403.016659678936,16
512.7,5,1042.7903686795864,6.0,47.7243127477387,402.9040925890354,16
512.8,5,1042.7903686795864,5.5,47.82311697939102,402.13434155697274,16
512.9,5,1042.7903686795864,5.5,47.82311515081881,402.1300621665968,16
513.0,5,1042.7903686795864,5.5,47.815921999953105,402.1879100864086,16
513.1,5,1042.7903686795864,5.5,47.807451097095935,402.2432476586068,16
513.2,5,1042.7903686795864,5.5,47.521817432562756,404.86388085456673,16
513.3,5,1042.7903686795864,5.5,47.51259415186348,404.93107618462864,16
513.4,5,1042.7903686795864,5.5,47.4970233002701,405.0530601147801,16
513.5,5,1042.7903686795864,5.5,47.48725061842083,405.132224628668,16
513.6,5,1042.7903686795864,5.5,47.45513021680004,405.4020035713645,16
513.7,5,1042.7903686795864,5.5,47.44484239072691,405.4806911253727,16
513.8,5,1041.3906827705612,5.5,47.42145515042772,405.56813891051036,16
513.9,5,1041.3906827705612,6.0,47.41985121427932,405.57416039010093,16
514.0,5,1041.3906827705612,6.0,47.39879764389979,405.74076995897747,16
514.1,5,1041.3906827705612,6.0,47.459026289181644,405.16595900554034,16
514.2,5,1041.3906827705612,6.0,47.43855984890724,405.3262728463428,16
514.3,5,1041.3906827705612,6.0,47.43172971056825,405.3676433393549,16
514.4,5,1041.3906827705612,6.0,47.41639806768404,405.47377104873044,16
514.5,5,1041.3906827705612,6.0,47.39488500619937,405.6599397304615,16
514.6,5,1041.3906827705612,6.0,47.391030256750994,405.6726530972504,16
514.7,5,1041.3906827705612,6.0,47.38222879870543,405.74044846176344,16
514.8,5,1041.3906827705612,6.0,47.370583681047535,405.82964489134383,16
514.9,5,1041.3906827705612,6.0,47.3403435274479,406.0787844380072,16
515.0,5,1041.3906827705612,6.0,47.45514711062285,405.161580912565,16
515.1,5,1041.3906827705612,6.0,47.4444843029934,405.2411916434397,16
515.2,5,1041.3906827705612,6.0,47.43785609947327,405.2872141644713,16
515.3,5,1041.3906827705612,6.0,47.436258183792454,405.28500855609013,16
515.4,5,1041.3906827705612,6.0,47.42357061737283,405.3773692964252,16
515.5,5,1041.3906827705612,6.0,47.429733511819364,405.3053241815969,16
515.6,5,1041.3906827705612,6.0,47.41749516846232,405.39735884730175,16
515.7,5,1041.3906827705612,5.5,47.395595703110885,405.57684894791885,16
515.8,5,1041.3906827705612,5.5,47.39950629593974,405.52283386669416,16
515.9,5,1041.3906827705612,5.5,47.283407708215535,406.4480418589512,16
516.0,5,1041.3906827705612,5.5,47.28535256217259,406.4213551354497,16
516.1,5,1041.3906827705612,5.5,47.27837162908986,406.46660690913234,16
516.2,5,1041.3906827705612,5.5,47.2774171410829,406.45776566826055,16
516.3,5,1041.3906827705612,5.5,47.27911504066134,406.43415573796517,16
516.4,5,1041.3906827705612,5.5,47.28180658566443,406.39896702100225,16
516.5,5,1041.3906827705612,5.5,47.32853093703663,405.9654333641939,16
516.6,5,1041.3906827705612,5.5,47.33881678601729,405.86820855870997,16
516.7,5,1041.3906827705612,5.5,47.335685383664355,405.8915030524431,16
516.8,5,1041.3906827705612,5.5,47.3755412135818,405.4281560567672,16
516.9,5,1039.999098638908,5.5,47.3742888162145,405.43037426155536,16
517.0,5,1039.999098638908,6.0,47.22108906710755,406.6954036799432,16
517.1,5,1039.999098638908,6.0,47.22576382190345,406.64697596009717,16
517.2,5,1039.999098638908,6.0,47.23180716979343,406.58853518211447,16
517.3,5,1039.999098638908,6.0,47.22900518400414,406.60757543930356,16
517.4,5,1039.999098638908,6.0,47.06544493841605,408.06121156230444,16
517.5,5,1039.999098638908,6.0,47.070453848704005,408.0126128305696,16
517.6,5,1039.999098638908,6.0,47.17511143812741,407.1359645393909,16
517.7,5,1039.999098638908,6.0,47.186244584881834,407.032652734405,16
517.8,5,1039.999098638908,6.0,47.187714641395395,407.0102024195338,16
517.9,5,1039.999098638908,6.0,47.19290723283765,406.9583285739768,16
518.0,5,1039.999098638908,6.0,47.23795926076217,406.5502805947815,16
518.1,5,1039.999098638908,6.0,47.23597951122943,406.5616433806349,16
518.2,5,1039.999098638908,6.0,47.217328604596304,406.7174406006943,16
518.3,5,1039.999098638908,6.0,47.198990862066836,406.8916439729475,16
518.4,5,1039.999098638908,5.5,47.1880825838898,406.982660990514,16
518.5,5,1039.999098638908,5.5,47.18239295582805,407.02538939846164,16
518.6,5,1039.999098638908,5.5,47.173631903746795,407.0930093152384,16
518.7,5,1039.999098638908,5.5,47.16998444895955,407.12313857207295,16
518.8,5,1039.999098638908,5.5,47.170622868218075,407.1102271139702,16
518.9,5,1039.999098638908,5.5,47.15890175563963,407.2062685800014,16
519.0,5,1039.999098638908,5.5,47.15702165910554,407.218432853576,16
519.1,5,1039.999098638908,5.5,47.16531192391542,407.1419707531909,16
519.2,5,1039.999098638908,5.5,47.16927660289235,407.10269976714363,16
519.3,5,1039.999098638908,5.5,47.171933534597,407.0756186092624,16
519.4,5,1039.999098638908,5.5,47.18442992583796,406.96111902362185,16
519.5,5,1039.999098638908,5.5,47.19820240345206,406.8392528321489,16
519.6,5,1039.999098638908,5.5,47.201685536555075,406.80454249964157,16
519.7,5,1039.999098638908,5.5,47.20986086761398,406.72913426526895,16
519.8,5,1039.999098638908,5.5,47.21689323377284,406.6643721360423,16
519.9,5,1039.999098638908,5.5,47.2236839148429,406.6023150688807,16
520.0,5,1039.999098638908,5.5,47.23435535613028,406.50634279405926,16
520.1,5,1039.999098638908,5.5,47.243527979979106,406.42365944396624,16
520.2,5,1039.999098638908,5.5,47.25234908897483,406.3445813341781,16
520.3,5,1039.999098638908,5.0,47.265487772473755,406.2292205369231,16
520.4,5,1039.999098638908,5.0,47.27877184252891,406.1119415613929,16
520.5,5,1038.6163896678993,5.0,47.31599056548518,405.78794692614474,16
520.6,5,1038.6163896678993,5.5,47.326448147197056,405.69722634087657,16
520.7,5,1038.6163896678993,5.5,47.342911975926015,405.55467284695897,16
520.8,5,1038.6163896678993,5.5,47.365549162283045,405.35956595174855,16
520.9,5,1038.6163896678993,5.5,47.37844478325141,405.2486040284275,16
521.0,5,1038.6163896678993,5.5,47.39889166864791,405.07318588758307,16
521.1,5,1038.6163896678993,5.5,47.42869363025325,404.82262149532437,16
521.2,5,1038.6163896678993,5.5,47.44372368887664,404.6955290117554,16
521.3,5,1038.6163896678993,5.5,47.260974011581006,406.281270746873,16
521.4,5,1038.6163896678993,5.5,47.29175665140434,406.02162588645194,16
521.5,5,1038.6163896678993,5.5,47.30883969713864,405.8795322128658,16
521.6,5,1038.6163896678993,5.5,47.32363943830532,405.7535634523825,16
521.7,5,1038.6163896678993,5.5,47.336986055571046,405.64352497793755,16
521.8,7,1039.0075917507324,5.0,47.35290338084086,405.5099951177316,16
521.9,7,1039.0075917507324,5.6,47.35459015220894,405.4982379630642,16
522.0,7,1039.0075917507324,5.6,47.377297385894046,405.3080903061272,16
522.1,7,1039.0075917507324,5.6,47.39078075536944,405.1980544279269,16
522.2,7,1039.0075917507324,5.6,47.39891568476075,405.1319720232283,16
522.3,7,1039.0075917507324,5.6,47.428543111704045,404.9181176456164,16
522.4,7,1039.0075917507324,5.6,47.449614530040115,404.74521172166294,16
522.5,7,1039.0075917507324,5.6,47.45506402921495,404.70224981399025,16
522.6,7,1039.0075917507324,5.6,47.47420567343707,404.54348461718723,16
522.7,7,1039.0075917507324,5.6,47.48333462564984,404.4690482897197,16
522.8,7,1039.0075917507324,5.6,47.49825537848393,404.34759778781995,16
522.9,7,1039.0075917507324,5.6,47.51943373443446,404.1715022883593,16
523.0,7,1039.0075917507324,5.6,47.54468607974574,403.96440988116206,16
523.1,7,1039.0075917507324,5.6,47.5562905716681,403.870449556024,16
523.2,5,1039.0075917507324,5.6,47.580660954131424,403.6699396284189,16
523.3,5,1039.0075917507324,5.0,47.59992854606188,403.5111661036267,16
523.4,5,1039.0075917507324,5.0,47.61920168624788,403.3496750808802,16
523.5,5,1039.0075917507324,5.0,47.605624313692985,403.3848132713633,16
523.6,5,1039.0075917507324,5.0,47.61893610122117,403.2736339195653,16
523.7,5,1039.0075917507324,5.0,47.636000074715476,403.13072112318537,16
523.8,5,1039.0075917507324,5.0,47.67581975103593,402.8034105310885,16
523.9,5,1039.0075917507324,5.0,47.700017395765514,402.6017932905452,16
524.0,5,1039.0075917507324,5.0,47.724784052913094,402.39499503999593,16
524.1,5,1039.0075917507324,5.0,47.73565222422677,402.30320490574127,16
524.2,5,1037.640003603072,5.0,47.61988582668114,403.3271247232883,16
524.3,5,1037.640003603072,5.5,47.64795336312025,403.09700189622896,16
524.4,5,1037.640003603072,5.5,47.663818708735676,402.96343600849514,16
524.5,5,1037.640003603072,5.5,47.6897023628015,402.7484868268043,16
524.6,5,1037.640003603072,5.5,47.71112567281169,402.5733836074166,16
524.7,7,1037.640003603072,5.0,47.72869167328915,402.42624831788794,16
524.8,5,1037.640003603072,5.6,47.749762975910706,402.25425799362176,16
524.9,5,1037.640003603072,5.0,47.77623109793106,402.03348915301956,16
525.0,5,1037.640003603072,5.0,47.78644174469437,401.95105169342196,16
525.1,5,1037.640003603072,5.0,47.81695410773735,401.70045971485087,16
525.2,5,1037.640003603072,5.0,47.829458182075015,401.59872347704436,16
525.3,5,1037.640003603072,5.0,47.843563169584414,401.47715619820923,16
525.4,5,1037.640003603072,5.0,47.87267578686758,401.24191360279724,16
525.5,5,1037.640003603072,5.0,47.709714523060526,402.69104475533453,16
525.6,5,1037.640003603072,5.0,47.726943629659885,402.5448406858184,16
525.7,5,1037.640003603072,5.0,47.758402405892575,402.28879111113764,16
525.8,5,1037.640003603072,5.0,47.76261347627375,402.2520437674051,16
525.9,5,1037.640003603072,5.0,47.90883251082958,400.9797982097476,16
526.0,5,1037.640003603072,5.0,47.9267582904096,400.8367281051036,16
526.1,5,1037.640003603072,5.0,47.94372313098269,400.69593242092424,16
526.2,5,1037.640003603072,5.0,47.95421821600115,400.6123327335007,16
526.3,5,1037.640003603072,5.0,47.97356391235516,400.45637113578846,16
526.4,5,1037.640003603072,5.0,47.99250797392888,400.301705655932,16
526.5,5,1037.640003603072,5.0,48.00088974756522,400.23443891677186,16
526.6,5,1037.640003603072,5.0,48.02628385433408,400.03153126823446,16
526.7,5,1037.640003603072,5.0,48.02568904787688,400.035984397789,16
526.8,5,1037.640003603072,5.0,48.043711082151546,399.8933883741853,16
526.9,5,1037.640003603072,5.0,48.050084932990266,399.8473109473123,16
527.0,7,1037.640003603072,4.5,48.0490554158455,399.86318187656116,16
527.1,7,1037.640003603072,5.6,48.06907109851214,399.70294878654056,16
527.2,7,1037.640003603072,5.6,48.075299919779994,399.6584666274541,16
527.3,7,1037.640003603072,5.6,48.08237351198203,399.6056760538272,16
527.4,7,1037.640003603072,5.6,48.090333852029225,399.5480350575103,16
527.5,7,1037.640003603072,5.6,48.098508591077646,399.48701204113763,16
527.6,7,1037.640003603072,5.6,48.10397618348469,399.4466802702521,16
527.7,7,1037.640003603072,5.6,48.09947971240585,399.48871951438616,16
527.8,7,1037.640003603072,5.6,48.10893312856208,399.41763767504597,16
527.9,7,1037.640003603072,5.6,48.1273524631716,399.2740470972662,16
528.0,7,1037.640003603072,5.6,48.14087377628041,399.17470502473043,16
528.1,7,1037.640003603072,5.6,48.238848843466826,398.3219135828298,16
528.2,7,1037.640003603072,5.6,48.243436850706814,398.29522593525354,16
528.3,7,1037.640003603072,5.6,48.23704440383037,398.3561074499936,16
528.4,7,1037.640003603072,5.6,48.2394479768154,398.3427427815259,16
528.5,7,1037.640003603072,5.6,48.24987507183954,398.2680646817773,16
528.6,7,1037.640003603072,5.6,48.26389577627565,398.16108434313776,16
528.7,7,1037.640003603072,5.6,48.26273973720342,398.17760064920526,16
528.8,7,1037.640003603072,5.6,48.26111709302226,398.1990123432216,16
528.9,7,1037.640003603072,6.3,48.26277643029293,398.1924867009811,16
529.0,7,1037.640003603072,6.3,48.346152269896365,397.46546279224106,16
529.1,7,1037.640003603072,6.3,48.341081693413884,397.5131856607041,16
529.2,7,1037.640003603072,6.3,48.35245792373169,397.43410525693025,16
529.3,7,1037.640003603072,6.3,48.336782665749425,397.56247333516353,16
529.4,7,1037.640003603072,6.3,48.34322194169304,397.52280502865506,16
529.5,7,1037.640003603072,6.3,48.34864507511102,397.4855779484153,16
529.6,7,1037.640003603072,6.3,48.338924989508925,397.5680508101476,16
529.7,7,1037.640003603072,6.3,48.3431631716145,397.53858901807337,16
529.8,7,1037.640003603072,6.3,48.335319214915074,397.70572693079083,16
529.9,7,1037.640003603072,6.3,48.34122451441972,397.6595381419397,16
530.0,7,1037.640003603072,6.3,48.31790790980966,397.8495444269558,16
530.1,7,1037.640003603072,5.6,48.32237348654833,397.8180862827098,16
530.2,7,1037.640003603072,5.6,48.329758911615656,397.76235103736747,16
530.3,7,1037.640003603072,5.6,48.332620459854795,397.74361565227093,16
530.4,7,1037.640003603072,5.6,48.334755587071925,397.73012803043116,16
530.5,7,1037.640003603072,5.6,48.3402794949062,397.6907261904768,16
530.6,7,1037.640003603072,5.6,48.338493064988384,397.7049057851625,16
530.7,7,1037.640003603072,5.6,48.347236098471136,397.6383125626169,16
530.8,7,1037.640003603072,5.6,48.2677981560603,398.2458739207226,16
530.9,7,1037.640003603072,5.6,48.277324413554865,398.17559851467195,16
531.0,7,1037.640003603072,5.6,48.26182380463531,398.30337605865395,16
531.1,7,1037.640003603072,5.6,48.25990696401911,398.31049514005826,16
531.2,7,1037.640003603072,5.6,48.264231519435135,398.27469224049014,16
531.3,7,1037.640003603072,5.6,48.276654101490124,398.17053379667993,16
531.4,7,1037.640003603072,5.6,48.28970536706587,398.0603271691025,16
531.5,7,1037.640003603072,5.6,48.304813052744464,397.9390715221126,16
531.6,7,1037.640003603072,5.6,48.30302663789178,397.950061396814,16
531.7,7,1037.640003603072,6.3,48.32665389005305,397.7607629052794,16
531.8,7,1037.640003603072,6.3,48.32563583575675,397.76991401278747,16
531.9,7,1037.640003603072,6.3,48.32764619578499,397.7499536659576,16
532.0,7,1037.640003603072,6.3,48.33688497877529,397.6652777230171,16
532.1,7,1037.640003603072,6.3,48.33707505384345,397.65660808333257,16
532.2,7,1037.640003603072,6.3,48.33682497209993,397.64745140454465,16
532.3,7,1037.640003603072,6.3,48.35136958756169,397.5247924362112,16
532.4,7,1037.640003603072,6.3,48.35701938605379,397.47691257383445,16
532.5,7,1037.640003603072,6.3,48.36317746183445,397.4212518449964,16
532.6,7,1037.640003603072,6.3,48.23416204437754,398.5497560811707,16
532.7,7,1037.640003603072,6.3,48.2522966601788,398.3982424433703,16
532.8,7,1037.640003603072,6.3,48.27216443898128,398.23302149945846,16
532.9,7,1037.640003603072,6.3,48.27419977541075,398.2043803778205,16
533.0,7,1037.640003603072,6.3,48.285636925616146,398.10188529591744,16
533.1,7,1037.640003603072,6.3,48.30627391570765,397.92691532513993,16
533.2,7,1037.640003603072,6.3,48.32351012993141,397.7847049993909,16
533.3,7,1037.640003603072,7.0,48.33002709088201,397.7228732921869,16
533.4,7,1037.640003603072,7.0,48.3493750060954,397.55685927851835,16
533.5,7,1037.640003603072,7.0,48.22538731240741,398.65886950515403,16
533.6,7,1037.640003603072,7.0,48.23536002822131,398.5651041214096,16
533.7,7,1037.640003603072,7.0,48.236661088882514,398.33272077139463,16
533.8,7,1037.640003603072,7.0,48.25011379405012,398.2102446044198,16
533.9,7,1037.640003603072,7.0,48.261799479100816,398.10106177972943,16
534.0,7,1037.640003603072,7.0,48.29367311792668,397.83156905749354,16
534.1,7,1037.640003603072,7.0,48.32962466951774,397.5281370476482,16
534.2,7,1037.640003603072,7.0,48.350892861810664,397.3465915929897,16
534.3,7,1037.640003603072,7.0,48.33445168259979,397.45635865101224,16
534.4,7,1037.640003603072,7.0,48.36260322631532,397.21926860311396,16
534.5,7,1037.640003603072,7.0,48.51688480167958,395.910500956405,16
534.6,7,1037.640003603072,7.0,48.546235589670374,395.6632906943004,16
534.7,7,1037.640003603072,7.0,48.55148954803768,395.6117220341981,16
534.8,7,1037.640003603072,7.0,48.546432211284255,395.6372888256211,16
534.9,7,1037.640003603072,7.0,48.57159083101898,395.4297567529927,16
535.0,7,1037.640003603072,7.0,48.59603803694215,395.22537372345727,16
535.1,7,1037.640003603072,7.0,48.62030798566647,395.10698080267923,16
535.2,7,1037.640003603072,7.0,48.64435560439024,394.90413344787373,16
535.3,7,1037.640003603072,7.699999999999999,48.77256503204867,393.8974850989265,16
535.4,7,1037.640003603072,7.699999999999999,48.79576240497381,393.70392581989466,16
535.5,7,1037.640003603072,7.699999999999999,48.79755625529207,393.67605511249667,16
535.6,7,1037.640003603072,7.699999999999999,48.8123332739191,393.5473868797942,16
535.7,7,1037.640003603072,7.699999999999999,48.738484084016974,394.10597069691676,16
535.8,7,1037.640003603072,7.699999999999999,48.74221411249907,394.06250512114957,16
535.9,7,1037.640003603072,7.699999999999999,48.7617325040204,393.8958783235337,16
536.0,7,1037.640003603072,7.699999999999999,48.75939494106254,393.9029478484166,16
536.1,7,1037.640003603072,7.699999999999999,48.79222076118958,393.6339393660395,16
536.2,7,1037.640003603072,7.699999999999999,48.80836401881565,393.5025281386908,16
536.3,7,1037.640003603072,7.699999999999999,48.83146668229542,393.30799878670916,16
536.4,7,1037.640003603072,7.699999999999999,48.85819038242214,393.08515570046814,16
536.5,7,1037.640003603072,7.699999999999999,48.583440528637425,395.31870520236146,16
536.6,7,1037.640003603072,7.699999999999999,48.61944767890189,395.0253364560063,16
536.7,7,1037.640003603072,7.699999999999999,48.64380718759545,394.82018121865724,16
536.8,7,1037.640003603072,7.699999999999999,48.6853599501671,394.4810808570629,16
536.9,7,1037.640003603072,7.699999999999999,48.72026671300753,394.19418321113443,16
537.0,7,1037.640003603072,7.699999999999999,48.727247133360066,394.1280780386877,16
537.1,7,1037.640003603072,7.699999999999999,48.910918184881254,392.6138804138968,16
537.2,7,1037.640003603072,7.699999999999999,48.92782790460594,392.47146110573374,16
537.3,7,1037.640003603072,7.699999999999999,48.95483509237573,392.2530363321265,16
537.4,7,1037.640003603072,7.699999999999999,48.979748759034024,392.0513860445453,16
537.5,7,1037.640003603072,7.699999999999999,48.99919734913259,391.89138711735234,16
537.6,7,1037.640003603072,7.699999999999999,49.030523251943315,391.6379521777367,16
537.7,7,1037.640003603072,7.699999999999999,49.052017890807235,391.4634206164708,16
537.8,7,1037.640003603072,7.699999999999999,49.082267992428505,391.220307462174,16
537.9,7,1037.640003603072,7.699999999999999,49.10953642027273,391.0029423405987,16
538.0,7,1037.640003603072,7.699999999999999,49.2216375491774,390.12493436562386,16
538.1,7,1037.640003603072,7.699999999999999,49.239512526891446,389.9793549163844,16
538.2,7,1037.640003603072,7.699999999999999,49.244839136132235,389.93128827120665,16
538.3,7,1037.640003603072,7.699999999999999,49.25813328468054,389.8225489056284,16
538.4,7,1037.640003603072,7.699999999999999,49.27817957415964,389.65916669284803,16
538.5,7,1037.640003603072,7.699999999999999,49.30583705330177,389.43807144656796,16
538.6,7,1037.640003603072,7.699999999999999,49.3099495147145,389.4043866277535,16
538.7,7,1037.640003603072,7.699999999999999,49.29252480861645,389.53932876750184,16
538.8,7,1037.640003603072,7.699999999999999,49.29710666937426,389.5019468375648,16
538.9,7,1037.640003603072,7.699999999999999,49.1785399561484,390.45891690303824,16
539.0,7,1037.640003603072,7.699999999999999,49.16577766137206,390.5567057407736,16
539.1,7,1037.640003603072,7.699999999999999,49.17770599686037,390.4632210205957,16
539.2,7,1037.640003603072,7.699999999999999,49.18780735857082,390.3828761366938,16
539.3,7,1037.640003603072,7.699999999999999,49.19630525800778,390.31523755446096,16
539.4,7,1037.640003603072,7.0,49.35258059058698,389.05890149758045,16
539.5,7,1037.640003603072,7.0,49.358345530868704,389.01321632166434,16
539.6,7,1037.640003603072,7.0,49.3800818520144,388.8437956680272,16
539.7,7,1037.640003603072,7.0,49.236956929179925,389.99100285539225,16
539.8,7,1037.640003603072,7.0,49.24580574443573,389.92220876913217,16
539.9,7,1037.640003603072,7.0,49.27127909299378,389.72216070347724,16
540.0,7,1037.640003603072,7.0,49.282552961587584,389.6309066095432,16
540.1,7,1037.640003603072,7.0,49.133789271377104,390.7887513920515,16
540.2,7,1037.640003603072,7.0,49.12769460757563,390.83491358311176,16
540.3,7,1037.640003603072,7.0,49.14668283254928,390.68431187237996,16
540.4,7,1037.640003603072,7.0,49.16191225297496,390.56421527863495,16
540.5,7,1037.640003603072,7.0,49.17084243979464,390.4928123521239,16
540.6,7,1037.640003603072,7.0,49.20078737323996,390.25599257384147,16
540.7,7,1037.640003603072,7.699999999999999,49.21168761512905,390.1684229554382,16
540.8,7,1037.640003603072,7.699999999999999,49.22115133648658,390.0935792084633,16
540.9,7,1037.640003603072,7.699999999999999,49.23888176825699,389.9531817419858,16
541.0,7,1037.640003603072,7.699999999999999,49.25694711191581,389.8105874233844,16
541.1,7,1037.640003603072,7.0,49.086273928146454,391.15120352858594,16
541.2,7,1037.640003603072,7.0,49.118302796820785,390.89692724641816,16
541.3,7,1037.640003603072,7.0,49.13813521076271,390.73917041748007,16
541.4,7,1037.640003603072,7.0,49.13368399539304,390.7735782916858,16
541.5,7,1037.640003603072,7.0,49.14868957711866,390.65434071269823,16
541.6,7,1037.640003603072,7.0,49.162803554978936,390.5421311411868,16
541.7,7,1037.640003603072,7.0,49.15683117897348,390.5893639325793,16
541.8,7,1037.640003603072,7.0,49.15557624652258,390.59856861611274,16
541.9,7,1041.0186498064363,7.0,49.174700451255376,390.4469163402641,17
542.0,7,1041.0186498064363,-100.0,49.03751599737775,391.55016334947004,17
542.1,7,1041.0186498064363,7.0,49.0423218835356,391.5106306911248,17
542.2,7,1041.0186498064363,7.0,49.05499800240674,391.40942247810136,17
542.3,7,1041.0186498064363,7.0,49.05425162694827,391.4132871297383,17
542.4,7,1041.0186498064363,7.0,49.06708254783541,391.310542484636,17
542.5,7,1041.0186498064363,7.0,49.051328902064256,391.43364619852093,17
542.6,7,1041.0186498064363,7.0,49.049035955327334,391.45144534177916,17
542.7,7,1041.0186498064363,7.0,49.06343037007007,391.33619359011675,17
542.8,7,1041.0186498064363,7.0,49.293482188732156,389.52867565647836,17
542.9,7,1041.0186498064363,7.0,49.314241727016835,389.36286325946935,17
543.0,7,1041.0186498064363,7.0,49.320896270652824,389.30962211937737,17
543.1,7,1041.0186498064363,7.0,49.5031104474657,387.86073430805425,17
543.2,7,1041.0186498064363,7.0,49.4998358983124,387.88564563408084,17
543.3,7,1041.0186498064363,7.0,49.514699124423686,387.7696700563485,17
543.4,7,1041.0186498064363,6.3,49.49696352510007,387.90705155403475,17
543.5,7,1041.0186498064363,6.3,49.49843785544455,387.8949127514636,17
543.6,7,1041.0186498064363,6.3,49.49366544947296,387.93123898797967,17
543.7,7,1041.0186498064363,6.3,49.50832936464042,387.8160428149804,17
543.8,7,1041.0186498064363,6.3,49.336494738970615,389.1789889354844,17
543.9,7,1041.0186498064363,6.3,49.35148681981988,389.05983436646915,17
544.0,7,1044.3812552132165,6.3,49.516573727259896,387.75207234907543,18
544.1,7,1044.3812552132165,-100.0,49.51226178258919,387.7853606067306,18
544.2,7,1044.3812552132165,6.3,49.51705773022249,387.7476581810446,18
544.3,7,1044.3812552132165,6.3,49.36152748429147,388.96712749014966,18
544.4,7,1044.3812552132165,6.3,49.38975054947374,388.7447573843441,18
544.5,7,1044.3812552132165,6.3,49.385718458303636,388.77675794963926,18
544.6,7,1044.3812552132165,6.3,49.40640615268967,388.61530144561993,18
544.7,7,1044.3812552132165,6.3,49.411495747450786,388.57547426421456,18
544.8,8,1046.3710422032755,5.6,49.433612752309955,388.4014924759768,18
544.9,7,1046.3710422032755,4.8999999999999995,49.438236597929745,388.3654727745038,18
545.0,7,1046.3710422032755,5.6,49.43888863823165,388.3610731665396,18
545.1,8,1047.3872696426351,5.6,49.465869250207746,388.14893972838934,18
545.2,8,1047.8238871419635,5.6,49.45785261479819,388.21296256104915,18
545.3,8,1047.6823735031387,5.6,49.47440272397231,388.0834563665605,18
545.4,7,1047.6823735031387,4.8999999999999995,49.26594741512051,389.74477850850394,18
545.5,7,1047.6823735031387,5.6,49.406505318991165,388.6232611480774,18
545.6,7,1047.6823735031387,5.6,49.4106825251294,388.59270839277474,18
545.7,7,1047.6823735031387,5.6,49.43477025112381,388.402617937744,18
545.8,7,1047.6823735031387,5.6,49.177995995465395,390.4202845716304,18
545.9,7,1047.6823735031387,5.6,49.19017270609308,390.3237779524326,18
546.0,7,1047.6823735031387,5.6,49.192986400001445,390.3019625957787,18
546.1,7,1047.6823735031387,5.6,49.208862224765696,390.176120494485,18
546.2,7,1047.6823735031387,5.6,49.181121981226916,390.39773215324396,18
546.3,7,1047.6823735031387,5.6,49.31249270228669,389.36630292246093,18
546.4,7,1047.6823735031387,5.6,49.32776904077038,389.2465985333229,18
546.5,7,1047.6823735031387,5.6,49.3303258844534,389.2281151112667,18
546.6,7,1047.6823735031387,5.6,49.322836520443595,389.2889334938663,18
546.7,7,1047.6823735031387,5.6,49.2974752998077,389.4924108610322,18
546.8,7,1047.6823735031387,5.6,49.30196078226071,389.45797039141223,18
546.9,7,1047.6823735031387,5.6,49.06975388705813,391.28395703005424,18
547.0,7,1047.6823735031387,5.6,49.06175736651895,391.34870271561465,18
547.1,7,1047.6823735031387,5.6,49.044051648082444,391.49161966807037,18
547.2,7,1047.6823735031387,5.6,49.03250834259474,391.58516882302536,18
547.3,7,1047.6823735031387,6.3,49.03467910210254,391.5685375942092,18
547.4,7,1047.6823735031387,6.3,49.03210509347487,391.5905223390501,18
547.5,7,1047.6823735031387,6.3,49.03332547028434,391.5826594657628,18
547.6,7,1047.6823735031387,6.3,49.03710163416851,391.5545045566847,18
547.7,7,1050.915037493461,6.3,49.03451982353228,391.576665059977,19
547.8,7,1050.915037493461,-100.0,48.91934733917829,392.5134891312858,19
547.9,7,1050.915037493461,6.3,48.912766190169265,392.56749183252305,19
548.0,7,1050.915037493461,6.3,49.00924576910753,391.7835880917252,19
548.1,7,1050.915037493461,5.6,48.997877196111375,391.8772431305865,19
548.2,7,1050.915037493461,5.6,48.971687017860816,392.0912612850308,19
548.3,7,1050.915037493461,5.6,48.95505843380684,392.22929120908026,19
548.4,7,1050.915037493461,5.6,48.755372850821296,393.8164352352753,19
548.5,7,1050.915037493461,5.6,48.79421403445032,393.4894149483023,19
548.6,7,1050.915037493461,5.6,48.76686403025906,393.7099612710101,19
548.7,7,1050.915037493461,5.6,48.85255990683409,393.02147087345037,19
548.8,7,1050.915037493461,5.6,48.83362297616127,393.17473210090657,19
548.9,7,1050.915037493461,5.6,48.82843329049258,393.21701566428766,19
549.0,7,1050.915037493461,5.6,48.81740806946448,393.30715731995394,19
549.1,7,1050.915037493461,5.6,48.82650535827358,393.23471013505093,19
549.2,7,1050.915037493461,6.3,48.7994117552788,393.45563798823105,19
549.3,7,1050.915037493461,6.3,48.79333193034971,393.5065832861666,19
549.4,7,1050.915037493461,6.3,48.772831021058444,393.6750517976974,19
549.5,7,1050.915037493461,6.3,48.762736988297945,393.75961806720466,19
549.6,7,1050.915037493461,6.3,48.72740301952504,394.0510174381319,19
549.7,7,1050.915037493461,6.3,48.723088653574266,394.08879606813116,19
549.8,7,1050.915037493461,6.3,48.72027802077656,394.11396306999075,19
549.9,7,1050.915037493461,5.6,48.704606284820535,394.2449727167011,19
550.0,7,1050.915037493461,5.6,48.69886885810136,394.2929125369043,19
550.1,7,1050.915037493461,5.6,48.688651047446484,394.37995293899587,19
550.2,7,1050.915037493461,5.6,48.68176133591383,394.4391211246777,19
550.3,7,1050.915037493461,5.6,48.48912402737048,396.0476898372201,19
550.4,7,1050.915037493461,5.6,48.28979830654931,397.65829355951496,19
550.5,7,1050.915037493461,5.6,48.30631760367952,397.6191015920833,19
550.6,7,1050.915037493461,5.6,48.305898995568114,397.6306287563453,19
550.7,7,1050.915037493461,5.6,48.294877669207985,397.734930689497,19
550.8,7,1050.915037493461,6.3,48.28332248385284,397.83906599942543,19
550.9,7,1050.915037493461,6.3,48.2709830977599,397.9521929926658,19
551.0,7,1050.915037493461,6.3,48.35521922868154,397.2855758327423,19
551.1,7,1050.915037493461,6.3,48.34968908428287,397.3389040538591,19
551.2,7,1050.915037493461,6.3,48.35204650160273,397.3264349458602,19
551.3,9,1050.915037493461,5.6,48.32545808896592,397.56301412181654,19
551.4,9,1050.915037493461,6.4,48.33080586552268,397.52555445196947,19
551.5,9,1050.915037493461,6.4,48.32176553680434,397.61075178346334,19
551.6,9,1050.915037493461,6.4,48.31044166673745,397.7172142081947,19
551.7,9,1050.915037493461,6.4,48.31536341787569,397.68273193436454,19
551.8,9,1050.915037493461,6.4,48.32164788154719,397.64194660689395,19
551.9,9,1050.915037493461,6.4,48.135435745357434,399.2786514077005,19
552.0,9,1050.915037493461,6.4,48.13241707239312,399.3082753896786,19
552.1,9,1050.915037493461,6.4,48.123957040903264,399.39168254975624,19
552.2,9,1050.915037493461,6.4,48.11574508621876,399.47411492713803,19
552.3,9,1050.915037493461,6.4,48.12652889683362,399.3946297099019,19
552.4,9,1050.915037493461,6.4,48.134557436156115,399.326951259325,19
552.5,9,1050.915037493461,6.4,48.1347657184764,399.3293541806639,19
552.6,9,1050.915037493461,6.4,48.14857670401509,399.2180583732909,19
552.7,9,1050.915037493461,6.4,48.149781836320365,399.2173770786219,19
552.8,9,1050.915037493461,5.6000000000000005,48.160002180918504,399.13695980764345,19
552.9,9,1050.915037493461,5.6000000000000005,48.18729780471318,398.9067516856986,19
553.0,9,1050.915037493461,5.6000000000000005,48.25817668869334,398.29230646049666,19
553.1,9,1050.915037493461,5.6000000000000005,48.28324495033358,398.0842296544356,19
553.2,9,1050.915037493461,5.6000000000000005,48.303147919413775,397.9222178913237,19
553.3,9,1050.915037493461,5.6000000000000005,48.31152358358547,397.85944432241604,19
553.4,9,1050.915037493461,5.6000000000000005,48.33270413637784,397.68118481573714,19
553.5,9,1050.915037493461,5.6000000000000005,48.3511666659509,397.53125054566397,19
553.6,9,1050.915037493461,5.6000000000000005,48.37968457094058,397.2904149110573,19
553.7,9,1050.915037493461,5.6000000000000005,48.44855741297686,396.75880617683936,19
553.8,9,1050.915037493461,5.6000000000000005,48.47689759908509,396.51987757537245,19
553.9,9,1050.915037493461,5.6000000000000005,48.506543560333895,396.2799540638457,19
554.0,9,1050.915037493461,5.6000000000000005,48.53129385177891,396.07519717258697,19
554.1,9,1050.915037493461,5.6000000000000005,48.54629709766132,395.9515168785249,19
554.2,9,1050.915037493461,6.4,48.556585958163566,395.8623172773163,19
554.3,9,1050.915037493461,6.4,48.57405068196658,395.71772286163014,19
554.4,9,1050.915037493461,5.6000000000000005,48.60660011910453,395.44864350370847,19
554.5,9,1050.915037493461,5.6000000000000005,48.62816326309901,395.2725772118133,19
554.6,9,1050.915037493461,5.6000000000000005,48.67198107363061,394.9313713018287,19
554.7,9,1050.915037493461,5.6000000000000005,48.711269796982656,394.60369140722946,19
554.8,9,1050.915037493461,5.6000000000000005,48.730156104035686,394.4478910508702,19
554.9,9,1050.915037493461,5.6000000000000005,48.75263317667101,394.26204412377007,19
555.0,9,1050.915037493461,5.6000000000000005,48.769265530541276,394.13053866517396,19
555.1,9,1050.915037493461,5.6000000000000005,48.78803835541447,393.9788746598721,19
555.2,9,1050.915037493461,5.6000000000000005,48.80653476348506,393.8266235651964,19
555.3,9,1050.915037493461,5.6000000000000005,48.8311320672871,393.6276854560714,19
555.4,9,1050.915037493461,6.4,48.852107367701194,393.46052047266426,19
555.5,9,1050.915037493461,6.4,48.87244983845548,393.2983505708392,19
555.6,9,1050.915037493461,6.4,48.89640688286714,393.1029962677427,19
555.7,9,1050.915037493461,6.4,48.91839037050944,392.92946914824074,19
555.8,9,1050.915037493461,6.4,48.956167060041714,392.62541408591153,19
555.9,9,1050.915037493461,6.4,48.97071486313638,392.5103154851827,19
556.0,9,1050.915037493461,6.4,49.000881902791306,392.26912033339215,19
556.1,9,1050.915037493461,6.4,49.01967790031972,392.1169313449666,19
556.2,9,1050.915037493461,6.4,49.04874488855599,391.87981322919126,19
556.3,9,1050.915037493461,6.4,49.0637867133903,391.758307165819,19
556.4,9,1050.915037493461,6.4,49.08201545193041,391.61066699450316,19
556.5,9,1050.915037493461,6.4,49.11541197122992,391.33910535358666,19
556.6,9,1050.915037493461,6.4,49.14294139625642,391.11965566909083,19
556.7,9,1050.915037493461,6.4,49.161324086318785,390.9740623604269,19
556.8,9,1050.915037493461,6.4,49.18815893714918,390.75815490480056,19
556.9,9,1050.915037493461,6.4,49.22095000981377,390.4925402116596,19
557.0,9,1050.915037493461,6.4,49.241974063763735,390.32627203614015,19
557.1,9,1050.915037493461,6.4,49.267967301314265,390.110942099364,19
557.2,9,1050.915037493461,6.4,49.29858069289953,389.8754780605516,19
557.3,9,1050.915037493461,6.4,49.31546139890865,389.74040509301403,19
557.4,9,1050.915037493461,6.4,49.34212576016762,389.52772331244444,19
557.5,9,1050.915037493461,6.4,49.3755705774889,389.2573907853471,19
557.6,9,1050.915037493461,6.4,49.39621101198608,389.0895198036651,19
557.7,9,1050.915037493461,6.4,49.41695092197601,388.92334482902993,19
557.8,9,1050.915037493461,6.4,49.44386425953567,388.70819220738605,19
557.9,9,1050.915037493461,6.4,49.468749661763205,388.50672300483797,19
558.0,9,1050.915037493461,6.4,49.51070744731888,388.1675995360755,19
558.1,9,1050.915037493461,6.4,49.53632408757534,387.96026242379634,19
558.2,9,1050.915037493461,6.4,49.55649782594851,387.7995393584017,19
558.3,9,1050.915037493461,5.6000000000000005,49.59703956940679,387.4769549393907,19
558.4,9,1050.915037493461,5.6000000000000005,49.6274168027511,387.23195210361916,19
558.5,9,1050.915037493461,5.6000000000000005,49.652553707536455,387.03024110462354,19
558.6,9,1050.915037493461,5.6000000000000005,49.68150222878528,386.8015451939511,19
558.7,9,1050.915037493461,5.6000000000000005,49.70144876090499,386.64140899423757,19
558.8,9,1050.915037493461,5.6000000000000005,49.72821310681399,386.43295262022485,19
558.9,9,1050.915037493461,5.6000000000000005,49.73480480488503,386.3767431219861,19
559.0,9,1050.915037493461,5.6000000000000005,49.769005506780545,386.10953315069594,19
559.1,8,1051.225105321922,4.800000000000001,49.808069818204096,385.7977095362948,19
559.2,8,1051.412400977867,4.199999999999999,49.83747755503595,385.5640535638279,19
559.3,9,1051.412400977867,4.199999999999999,49.86307785649936,385.3647848775826,19
559.4,8,1051.2480553693872,4.800000000000001,49.89961172392917,385.0743982408181,19
559.5,8,1051.2480553693872,4.8999999999999995,49.93415643616073,384.8027866449885,19
559.6,8,1051.2480553693872,4.8999999999999995,49.965215834244376,384.55908593716254,19
559.7,8,1051.2480553693872,4.8999999999999995,50.002704506537555,384.2609534200317,19
559.8,8,1051.2480553693872,4.8999999999999995,50.026758352743514,384.07390394762405,19
559.9,7,1051.33964311995,4.8999999999999995,50.04948958029871,383.89644846191004,19
560.0,7,1051.2997303234627,4.8999999999999995,50.069652052192005,383.73737159868017,19
560.1,7,1051.2997303234627,4.8999999999999995,50.0870577324755,383.60151941767515,19
560.2,7,1051.2997303234627,4.8999999999999995,50.10220099379664,383.48507045361777,19
560.3,7,1051.2997303234627,4.8999999999999995,50.116441640801,383.3752905667785,19
560.4,7,1051.2997303234627,4.8999999999999995,50.131747690421804,383.2526804097645,19
560.5,7,1051.2997303234627,4.8999999999999995,50.150047492323296,383.1098063325843,19
560.6,7,1051.2997303234627,4.8999999999999995,50.16547849533676,382.9836635417337,19
560.7,7,1051.2997303234627,4.8999999999999995,50.172784191743744,382.9295556629156,19
560.8,7,1051.2997303234627,4.8999999999999995,50.179478195567015,382.8750709994391,19
560.9,7,1051.2997303234627,4.8999999999999995,50.209129863401216,382.60266385373006,19
561.0,9,1051.2997303234627,4.8999999999999995,50.224011622242216,382.4878163290034,19
561.1,9,1051.2997303234627,4.800000000000001,50.23173011584652,382.42956558193964,19
561.2,9,1051.2997303234627,4.800000000000001,50.24636721334247,382.3144673774445,19
561.3,9,1051.2997303234627,4.800000000000001,50.25098896409166,382.2792914122378,19
561.4,9,1051.2997303234627,4.800000000000001,50.260601309489275,382.2029549486417,19
561.5,9,1051.2997303234627,4.800000000000001,50.26754060417865,382.1488786922813,19
561.6,10,1051.2997303234627,4.0,50.142649820160116,383.05356022559624,19
561.7,10,1051.2997303234627,4.800000000000001,50.13794167458943,383.0926033873409,19
561.8,10,1051.2997303234627,4.800000000000001,50.171888339918425,382.8285767891297,19
561.9,10,1054.444007666917,4.800000000000001,50.179234372270166,382.77351177778996,20
562.0,9,1054.444007666917,-100.0,50.20764372288032,382.5547406100895,20
562.1,9,1054.444007666917,4.800000000000001,50.06822912394035,383.6676862582648,20
562.2,9,1054.444007666917,4.800000000000001,50.07432927202372,383.6219393933896,20
562.3,10,1054.444007666917,4.800000000000001,50.07260476282021,383.6398815906754,20
562.4,10,1054.444007666917,5.6000000000000005,50.06233546924091,383.72038324145217,20
562.5,10,1054.444007666917,5.6000000000000005,50.060614821438946,383.73796006421094,20
562.6,10,1054.444007666917,5.6000000000000005,50.074990707513294,383.6294450586701,20
562.7,9,1054.444007666917,4.800000000000001,50.08172192295386,383.58230736219605,20
562.8,9,1054.444007666917,4.800000000000001,50.0776952638789,383.61593477782816,20
562.9,9,1054.444007666917,4.800000000000001,50.08042014262312,383.5982710657829,20
563.0,9,1054.444007666917,4.800000000000001,50.0833201030039,383.58082912761876,20
563.1,9,1054.444007666917,4.800000000000001,50.09065171550899,383.52371649518295,20
563.2,9,1054.444007666917,4.800000000000001,50.10382357013199,383.42283438331447,20
563.3,9,1054.444007666917,4.800000000000001,50.11721674822009,383.3215474881693,20
563.4,9,1054.444007666917,4.0,50.191379762960416,382.77626784868727,20
563.5,9,1054.444007666917,4.0,50.195894928981964,382.7450368126454,20
563.6,9,1054.444007666917,4.0,50.20171323208602,382.69842596492913,20
563.7,9,1054.444007666917,4.0,50.214108137186294,382.6025627728468,20
563.8,9,1054.444007666917,4.0,50.21397698778937,382.60736866281354,20
563.9,9,1054.444007666917,4.0,50.231767139922546,382.46673265537606,20
564.0,9,1054.444007666917,4.0,50.20946325550571,382.6463017887877,20
564.1,9,1054.444007666917,4.0,50.21680975210437,382.5861901380731,20
564.2,9,1054.444007666917,4.0,50.20969739894201,382.6466099924314,20
564.3,9,1054.444007666917,4.0,50.22429097518907,382.53645688733263,20
564.4,9,1054.444007666917,4.0,50.303059759940815,381.9065567534451,20
564.5,10,1054.444007666917,4.0,50.299404970802144,381.9339788349295,20
564.6,10,1054.444007666917,4.800000000000001,50.29431246695536,381.9762924437973,20
564.7,8,1054.3855460432792,4.800000000000001,50.29944332637496,381.93633037262,20
564.8,11,1054.3855460432792,4.199999999999999,50.299405961216365,381.938057834653,20
564.9,11,1054.3855460432792,4.5,50.2967274172362,381.95875592676066,20
565.0,11,1054.3855460432792,4.5,50.31186657459784,381.8414832583387,20
565.1,7,1054.3392371404625,4.5,50.30997440051969,381.85742754667547,20
565.2,7,1054.1719009012868,5.6,50.314315041643326,381.8213408858498,20
565.3,7,1054.1719009012868,5.6,50.31326475484477,381.83215021007555,20
565.4,7,1057.271640774883,5.6,50.31461584347804,381.82758697180134,21
565.5,7,1057.271640774883,-100.0,50.207106404069194,382.6029538970548,21
565.6,7,1057.271640774883,5.6,50.205620057833,382.61787131578944,21
565.7,7,1057.271640774883,5.6,50.28357943858717,382.05217036239895,21
565.8,7,1057.271640774883,5.6,50.27871539874744,382.09421311833546,21
565.9,7,1057.271640774883,5.6,50.28418715079734,382.05673838586716,21
566.0,7,1057.271640774883,5.6,50.29214248694869,381.99741008858393,21
566.1,11,1057.271640774883,4.8999999999999995,50.29804060851494,381.953656069448,21
566.2,9,1057.271640774883,3.6,50.29939422953636,381.9468075535325,21
566.3,9,1057.271640774883,4.0,50.297886631537196,381.96684206308555,21
566.4,9,1057.271640774883,4.0,50.31225276596681,381.8564319648978,21
566.5,9,1057.271640774883,4.0,50.33321288143868,381.6946904299605,21
566.6,9,1057.271640774883,4.0,50.338933366764856,381.64986863871303,21
566.7,9,1057.271640774883,4.0,50.3551285360343,381.52575814084344,21
566.8,9,1057.271640774883,4.0,50.36324345533588,381.46368697687376,21
566.9,9,1057.271640774883,4.0,50.358892563058006,381.4989464694198,21
567.0,9,1057.271640774883,4.0,50.356962357229094,381.5166492417435,21
567.1,9,1057.271640774883,4.0,50.36926585792223,381.4224885893841,21
567.2,9,1057.271640774883,4.0,50.38791728385126,381.27365155288385,21
567.3,9,1057.271640774883,4.0,50.3865030691757,381.2910304828323,21
567.4,9,1057.271640774883,4.800000000000001,50.39940121489549,381.18969751259704,21
567.5,9,1057.271640774883,4.800000000000001,50.38773376656092,381.28259456610306,21
567.6,9,1057.271640774883,4.800000000000001,50.393440806830725,381.23534717768075,21
567.7,9,1057.271640774883,4.800000000000001,50.391586822568,381.249129173129,21
567.8,9,1057.271640774883,4.800000000000001,50.32176227932092,381.8063944242565,21
567.9,8,1057.0619883538081,4.0,50.33467640997275,381.70221807277767,21
568.0,8,1057.0619883538081,4.8999999999999995,50.3414130296788,381.64703891041205,21
568.1,8,1057.0619883538081,4.8999999999999995,50.34762401858721,381.5982948098315,21
568.2,8,1057.0619883538081,4.8999999999999995,50.36581230029052,381.45664807910555,21
568.3,8,1057.0619883538081,4.8999999999999995,50.38070380286982,381.3432002765637,21
568.4,8,1057.0619883538081,4.8999999999999995,50.38649587548025,381.29490501136934,21
568.5,8,1057.0619883538081,4.8999999999999995,50.403604309346576,381.1621183906544,21
568.6,8,1057.0619883538081,4.8999999999999995,50.414912290562526,381.0739911664042,21
568.7,8,1057.0619883538081,4.8999999999999995,50.43230718562442,380.9350817939935,21
568.8,8,1057.0619883538081,4.8999999999999995,50.44139779168346,380.86897710733695,21
568.9,8,1057.0619883538081,4.8999999999999995,50.464592449768304,380.6869398138117,21
569.0,8,1057.0619883538081,4.8999999999999995,50.48267997791912,380.54855242479414,21
569.1,8,1057.0619883538081,4.8999999999999995,50.50392722381971,380.3820010764962,21
569.2,8,1057.0619883538081,4.8999999999999995,50.529076603125546,380.18650322872054,21
569.3,8,1057.0619883538081,4.8999999999999995,50.37237510607956,381.32232117076006,21
569.4,8,1057.0619883538081,4.8999999999999995,50.38358188632452,381.23545216104077,21
569.5,8,1057.0619883538081,4.8999999999999995,50.40168861806527,381.0947687202491,21
569.6,8,1057.0619883538081,4.8999999999999995,50.41804587527223,380.9667081186596,21
569.7,8,1057.0619883538081,4.8999999999999995,50.41729755000169,380.97161047043755,21
569.8,8,1057.0619883538081,4.8999999999999995,50.424197775583266,380.9184389598913,21
569.9,8,1057.0619883538081,4.8999999999999995,50.43218664006138,380.8544636233242,21
570.0,8,1057.0619883538081,4.8999999999999995,50.47161192746795,380.4610473674466,21
570.1,7,1057.013701986182,4.199999999999999,50.49269332641421,380.2999050896864,21
570.2,7,1056.8428766102097,5.6,50.501596037153604,380.2316803946853,21
570.3,7,1056.8428766102097,5.6,50.505301841372926,380.202886782892,21
570.4,7,1056.8428766102097,5.6,50.51133701050563,380.1593992701987,21
570.5,11,1056.8428766102097,5.6,50.39075866544744,381.0901944733048,21
570.6,11,1056.8428766102097,5.4,50.36461556038813,381.3397267384143,21
570.7,11,1056.8428766102097,5.4,50.39168508231728,381.12867357845585,21
570.8,11,1056.8428766102097,4.5,50.39198445698274,381.12717932643875,21
570.9,11,1056.8428766102097,4.5,50.415002026338115,380.94833003139763,21
571.0,11,1056.8428766102097,4.5,50.4085624062775,381.0001183194994,21
571.1,11,1056.8428766102097,4.5,50.417705811508085,380.92733443285647,21
571.2,11,1056.8428766102097,4.5,50.41743262927166,380.93154522147495,21
571.3,11,1056.8428766102097,4.5,50.44462428617491,380.7229780196001,21
571.4,11,1056.8428766102097,4.5,50.45859835504182,380.6119893119985,21
571.5,11,1056.8428766102097,4.5,50.46477285759023,380.5629147245787,21
571.6,11,1056.8428766102097,4.5,50.343292903961505,381.5140975322796,21
571.7,11,1056.8428766102097,4.5,50.335411015948765,381.5778541563798,21
571.8,11,1056.8428766102097,4.5,50.36029832518856,381.3834603025911,21
571.9,11,1056.8428766102097,4.5,50.36331573606064,381.36161001964524,21
572.0,11,1056.8428766102097,4.5,50.290794837352195,381.87405252137467,21
572.1,11,1056.8428766102097,4.5,50.29065950638305,381.8769294747563,21
572.2,11,1056.8428766102097,4.5,50.33506802592675,381.53305469438726,21
572.3,11,1056.8428766102097,4.5,50.3358281923454,381.5267059499994,21
572.4,11,1056.8428766102097,4.5,50.45882489460642,380.6122123281986,21
572.5,11,1056.8428766102097,4.5,50.47518152937576,380.48823036894163,21
572.6,11,1056.8428766102097,4.5,50.50282404865765,380.27482138320397,21
572.7,11,1056.8428766102097,4.5,50.50830123584447,380.23248896578593,21
572.8,11,1056.8428766102097,4.5,50.53558517096731,380.0258107215162,21
572.9,11,1056.8428766102097,4.5,50.55220264805843,379.89731145519943,21
573.0,8,1056.801047852282,4.5,50.42066884914079,380.922838544427,21
573.1,8,1056.6335423143887,4.8999999999999995,50.44460680295169,380.73530394219387,21
573.2,8,1056.6335423143887,4.8999999999999995,50.46127277548017,380.6085615361718,21
573.3,8,1056.6335423143887,4.8999999999999995,50.47562949339944,380.4982699911383,21
573.4,8,1056.6335423143887,4.8999999999999995,50.493084155091054,380.3654089012521,21
573.5,8,1056.6335423143887,4.8999999999999995,50.51965168089214,380.1605594624259,21
573.6,8,1056.6335423143887,4.8999999999999995,50.55919401991227,379.85844754504853,21
573.7,8,1056.6335423143887,4.8999999999999995,50.44130252880696,380.7155830552658,21
573.8,8,1056.6335423143887,4.8999999999999995,50.462893683974826,380.552368627285,21
573.9,8,1056.6335423143887,4.8999999999999995,50.48379383478664,380.3954745914464,21
574.0,8,1056.6335423143887,4.8999999999999995,50.516694373799815,380.1416120315837,21
574.1,8,1056.6335423143887,4.8999999999999995,50.520705002674674,380.1129556605517,21
574.2,8,1056.6335423143887,4.8999999999999995,50.5543710270171,379.8567581245434,21
574.3,8,1056.6335423143887,4.8999999999999995,50.56767985334177,379.7566098522175,21
574.4,8,1056.6335423143887,4.8999999999999995,50.58022807016114,379.66323925696867,21
574.5,7,1056.4572550799674,4.8999999999999995,50.46268393201743,380.57828608121434,21
574.6,7,1056.4572550799674,5.6,50.47802664028248,380.4625493493652,21
574.7,7,1056.4572550799674,5.6,50.496304919684135,380.320979902944,21
574.8,7,1056.4572550799674,5.6,50.64673715604263,379.16356050859105,21
574.9,7,1056.4572550799674,5.6,50.743809485121865,378.45002693327706,21
575.0,7,1056.4572550799674,5.6,50.76542761971225,378.2864135661581,21
575.1,7,1056.4572550799674,5.6,50.78450238409754,378.1419342896604,21
575.2,7,1056.4572550799674,5.6,50.813752817032366,377.9213284206653,21
575.3,7,1056.4572550799674,5.6,50.83016676881516,377.7984374963397,21
575.4,7,1056.4572550799674,5.6,50.85146281724234,377.6379707591555,21
575.5,7,1056.4572550799674,5.6,50.93714534817806,376.98865810032987,21
575.6,7,1056.4572550799674,5.6,50.9590928608297,376.8258553273251,21
575.7,7,1056.4572550799674,5.6,50.843930222358814,377.70483299865964,21
575.8,7,1056.4572550799674,5.6,50.85918644167637,377.5937959732119,21
575.9,7,1056.4572550799674,5.6,50.886263467349224,377.3945575789245,21
576.0,7,1056.4572550799674,5.6,50.793227130923,378.06269508046546,21
576.1,7,1056.4572550799674,5.6,50.8066164714964,377.96531956230234,21
576.2,7,1056.4572550799674,5.6,50.822076230745814,377.8504261948625,21
576.3,7,1056.4572550799674,5.6,50.836916889855544,377.7405770200744,21
576.4,7,1056.4572550799674,5.6,50.857368222752555,377.5789027081753,21
576.5,7,1056.4572550799674,5.6,50.885292762529886,377.374227550951,21
576.6,7,1056.4572550799674,5.6,50.89843176949654,377.27838434046316,21
576.7,7,1056.4572550799674,5.6,50.897425631827275,377.28804489372754,21
576.8,7,1056.4572550799674,5.6,50.93314668405397,377.0230225358356,21
576.9,8,1056.3057662006713,4.8999999999999995,50.94663012585058,376.92866786280354,21
577.0,8,1056.3057662006713,4.8999999999999995,50.98089858446658,376.67638159649425,21
577.1,8,1056.3057662006713,4.8999999999999995,51.047081368053014,376.20378369808725,21
577.2,8,1056.3057662006713,4.8999999999999995,51.07266477690442,376.0168269313678,21
577.3,8,1056.3057662006713,4.8999999999999995,51.077753463381484,375.9853014923743,21
577.4,8,1056.3057662006713,4.8999999999999995,50.93462860226345,377.013740158763,21
577.5,8,1056.3057662006713,4.8999999999999995,50.94605662565458,376.9326870503599,21
577.6,8,1056.3057662006713,4.8999999999999995,50.95746127588447,376.8529377132513,21
577.7,8,1056.3057662006713,4.8999999999999995,50.97036102672088,376.76077916721056,21
577.8,8,1056.3057662006713,4.8999999999999995,51.0686447615531,376.02226762327734,21
577.9,8,1056.3057662006713,4.8999999999999995,51.08228100429054,375.92296109977815,21
578.0,8,1056.3057662006713,4.8999999999999995,51.0768431397585,375.9679402525901,21
578.1,8,1056.3057662006713,4.8999999999999995,51.09702603328017,375.82123624111296,21
578.2,8,1056.3057662006713,4.8999999999999995,51.11002477222493,375.7275007602104,21
578.3,9,1056.3057662006713,4.8999999999999995,51.120558732262495,375.6541638726131,21
578.4,9,1056.3057662006713,5.6000000000000005,51.139759398158546,375.5137656471636,21
578.5,9,1056.3057662006713,5.6000000000000005,51.14288099087841,375.4933038251817,21
578.6,9,1056.3057662006713,5.6000000000000005,51.165444651350626,375.3291769022969,21
578.7,9,1056.3057662006713,5.6000000000000005,51.03578641420589,376.3171511490977,21
578.8,9,1056.3057662006713,5.6000000000000005,51.064112893903236,376.0568945532645,21
578.9,9,1056.3057662006713,5.6000000000000005,51.08424863265941,375.9095002609375,21
579.0,9,1056.3057662006713,5.6000000000000005,51.098965008526775,375.8025718705618,21
579.1,9,1056.3057662006713,5.6000000000000005,51.11269474510314,375.70176975066767,21
579.2,9,1056.3057662006713,5.6000000000000005,51.12668693884953,375.5997751727749,21
579.3,9,1056.3057662006713,5.6000000000000005,51.14604959816235,375.4586040557401,21
579.4,9,1056.3057662006713,5.6000000000000005,51.16354353743809,375.3300757413522,21
579.5,9,1056.3057662006713,5.6000000000000005,51.17526655404471,375.24709972865844,21
579.6,9,1056.3057662006713,5.6000000000000005,51.095145097349445,375.81858934632226,21
579.7,9,1056.3057662006713,5.6000000000000005,51.10946751544423,375.7150977554977,21
579.8,9,1056.3057662006713,5.6000000000000005,51.1440525877671,375.46119472033314,21
579.9,9,1056.3057662006713,5.6000000000000005,51.15810408511288,375.36054096301376,21
580.0,9,1056.3057662006713,5.6000000000000005,51.174065454858464,375.2451517598139,21
580.1,9,1056.3057662006713,5.6000000000000005,51.20968213877083,374.9844708919743,21
580.2,9,1056.3057662006713,5.6000000000000005,51.23623419813356,374.7912885415609,21
580.3,9,1056.3057662006713,5.6000000000000005,51.24701935491441,374.7151862205876,21
580.4,9,1056.3057662006713,5.6000000000000005,51.28894565765803,374.40698528749977,21
580.5,9,1056.3057662006713,5.6000000000000005,51.28984228990158,374.4058945882136,21
580.6,9,1056.3057662006713,5.6000000000000005,51.314301156498985,374.2272325206832,21
580.7,9,1056.3057662006713,5.6000000000000005,51.33882499498222,374.0494648919675,21
580.8,9,1056.3057662006713,5.6000000000000005,51.4627108120181,373.1667399418744,21
580.9,9,1056.3057662006713,5.6000000000000005,51.273139005727984,374.597440218335,21
581.0,9,1056.3057662006713,5.6000000000000005,51.304395579694685,374.36622600825126,21
581.1,8,1056.1838338654381,4.800000000000001,51.31797772996217,374.26967355761695,21
581.2,8,1056.1838338654381,4.8999999999999995,51.324081913932304,374.22714824013354,21
581.3,9,1056.1838338654381,4.199999999999999,51.33294693461295,374.16510166942254,21
581.4,9,1056.1838338654381,4.800000000000001,51.49544524852167,372.9469839134572,21
581.5,9,1056.1838338654381,4.800000000000001,51.500730186698824,372.911204623717,21
581.6,9,1056.1838338654381,4.800000000000001,51.51440497829407,372.8117930916845,21
581.7,7,1056.011194713365,4.800000000000001,51.36983936030887,373.83219987831615,21
581.8,7,1056.011194713365,4.8999999999999995,51.381775979611476,373.74535857573994,21
581.9,7,1056.011194713365,4.8999999999999995,51.380360836748665,373.7570964264261,21
582.0,7,1056.011194713365,4.8999999999999995,51.404155436343515,373.5854778515237,21
582.1,7,1056.011194713365,4.8999999999999995,51.413747130446254,373.5172373395735,21
582.2,7,1056.011194713365,4.8999999999999995,51.430300971122705,373.39724393892766,21
582.3,7,1056.011194713365,4.8999999999999995,51.44204033211176,373.31585733359213,21
582.4,7,1056.011194713365,4.8999999999999995,51.46430319626147,373.1531931865362,21
582.5,7,1056.011194713365,4.8999999999999995,51.47668095626204,373.0626656562383,21
582.6,7,1056.011194713365,4.8999999999999995,51.47951216981871,373.04388375357814,21
582.7,7,1056.011194713365,4.8999999999999995,51.49074162866205,372.9625372693356,21
582.8,7,1056.011194713365,4.8999999999999995,51.503603929893615,372.8691641579262,21
582.9,7,1056.011194713365,4.8999999999999995,51.511453837139314,372.8124164821968,21
583.0,7,1056.011194713365,4.8999999999999995,51.62001001447515,372.04531456260236,21
583.1,7,1056.011194713365,4.8999999999999995,51.62626165873816,371.99881115243863,21
583.2,7,1056.011194713365,4.8999999999999995,51.639668772827335,371.90069336792646,21
583.3,7,1056.011194713365,4.8999999999999995,51.65349311640273,371.7978520630365,21
583.4,7,1056.011194713365,4.8999999999999995,51.64924377689922,371.82669134142515,21
583.5,7,1056.011194713365,4.8999999999999995,51.66055569272299,371.7434793113659,21
583.6,7,1056.011194713365,4.8999999999999995,51.673650935271695,371.6497869285338,21
583.7,7,1056.011194713365,4.8999999999999995,51.67463021186782,371.6423962482062,21
583.8,7,1056.011194713365,4.8999999999999995,51.81329645915093,370.61990850190915,21
583.9,7,1056.011194713365,4.8999999999999995,51.815026229336965,370.6075449015194,21
584.0,7,1056.011194713365,4.8999999999999995,51.82777461655988,370.51430104889516,21
584.1,7,1056.011194713365,4.8999999999999995,51.73622245695556,371.1568490833228,21
584.2,7,1056.011194713365,4.8999999999999995,51.75217828117401,371.0388526997766,21
584.3,7,1056.011194713365,4.8999999999999995,51.74713592296739,371.07527831493843,21
584.4,11,1056.011194713365,4.199999999999999,51.757009135500695,371.0036462533793,21
584.5,11,1056.011194713365,4.5,51.7489270129939,371.06203393143977,21
584.6,11,1056.011194713365,4.5,51.759550826937954,370.98685896489394,21
584.7,7,1055.8381317507306,4.5,51.7634786775409,370.95759613709885,21
584.8,7,1055.8381317507306,4.8999999999999995,51.76852421126284,370.92185760663153,21
584.9,7,1055.8381317507306,4.8999999999999995,51.75979950404596,370.9866488223406,21
585.0,11,1055.8381317507306,4.8999999999999995,51.87457034097078,370.1838127443842,21
585.1,11,1055.8381317507306,5.4,51.87869420767166,370.15508032185096,21
585.2,11,1055.8381317507306,5.4,51.88867136979481,370.0851710092794,21
585.3,11,1055.8381317507306,5.4,51.78084230302404,370.838761388699,21
585.4,11,1055.8381317507306,5.4,51.790493749838966,370.77145755813865,21
585.5,11,1055.8381317507306,5.4,51.79598391996271,370.73252102906196,21
585.6,11,1055.8381317507306,5.4,51.804349527853404,370.6718699742388,21
585.7,11,1055.8381317507306,5.4,51.79006899360046,370.77549107439376,21
585.8,11,1055.8381317507306,5.4,51.80536137431531,370.6661523481197,21
585.9,11,1055.8381317507306,5.4,51.79787168398421,370.72176735774394,21
586.0,11,1055.8381317507306,4.5,51.904702292514074,369.9438003810229,21
586.1,11,1055.8381317507306,4.5,51.891726001230396,370.0399393515654,21
586.2,11,1055.8381317507306,4.5,51.887041905500396,370.0728092673083,21
586.3,11,1055.8381317507306,4.5,51.88698166680941,370.07261899055607,21
586.4,11,1055.8381317507306,4.5,51.87344879477976,370.1720051760643,21
586.5,11,1055.8381317507306,4.5,51.543365495807905,372.56973245069776,21
586.6,11,1055.8381317507306,4.5,51.52626666159283,372.6927158160655,21
586.7,11,1055.8381317507306,4.5,51.50802900338846,372.828502902864,21
586.8,11,1055.8381317507306,4.5,51.50088189548829,372.87974494932905,21
586.9,11,1055.8381317507306,4.5,51.492540102528174,372.9410088526025,21
587.0,9,1055.8381317507306,4.5,51.44974356363993,373.3485609173514,21
587.1,9,1055.8381317507306,4.800000000000001,51.440128775660085,373.4184686062806,21
587.2,9,1055.8381317507306,4.800000000000001,51.43770698771888,373.43286886548015,21
587.3,9,1055.8381317507306,4.800000000000001,51.422184539568875,373.54755677848124,21
587.4,9,1055.8381317507306,4.800000000000001,51.52492521421505,372.82947548676066,21
587.5,9,1055.8381317507306,4.800000000000001,51.52461541929654,372.82659288878074,21
587.6,9,1055.8381317507306,4.800000000000001,51.51814233431015,372.87009241491586,21
587.7,9,1055.8381317507306,4.800000000000001,51.52103184341256,372.8459989476423,21
587.8,11,1055.8381317507306,4.0,51.523586410056225,372.82261447605447,21
587.9,11,1055.8381317507306,5.4,51.50592407297917,372.9529498753442,21
588.0,11,1055.8381317507306,5.4,51.50362545610946,372.96636740398435,21
588.1,11,1055.8381317507306,5.4,51.50666672052202,372.9393985488754,21
588.2,11,1055.8381317507306,5.4,51.59722974135541,372.25318072972476,21
588.3,11,1055.8381317507306,5.4,51.584153574148736,372.34889154035864,21
588.4,11,1055.8381317507306,5.4,51.58336204130998,372.3533044961375,21
588.5,11,1055.8381317507306,5.4,51.58213622760084,372.358352254804,21
588.6,11,1055.8381317507306,5.4,51.56654512915082,372.47029026028326,21
588.7,11,1055.8381317507306,5.4,51.55787249872714,372.5314823863258,21
588.8,11,1055.8381317507306,5.4,51.548231094150225,372.5953256312493,21
588.9,11,1055.8381317507306,5.4,51.54030152191849,372.6526198048989,21
589.0,11,1055.8381317507306,5.4,51.53243736281385,372.70588745388,21
589.1,11,1055.8381317507306,5.4,51.52010244870225,372.7932115882911,21
589.2,11,1055.8381317507306,5.4,51.51767892477962,372.80816781057285,21
589.3,11,1055.8381317507306,6.3,51.500929345159435,372.9263488893755,21
589.4,11,1055.8381317507306,6.3,51.49676412811511,372.9532197201333,21
589.5,11,1055.8381317507306,6.3,51.48456681989437,373.039322173278,21
589.6,11,1055.8381317507306,6.3,51.47662801927211,373.09048340776405,21
589.7,11,1055.8381317507306,6.3,51.45976262661755,373.21362563222715,21
589.8,11,1055.8381317507306,6.3,51.44958571599079,373.28444059119124,21
589.9,11,1055.8381317507306,6.3,51.44048393046,373.34689923109636,21
590.0,11,1055.8381317507306,6.3,51.42221906436492,373.47902855231143,21
590.1,11,1055.8381317507306,5.4,51.412506862482175,373.54618027466984,21
590.2,11,1055.8381317507306,5.4,51.397444524295416,373.65271336116086,21
590.3,11,1055.8381317507306,5.4,51.37871679657374,373.78666323174735,21
590.4,11,1055.8381317507306,5.4,51.36537348622613,373.87890584173,21
590.5,11,1055.8381317507306,5.4,51.358522526510455,373.9265854540465,21
590.6,11,1055.8381317507306,5.4,51.37709935828615,373.7531924227893,21
590.7,11,1055.8381317507306,6.3,51.3676629099609,373.81907837744944,21
590.8,11,1055.8381317507306,6.3,51.35746622800805,373.889455849697,21
590.9,11,1055.8381317507306,6.3,51.49187816257623,372.93745499727817,21
591.0,11,1055.8381317507306,6.3,51.546085951839494,372.5289249458229,21
591.1,11,1055.8381317507306,6.3,51.522220473004715,372.7011804746278,21
591.2,11,1055.8381317507306,6.3,51.490036970437615,372.93457780828203,21
591.3,11,1055.8381317507306,6.3,51.450077856159965,373.2253130547446,21
591.4,11,1055.8381317507306,6.3,51.42637198715177,373.39492077158866,21
591.5,11,1055.8381317507306,5.4,51.407135864336084,373.53343547687393,21
591.6,11,1055.8381317507306,5.4,51.39020864843975,373.6566933659128,21
591.7,11,1055.8381317507306,5.4,51.37049716810304,373.8006710103496,21
591.8,11,1055.8381317507306,5.4,51.350725881752396,373.9449203118676,21
591.9,11,1055.8381317507306,5.4,51.319284173942464,374.1754849612941,21
592.0,11,1055.8381317507306,5.4,51.28797405133545,374.40379602788835,21
592.1,11,1055.8381317507306,5.4,51.214137033881684,375.13110484874574,21
592.2,11,1055.8381317507306,5.4,51.19068129680842,375.3060246231564,21
592.3,11,1055.8381317507306,5.4,51.167413119333034,375.4799965870137,21
592.4,11,1055.8381317507306,5.4,51.14023121557401,375.6820001554023,21
592.5,11,1055.8381317507306,5.4,51.121977084074814,375.82102379756395,21
592.6,11,1055.8381317507306,5.4,51.09746880858358,376.00517928704613,21
592.7,11,1055.8381317507306,5.4,50.90363909795689,377.3875306883525,21
592.8,11,1055.8381317507306,5.4,50.884099398201684,377.53376530021836,21
592.9,11,1055.8381317507306,5.4,50.86047449836063,377.71826927389657,21
593.0,11,1055.8381317507306,5.4,50.854037829520124,377.7699042652253,21
593.1,11,1055.8381317507306,5.4,50.732321671365966,378.7245412293803,21
593.2,11,1055.8381317507306,5.4,50.72631367752283,378.7783076851581,21
593.3,11,1055.8381317507306,5.4,50.720373555369164,378.82625456608855,21
593.4,11,1055.8381317507306,5.4,50.70591808593284,378.9412492548119,21
593.5,11,1055.8381317507306,5.4,50.77170695102359,378.4228349779421,21
593.6,11,1055.8381317507306,4.5,50.757408071418524,378.53664318330334,21
593.7,11,1055.8381317507306,4.5,50.55346142648786,379.99853140955884,21
593.8,11,1055.8381317507306,4.5,50.52885284911609,380.19318781938557,21
593.9,11,1055.8381317507306,4.5,50.55076855754609,380.04556582044825,21
594.0,11,1055.8381317507306,4.5,50.52482468737078,380.2506507064754,21
594.1,11,1055.8381317507306,4.5,50.510322761040314,380.36735985398263,21
594.2,11,1055.8381317507306,4.5,50.49743367035699,380.4677124981954,21
594.3,11,1055.8381317507306,4.5,50.48712453705999,380.54927027559137,21
594.4,11,1055.8381317507306,4.5,50.46577952962001,380.7153510277374,21
594.5,11,1055.8381317507306,4.5,50.45351722426069,380.81219270903165,21
594.6,11,1055.8381317507306,4.5,50.44793574154226,380.86245556436313,21
594.7,9,1055.8381317507306,3.6,50.43909901173206,380.93352857224676,21
594.8,9,1055.8381317507306,4.0,50.43032805368549,381.0033293670475,21
594.9,9,1055.8381317507306,4.0,50.423952373697915,381.0589148881645,21
595.0,9,1055.8381317507306,4.0,50.40674741736445,381.1966338755491,21
595.1,9,1055.8381317507306,4.0,50.399595474358605,381.2603529949837,21
595.2,9,1055.8381317507306,4.0,50.365184888232626,381.58712823701353,21
595.3,9,1055.8381317507306,4.0,50.3514467064627,381.6954176289971,21
595.4,9,1055.8381317507306,4.0,50.3471585985236,381.7272888745538,21
595.5,9,1055.8381317507306,4.0,50.32978367569151,381.87208503045724,21
595.6,9,1055.8381317507306,4.0,50.32278094956961,381.9242135784607,21
595.7,9,1055.8381317507306,3.2,50.15523075339354,383.2917459227597,21
595.8,9,1055.8381317507306,3.2,50.149109546894486,383.3422798212039,21
595.9,11,1055.8381317507306,3.2,50.12293964836975,383.55606937514995,21
596.0,11,1055.8381317507306,3.6,50.13001744815756,383.50548593385827,21
596.1,11,1055.8381317507306,3.6,50.120243215782665,383.58799492361345,21
596.2,11,1055.8381317507306,3.6,50.13690758871379,383.4595026024989,21
596.3,11,1055.8381317507306,3.6,50.12457529687633,383.5692615709115,21
596.4,11,1055.8381317507306,3.6,50.177089139743245,383.194101805801,21
596.5,11,1055.8381317507306,3.6,50.255306045122005,382.56027830362655,21
596.6,11,1055.8381317507306,3.6,50.2765829344569,382.40158325403956,21
596.7,11,1055.8381317507306,3.6,50.26638811369874,382.49334095861144,21
596.8,11,1055.8381317507306,3.6,50.28116573370785,382.3838952604966,21
596.9,9,1055.8381317507306,3.6,50.276649907725194,382.4206916202993,21
597.0,11,1055.8381317507306,3.2,50.280271694848906,382.40074905534755,21
597.1,11,1055.8381317507306,3.6,50.27214382766414,382.47504725825905,21
597.2,11,1055.8381317507306,4.5,50.27159304012888,382.48095017967387,21
597.3,8,1056.1347536230842,3.6,50.085822260222656,383.80694824328793,21
597.4,11,1056.1347536230842,3.5,50.08504450911235,383.8209858582675,21
597.5,11,1056.1347536230842,3.6,50.094051333372434,383.7544485895645,21
597.6,11,1056.1347536230842,3.6,50.10569846754371,383.67292726865367,21
597.7,11,1056.1347536230842,3.6,50.11482483575462,383.61052752392135,21
597.8,11,1056.1347536230842,3.6,50.11792087430153,383.59329696388454,21
597.9,11,1056.1347536230842,3.6,50.10476774482833,383.7047947537035,21
598.0,7,1055.9858464383328,3.6,50.12077266177114,383.58856568343015,21
598.1,7,1055.9049393379241,4.199999999999999,50.11810141207398,383.6111033954203,21
598.2,11,1055.9049393379241,4.199999999999999,49.900738202044124,385.17768620798694,21
598.3,11,1055.9049393379241,4.5,49.89728952976332,385.09311880519954,21
598.4,11,1055.9049393379241,4.5,49.881402051789536,385.21970088421574,21
598.5,11,1055.9049393379241,4.5,49.875592094956424,385.2630974923043,21
598.6,11,1055.9049393379241,4.5,49.85975749749491,385.3893179775104,21
598.7,11,1055.9049393379241,4.5,49.84729852920716,385.48053532363883,21
598.8,11,1055.9049393379241,4.5,49.836607185775364,385.56377678067327,21
598.9,7,1055.9049393379241,3.6,49.8200481512019,385.6906569951524,21
599.0,7,1055.9049393379241,4.199999999999999,49.78597847630573,385.95810699203764,21
599.1,7,1055.9049393379241,4.199999999999999,49.77133799370698,386.0716777995982,21
599.2,7,1055.9049393379241,4.199999999999999,49.84386687035398,385.4764534478272,21
599.3,7,1055.9049393379241,4.199999999999999,49.61752607932621,387.33123467095845,21
599.4,7,1055.9049393379241,4.199999999999999,49.597227670766216,387.48783369316163,21
599.5,7,1055.9049393379241,4.199999999999999,49.57930300858931,387.6262438625504,21
599.6,7,1055.9049393379241,4.199999999999999,49.53994417510994,387.94220294482943,21
599.7,11,1055.9049393379241,3.5,49.515760438323966,388.12947410817867,21
599.8,11,1055.9049393379241,3.6,49.48430086451692,388.37840852879833,21
599.9,11,1055.9049393379241,3.6,49.456127425859606,388.60008889165795,21
600.0,11,1055.9049393379241,3.6,49.44029339445166,388.81927782261664,21
600.1,8,1056.3382923783847,3.6,49.57903531606297,387.81943789430477,21
600.2,8,1056.3382923783847,4.199999999999999,49.55420128578729,388.0187227266574,21
600.3,8,1056.3382923783847,4.199999999999999,49.517425443706244,388.31028957447376,21
600.4,8,1056.3382923783847,4.199999999999999,49.48743631075795,388.54827072459676,21
600.5,8,1056.3382923783847,4.199999999999999,49.457874038194504,388.77939102452,21
600.6,8,1056.3382923783847,4.199999999999999,49.428282428647975,389.01440104698656,21
600.7,8,1056.3382923783847,3.5,49.388298379386256,389.3267623946704,21
600.8,8,1056.3382923783847,3.5,49.361535424516426,389.5407704209571,21
600.9,8,1056.3382923783847,3.5,49.32693910165818,389.8188655396849,21
601.0,8,1056.3382923783847,3.5,49.292483034597375,390.0926682692989,21
601.1,8,1056.3382923783847,3.5,49.27113555761934,390.26116909228074,21
601.2,11,1056.3382923783847,3.5,49.339004066793066,389.78654283750853,21
601.3,11,1056.3382923783847,3.6,49.31660169345241,389.96443631347984,21
601.4,11,1056.3382923783847,3.6,49.28416573455405,390.2297663243661,21
601.5,11,1056.3382923783847,3.6,49.254846067844554,390.47209620725755,21
601.6,11,1056.3382923783847,3.6,49.20786027580789,390.8531384351382,21
601.7,11,1056.3382923783847,3.6,49.171820155011176,391.1423531273356,21
601.8,11,1056.3382923783847,3.6,49.146725762270115,391.35005929816805,21
601.9,11,1056.3382923783847,3.6,49.27415607589005,390.24323567355384,21
602.0,11,1056.3382923783847,4.5,49.24547130381417,390.47400024127427,21
602.1,11,1056.3382923783847,4.5,49.214860222851854,390.71781733027467,21
602.2,11,1056.3382923783847,4.5,49.17793791223757,391.0143020110387,21
602.3,11,1056.3382923783847,4.5,49.14324249878274,391.29686886726836,21
602.4,11,1056.3382923783847,4.5,49.104332546967974,391.60920873228804,21
602.5,11,1056.3382923783847,4.5,49.06886742005004,391.8969834679375,21
602.6,11,1056.3382923783847,4.5,49.03379221868594,392.1771769845536,21
602.7,11,1056.3382923783847,4.5,49.00233853595624,392.4369946477076,21
602.8,11,1056.3382923783847,4.5,48.96519772425249,392.74298960827394,21
602.9,11,1056.3382923783847,4.5,48.93019655473083,393.0348787030592,21
603.0,11,1056.3382923783847,4.5,48.898088784544655,393.3000043987708,21
603.1,11,1056.3382923783847,4.5,48.85717074452185,393.649252145548,21
603.2,11,1056.3382923783847,4.5,48.82417381043187,393.9186930590687,21
603.3,11,1056.3382923783847,4.5,48.78446821345526,394.2534746000499,21
603.4,11,1056.3382923783847,4.5,48.77756123346977,393.97140030462833,21
603.5,11,1056.3382923783847,4.5,48.75489140210428,394.1511957592458,21
603.6,11,1056.3382923783847,4.5,48.82387455416875,393.65070749388246,21
603.7,11,1056.3382923783847,4.5,48.80589316781938,393.79619736807325,21
603.8,11,1056.3382923783847,4.5,48.772133408769434,394.07393694233434,21
603.9,11,1056.3382923783847,4.5,48.72880909943392,394.4266380410737,21
604.0,11,1056.3382923783847,4.5,48.689728715591016,394.75236859533027,21
604.1,11,1056.3382923783847,4.5,48.66370440422483,394.9579786463038,21
604.2,11,1056.3382923783847,4.5,48.64627407461629,395.0992612396487,21
604.3,11,1056.3382923783847,4.5,48.622712282839316,395.28900785249715,21
604.4,11,1056.3382923783847,4.5,48.59362175364802,395.3947285976084,21
604.5,11,1056.3382923783847,4.5,48.5707144535172,395.5802536715015,21
604.6,11,1056.3382923783847,4.5,48.54311378887239,395.8059100907022,21
604.7,11,1056.3382923783847,4.5,48.52521660672556,395.9521315508904,21
604.8,11,1056.3382923783847,4.5,48.496662642438054,396.18197274026204,21
604.9,11,1056.3382923783847,4.5,48.46863520508051,396.4092728581927,21
605.0,11,1056.3382923783847,4.5,48.46015604149052,396.47345874371456,21
605.1,11,1056.3382923783847,4.5,48.43749047813641,396.659700676876,21
605.2,11,1056.3382923783847,4.5,48.40881133210874,396.8978103698155,21
605.3,11,1056.3382923783847,3.6,48.36880004926837,397.4308553272058,21
605.4,11,1056.3382923783847,3.6,48.349413088250316,397.58847418538255,21
605.5,11,1056.3382923783847,3.6,48.32560554132628,397.786078563484,21
605.6,11,1056.3382923783847,3.6,48.28536558084363,398.1218561954322,21
605.7,11,1056.3382923783847,3.6,48.26367978035357,398.2976479446504,21
605.8,11,1056.3382923783847,3.6,48.23970647011871,398.4887649559778,21
605.9,8,1056.0813592058728,3.6,48.19682522195302,398.8510921530721,21
606.0,8,1056.0813592058728,4.199999999999999,48.286522810720655,398.16668183355614,21
606.1,8,1056.0813592058728,4.199999999999999,48.259593948409645,398.3878856082912,21
606.2,8,1056.0813592058728,4.199999999999999,48.23788161297604,398.56705024515315,21
606.3,8,1056.0813592058728,4.199999999999999,48.19787990202439,398.8986582089943,21
606.4,8,1056.0813592058728,4.199999999999999,48.16565947782818,399.1643145888705,21
606.5,8,1056.0813592058728,4.199999999999999,48.14335093512787,399.3514158145075,21
606.6,8,1056.0813592058728,4.199999999999999,48.11450826258559,399.5920538778843,21
606.7,8,1056.0813592058728,4.199999999999999,48.08745096297591,399.82059150068267,21
606.8,8,1056.0813592058728,4.199999999999999,48.071407176320136,399.95560668590775,21
606.9,8,1056.0813592058728,4.199999999999999,48.18634952853799,398.92751742110727,21
607.0,8,1056.0813592058728,4.199999999999999,48.16736403783837,399.08369254256377,21
607.1,8,1056.0813592058728,4.199999999999999,48.12944550943175,399.4164873761519,21
607.2,8,1056.0813592058728,4.199999999999999,48.117257069654784,399.5143927050034,21
607.3,8,1056.0813592058728,4.199999999999999,48.08973730941409,399.75129040158095,21
607.4,8,1056.0813592058728,4.199999999999999,48.07204338193725,399.9036169102942,21
607.5,8,1056.0813592058728,4.199999999999999,47.9376058173321,401.0967454212698,21
607.6,8,1056.0813592058728,4.199999999999999,47.91458118505882,401.2957798515828,21
607.7,8,1056.0813592058728,4.199999999999999,47.89636240915512,401.4486910198624,21
607.8,8,1056.0813592058728,4.199999999999999,47.87070466076917,401.68093110048517,21
607.9,8,1056.0813592058728,4.199999999999999,47.86297178378781,401.7444747828322,21
608.0,8,1056.0813592058728,4.199999999999999,47.842329678512904,401.92233369631674,21
608.1,8,1056.0813592058728,4.199999999999999,47.818512403228326,402.13071302733664,21
608.2,8,1056.0813592058728,4.199999999999999,47.817001821153255,401.8623210991924,21
608.3,8,1056.0813592058728,4.199999999999999,47.898790488913484,401.2323501847772,21
608.4,8,1056.0813592058728,4.199999999999999,47.869411642609975,401.48478203561297,21
608.5,8,1056.0813592058728,4.199999999999999,47.84459383899696,401.7024572836579,21
608.6,8,1056.0813592058728,4.199999999999999,47.83568395445027,401.78017425153786,21
608.7,8,1056.0813592058728,4.199999999999999,47.82202105377711,401.90153478754763,21
608.8,8,1056.0813592058728,4.199999999999999,47.798647432363836,402.1049873297586,21
608.9,8,1056.0813592058728,4.199999999999999,47.76302617864043,402.42023436119337,21
609.0,8,1056.0813592058728,4.199999999999999,47.73376605527142,402.6757428730325,21
609.1,8,1056.0813592058728,4.199999999999999,47.73496238639529,402.4847661499448,21
609.2,8,1056.0813592058728,3.5,47.83033457285988,401.6364256435755,21
609.3,7,1055.966762980951,3.5,47.81133731750216,401.7975910974732,21
609.4,8,1055.966762980951,3.5,47.79642040696953,401.93101806797006,21
609.5,8,1055.966762980951,3.5,47.79138249163788,401.97604608662687,21
609.6,8,1055.966762980951,3.5,47.76503813575092,402.20616781313106,21
609.7,7,1055.966762980951,3.5,47.74123178997665,402.4177443093563,21
609.8,7,1055.966762980951,3.5,47.720998724141154,402.5999902143263,21
609.9,7,1055.966762980951,3.5,47.727322474460266,402.54972535175307,21
610.0,7,1055.966762980951,3.5,47.719168868227285,402.62509074653406,21
610.1,8,1055.966762980951,3.5,47.7200180402363,402.62417582884666,21
610.2,8,1055.966762980951,3.5,47.70790226977615,402.73113053400095,21
610.3,7,1055.7975830029839,3.5,47.703588057633326,402.77074432899076,21
610.4,7,1055.7975830029839,4.199999999999999,47.706353402931924,402.75451144662986,21
610.5,7,1055.7975830029839,4.199999999999999,47.69957897935981,402.81920664299923,21
610.6,7,1055.7975830029839,4.199999999999999,47.77739196553844,402.22014519289144,21
610.7,7,1055.7975830029839,4.199999999999999,47.77857862743892,402.2132220712922,21
610.8,7,1055.7975830029839,4.199999999999999,47.77680185032591,402.2333146049811,21
610.9,7,1055.7975830029839,4.199999999999999,47.775035020026436,402.25902047637163,21
611.0,7,1055.7975830029839,4.199999999999999,47.77395011576759,402.27359364978247,21
611.1,7,1055.7975830029839,4.199999999999999,47.77452371471469,402.2725312985971,21
611.2,8,1055.629497725885,4.199999999999999,47.77191336653429,402.30278251383953,21
611.3,8,1055.629497725885,4.199999999999999,47.77144154162934,402.3102717462857,21
611.4,8,1055.629497725885,4.199999999999999,47.773904418615274,402.2979301061264,21
611.5,8,1055.629497725885,4.199999999999999,47.81216587243792,401.86308951292483,21
611.6,8,1055.629497725885,4.199999999999999,47.827003914267564,401.7338573410807,21
611.7,7,1055.629497725885,3.5,47.8394211345101,401.6276499508798,21
611.8,7,1055.629497725885,4.199999999999999,47.842013347518616,401.60463488583093,21
611.9,7,1055.629497725885,4.199999999999999,47.825851121379685,401.74726020943945,21
612.0,7,1055.629497725885,4.199999999999999,47.94193780682802,400.7295723166365,21
612.1,7,1055.629497725885,4.199999999999999,47.950909465567236,400.6538381534542,21
612.2,7,1055.629497725885,4.199999999999999,47.96003167760961,400.57473542087564,21
612.3,7,1055.629497725885,4.199999999999999,47.96136211589142,400.5713784040054,21
612.4,7,1055.629497725885,4.199999999999999,47.96502774489721,400.54212585990126,21
612.5,7,1055.629497725885,4.199999999999999,47.96966856920049,400.5000404814158,21
612.6,7,1055.629497725885,4.199999999999999,47.98244085686953,400.39290309283166,21
612.7,8,1055.629497725885,3.5,47.98633050718041,400.3603778875969,21
612.8,8,1055.629497725885,3.5,47.9822020339126,400.3978278299214,21
612.9,8,1055.629497725885,3.5,48.00149519597606,400.2345547229468,21
613.0,8,1055.629497725885,3.5,48.12996555859692,399.1233591447799,21
613.1,8,1055.629497725885,3.5,48.1273008360247,399.14898708830606,21
613.2,8,1055.629497725885,3.5,48.12378429037577,399.1834307688007,21
613.3,8,1055.629497725885,3.5,48.162004440810705,398.79650977286633,21
613.4,8,1055.629497725885,3.5,48.17601235455993,398.680078557358,21
613.5,8,1055.629497725885,3.5,48.19037204864331,398.56245703175614,21
613.6,8,1055.629497725885,3.5,48.1959985994406,398.5181954527543,21
613.7,7,1055.4641308611235,3.5,48.20315440600204,398.4582270276859,21
613.8,7,1055.4641308611235,4.199999999999999,48.06915207432895,399.61822707068063,21
613.9,7,1055.4641308611235,4.199999999999999,48.09222547016192,399.4241202124325,21
614.0,7,1055.4641308611235,4.199999999999999,48.09548192066546,399.39890713944914,21
614.1,7,1055.4641308611235,4.199999999999999,48.11981735039732,399.19824741958473,21
614.2,7,1055.4641308611235,4.199999999999999,48.143726879835896,399.0011598342759,21
614.3,7,1055.4641308611235,4.199999999999999,48.18458830193609,398.65858558804797,21
614.4,7,1055.4641308611235,4.199999999999999,48.20438295265059,398.49789020760556,21
614.5,7,1055.4641308611235,4.199999999999999,48.22392163418331,398.339335314247,21
614.6,7,1055.4641308611235,4.199999999999999,48.25482733982532,398.0813931609374,21
614.7,7,1055.4641308611235,4.199999999999999,48.27770288462963,397.8951348062586,21
614.8,7,1055.4641308611235,4.199999999999999,48.37373278790899,397.0836613209781,21
614.9,7,1055.4641308611235,4.199999999999999,48.39445775476591,396.9171631590841,21
615.0,7,1055.4641308611235,4.199999999999999,48.425927019453006,396.6622486173823,21
615.1,7,1055.4641308611235,4.199999999999999,48.45437044882782,396.4263129866554,21
615.2,7,1055.4641308611235,4.199999999999999,48.464927926202066,396.3473654668645,21
615.3,7,1055.4641308611235,4.199999999999999,48.49221766988798,396.12418722005157,21
615.4,7,1055.4641308611235,4.199999999999999,48.514272785896,395.94041819419635,21
615.5,8,1055.2982615830103,4.199999999999999,48.530440861966824,395.80990286456677,21
615.6,8,1055.2982615830103,4.199999999999999,48.53982108636393,395.73601765702455,21
615.7,8,1055.2982615830103,4.199999999999999,48.55898237391463,395.58164528804366,21
615.8,8,1055.2982615830103,4.199999999999999,48.57561116562846,395.45187211314544,21
615.9,8,1055.2982615830103,4.199999999999999,48.60522376217067,395.2084746631207,21
616.0,8,1055.2982615830103,4.199999999999999,48.61688772671057,395.1207172782747,21
616.1,8,1055.2982615830103,4.199999999999999,48.64160456117757,394.9214488126205,21
616.2,8,1055.2982615830103,4.199999999999999,48.66505253726576,394.7305346477954,21
616.3,8,1055.2982615830103,4.199999999999999,48.66761538195102,394.7162403773057,21
616.4,8,1055.2982615830103,4.199999999999999,48.68269575602357,394.59506399822993,21
616.5,8,1055.2982615830103,4.199999999999999,48.69396205779468,394.50437466438643,21
616.6,8,1055.2982615830103,4.199999999999999,48.704104278102186,394.42720010019303,21
616.7,8,1055.2982615830103,4.199999999999999,48.721986986439646,394.2827422685955,21
616.8,8,1055.2982615830103,4.199999999999999,48.74115468965174,394.1231491362529,21
616.9,8,1055.2982615830103,4.199999999999999,48.7018140481854,394.4557171251924,21
617.0,8,1055.2982615830103,4.199999999999999,48.71840158486187,394.3253193578049,21
617.1,8,1055.2982615830103,4.199999999999999,48.74449753342584,394.11103897355576,21
617.2,7,1055.1342846207574,4.199999999999999,48.75228116336692,394.0432221394375,21
617.3,7,1055.1342846207574,4.8999999999999995,48.759099303845815,393.9863145115529,21
617.4,7,1055.1342846207574,4.8999999999999995,48.76727626335868,393.9206119810906,21
617.5,7,1055.1342846207574,4.8999999999999995,48.771817368773675,393.8819063426103,21
617.6,7,1055.1342846207574,4.8999999999999995,48.55243857327297,395.5844830353366,21
617.7,7,1055.1342846207574,4.8999999999999995,48.55511582021556,395.56259389963986,21
617.8,7,1055.1342846207574,4.8999999999999995,48.68269081376185,394.56153635688827,21
617.9,7,1055.1342846207574,4.8999999999999995,48.67486903699763,394.6308708776155,21
618.0,7,1055.1342846207574,4.8999999999999995,48.686786502793424,394.5316368001154,21
618.1,8,1055.1342846207574,4.199999999999999,48.69702720551301,394.4470362716649,21
618.2,8,1055.1342846207574,4.199999999999999,48.69356821097432,394.47508944753514,21
618.3,8,1055.1342846207574,4.199999999999999,48.697352656064446,394.43994102086396,21
618.4,8,1055.1342846207574,4.199999999999999,48.70715469448315,394.360309062161,21
618.5,8,1055.1342846207574,4.199999999999999,48.53303800896885,395.7143347168277,21
618.6,8,1055.1342846207574,4.199999999999999,48.531615467815826,395.72689682720727,21
618.7,8,1055.1342846207574,4.199999999999999,48.523061278071935,395.7984770410799,21
618.8,8,1055.1342846207574,4.199999999999999,48.51718084202337,395.8450783399893,21
618.9,8,1055.1342846207574,4.199999999999999,48.51153282079066,395.89170936298063,21
619.0,8,1055.1342846207574,4.199999999999999,48.51201654225842,395.88296710746033,21
619.1,8,1055.1342846207574,4.199999999999999,48.490982734210895,396.05567192818603,21
619.2,8,1055.1342846207574,4.199999999999999,48.49420157522657,396.02786592520306,21
619.3,8,1055.1342846207574,4.199999999999999,48.493969926084276,396.02892019547926,21
619.4,8,1055.1342846207574,4.199999999999999,48.48551574793105,396.09476098911153,21
619.5,8,1055.1342846207574,4.199999999999999,48.520510988049814,395.795907025353,21
619.6,8,1055.1342846207574,4.199999999999999,48.52892948808639,395.72392768644727,21
619.7,8,1055.1342846207574,4.199999999999999,48.53465248519901,395.67158860264533,21
619.8,8,1055.1342846207574,4.199999999999999,48.54857290161492,395.5556404796562,21
619.9,8,1055.1342846207574,4.199999999999999,48.55207448287705,395.52837391396685,21
620.0,8,1055.1342846207574,4.199999999999999,48.553370158328434,395.51514556682343,21
620.1,8,1055.1342846207574,4.199999999999999,48.54040218411687,395.65311363932614,21
620.2,8,1055.1342846207574,4.199999999999999,48.41933539052992,396.67808580418847,21
620.3,8,1055.1342846207574,4.199999999999999,48.55533132798617,395.6106881432174,21
620.4,8,1055.1342846207574,4.199999999999999,48.592339338045214,395.18582713116973,21
620.5,7,1055.1342846207574,3.5,48.58921815950421,395.2119877420768,21
620.6,7,1055.1342846207574,4.8999999999999995,48.593144424605995,395.1806461854493,21
620.7,7,1055.1342846207574,4.8999999999999995,48.601211184214975,395.11587487517056,21
620.8,7,1055.1342846207574,4.8999999999999995,48.6218039266125,394.94785529465935,21
620.9,7,1055.1342846207574,4.8999999999999995,48.62929532517874,394.8859636670554,21
621.0,7,1055.1342846207574,4.8999999999999995,48.63255346353797,394.8612269941244,21
621.1,7,1055.1342846207574,4.8999999999999995,48.644841460962425,394.7601377783305,21
621.2,7,1055.1342846207574,4.8999999999999995,48.62981292294458,394.88716740701364,21
621.3,7,1055.1342846207574,4.8999999999999995,48.63328076473336,394.859139310205,21
621.4,7,1055.1342846207574,4.8999999999999995,48.52504989565563,395.71997470066464,21
621.5,7,1055.1342846207574,4.8999999999999995,48.52998046819927,395.67930850521407,21
621.6,7,1055.1342846207574,4.8999999999999995,48.526627420565426,395.70761506618226,21
621.7,7,1055.1342846207574,4.8999999999999995,48.53103091566359,395.6718784476107,21
621.8,7,1055.1342846207574,4.8999999999999995,48.526082971378045,395.7139779473923,21
621.9,7,1055.1342846207574,4.8999999999999995,48.580193136256284,395.26320591116803,21
622.0,7,1055.1342846207574,4.8999999999999995,48.575374613269815,395.30296838447316,21
622.1,7,1055.1342846207574,4.8999999999999995,48.568388724868576,395.36031899090403,21
622.2,7,1055.1342846207574,4.8999999999999995,48.54157586694333,395.57713758018485,21
622.3,7,1055.1342846207574,4.8999999999999995,48.515473764640056,395.7897952070307,21
622.4,7,1055.1342846207574,4.8999999999999995,48.49551217102004,395.9527813730621,21
622.5,7,1055.1342846207574,4.8999999999999995,48.479702630219485,396.0811402303264,21
622.6,7,1055.1342846207574,4.8999999999999995,48.46558378561839,396.1953661742691,21
622.7,7,1055.1342846207574,4.8999999999999995,48.444234896067684,396.3702290817905,21
622.8,7,1055.1342846207574,4.8999999999999995,48.438902166811616,396.41212524650854,21
622.9,7,1055.1342846207574,4.8999999999999995,48.42553134798218,396.5209981236725,21
623.0,7,1055.1342846207574,4.8999999999999995,48.401504119335236,396.7173623447802,21
623.1,7,1055.1342846207574,4.8999999999999995,48.3930587761912,396.784193701523,21
623.2,7,1055.1342846207574,4.8999999999999995,48.3785993679153,396.90251568947224,21
623.3,7,1055.1342846207574,4.8999999999999995,48.35796101437953,397.07004443697895,21
623.4,7,1055.1342846207574,4.8999999999999995,48.248802150108524,397.9825077386023,21
623.5,7,1055.1342846207574,4.8999999999999995,48.232808033132024,398.11410349472635,21
623.6,7,1055.1342846207574,4.8999999999999995,48.21926104825408,398.22515598453526,21
623.7,7,1055.1342846207574,4.8999999999999995,48.21044956322974,398.29711166570075,21
623.8,7,1055.1342846207574,4.8999999999999995,48.20242530125388,398.36134179121666,21
623.9,7,1055.1342846207574,4.8999999999999995,48.18744589448093,398.48435072675613,21
624.0,7,1055.1342846207574,4.8999999999999995,48.18947737565986,398.4650604109162,21
624.1,7,1055.1342846207574,4.8999999999999995,48.173295759664235,398.597250383939,21
624.2,7,1055.1342846207574,4.8999999999999995,48.15326770684319,398.76293582913763,21
624.3,7,1055.1342846207574,4.8999999999999995,48.3397620672778,397.2597407159749,21
624.4,7,1055.1342846207574,4.8999999999999995,48.338540531329826,397.26585365969765,21
624.5,7,1055.1342846207574,4.8999999999999995,48.329777623507866,397.3343411114969,21
624.6,7,1055.1342846207574,4.8999999999999995,48.30210141426545,397.562235911434,21
624.7,7,1055.1342846207574,4.199999999999999,48.29436232582243,397.62166628861263,21
624.8,7,1055.1342846207574,4.199999999999999,48.282388459798,397.7179517263361,21
624.9,7,1055.1342846207574,4.199999999999999,48.3651879030544,397.0201644297159,21
625.0,7,1055.1342846207574,4.199999999999999,48.346226583654484,397.1752080987204,21
625.1,7,1055.1342846207574,4.199999999999999,48.32544854643169,397.34557580669906,21
625.2,7,1055.1342846207574,4.199999999999999,48.31151053512791,397.4601564926704,21
625.3,7,1055.1342846207574,4.199999999999999,48.29939415646243,397.56045218676604,21
625.4,7,1055.1342846207574,4.199999999999999,48.12193754182751,399.05843611200635,21
625.5,7,1055.1342846207574,4.199999999999999,48.101854896611876,399.2256960718945,21
625.6,7,1055.1342846207574,4.199999999999999,48.09373420674096,399.2931866651697,21
625.7,7,1055.1342846207574,4.199999999999999,48.07566281587704,399.4434602909132,21
625.8,7,1055.1342846207574,4.199999999999999,48.05989028092211,399.5738884289663,21
625.9,7,1055.1342846207574,4.199999999999999,48.04563480087702,399.69336237687435,21
626.0,7,1055.1342846207574,4.199999999999999,48.03861198056701,399.74970400117957,21
626.1,7,1055.1342846207574,4.199999999999999,48.018032678554654,399.9237473672355,21
626.2,7,1055.1342846207574,4.199999999999999,48.002466078396175,400.0524920171262,21
626.3,7,1055.1342846207574,4.199999999999999,47.99085269868763,400.1512146479306,21
626.4,7,1055.1342846207574,4.199999999999999,47.83337851280966,401.5071051593753,21
626.5,7,1055.1342846207574,4.199999999999999,47.72015056738363,402.43258868469877,21
626.6,7,1054.9690595939894,4.199999999999999,47.8847385103083,401.0964471231561,21
626.7,7,1054.9690595939894,4.8999999999999995,47.8673111657523,401.2443820751899,21
626.8,7,1054.9690595939894,4.8999999999999995,47.85436552103036,401.3585400178672,21
626.9,7,1054.9690595939894,4.8999999999999995,47.835934213181815,401.5177169357552,21
627.0,7,1054.9690595939894,4.8999999999999995,47.83331514914353,401.5416264838333,21
627.1,7,1054.9690595939894,4.8999999999999995,47.81326449491381,401.71392067796285,21
627.2,7,1054.9690595939894,4.8999999999999995,47.7973583390242,401.8490973065001,21
627.3,7,1054.9690595939894,4.8999999999999995,47.87743592301656,401.15110041217986,21
627.4,7,1054.9690595939894,4.8999999999999995,47.850336020952014,401.3842414029448,21
627.5,7,1054.9690595939894,4.8999999999999995,47.71780247233227,402.46912893032027,21
627.6,7,1054.9690595939894,4.8999999999999995,47.70326067030398,402.5978294915601,21
627.7,7,1054.9690595939894,4.8999999999999995,47.68864243554603,402.72434063803007,21
627.8,7,1054.9690595939894,4.8999999999999995,47.676419419957156,402.8318386601275,21
627.9,7,1054.9690595939894,4.8999999999999995,47.655286789067404,403.0133671021256,21
628.0,7,1054.9690595939894,4.199999999999999,47.63382099841052,403.20212507570466,21
628.1,7,1054.9690595939894,4.199999999999999,47.636634403494696,403.1781374952641,21
628.2,7,1054.9690595939894,4.199999999999999,47.61861980855285,403.3350220543516,21
628.3,8,1054.8090353780588,4.199999999999999,47.75228686957626,402.26110039524514,21
628.4,7,1054.8090353780588,2.8,47.734559222898355,402.41416562481936,21
628.5,7,1054.8090353780588,4.199999999999999,47.730753287452515,402.4466584447363,21
628.6,7,1054.8090353780588,4.199999999999999,47.72003227077972,402.54387040997074,21
628.7,7,1054.8090353780588,4.199999999999999,47.71928618783721,402.54819324465655,21
628.8,7,1054.8090353780588,4.199999999999999,47.71078927195065,402.62241697663177,21
628.9,7,1054.8090353780588,4.199999999999999,47.700082244998285,402.7116069217269,21
629.0,7,1054.8090353780588,4.199999999999999,47.679792567544055,402.8880036185401,21
629.1,7,1054.8090353780588,4.199999999999999,47.519009767518675,404.3209364230637,21
629.2,7,1054.8090353780588,4.199999999999999,47.510251830888365,404.3935552830003,21
629.3,7,1054.8090353780588,4.199999999999999,47.50870359568818,404.40484315928404,21
629.4,7,1054.8090353780588,4.199999999999999,47.4937991894336,404.5333526294062,21
629.5,7,1054.8090353780588,4.199999999999999,47.48953648529195,404.5695577201776,21
629.6,7,1054.8090353780588,4.199999999999999,47.49096678114542,404.5573664429983,21
629.7,7,1054.8090353780588,4.199999999999999,47.4733283499109,404.712589040447,21
629.8,7,1054.8090353780588,4.199999999999999,47.56391964649267,403.89501322608993,21
629.9,7,1054.8090353780588,4.199999999999999,47.55687714661606,403.95900699572377,21
630.0,7,1054.8090353780588,4.199999999999999,47.55224010592352,403.99922252100015,21
630.1,7,1054.8090353780588,4.199999999999999,47.53914980551316,404.1142402359902,21
630.2,7,1054.8090353780588,4.199999999999999,47.53997213282233,404.10965655214534,21
630.3,7,1054.8090353780588,4.199999999999999,47.336036032589675,405.94353317532887,21
630.4,6,1051.5752098992177,4.199999999999999,47.328652872793,406.0128585278288,21
630.5,7,1051.5752098992177,4.0,47.326887840235045,406.0244544510191,21
630.6,7,1051.5752098992177,4.199999999999999,47.387376933671526,405.36853567364926,21
630.7,7,1051.5752098992177,4.199999999999999,47.52316070943232,404.2615614546686,21
630.8,6,1049.1754672555721,4.199999999999999,47.52452629402208,404.2448563075743,21
630.9,7,1049.1754672555721,4.0,47.52491421129182,404.2344631505772,21
631.0,6,1049.1754672555721,4.199999999999999,47.53028722794599,404.1831849443905,21
631.1,7,1049.1754672555721,4.0,47.53142752149014,404.167558787338,21
631.2,6,1049.1754672555721,4.199999999999999,47.52661958381167,404.2035612418758,21
631.3,6,1049.1754672555721,4.0,47.53592839047938,404.1217215745706,21
631.4,6,1049.1754672555721,4.0,47.54327322415575,404.0545809673822,21
631.5,7,1049.0352372898137,4.0,47.417589248801114,405.1064351519932,21
631.6,7,1049.0352372898137,4.8999999999999995,47.41875161440691,405.0944029532344,21
631.7,7,1049.0352372898137,4.8999999999999995,47.42740049406751,405.01985721295387,21
631.8,7,1049.0352372898137,4.8999999999999995,47.43374099110049,404.9602788176361,21
631.9,7,1049.0352372898137,4.8999999999999995,47.31552714982401,405.9307287663413,21
632.0,7,1049.0352372898137,4.8999999999999995,47.30556371279887,406.0197812514863,21
632.1,7,1049.0352372898137,4.8999999999999995,47.30103744017947,406.0581926679886,21
632.2,7,1049.0352372898137,4.8999999999999995,47.30542395187268,406.0219326252296,21
632.3,7,1049.0352372898137,4.199999999999999,47.387160017286234,405.2987010606048,21
632.4,7,1049.0352372898137,4.199999999999999,47.39746213763756,405.21337365585987,21
632.5,7,1049.0352372898137,4.199999999999999,47.38664979673298,405.3121181846212,21
632.6,7,1049.0352372898137,4.199999999999999,47.38355413810923,405.34374646277763,21
632.7,7,1049.0352372898137,4.199999999999999,47.55312425118832,403.9538162893236,21
632.8,7,1049.0352372898137,4.199999999999999,47.53989242127829,404.07475147105026,21
632.9,7,1049.0352372898137,4.199999999999999,47.54601925752655,404.02979558762416,21
633.0,7,1049.0352372898137,4.199999999999999,47.54942411404408,404.00726655636834,21
633.1,7,1049.0352372898137,4.199999999999999,47.54329082026201,404.06722398161116,21
633.2,7,1049.0352372898137,4.199999999999999,47.536466177152064,404.1340152065983,21
633.3,7,1049.0352372898137,4.199999999999999,47.538052072053645,404.1267919778017,21
633.4,7,1049.0352372898137,4.199999999999999,47.53144357841279,404.1919165327413,21
633.5,7,1049.0352372898137,4.199999999999999,47.386683076145516,405.3750357869035,21
633.6,7,1049.0352372898137,4.199999999999999,47.39092848847882,405.3478504491213,21
633.7,7,1049.0352372898137,4.199999999999999,47.37711495867124,405.47621378905774,21
633.8,7,1049.0352372898137,4.199999999999999,47.18707942857106,407.197099265399,21
633.9,7,1049.0352372898137,4.199999999999999,47.1806952907301,407.26748458640515,21
634.0,7,1049.0352372898137,4.199999999999999,47.18195263881738,407.2572749347933,21
634.1,7,1049.0352372898137,4.199999999999999,47.178551250213914,407.29906001947074,21
634.2,7,1049.0352372898137,4.199999999999999,47.16121883030166,407.4665375660377,21
634.3,7,1049.0352372898137,4.199999999999999,47.007729072467356,408.7334597887694,21
634.4,7,1049.0352372898137,4.199999999999999,47.085677666054984,408.0187657170942,21
634.5,7,1049.0352372898137,4.199999999999999,47.0802929878531,408.07635974664976,21
634.6,7,1049.0352372898137,3.5,47.07345795475161,408.141852087036,21
634.7,7,1049.0352372898137,3.5,47.06055456812881,408.2661934183111,21
634.8,7,1049.0352372898137,3.5,47.04152481757139,408.4378469721544,21
634.9,7,1049.0352372898137,3.5,47.02447659961978,408.59568794940526,21
635.0,7,1049.0352372898137,3.5,47.00704621993118,408.75837397732823,21
635.1,7,1049.0352372898137,3.5,47.005374248792265,408.7811605085235,21
635.2,7,1049.0352372898137,3.5,46.997508813170484,408.8520890749951,21
635.3,7,1049.0352372898137,3.5,46.995568774210575,408.8755650725286,21
635.4,7,1049.0352372898137,3.5,46.98347169933503,408.9910775961923,21
635.5,7,1049.0352372898137,3.5,47.10824873505981,407.9944641702871,21
635.6,7,1049.0352372898137,3.5,47.09336404606585,408.13327315425494,21
635.7,9,1049.0352372898137,2.8,46.90525075874624,409.88754589524,21
635.8,8,1049.0352372898137,3.2,46.90241196802128,409.91745505493304,21
635.9,6,1047.9044379837576,2.8,46.77401020850935,410.87912829819936,21
636.0,6,1047.9044379837576,4.0,46.751133825828965,411.0904890491458,21
636.1,6,1047.9044379837576,4.0,46.7350247194135,411.2424795494413,21
636.2,6,1047.9044379837576,4.0,46.71843896659911,411.3989523672412,21
636.3,6,1047.9044379837576,4.0,46.701838938406894,411.54231104068214,21
636.4,6,1047.9044379837576,4.0,46.677451100812725,411.7679335568816,21
636.5,6,1047.9044379837576,4.0,46.757915144795305,411.0105040665513,21
636.6,6,1047.9044379837576,4.0,46.7373093672409,411.2019928160164,21
636.7,6,1047.9044379837576,4.0,46.734628412876,411.23176814663816,21
636.8,6,1047.9044379837576,4.0,46.71513673654616,411.4081954040473,21
636.9,6,1047.9044379837576,4.0,46.70838078592757,411.47265513288943,21
637.0,6,1047.9044379837576,4.0,46.69065924408837,411.6417848955583,21
637.1,6,1047.9044379837576,4.0,46.68426293806573,411.7083137970652,21
637.2,6,1047.9044379837576,4.0,46.68183037607528,411.73040844358275,21
637.3,6,1047.9044379837576,4.0,46.66361845077614,411.8975640774341,21
637.4,6,1047.9044379837576,4.0,46.65544731326233,411.97648836938004,21
637.5,6,1047.9044379837576,4.0,46.644801148595675,412.0799908902471,21
637.6,6,1047.9044379837576,4.0,46.65031741132763,412.0320363301979,21
637.7,6,1047.9044379837576,4.0,46.65053141957132,412.0287075464381,21
637.8,6,1047.9044379837576,4.0,46.63274125362081,412.202937931737,21
637.9,6,1047.9044379837576,4.0,46.63164676882435,412.21536535751864,21
638.0,6,1047.9044379837576,4.0,46.62647110658261,412.27165723741814,21
638.1,6,1047.9044379837576,4.0,46.623804090112245,412.3030000198762,21
638.2,6,1047.9044379837576,4.0,46.618572707336185,412.3558687091761,21
638.3,6,1047.9044379837576,4.0,46.47732628811795,413.5297054236503,21
638.4,6,1047.9044379837576,4.0,46.47621538377258,413.5447392026524,21
638.5,6,1046.754192257246,4.0,46.485885214819,413.4576561132028,21
638.6,6,1046.754192257246,4.5,46.481474666967074,413.49737029967093,21
638.7,6,1046.754192257246,4.5,46.48406819238157,413.47557298253685,21
638.8,6,1046.754192257246,4.5,46.492765097417966,413.3914512126398,21
638.9,6,1046.754192257246,4.5,46.49073974606648,413.4112833281207,21
639.0,6,1046.754192257246,4.5,46.50455321289499,413.2860592250519,21
639.1,6,1046.754192257246,4.5,46.66366907495295,411.9626376069836,21
639.2,6,1046.754192257246,4.5,46.7200263260306,411.49764344399244,21
639.3,6,1046.754192257246,4.5,46.71989920833462,411.50232961146105,21
639.4,6,1046.754192257246,4.5,46.723260520264496,411.46970184873356,21
639.5,6,1046.754192257246,4.5,46.72270113322443,411.4781686056467,21
639.6,6,1046.754192257246,4.5,46.72290680608467,411.48187971760206,21
639.7,6,1046.754192257246,4.5,46.72420327806604,411.47216095723735,21
639.8,6,1046.754192257246,4.5,46.713472389248835,411.57004272177755,21
639.9,6,1046.754192257246,4.5,46.71834430930065,411.530606430366,21
640.0,6,1046.754192257246,4.5,46.72333424806605,411.48933982872825,21
640.1,6,1046.754192257246,4.5,46.671819301620964,412.11366028257873,21
640.2,6,1046.754192257246,4.5,46.68007344831846,412.0304822379965,21
640.3,6,1046.754192257246,4.5,46.67949910382576,412.0441313307119,21
640.4,6,1046.754192257246,4.5,46.42358999161044,414.5315020514114,21
640.5,6,1046.754192257246,4.5,46.41804538412117,414.5910021881027,21
640.6,6,1046.754192257246,4.5,46.416583006233864,414.61433877668287,21
640.7,6,1046.754192257246,4.5,46.41564422717466,414.6298314837893,21
640.8,6,1046.754192257246,4.5,46.41250494998424,414.6649654774097,21
640.9,6,1046.754192257246,4.5,46.401224460502625,414.786513823811,21
641.0,6,1046.754192257246,4.5,46.40100546495408,414.80026291375646,21
641.1,6,1046.754192257246,4.5,46.393683868562206,414.88614824414924,21
641.2,6,1046.754192257246,4.5,46.39103845422859,414.93345610397455,21
641.3,6,1046.754192257246,4.5,46.39321974456759,414.91997890833113,21
641.4,6,1045.6098618501323,4.5,46.360416769015934,415.20731691832094,21
641.5,6,1045.6098618501323,5.0,46.44375672107989,414.3924951770342,21
641.6,6,1045.6098618501323,5.0,46.43302445133979,414.50476608102485,21
641.7,6,1045.6098618501323,5.0,46.41547859163104,414.6857590871347,21
641.8,6,1045.6098618501323,5.0,46.4319304589046,414.6965633734127,21
641.9,6,1045.6098618501323,5.0,46.41696543487295,414.8483726260235,21
642.0,6,1045.6098618501323,5.0,46.40695128770409,414.95185986293154,21
642.1,6,1045.6098618501323,5.0,46.3942566055037,415.07755043300256,21
642.2,6,1045.6098618501323,5.0,46.38660355761093,415.17397984175244,21
642.3,6,1045.6098618501323,5.0,46.35839563874288,415.4462304141165,21
642.4,6,1045.6098618501323,5.0,46.34491174112463,415.5883851123723,21
642.5,6,1045.6098618501323,5.0,46.32604873957966,415.7700547447512,21
642.6,6,1045.6098618501323,5.0,46.312449364490476,415.90418425530527,21
642.7,6,1045.6098618501323,5.0,46.30725049198912,415.97316536717517,21
642.8,6,1045.6098618501323,5.0,46.30516315977026,416.00297391009724,21
642.9,6,1045.6098618501323,5.0,46.29034593401039,416.1514248205201,21
643.0,6,1045.6098618501323,5.0,46.29744212203197,416.0935718681998,21
643.1,6,1045.6098618501323,5.0,46.27506695141541,416.30486957191624,21
643.2,6,1045.6098618501323,5.0,46.27363785878366,416.32253242798447,21
643.3,6,1045.6098618501323,5.0,46.25642985610817,416.5009430878404,21
643.4,6,1045.6098618501323,5.0,46.241361444137596,416.6433102002199,21
643.5,6,1045.6098618501323,5.0,46.232639520706144,416.73882826340093,21
643.6,6,1045.6098618501323,5.0,46.21178606031474,416.94630315711856,21
643.7,6,1045.6098618501323,5.0,46.20688622495392,416.998935091042,21
643.8,6,1045.6098618501323,5.0,46.318633895972766,416.135885107333,21
643.9,6,1045.6098618501323,5.0,46.31374303877267,416.18987257441086,21
644.0,6,1045.6098618501323,5.0,46.30617320222112,416.25781621930014,21
644.1,6,1045.6098618501323,5.0,46.375676857646454,415.5553225665964,21
644.2,6,1045.6098618501323,5.0,46.36658870910696,415.6514734534326,21
644.3,6,1045.6098618501323,5.0,46.359310694709436,415.7323402307298,21
644.4,6,1045.6098618501323,5.0,46.35306310278648,415.7906217764944,21
644.5,6,1045.6098618501323,5.0,46.35148915997786,415.8119180204632,21
644.6,6,1045.6098618501323,5.0,46.34005203977816,415.91767524740703,21
644.7,6,1045.6098618501323,5.0,46.32083264063975,416.103449344045,21
644.8,6,1044.4710568287744,5.0,46.314081114577846,416.1860803569548,21
644.9,6,1044.4710568287744,5.5,46.34987115886315,415.9302301148162,21
645.0,6,1044.4710568287744,5.5,46.34586341113872,415.97113274725785,21
645.1,6,1044.4710568287744,5.5,46.34391855643746,415.9921811837766,21
645.2,6,1044.4710568287744,5.5,46.336846712528015,416.0653909220921,21
645.3,6,1044.4710568287744,5.5,46.32276347689834,416.1966684366653,21
645.4,6,1044.4710568287744,5.5,46.315105347833025,416.28574659010474,21
645.5,6,1044.4710568287744,5.5,46.18175499426448,417.35111306036885,21
645.6,6,1044.4710568287744,5.5,46.182306297509136,417.35019663172136,21
645.7,6,1044.4710568287744,5.5,46.171188636205095,417.4721448404424,21
645.8,6,1044.4710568287744,5.5,46.186241193236995,417.32673249051936,21
645.9,6,1044.4710568287744,5.5,46.188967573379045,417.3094397382994,21
646.0,6,1044.4710568287744,5.5,46.293673147247986,416.4808285951325,21
646.1,6,1044.4710568287744,5.5,46.289673031926895,416.5246593108402,21
646.2,6,1044.4710568287744,5.5,46.29707574727175,416.4615657897698,21
646.3,6,1044.4710568287744,5.5,46.31455388186153,416.2885463691225,21
646.4,6,1044.4710568287744,5.5,46.31517107668924,416.2883315447115,21
646.5,6,1044.4710568287744,5.5,46.32762447786035,416.16823554705434,21
646.6,6,1044.4710568287744,5.5,46.394708145837114,415.48444139049457,21
646.7,6,1044.4710568287744,5.5,46.394828432137174,415.48784803377754,21
646.8,6,1044.4710568287744,5.5,46.40364663726481,415.4059038744665,21
646.9,6,1044.4710568287744,5.5,46.41401078770541,415.321102442711,21
647.0,6,1044.4710568287744,5.5,46.42489482997668,415.216592162713,21
647.1,6,1044.4710568287744,5.5,46.51698632345181,414.4992255563068,21
647.2,6,1044.4710568287744,5.5,46.52494486200291,414.42150705416884,21
647.3,6,1044.4710568287744,5.5,46.52955971184513,414.3733848598496,21
647.4,6,1044.4710568287744,5.5,46.53326905660701,414.3333405581184,21
647.5,6,1044.4710568287744,5.5,46.30205639047947,416.7095251922,21
647.6,6,1044.4710568287744,5.5,46.308668889790056,416.65837849551474,21
647.7,6,1044.4710568287744,5.5,46.299316812236555,416.7556117989875,21
647.8,6,1044.4710568287744,5.5,46.304763360428424,416.7139964156901,21
647.9,6,1044.4710568287744,5.5,46.3099435576338,416.66092452222887,21
648.0,6,1044.4710568287744,5.5,46.322181823637656,416.55933022874603,21
648.1,6,1044.4710568287744,5.5,46.32290533634061,416.5433761982889,21
648.2,6,1043.3390985520516,5.5,46.337576497612766,416.40612328704105,21
648.3,6,1043.3390985520516,6.0,46.347273751487805,416.3148309669554,21
648.4,6,1043.3390985520516,6.0,46.35177356020599,416.2804821019905,21
648.5,6,1043.3390985520516,6.0,46.36346826769007,416.1791794343143,21
648.6,6,1043.3390985520516,6.0,46.38198721081318,416.0083902490166,21
648.7,6,1043.3390985520516,6.0,46.245535447036275,417.0716510649693,21
648.8,6,1043.3390985520516,6.0,46.25529136676187,416.95985174989653,21
648.9,6,1043.3390985520516,6.0,46.26092430498092,416.9163104745463,21
649.0,6,1043.3390985520516,6.0,46.26523412235841,416.86923958874115,21
649.1,6,1043.3390985520516,6.0,46.27507384405668,416.78085481147525,21
649.2,6,1043.3390985520516,6.0,46.28407160841917,416.7115703460757,21
649.3,6,1043.3390985520516,6.0,46.38040338046095,415.94027229138493,21
649.4,6,1043.3390985520516,6.0,46.16912348597288,418.152300808989,21
649.5,6,1043.3390985520516,6.0,46.24233742819965,417.380417251834,21
649.6,6,1043.3390985520516,6.0,46.25538243652973,417.2669655488465,21
649.7,6,1043.3390985520516,6.0,46.25835525014142,417.22999540054036,21
649.8,6,1043.3390985520516,6.0,46.265019571997954,417.16373551970855,21
649.9,6,1043.3390985520516,6.0,46.270493206288336,417.1104143081378,21
650.0,6,1043.3390985520516,6.0,46.27658056367302,417.0414426100116,21
650.1,6,1043.3390985520516,6.0,46.29125421714829,416.8968426331811,21
650.2,6,1043.3390985520516,6.0,46.306289654437265,416.76088655564365,21
650.3,6,1043.3390985520516,6.0,46.31255206027717,416.7048585784123,21
650.4,6,1043.3390985520516,6.0,46.34016194251767,416.4603862428351,21
650.5,6,1043.3390985520516,6.0,46.35880672234305,416.2829966345262,21
650.6,6,1043.3390985520516,6.0,46.375748632534204,416.1254711330986,21
650.7,6,1043.3390985520516,6.0,46.395968799212866,415.92791870332485,21
650.8,6,1043.3390985520516,6.0,46.22961986610152,417.1905883202998,21
650.9,6,1043.3390985520516,6.0,46.233999816562395,417.1568127668108,21
651.0,6,1043.3390985520516,6.0,46.24970758692989,417.00979092422494,21
651.1,6,1043.3390985520516,6.0,46.269596912219995,416.82299027495935,21
651.2,6,1043.3390985520516,6.0,46.2766934436437,416.7458388986123,21
651.3,6,1043.3390985520516,6.0,46.287532151058,416.63974195180975,21
651.4,6,1043.3390985520516,6.0,46.293922303642226,416.5873532290318,21
651.5,6,1043.3390985520516,6.0,46.31228269064715,416.41833268971965,21
651.6,6,1043.3390985520516,6.0,46.322428163532585,416.3198509115409,21
651.7,6,1043.3390985520516,6.0,46.3498042579437,416.05614348147844,21
651.8,6,1043.3390985520516,6.0,46.36948184066311,415.8756910179287,21
651.9,6,1043.3390985520516,6.0,46.397268248653575,415.61173748100896,21
652.0,6,1043.3390985520516,6.0,46.49229823337042,414.84677408060236,21
652.1,6,1043.3390985520516,6.0,46.518143482069135,414.6097495430472,21
652.2,6,1043.3390985520516,6.0,46.5317588521028,414.4815052145215,21
652.3,6,1043.3390985520516,6.0,46.59957613680251,413.79049913655234,21
652.4,6,1043.3390985520516,6.0,46.59639246402343,413.83310322220655,21
652.5,6,1043.3390985520516,6.0,46.614998901725244,413.6663534036876,21
652.6,6,1043.3390985520516,6.0,46.624796087751065,413.5712705135369,21
652.7,6,1043.3390985520516,6.0,46.63861965182952,413.44969773429534,21
652.8,6,1043.3390985520516,6.0,46.660006427508236,413.2584228975162,21
652.9,6,1043.3390985520516,6.0,46.67816827465269,413.08653233462576,21
653.0,6,1043.3390985520516,6.0,46.68156263588673,413.0654597681121,21
653.1,6,1043.3390985520516,6.0,46.692572172898196,412.96539304639373,21
653.2,6,1043.3390985520516,6.0,46.71115991570003,412.7948861154865,21
653.3,6,1043.3390985520516,6.0,46.71167865010978,412.80043382256815,21
653.4,6,1043.3390985520516,6.0,46.7265407304446,412.6779420551742,21
653.5,6,1043.3390985520516,6.0,46.73612554064136,412.5900656720456,21
653.6,6,1043.3390985520516,5.5,46.75457580175404,412.42480042352855,21
653.7,6,1043.3390985520516,5.5,46.7566761829448,412.4173629303575,21
653.8,6,1043.3390985520516,5.5,46.766903925208396,412.3342591718964,21
653.9,6,1043.3390985520516,5.5,46.77944457757164,412.218495124127,21
654.0,6,1043.3390985520516,5.5,46.78209487616514,412.21533356924647,21
654.1,6,1043.3390985520516,5.5,46.8007384008711,412.0515911609314,21
654.2,6,1043.3390985520516,5.5,46.81216576286015,411.9652507130837,21
654.3,6,1043.3390985520516,5.5,46.82263130843586,411.8700087053228,21
654.4,6,1042.2134990313077,5.5,46.89547282080565,411.3042979677031,21
654.5,6,1042.2134990313077,6.0,46.91260345583634,411.1555702587462,21
654.6,6,1042.2134990313077,6.0,46.92755707504829,411.02817187275866,21
654.7,6,1042.2134990313077,6.0,46.9305660223571,411.0097423070773,21
654.8,6,1042.2134990313077,6.0,46.94187336498578,410.92505838817243,21
654.9,6,1042.2134990313077,6.0,46.944802928803355,410.90612599470916,21
655.0,6,1042.2134990313077,6.0,46.95850107640268,410.7944984493405,21
655.1,6,1042.2134990313077,6.0,46.965631635827044,410.73496403973684,21
655.2,6,1042.2134990313077,6.0,46.97870338810638,410.62932154545,21
655.3,6,1042.2134990313077,6.0,46.987792262583,410.55979461964824,21
655.4,6,1042.2134990313077,6.0,47.04721151785401,409.9811128499598,21
655.5,6,1042.2134990313077,6.0,47.0539135491152,409.9303909347931,21
655.6,6,1042.2134990313077,6.0,47.06601879603036,409.8278182528001,21
655.7,6,1042.2134990313077,6.0,47.077500394779875,409.7323956626949,21
655.8,6,1042.2134990313077,5.5,47.09385289846007,409.5854908093512,21
655.9,6,1042.2134990313077,5.5,47.10246982728437,409.5309800163868,21
656.0,6,1042.2134990313077,5.5,47.109051302615136,409.463452181347,21
656.1,6,1042.2134990313077,5.5,47.10514430005835,409.51275289960176,21
656.2,6,1042.2134990313077,5.5,47.10780785464048,409.4841988964976,21
656.3,6,1042.2134990313077,5.5,47.1028925968799,409.5471943126114,21
656.4,6,1042.2134990313077,5.5,47.1032811720032,409.53390562460413,21
656.5,6,1042.2134990313077,5.5,47.103126193126045,409.5480461902051,21
656.6,6,1042.2134990313077,5.5,47.10450842895237,409.53756358998555,21
656.7,6,1042.2134990313077,5.5,47.10640445306245,409.5193181779854,21
656.8,6,1042.2134990313077,5.5,47.110383342683846,409.48328265335755,21
656.9,6,1042.2134990313077,5.5,47.16043337203001,409.1075167246105,21
657.0,6,1042.2134990313077,5.5,47.16624031192711,409.05756915297803,21
657.1,6,1042.2134990313077,5.5,47.17004233503607,409.02589875909416,21
657.2,6,1042.2134990313077,5.5,47.13922502595767,409.159967866604,21
657.3,6,1042.2134990313077,5.5,47.131189655979526,409.2338549026024,21
657.4,6,1042.2134990313077,5.5,47.142809285175886,409.1247283932472,21
657.5,6,1042.2134990313077,5.5,47.15191654503535,409.04240561281125,21
657.6,6,1042.2134990313077,5.5,47.15474600847843,409.0202535866433,21
657.7,6,1042.2134990313077,5.0,47.163163971282806,408.93681037313445,21
657.8,6,1042.2134990313077,5.0,47.161592131807595,408.96403983030143,21
657.9,6,1042.2134990313077,5.0,47.17040050195692,408.87769320652023,21
658.0,6,1042.2134990313077,5.0,47.17162189986879,408.86547849190083,21
658.1,6,1042.2134990313077,5.0,47.17288825935398,408.85845303585234,21
658.2,6,1042.2134990313077,5.0,47.16806258880209,408.89993889655227,21
658.3,6,1042.2134990313077,5.0,47.1594807405996,408.98390766451485,21
658.4,6,1042.2134990313077,5.0,47.167351054370826,408.9095137724196,21
658.5,6,1042.2134990313077,5.0,47.16840709487653,408.8970811141136,21
658.6,6,1042.2134990313077,5.0,47.172713412755826,408.8619441520074,21
658.7,6,1042.2134990313077,5.0,47.17622160689923,408.82519834302053,21
658.8,6,1042.2134990313077,5.0,47.173545007044794,408.8659437014137,21
658.9,6,1042.2134990313077,5.0,47.18106406458294,408.7933670709832,21
659.0,6,1042.2134990313077,5.0,47.19108452463466,408.7118182334732,21
659.1,6,1042.2134990313077,5.0,47.1868698090153,408.7569280787236,21
659.2,6,1041.0931828454613,5.0,47.19637922677427,408.6769545302536,21
659.3,6,1041.0931828454613,5.0,47.191448665978285,408.7238760836302,21
659.4,6,1041.0931828454613,5.0,47.199616162705155,408.65738309023493,21
659.5,6,1041.0931828454613,5.0,47.19648435714417,408.6899579210127,21
659.6,6,1041.0931828454613,5.0,47.199599782066564,408.66958307689856,21
659.7,6,1041.0931828454613,5.0,47.2039618676133,408.62245651882745,21
659.8,6,1041.0931828454613,5.0,47.21091566703391,408.5615351982834,21
659.9,6,1041.0931828454613,5.0,47.22088663660039,408.4762012146232,21
660.0,6,1041.0931828454613,5.0,47.23093556184111,408.3840518150871,21
660.1,6,1041.0931828454613,5.0,47.2405685068293,408.31232578396396,21
660.2,6,1041.0931828454613,5.0,47.26083260316727,408.143075564847,21
660.3,6,1041.0931828454613,5.0,47.258868893919015,408.16110125949666,21
660.4,6,1041.0931828454613,5.0,47.260596156438,408.14143530320746,21
660.5,6,1041.0931828454613,5.0,47.26295292558624,408.1341833645577,21
660.6,6,1041.0931828454613,5.0,47.28205946872953,407.9554365280047,21
660.7,6,1041.0931828454613,5.0,47.28194781814431,407.9601595105072,21
660.8,6,1041.0931828454613,5.0,47.28052568246452,407.98836900989363,21
660.9,6,1041.0931828454613,5.0,47.280756618386555,407.98271701153,21
661.0,6,1041.0931828454613,5.0,47.29776524803616,407.830674160454,21
661.1,6,1041.0931828454613,5.0,47.29517425399038,407.85665941257093,21
661.2,6,1041.0931828454613,5.0,47.30444192585631,407.7763316274727,21
661.3,6,1041.0931828454613,5.0,47.3096755414572,407.7381938440458,21
661.4,6,1041.0931828454613,5.0,47.31483521590209,407.70738683812704,21
661.5,6,1041.0931828454613,5.0,47.31634526882633,407.7074665106236,21
661.6,6,1041.0931828454613,5.0,47.327779921079106,407.5991510021149,21
661.7,6,1041.0931828454613,5.0,47.3376208947995,407.51450332441937,21
661.8,6,1041.0931828454613,5.0,47.34334022196413,407.46971615330966,21
661.9,6,1041.0931828454613,4.5,47.34098545042269,407.48768061302627,21
662.0,6,1041.0931828454613,4.5,47.34756853437033,407.43842641808317,21
662.1,6,1041.0931828454613,4.5,47.35162175189608,407.4046288506578,21
662.2,6,1041.0931828454613,4.5,47.27547510513702,407.9780587193983,21
662.3,6,1041.0931828454613,4.5,47.28294750509871,407.9297584203347,21
662.4,6,1041.0931828454613,4.5,47.292567653205296,407.8436791384404,21
662.5,6,1041.0931828454613,4.5,47.28690242888348,407.9036106545701,21
662.6,6,1041.0931828454613,4.5,47.287059110156676,407.90997294596775,21
662.7,6,1041.0931828454613,4.5,47.29299183712892,407.859144977684,21
662.8,6,1041.0931828454613,4.5,47.28973395421429,407.8984179388475,21
662.9,6,1041.0931828454613,4.5,47.31103963367379,407.6902099533673,21
663.0,6,1041.0931828454613,4.5,47.31149178092786,407.69727209901237,21
663.1,6,1041.0931828454613,4.5,47.32060846547691,407.62194552683286,21
663.2,6,1041.0931828454613,4.5,47.323549381649684,407.6029075052472,21
663.3,6,1041.0931828454613,4.5,47.329837581540986,407.56010914364265,21
663.4,8,1041.0931828454613,4.0,47.2415289430695,408.22232547433316,21
663.5,8,1041.0931828454613,4.199999999999999,47.23843273046445,408.259777097791,21
663.6,8,1041.0931828454613,4.199999999999999,47.25196999984601,408.1712495355644,21
663.7,8,1041.0931828454613,4.199999999999999,47.263220890238614,408.06900487132623,21
663.8,8,1041.0931828454613,4.199999999999999,47.26574705467361,408.05683945239036,21
663.9,8,1041.0931828454613,4.199999999999999,47.282523964326344,407.9262660111126,21
664.0,8,1041.0931828454613,4.199999999999999,47.27984975700573,407.9575031931728,21
664.1,8,1041.0931828454613,4.199999999999999,47.29502411473693,407.82957273916816,21
664.2,8,1041.0931828454613,4.199999999999999,47.30023510061524,407.79743960992323,21
664.3,8,1041.0931828454613,4.199999999999999,47.31032693195493,407.7064980610628,21
664.4,8,1041.0931828454613,4.199999999999999,47.31339988167724,407.6972616276722,21
664.5,8,1041.0931828454613,4.199999999999999,47.30611242353896,407.79657422402283,21
664.6,8,1041.0931828454613,4.199999999999999,47.30632938426015,407.80855946155214,21
664.7,8,1041.0931828454613,4.199999999999999,47.297677904019665,407.9015715773453,21
664.8,8,1041.0931828454613,4.199999999999999,47.239919332307,408.5049876572266,21
664.9,8,1041.0931828454613,4.199999999999999,47.139212928844685,409.5328937458539,21
665.0,8,1041.0931828454613,4.199999999999999,47.143087065987956,409.50756339286824,21
665.1,8,1041.0931828454613,4.199999999999999,47.144701206457256,409.50232637280544,21
665.2,8,1041.0931828454613,4.199999999999999,47.13877255183946,409.580486779793,21
665.3,6,1041.0931828454613,4.199999999999999,47.134560689979224,409.6243818242223,21
665.4,6,1041.0931828454613,4.0,47.14134603552709,409.5596983469812,21
665.5,6,1039.9791244624264,4.0,47.13362071062051,409.64768347122526,21
665.6,8,1039.9791244624264,4.0,47.19761484384442,409.049495382477,21
665.7,8,1039.9791244624264,4.8999999999999995,47.07965961041596,410.2595895647525,21
665.8,8,1039.9791244624264,4.8999999999999995,47.09357786602996,410.1423153522584,21
665.9,8,1039.9791244624264,4.8999999999999995,47.10453510804898,410.04820080981244,21
666.0,8,1039.9791244624264,4.8999999999999995,47.1082387568122,410.01963507374603,21
666.1,8,1039.9791244624264,4.8999999999999995,47.12532134312124,409.8653887262476,21
666.2,8,1039.9791244624264,4.8999999999999995,47.11470841329249,409.9528270954482,21
666.3,8,1039.9791244624264,4.8999999999999995,47.134220214246575,409.7701298644439,21
666.4,8,1039.9791244624264,4.8999999999999995,47.13028395432433,409.8055737796334,21
666.5,8,1039.9791244624264,4.8999999999999995,47.16618307560724,409.4292587814469,21
666.6,8,1039.9791244624264,4.8999999999999995,47.1694808359483,409.38380209347383,21
666.7,8,1039.9791244624264,4.8999999999999995,47.19579941513043,409.1641888594073,21
666.8,8,1039.9791244624264,4.8999999999999995,47.202000806603095,409.09177414146006,21
666.9,8,1039.9791244624264,4.8999999999999995,47.06596553229824,410.11589304227346,21
667.0,8,1039.9791244624264,4.8999999999999995,47.086278971815844,409.90868938638266,21
667.1,6,1039.9791244624264,4.8999999999999995,47.089836413669246,409.8627371379189,21
667.2,6,1039.9791244624264,4.0,46.95803624455643,411.19059443994706,21
667.3,6,1039.9791244624264,4.0,46.95322537819369,410.61707741280884,21
667.4,6,1039.9791244624264,4.0,46.96851638316161,410.4593752631553,21
667.5,8,1039.9791244624264,4.0,46.979255505274246,410.3424331406474,21
667.6,8,1039.9791244624264,4.8999999999999995,46.97703271375228,410.345746969046,21
667.7,8,1039.9791244624264,4.8999999999999995,46.99508988083669,410.1603172706922,21
667.8,8,1039.9791244624264,4.8999999999999995,47.00092394400705,410.09979676781825,21
667.9,8,1039.9791244624264,4.8999999999999995,47.0111480742449,409.99555195648827,21
668.0,8,1039.9791244624264,4.8999999999999995,47.019935383037506,409.91036717959895,21
668.1,8,1039.9791244624264,4.8999999999999995,47.034781583542994,409.7637215883283,21
668.2,7,1041.2377146212796,4.8999999999999995,47.04731980258288,409.6424725481512,21
668.3,8,1041.2377146212796,4.199999999999999,47.05320835846997,409.57618171725227,21
668.4,8,1041.2377146212796,4.8999999999999995,47.06013660888803,409.5016114860978,21
668.5,8,1041.2377146212796,4.8999999999999995,47.0515613098935,409.56816408689565,21
668.6,8,1041.2377146212796,4.8999999999999995,46.974116365965585,410.1531418368255,21
668.7,7,1041.8029646581113,4.8999999999999995,46.96197149063494,410.26990383471855,21
668.8,8,1041.8029646581113,4.199999999999999,46.96678104061358,410.2286455310638,21
668.9,8,1041.8029646581113,4.8999999999999995,46.824366059838226,411.63769061371073,21
669.0,8,1041.8029646581113,4.8999999999999995,46.82542453255172,411.61532401600687,21
669.1,8,1041.8029646581113,4.8999999999999995,46.826378264289716,411.59921925906167,21
669.2,8,1041.8029646581113,4.8999999999999995,46.82947040172162,411.5615674533125,21
669.3,8,1041.8029646581113,4.8999999999999995,46.840506138398666,411.45243616244915,21
669.4,8,1041.8029646581113,4.8999999999999995,46.80485083534861,411.6528867649143,21
669.5,8,1041.8029646581113,4.8999999999999995,46.81026488084936,411.5953364956962,21
669.6,8,1041.8029646581113,4.8999999999999995,46.81527983052516,411.5365094530083,21
669.7,8,1041.8029646581113,4.8999999999999995,46.81329416393025,411.5447251701601,21
669.8,8,1041.8029646581113,4.8999999999999995,46.83041414630269,411.40305009717065,21
669.9,8,1041.8029646581113,4.8999999999999995,46.86201975820228,411.08334879743165,21
670.0,8,1041.8029646581113,5.6,46.75468443755349,411.9002691172073,21
670.1,8,1041.8029646581113,5.6,46.75260835257497,411.9067834797812,21
670.2,8,1041.8029646581113,5.6,46.75049160070141,411.9187321774374,21
670.3,8,1041.8029646581113,5.6,46.740219449140284,412.0033324762212,21
670.4,8,1041.8029646581113,5.6,46.61615638574848,413.2266705555653,21
670.5,8,1041.8029646581113,5.6,46.61518138938534,413.23043415964,21
670.6,8,1041.8029646581113,5.6,46.61500086133899,413.22597851424234,21
670.7,8,1041.8029646581113,5.6,46.618538956864896,413.17534616607304,21
670.8,8,1041.8029646581113,5.6,46.61256733789794,413.2203365873814,21
670.9,8,1041.8029646581113,5.6,46.61140369201795,413.2074941047749,21
671.0,8,1041.8029646581113,5.6,46.60500751480376,413.2591832493913,21
671.1,8,1041.8029646581113,5.6,46.59428473018983,413.34966085125177,21
671.2,8,1041.8029646581113,5.6,46.584761259832106,413.41873051473794,21
671.3,8,1041.8029646581113,5.6,46.578994615733464,413.4627799319984,21
671.4,8,1041.8029646581113,5.6,46.578900377529926,413.4549977925021,21
671.5,8,1041.8029646581113,5.6,46.562808943477584,413.59703744980317,21
671.6,8,1041.8029646581113,5.6,46.56271218555117,413.58051565812997,21
671.7,8,1041.8029646581113,6.3,46.54171741168548,413.7578239390389,21
671.8,8,1041.8029646581113,6.3,46.53760424310488,413.7778231179154,21
671.9,8,1041.8029646581113,6.3,46.532510772102114,413.8043328547776,21
672.0,8,1041.8029646581113,6.3,46.315934149490495,415.95320924017426,21
672.1,8,1041.8029646581113,6.3,46.31252549607167,415.9729952566015,21
672.2,8,1041.8029646581113,6.3,46.30047893649912,416.0738840834291,21
672.3,8,1041.8029646581113,6.3,46.37581745378869,415.30189012302685,21
672.4,8,1041.8029646581113,5.6,46.36669567098943,415.3721303879287,21
672.5,8,1041.8029646581113,5.6,46.35523692581259,415.465742287964,21
672.6,8,1041.8029646581113,5.6,46.34542285107122,415.53353841513615,21
672.7,8,1041.8029646581113,5.6,46.32351496126847,415.720364240795,21
672.8,8,1041.8029646581113,5.6,46.1173906712219,417.8292236139868,21
672.9,8,1041.8029646581113,5.6,46.10164952283958,417.96337498460645,21
673.0,8,1041.8029646581113,5.6,46.09305155933106,418.0203792652403,21
673.1,8,1041.8029646581113,5.6,46.06827331236309,418.2387066610074,21
673.2,8,1041.8029646581113,5.6,46.05495882192476,418.3419063298773,21
673.3,8,1041.8029646581113,5.6,46.0424391566054,418.43989619141746,21
673.4,8,1041.8029646581113,6.3,46.030832281851616,418.5379636507112,21
673.5,8,1041.8029646581113,6.3,45.879714306011415,419.7725719855728,21
673.6,8,1041.8029646581113,6.3,45.85821346046312,419.96241721587774,21
673.7,8,1041.8029646581113,6.3,45.85038476840272,420.015709281402,21
673.8,8,1041.8029646581113,6.3,45.81667640670468,420.3240317966072,21
673.9,8,1041.8029646581113,6.3,45.81647265522973,420.3156187891833,21
674.0,8,1041.8029646581113,6.3,45.79942744365741,420.4577902685056,21
674.1,8,1041.8029646581113,6.3,45.77908223694881,420.63250270380223,21
674.2,8,1041.8029646581113,6.3,45.7625822456288,420.7759466298037,21
674.3,8,1041.8029646581113,6.3,45.73000642664811,420.88608723639794,21
674.4,8,1041.8029646581113,6.3,45.718579873398674,420.9812610701783,21
674.5,8,1041.8029646581113,6.3,45.68680547336788,421.26988823768954,21
674.6,8,1041.8029646581113,6.3,45.66734508848211,421.42784626287863,21
674.7,8,1041.8029646581113,6.3,45.653058710102,421.5490143756681,21
674.8,8,1041.8029646581113,6.3,45.62967295049488,421.75618707132287,21
674.9,8,1041.8029646581113,7.0,45.6184774394074,421.84627717149806,21
675.0,8,1041.8029646581113,7.0,45.590293182992255,421.9877778742892,21
675.1,8,1041.8029646581113,7.0,45.42449166498899,423.6502168502363,21
675.2,8,1041.8029646581113,7.0,45.407907896733946,423.80953080023687,21
675.3,8,1041.8029646581113,6.3,45.418127794289205,423.6904644221635,21
675.4,8,1041.8029646581113,6.3,45.41411837539674,423.7206623707011,21
675.5,8,1041.8029646581113,6.3,45.406572284681175,423.7749662998133,21
675.6,8,1041.8029646581113,6.3,45.342808402924476,424.4342416550295,21
675.7,8,1041.8029646581113,6.3,45.33171419151862,424.5289135502151,21
675.8,8,1041.8029646581113,6.3,45.32620535572515,424.5653456666629,21
675.9,8,1041.8029646581113,6.3,45.198991282392285,425.66479707172675,21
676.0,8,1041.8029646581113,6.3,45.18941281387494,425.74059405402147,21
676.1,8,1041.8029646581113,6.3,45.17439264799714,425.8674348174808,21
676.2,8,1041.8029646581113,6.3,45.164400134932436,425.95517070702624,21
676.3,8,1041.8029646581113,6.3,44.96559688122437,428.0005373389566,21
676.4,8,1041.8029646581113,7.0,44.95324512788241,428.1166432146881,21
676.5,8,1041.8029646581113,7.0,44.947870719678185,428.1604271620561,21
676.6,8,1041.8029646581113,7.0,44.93160057954762,428.3223505735169,21
676.7,8,1041.8029646581113,7.0,44.93391191268285,428.27981181369927,21
676.8,8,1041.8029646581113,7.0,44.93086545889632,428.307570491203,21
676.9,8,1041.8029646581113,7.0,44.927861398153894,428.3263701395047,21
677.0,8,1041.8029646581113,7.0,44.78809528357662,429.54532759847933,21
677.1,8,1044.4957698912058,7.0,44.78645917714083,429.5640833303594,22
677.2,8,1044.4957698912058,-100.0,44.79299597573315,429.4922038093639,22
677.3,8,1044.4957698912058,7.0,44.78926913270797,429.52456707484697,22
677.4,8,1044.4957698912058,7.0,44.786197701669245,429.56167544940354,22
677.5,8,1044.4957698912058,7.0,44.79700164697768,429.4452912857251,22
677.6,8,1044.4957698912058,7.0,44.86170397502599,428.7716424692619,22
677.7,8,1044.4957698912058,7.0,44.850440436234976,428.8879676657948,22
677.8,8,1044.4957698912058,7.0,44.865623932766695,428.73621278012496,22
677.9,8,1044.4957698912058,7.0,44.90040357645344,428.4249243339366,22
678.0,8,1044.4957698912058,7.0,44.918154702635114,428.2493769736021,22
678.1,8,1044.4957698912058,7.0,44.92607683982847,428.1695275145138,22
678.2,8,1044.4957698912058,7.0,44.944154996291815,427.99095839203414,22
678.3,8,1044.4957698912058,7.0,44.949996023049806,427.9334702614324,22
678.4,8,1044.4957698912058,7.0,44.977057426185624,427.6673418193377,22
678.5,8,1044.4957698912058,7.0,44.982948132266216,427.6166748955703,22
678.6,8,1044.4957698912058,7.0,45.00608225966572,427.38930506819315,22
678.7,8,1044.4957698912058,7.0,45.024801282434005,427.21071374329335,22
678.8,8,1044.4957698912058,7.0,45.02839749261773,427.17937942167026,22
678.9,8,1044.4957698912058,7.0,45.034483443583625,427.1316547294848,22
679.0,8,1044.4957698912058,7.0,44.90832894803701,428.22247354828477,22
679.1,8,1044.4957698912058,6.3,44.931877326721605,427.9913695984661,22
679.2,8,1044.4957698912058,6.3,44.94040308492832,427.91548243011755,22
679.3,8,1044.4957698912058,6.3,44.95333765806164,427.7949521535815,22
679.4,8,1044.4957698912058,6.3,44.96700450947726,427.6607017562083,22
679.5,8,1044.4957698912058,6.3,44.991460872554256,427.4252510305763,22
679.6,8,1044.4957698912058,6.3,45.00429053132058,427.3089397674346,22
679.7,8,1044.4957698912058,6.3,45.02394397600874,427.11946516956573,22
679.8,8,1044.4957698912058,6.3,45.04192268768405,426.95077320587046,22
679.9,8,1044.4957698912058,6.3,45.049299468099036,426.8677742622008,22
680.0,8,1044.4957698912058,6.3,44.91481340765684,428.051838343944,22
680.1,8,1044.4957698912058,6.3,44.926579995284726,427.94687501095785,22
680.2,8,1044.4957698912058,6.3,44.94242864422836,427.8061294408028,22
680.3,8,1044.4957698912058,6.3,44.962125458191,427.62317202595517,22
680.4,8,1044.4957698912058,6.3,45.05784009597801,426.77657325100745,22
680.5,8,1044.4957698912058,7.0,45.08453212879537,426.51840354073875,22
680.6,8,1044.4957698912058,7.0,45.097823475399835,426.40468731141374,22
680.7,7,1045.412413756539,7.0,45.12497313265244,426.14598952512006,22
680.8,8,1045.412413756539,5.6,45.154196814088934,425.87900767811027,22
680.9,8,1045.412413756539,6.3,44.916331363170194,428.35867048673964,22
681.0,8,1045.412413756539,6.3,44.924277883040475,428.5049411861337,22
681.1,8,1045.412413756539,6.3,44.956109750871676,428.2017190152766,22
681.2,8,1045.412413756539,6.3,44.955807259131255,428.2372652297569,22
681.3,8,1045.412413756539,6.3,44.8148720236109,429.43466416987167,22
681.4,8,1045.412413756539,6.3,44.83634243737392,429.242696734122,22
681.5,8,1045.412413756539,6.3,44.85769335725015,429.04581863574475,22
681.6,8,1045.412413756539,6.3,44.8758602359399,428.89343385224583,22
681.7,8,1045.412413756539,6.3,44.910448648456665,428.5654899423366,22
681.8,8,1045.412413756539,6.3,44.93353536742771,428.3644404726765,22
681.9,8,1045.412413756539,6.3,44.966437552168884,428.0564547664917,22
682.0,8,1045.412413756539,6.3,44.99390779870837,427.81736140574344,22
682.1,8,1045.412413756539,6.3,45.02453607247634,427.53764461152133,22
682.2,8,1045.412413756539,6.3,45.05512132569751,427.2631592208129,22
682.3,8,1045.412413756539,6.3,45.08776924681929,426.95465365926,22
682.4,8,1045.412413756539,6.3,45.109887890560344,426.7619428511966,22
682.5,8,1045.412413756539,6.3,45.19031628726802,426.0430226232505,22
682.6,8,1045.412413756539,6.3,45.2098375929188,425.88866432251837,22
682.7,8,1045.412413756539,6.3,45.24804145100132,425.5305458754169,22
682.8,8,1045.412413756539,6.3,45.275142529854236,425.29672048068306,22
682.9,8,1045.412413756539,6.3,45.30248575201323,425.06039532389735,22
683.0,8,1045.412413756539,6.3,45.33158702523433,424.80850058116323,22
683.1,8,1045.412413756539,6.3,45.437592022178805,423.7457726067873,22
683.2,8,1045.412413756539,6.3,45.460625292686736,423.55409661297153,22
683.3,8,1045.412413756539,6.3,45.29924436605015,424.90165968252705,22
683.4,8,1045.412413756539,6.3,45.32813967619329,424.64930579334435,22
683.5,8,1045.412413756539,6.3,45.3555273592642,424.40447989561414,22
683.6,8,1045.412413756539,6.3,45.37619504872187,424.22351996457814,22
683.7,8,1045.412413756539,5.6,45.37881433007675,424.09834934537594,22
683.8,8,1045.412413756539,5.6,45.407067763017736,423.85138943087236,22
683.9,8,1045.412413756539,5.6,45.42703549922826,423.98798388116836,22
684.0,8,1045.412413756539,5.6,45.263459193049144,425.3460944516017,22
684.1,8,1045.412413756539,5.6,45.0254922032384,427.9083314423106,22
684.2,8,1045.412413756539,5.6,45.05501916112128,427.6573157609646,22
684.3,8,1045.412413756539,5.6,45.07891194560996,427.4738973974843,22
684.4,7,1045.7288774538536,5.6,45.10812758287456,427.2162700508131,22
684.5,8,1048.3659232576367,4.8999999999999995,45.13632713254929,426.9826843173115,23
684.6,8,1048.3659232576367,-100.0,45.154437471965906,426.83576955798617,23
684.7,8,1048.3659232576367,5.6,45.189338891035774,426.5250657286197,23
684.8,8,1048.3659232576367,5.6,45.21314126137426,426.32378631840896,23
684.9,8,1048.3659232576367,5.6,45.24037355189235,426.07091009481144,23
685.0,8,1048.3659232576367,5.6,45.25408797886626,425.9723184312267,23
685.1,7,1048.5485051338762,4.8999999999999995,45.30696713111651,425.5220939101057,23
685.2,8,1048.5485051338762,4.8999999999999995,45.3172467670325,425.4469821311143,23
685.3,8,1048.5485051338762,4.8999999999999995,45.35098065121404,425.1471416368004,23
685.4,8,1048.5485051338762,4.8999999999999995,45.37081465259166,424.9748302026699,23
685.5,8,1048.5485051338762,4.8999999999999995,45.392304449602314,424.78546172529025,23
685.6,8,1048.5485051338762,4.8999999999999995,45.410827044990825,424.63254858481366,23
685.7,8,1048.5485051338762,4.8999999999999995,45.49973872491904,423.70997142063186,23
685.8,8,1048.5485051338762,4.8999999999999995,45.13118338282156,427.2389928300473,23
685.9,8,1048.5485051338762,4.8999999999999995,45.169774308802445,426.87745655421503,23
686.0,8,1048.5485051338762,4.8999999999999995,45.19844497155499,426.60855309682205,23
686.1,8,1048.5485051338762,4.8999999999999995,45.23274795124597,426.28291733461424,23
686.2,7,1048.5485051338762,4.8999999999999995,45.256835703007205,426.0696585251168,23
686.3,8,1048.5485051338762,4.8999999999999995,45.295224782931086,425.70488324026917,23
686.4,8,1048.5485051338762,4.8999999999999995,45.32175573631904,425.4531754355753,23
686.5,8,1048.5485051338762,4.8999999999999995,45.34897758611132,425.1850658474028,23
686.6,8,1051.1578585908333,4.8999999999999995,45.366302387176894,425.04269806727405,24
686.7,8,1051.1578585908333,-100.0,45.40707870015517,424.6572774919108,24
686.8,8,1051.1578585908333,4.8999999999999995,45.43449655963566,424.39558050671656,24
686.9,8,1051.1578585908333,4.8999999999999995,45.47628903229263,423.9968259854294,24
687.0,8,1051.1578585908333,4.8999999999999995,45.31672339906934,425.2832251125809,24
687.1,8,1051.1578585908333,4.8999999999999995,45.34850441121894,424.98338684302166,24
687.2,8,1051.1578585908333,4.8999999999999995,45.38155279442621,424.6657701108817,24
687.3,8,1051.1578585908333,4.199999999999999,45.40992134505355,424.3945984423365,24
687.4,8,1051.1578585908333,4.199999999999999,45.446632947325085,424.0527509894387,24
687.5,7,1051.1578585908333,4.199999999999999,45.19090076885689,426.8094759344544,24
687.6,8,1051.1578585908333,4.8999999999999995,45.22819490306521,426.4445445175555,24
687.7,8,1051.1578585908333,4.199999999999999,44.999979290391785,428.56620259114266,24
687.8,8,1051.1578585908333,4.199999999999999,45.02164592383759,428.36511244026667,24
687.9,8,1051.1578585908333,4.199999999999999,45.06122998605638,427.97379864397107,24
688.0,8,1051.1578585908333,4.199999999999999,45.16751195388605,427.0444267741962,24
688.1,7,1051.1578585908333,4.199999999999999,45.19261614025349,426.7929608785343,24
688.2,7,1051.1578585908333,4.8999999999999995,45.224357609077856,426.4739841700302,24
688.3,9,1051.1578585908333,4.199999999999999,45.24948703447419,426.20730393919865,24
688.4,9,1051.1578585908333,4.800000000000001,45.264962850154106,426.0494526582703,24
688.5,9,1051.1578585908333,4.800000000000001,45.295222789848026,425.74782572913387,24
688.6,8,1051.1578585908333,4.0,45.327578698771234,425.4280677503323,24
688.7,8,1051.1578585908333,4.199999999999999,45.4006566730197,424.6650428258237,24
688.8,8,1051.0185235323218,4.199999999999999,45.4165102077579,424.4933114193612,24
688.9,8,1051.0185235323218,4.8999999999999995,45.43573446792702,424.29263491043,24
689.0,8,1051.0185235323218,4.8999999999999995,45.448165019017,424.15367809590293,24
689.1,8,1051.0185235323218,4.8999999999999995,45.194192006864924,426.88324802258455,24
689.2,8,1051.0185235323218,4.8999999999999995,45.21787684024463,426.6235430212564,24
689.3,8,1051.0185235323218,4.8999999999999995,45.24112975576902,426.38133449030977,24
689.4,8,1051.0185235323218,4.8999999999999995,45.266562325420324,426.12467052073,24
689.5,8,1051.0185235323218,4.8999999999999995,45.295185420550894,425.8222682629257,24
689.6,8,1051.0185235323218,4.8999999999999995,45.298948529767856,425.7721558918886,24
689.7,8,1051.0185235323218,4.8999999999999995,45.319609363897584,425.5527433120898,24
689.8,8,1051.0185235323218,4.8999999999999995,45.33401906557934,425.3846654366346,24
689.9,8,1051.0185235323218,4.8999999999999995,45.34682212707132,425.23887921751043,24
690.0,8,1051.0185235323218,4.8999999999999995,45.36909515749156,424.98679936272947,24
690.1,8,1051.0185235323218,4.8999999999999995,45.387127787170186,424.79310173199144,24
690.2,8,1051.0185235323218,4.8999999999999995,45.3929512253097,424.72734118535845,24
690.3,8,1051.0185235323218,4.8999999999999995,45.40944330486593,424.5369809797136,24
690.4,8,1051.0185235323218,4.8999999999999995,45.432817840207925,424.27565307451437,24
690.5,8,1051.0185235323218,4.8999999999999995,45.44002032290622,424.1812816303226,24
690.6,8,1051.0185235323218,4.8999999999999995,45.319094322878854,425.14892958828455,24
690.7,8,1051.0185235323218,4.8999999999999995,45.334630007094525,424.9724621460665,24
690.8,8,1051.0185235323218,4.8999999999999995,45.34711868653625,424.8250148297085,24
690.9,8,1051.0185235323218,4.8999999999999995,45.35363426958219,424.7300886247067,24
691.0,8,1051.0185235323218,4.8999999999999995,45.359412376004606,424.6458226752683,24
691.1,8,1051.0185235323218,4.199999999999999,45.3598427405999,424.6199581995603,24
691.2,8,1051.0185235323218,4.199999999999999,45.379373297719724,424.40602692245716,24
691.3,8,1051.0185235323218,4.199999999999999,45.39915874834781,424.17861719349753,24
691.4,8,1051.0185235323218,4.199999999999999,45.401300673937186,424.1458814130351,24
691.5,8,1051.0185235323218,4.199999999999999,45.4070021575613,424.062183624249,24
691.6,8,1051.0185235323218,4.199999999999999,45.428375794703086,423.82831496696315,24
691.7,8,1051.0185235323218,4.199999999999999,45.43254899474475,423.7670438672518,24
691.8,8,1051.0185235323218,4.199999999999999,45.45255221382762,423.54437867090746,24
691.9,8,1051.0185235323218,4.199999999999999,45.29322708015289,425.194138872943,24
692.0,8,1051.0185235323218,4.199999999999999,45.29429377329425,425.15736872634193,24
692.1,8,1051.0185235323218,4.199999999999999,45.29853624652631,425.0853158095979,24
692.2,8,1051.0185235323218,4.199999999999999,45.3129984995315,424.91904536751844,24
692.3,8,1051.0185235323218,4.199999999999999,45.298789348841964,425.0419087033083,24
692.4,8,1051.0185235323218,4.199999999999999,45.306499421610866,424.9580448382793,24
692.5,8,1051.0185235323218,4.199999999999999,45.3114219910113,424.8937103638077,24
692.6,8,1051.0185235323218,4.199999999999999,45.32393279280908,424.6283919882435,24
692.7,8,1051.0185235323218,3.5,45.341643968284494,424.43119129571005,24
692.8,10,1051.0185235323218,2.8,45.33818815127016,424.4554210693159,24
692.9,10,1051.0185235323218,4.0,45.24179313782117,425.2432384638298,24
693.0,10,1051.0185235323218,4.0,45.26372130722473,425.02155114204015,24
693.1,10,1051.0185235323218,4.0,45.274276259087614,424.9232039658049,24
693.2,10,1051.0185235323218,4.0,45.30396515070601,424.62671147595984,24
693.3,10,1051.0185235323218,4.0,45.33353236907125,424.33260426100264,24
693.4,10,1051.0185235323218,4.0,45.36536335126874,424.0195763476362,24
693.5,10,1051.0185235323218,4.0,45.38293551948637,423.8486269964844,24
693.6,10,1051.0185235323218,4.0,45.34091391479309,424.4041463966721,24
693.7,6,1047.0852937714774,4.0,45.371351978051266,424.09989740347237,24
693.8,6,1045.8080395258016,4.5,45.40473277245788,423.76817972847005,24
693.9,9,1045.8080395258016,4.5,45.29132363135125,424.71344640265335,24
694.0,9,1045.8080395258016,4.0,45.24784367081899,425.69813233347077,24
694.1,6,1045.8080395258016,4.0,45.27745065900965,425.40038985504145,24
694.2,9,1045.8080395258016,4.5,45.30315199992224,425.15834403396013,24
694.3,6,1045.8080395258016,4.0,45.336072135650525,424.82888147576045,24
694.4,6,1045.8080395258016,4.5,45.362600893752955,424.5630534796618,24
694.5,10,1045.8080395258016,4.5,45.40642917466921,424.1379142117856,24
694.6,10,1045.8080395258016,4.800000000000001,45.43958949590639,423.8168130396031,24
694.7,10,1045.8080395258016,4.800000000000001,45.48380098261488,423.38778986969527,24
694.8,10,1045.8080395258016,4.800000000000001,45.53223958527391,422.9048176311136,24
694.9,10,1045.8080395258016,4.800000000000001,45.50564672355168,423.83410052093416,24
695.0,10,1045.8080395258016,4.800000000000001,45.53045331705127,423.570928738974,24
695.1,10,1045.8080395258016,4.800000000000001,45.55603649660618,423.3119493182983,24
695.2,10,1045.8080395258016,4.800000000000001,45.584484422854516,423.03214265582005,24
695.3,10,1045.8080395258016,4.800000000000001,45.61705828286034,422.7181863288929,24
695.4,10,1045.8080395258016,4.800000000000001,45.643176585333144,422.4728730634971,24
695.5,10,1045.8080395258016,4.800000000000001,45.413447625005254,424.7273455404073,24
695.6,6,1044.7754944339983,4.800000000000001,45.4502457418179,424.3610738262591,24
695.7,6,1044.7754944339983,5.0,45.47356803161813,424.14577785087005,24
695.8,6,1044.7754944339983,5.0,45.500870590566095,423.87282646129927,24
695.9,10,1044.7754944339983,5.0,45.51970070140607,423.68439587753016,24
696.0,10,1044.7754944339983,4.800000000000001,45.54025767162081,423.4807948743455,24
696.1,10,1044.7754944339983,4.800000000000001,45.56663157359982,423.2209365681299,24
696.2,10,1044.7754944339983,4.800000000000001,45.591098052333265,422.98670649085653,24
696.3,6,1044.7754944339983,4.800000000000001,45.617461040010284,422.7404366357709,24
696.4,6,1044.7754944339983,5.0,45.63963196904285,422.5357951919908,24
696.5,10,1044.7754944339983,5.0,45.65922890105958,422.35978695889287,24
696.6,6,1044.7754944339983,4.800000000000001,45.688169256309045,422.0759116885946,24
696.7,6,1044.7754944339983,5.0,45.720871795381385,421.77151470671697,24
696.8,10,1044.7754944339983,5.0,45.74208186088734,421.5712710413337,24
696.9,10,1044.7754944339983,5.6000000000000005,45.50658882770347,424.11082595196615,24
697.0,10,1044.7754944339983,5.6000000000000005,45.36231123599621,425.23570468223966,24
697.1,10,1044.7754944339983,5.6000000000000005,45.39108852683974,424.96456517906415,24
697.2,10,1044.7754944339983,5.6000000000000005,45.40728207776419,424.820196797406,24
697.3,10,1044.7754944339983,5.6000000000000005,45.421908894214454,424.68578302601975,24
697.4,10,1044.7754944339983,5.6000000000000005,45.44648657698852,424.4530291075084,24
697.5,10,1044.7754944339983,5.6000000000000005,45.476755473267936,424.1631877842034,24
697.6,10,1044.7754944339983,5.6000000000000005,45.496150765809055,423.987177454984,24
697.7,10,1044.7754944339983,5.6000000000000005,45.518143614642995,423.7797638948932,24
697.8,10,1044.7754944339983,5.6000000000000005,45.539242645591074,423.5827589205121,24
697.9,10,1044.7754944339983,5.6000000000000005,45.56326138369941,423.3492492079955,24
698.0,10,1044.7754944339983,5.6000000000000005,45.66685001281631,422.15038786882565,24
698.1,10,1044.7754944339983,5.6000000000000005,45.563323522987176,422.9864222601926,24
698.2,10,1044.7754944339983,5.6000000000000005,45.593259929463265,422.7011654720179,24
698.3,10,1044.7754944339983,5.6000000000000005,45.60707755576177,422.55053928011205,24
698.4,10,1044.7754944339983,5.6000000000000005,45.6280756897081,422.3634595494279,24
698.5,10,1044.7754944339983,5.6000000000000005,45.656540163392876,422.1083372230733,24
698.6,10,1044.7754944339983,5.6000000000000005,45.68207949229365,421.8851162740626,24
698.7,10,1044.7754944339983,5.6000000000000005,45.70057966185337,421.7270375301473,24
698.8,10,1044.7754944339983,5.6000000000000005,45.73457907894907,421.42209648709,24
698.9,10,1044.7754944339983,5.6000000000000005,45.75843278489483,421.2007148633853,24
699.0,10,1044.7754944339983,5.6000000000000005,45.77447021036663,421.07661148055615,24
699.1,6,1043.763198788295,4.800000000000001,45.79915004755915,420.8571449088354,24
699.2,6,1043.763198788295,4.5,45.82323464115333,420.64064703514265,24
699.3,6,1043.763198788295,4.5,45.85525073493069,420.3470339825052,24
699.4,6,1043.763198788295,4.5,45.882240164675494,420.1040327721356,24
699.5,6,1043.763198788295,4.5,45.91837669051387,419.7723117204399,24
699.6,6,1043.763198788295,4.5,45.922670816749346,419.75168718028704,24
699.7,6,1043.763198788295,4.5,45.95739213955722,419.42819290029774,24
699.8,6,1043.763198788295,4.5,45.96718904611164,419.349908845392,24
699.9,6,1043.763198788295,4.5,45.83421355568766,420.3938372038388,24
700.0,6,1043.763198788295,4.5,45.84884692833601,419.99084564791076,24
700.1,6,1043.763198788295,4.5,45.886739960658346,419.6321250943331,24
700.2,6,1043.763198788295,4.5,45.907000982632674,419.4539540257621,24
700.3,6,1043.763198788295,4.5,45.93186416453406,419.2470592859222,24
700.4,10,1043.763198788295,4.5,45.96907447938871,418.903286598113,24
700.5,10,1043.763198788295,5.6000000000000005,45.991638833304314,418.7057965205123,24
700.6,10,1043.763198788295,5.6000000000000005,46.01334033228028,418.50746068099045,24
700.7,10,1043.763198788295,5.6000000000000005,46.04195509562069,418.24896626224745,24
700.8,10,1043.763198788295,5.6000000000000005,46.07441081292436,417.95308621926205,24
700.9,10,1043.763198788295,4.800000000000001,46.088292353730964,417.8456631258488,24
701.0,10,1043.763198788295,4.800000000000001,46.12174657800912,417.54164547671803,24
701.1,10,1043.763198788295,4.800000000000001,46.15612094272243,417.2398541781969,24
701.2,10,1043.763198788295,4.800000000000001,46.19369499313905,416.90224748776353,24
701.3,10,1043.763198788295,4.800000000000001,46.216851118992565,416.7139801958177,24
701.4,10,1043.763198788295,4.800000000000001,46.259056930963,416.34134360821974,24
701.5,10,1043.763198788295,4.800000000000001,46.29991638624272,415.98268015746856,24
701.6,10,1043.763198788295,4.800000000000001,46.33823513787205,415.6466522214587,24
701.7,10,1043.763198788295,4.800000000000001,46.32805668511373,415.72970257521683,24
701.8,6,1042.7476103644537,4.0,46.35281424477526,415.51869157071496,24
701.9,6,1042.7476103644537,4.5,46.3884041552362,415.2000579919487,24
702.0,6,1042.7476103644537,4.5,46.42515582784892,414.8759930106757,24
702.1,6,1042.7476103644537,4.5,46.4226232571409,414.9168648605547,24
702.2,6,1042.7476103644537,4.5,46.45454978572223,414.62945528831574,24
702.3,6,1042.7476103644537,4.5,46.49315976525736,414.28514529103524,24
702.4,6,1042.7476103644537,4.5,46.5344979866135,413.9140327254912,24
702.5,6,1042.7476103644537,4.5,46.37259153736176,415.18892660818335,24
702.6,6,1042.7476103644537,4.5,46.414086433609,414.80452281767793,24
702.7,6,1042.7476103644537,4.5,46.45883326145919,414.4022501645796,24
702.8,6,1042.7476103644537,4.5,46.49748017449912,414.0537962448866,24
702.9,6,1042.7476103644537,4.5,46.52568841192824,413.80203339769866,24
703.0,6,1042.7476103644537,4.5,46.58108064984181,413.29505126953893,24
703.1,6,1042.7476103644537,4.5,46.61485946661712,412.9916333563792,24
703.2,6,1042.7476103644537,4.5,46.65398046913499,412.64108513416,24
703.3,6,1042.7476103644537,4.5,46.775310498228876,411.3037155500732,24
703.4,6,1042.7476103644537,4.5,46.80959117011386,411.00139848774313,24
703.5,6,1042.7476103644537,4.5,46.85909771061048,410.5647549176165,24
703.6,6,1042.7476103644537,4.5,46.904616899766,410.1608605470527,24
703.7,6,1042.7476103644537,4.0,46.938989365529025,409.86141210872813,24
703.8,6,1042.7476103644537,4.0,46.98585575809647,409.4458740890397,24
703.9,6,1042.7476103644537,4.0,47.02292686986047,409.11560726307346,24
704.0,6,1042.7476103644537,4.0,47.0635793754484,408.754884556233,24
704.1,6,1041.706990493327,4.0,47.10515504646514,408.39161000622113,24
704.2,6,1041.706990493327,4.5,47.14064515778048,408.07947012625806,24
704.3,6,1041.706990493327,4.5,47.18280510851712,407.702229884898,24
704.4,6,1041.706990493327,4.5,47.22714149463832,407.3081305386366,24
704.5,6,1041.706990493327,4.5,47.25612387514876,407.0632997924605,24
704.6,6,1041.706990493327,4.5,47.296161297987055,406.7161587876559,24
704.7,6,1041.706990493327,4.5,47.34195698109938,406.31310450614444,24
704.8,6,1041.706990493327,4.5,47.38164491136699,405.97305992470444,24
704.9,6,1041.706990493327,4.5,47.41597757061596,405.6782933886294,24
705.0,6,1041.706990493327,4.5,47.33838759782769,406.4244072522491,24
705.1,6,1041.706990493327,4.5,47.391169958742296,405.95617750756753,24
705.2,6,1041.706990493327,4.5,47.4370600071623,405.54577858563005,24
705.3,6,1041.706990493327,4.5,47.46117899358198,405.21341846188,24
705.4,6,1041.706990493327,4.5,47.52043050440611,404.6864382105995,24
705.5,6,1041.706990493327,4.5,47.552286038731154,404.41532087203484,24
705.6,6,1041.706990493327,4.5,47.41722732696334,405.4323088470197,24
705.7,6,1041.706990493327,4.5,47.45991360036304,405.05635071094355,24
705.8,6,1041.706990493327,4.5,47.51022571553473,404.6136329443118,24
705.9,6,1041.706990493327,4.5,47.55095563597199,404.26157158294876,24
706.0,6,1041.706990493327,4.5,47.59196265496074,403.9039729510479,24
706.1,6,1041.706990493327,4.5,47.64927915714241,403.4001157992383,24
706.2,6,1041.706990493327,4.5,47.54616713457,404.3528225189466,24
706.3,6,1041.706990493327,4.5,47.592075166867744,403.94795137814975,24
706.4,6,1041.706990493327,4.5,47.6374300342631,403.55059955122135,24
706.5,6,1041.706990493327,4.5,47.67378535276738,403.23620518848384,24
706.6,6,1041.706990493327,4.5,47.72447859590493,402.7929327747306,24
706.7,6,1041.706990493327,4.5,47.76702200725991,402.423754494527,24
706.8,6,1041.706990493327,4.5,47.81701764155171,401.9907740862642,24
706.9,6,1041.706990493327,4.5,47.74348775634158,402.54319726571657,24
707.0,6,1040.6721584088586,4.5,47.78566831636594,402.17477517217856,24
707.1,6,1040.6721584088586,5.0,47.82177182895775,401.8634870423258,24
707.2,6,1040.6721584088586,5.0,47.8428999959652,401.6893261619865,24
707.3,6,1040.6721584088586,5.0,47.89649904959991,401.23166325871694,24
707.4,6,1040.6721584088586,5.0,47.936943598549284,400.89053694128717,24
707.5,6,1040.6721584088586,5.0,47.98609858540735,400.4689762745454,24
707.6,6,1040.6721584088586,5.0,48.02584206849107,400.1349789605948,24
707.7,6,1040.6721584088586,5.0,48.064721443124654,399.80376591959816,24
707.8,6,1040.6721584088586,5.0,48.10000923520303,399.5081617421308,24
707.9,6,1040.6721584088586,5.0,48.144189971169894,399.13736213949704,24
708.0,6,1040.6721584088586,5.0,48.18245120534856,398.81411967161785,24
708.1,6,1040.6721584088586,5.0,48.21617875270236,398.52676458008875,24
708.2,6,1040.6721584088586,5.0,48.24980730480041,398.2456621085567,24
708.3,6,1040.6721584088586,5.0,48.28969581346411,397.9087891157504,24
708.4,6,1040.6721584088586,5.0,48.305351008922244,397.772023607861,24
708.5,6,1040.6721584088586,4.5,48.34488251445338,397.4423072365688,24
708.6,6,1040.6721584088586,4.5,48.36982642228146,397.23291397069244,24
708.7,6,1040.6721584088586,4.5,48.39546521784762,397.0168071440554,24
708.8,6,1040.6721584088586,4.5,48.429684578469605,396.7349935769453,24
708.9,6,1040.6721584088586,4.5,48.28772243192776,397.9774523995096,24
709.0,6,1040.6721584088586,4.5,48.32066869501304,397.70143788033647,24
709.1,6,1040.6721584088586,4.5,48.36151661214472,397.3574330439113,24
709.2,6,1040.6721584088586,4.5,48.377138121918435,397.22447458990354,24
709.3,6,1040.6721584088586,4.5,48.40502062507315,396.98912172974815,24
709.4,6,1040.6721584088586,4.5,48.44042599711094,396.69402884238673,24
709.5,6,1040.6721584088586,4.5,48.48731754804363,396.2955162151519,24
709.6,6,1040.6721584088586,4.5,48.50562974165628,396.1463458826996,24
709.7,6,1040.6721584088586,4.5,48.53104776245053,395.9344167531855,24
709.8,6,1040.6721584088586,4.5,48.56851781451802,395.62499870614374,24
709.9,6,1040.6721584088586,4.5,48.61219567931826,395.2597198626635,24
710.0,12,1040.6721584088586,4.0,48.637147872304055,395.0501275640317,24
710.1,12,1040.6721584088586,4.5,48.66532008729077,394.8123511293768,24
710.2,6,1039.6480626363484,3.6,48.689352280022916,394.61349156404634,24
710.3,6,1039.6480626363484,4.5,48.71483827248289,394.4013697805465,24
710.4,6,1039.6480626363484,4.5,48.74180970983626,394.17523800573076,24
710.5,6,1039.6480626363484,4.5,48.760456745134974,394.01896163050026,24
710.6,6,1039.6480626363484,4.5,48.79646824139269,393.7186675201031,24
710.7,6,1039.6480626363484,4.5,48.823742437743164,393.4912247487016,24
710.8,12,1039.6480626363484,4.5,48.8491573429212,393.28021997814295,24
710.9,12,1039.6480626363484,4.5,48.87919290251598,393.03265638213145,24
711.0,12,1039.6480626363484,4.5,48.89006515572169,392.94400173446354,24
711.1,12,1039.6480626363484,4.5,48.91215737207958,392.7625014848812,24
711.2,12,1039.6480626363484,4.5,48.92766967345976,392.6328137779751,24
711.3,12,1039.6480626363484,4.5,48.975057050910806,392.24595389437053,24
711.4,12,1039.6480626363484,4.5,48.992602401930725,392.103501034901,24
711.5,12,1039.6480626363484,4.5,49.02978585620284,391.7987466336359,24
711.6,12,1039.6480626363484,4.5,49.053021124005014,391.607696652786,24
711.7,12,1039.6480626363484,4.5,49.05891523259694,391.56244441665655,24
711.8,12,1039.6480626363484,4.5,49.08949723617272,391.3100534256327,24
711.9,12,1039.6480626363484,4.5,49.094110890363666,391.2735432157922,24
712.0,12,1039.6480626363484,4.5,49.112205616666145,391.1265623268348,24
712.1,12,1039.6480626363484,4.5,49.12762635520565,391.0033751827502,24
712.2,12,1039.6480626363484,4.5,49.150169836623505,390.8245965481334,24
712.3,12,1039.6480626363484,4.5,49.17920447361442,390.5905593255601,24
712.4,9,1039.6480626363484,4.5,49.19397833815171,390.47436448937066,24
712.5,9,1039.6480626363484,5.6000000000000005,49.21450295483602,390.3083103375639,24
712.6,9,1039.6480626363484,5.6000000000000005,49.226134935159465,390.2180632416423,24
712.7,9,1039.6480626363484,5.6000000000000005,49.25855835159595,389.95434941920416,24
712.8,7,1040.4334748888703,5.6000000000000005,49.27191702250812,389.84813930273333,24
712.9,9,1040.4334748888703,4.199999999999999,49.28716444049806,389.7260112611856,24
713.0,9,1040.4334748888703,5.6000000000000005,49.31566838877339,389.49380038065533,24
713.1,9,1040.4334748888703,5.6000000000000005,49.3159697943961,389.4960253639996,24
713.2,9,1040.4334748888703,5.6000000000000005,49.347601406570774,389.24018418280843,24
713.3,9,1040.4334748888703,5.6000000000000005,49.375283633763075,389.0184160645562,24
713.4,9,1040.4334748888703,5.6000000000000005,49.38369476404648,388.952443362152,24
713.5,9,1040.4334748888703,5.6000000000000005,49.39196417011915,388.89106132031463,24
713.6,9,1040.4334748888703,5.6000000000000005,49.43016032573763,388.58558268233196,24
713.7,8,1040.4334748888703,4.800000000000001,49.433076311282676,388.5665294964375,24
713.8,8,1040.4334748888703,4.8999999999999995,49.455329065690464,388.39243361172817,24
713.9,8,1040.4334748888703,4.8999999999999995,49.48018886752784,388.1936847604803,24
714.0,8,1040.4334748888703,4.8999999999999995,49.494156831303926,388.08565710469526,24
714.1,8,1040.4334748888703,4.8999999999999995,49.5165312498483,387.91080974559634,24
714.2,8,1040.4334748888703,4.8999999999999995,49.54056718420609,387.72519999415533,24
714.3,8,1040.4334748888703,4.8999999999999995,49.56779092932972,387.50945215999724,24
714.4,8,1040.4334748888703,4.8999999999999995,49.58715418144786,387.3587966674247,24
714.5,8,1040.4334748888703,4.8999999999999995,49.59470512016631,387.3010083562344,24
714.6,8,1040.4334748888703,4.8999999999999995,49.610625869749995,387.17455003690986,24
714.7,8,1040.4334748888703,4.8999999999999995,49.627131168059336,387.0494931769232,24
714.8,7,1040.8136898206926,4.8999999999999995,49.691528774575374,386.5644818572394,24
714.9,7,1041.0130091217347,4.8999999999999995,49.71901856648886,386.3479355691749,24
715.0,7,1040.9164843202468,4.8999999999999995,49.749788942001466,386.1072118075741,24
715.1,7,1040.9164843202468,4.8999999999999995,49.756357657482425,386.0589790007501,24
715.2,7,1040.9164843202468,4.8999999999999995,49.778820389305494,385.8864637182474,24
715.3,8,1040.9164843202468,4.8999999999999995,49.79611687433477,385.7519733004374,24
715.4,8,1040.9164843202468,5.6,49.806335125622184,385.6758726818658,24
715.5,8,1040.9164843202468,5.6,49.824848277991734,385.5329251233943,24
715.6,8,1040.9164843202468,5.6,49.84775879420581,385.3564387771928,24
715.7,8,1040.9164843202468,5.6,49.8530176933814,385.31714367869097,24
715.8,8,1040.9164843202468,5.6,49.87953238557485,385.10687969901676,24
715.9,8,1040.9164843202468,5.6,49.881436803413514,385.0989673891023,24
716.0,8,1040.9164843202468,5.6,49.89608969168991,384.9853674792903,24
716.1,8,1040.9164843202468,5.6,49.895713574574785,384.9901525939431,24
716.2,8,1040.9164843202468,5.6,49.94346122142766,384.58999846644804,24
716.3,8,1040.9164843202468,5.6,49.94689708806523,384.56518368467846,24
716.4,8,1040.9164843202468,5.6,49.9672125679504,384.4090479012951,24
716.5,8,1040.9164843202468,5.6,49.983861415403226,384.2773683181674,24
716.6,8,1040.9164843202468,5.6,49.98441476200094,384.27618321395806,24
716.7,8,1040.9164843202468,5.6,49.99531652238318,384.1926522255215,24
716.8,8,1040.9164843202468,5.6,50.06221352806365,383.5944266384313,24
716.9,7,1040.9164843202468,4.8999999999999995,50.09137798962452,383.3689219904165,24
717.0,7,1040.9164843202468,4.8999999999999995,50.10851383869474,383.23616306073893,24
717.1,7,1040.9164843202468,4.8999999999999995,50.11351541034081,383.2007582187659,24
717.2,7,1040.9164843202468,4.8999999999999995,50.13715071255835,383.0182826644618,24
717.3,8,1040.9164843202468,4.199999999999999,50.17323510939913,382.7540154533024,24
717.4,7,1040.816557456488,4.8999999999999995,50.18430325686029,382.6715458834631,24
717.5,7,1040.816557456488,4.8999999999999995,50.2026521848548,382.5320999006109,24
717.6,7,1040.816557456488,4.8999999999999995,50.23087114303118,382.315819204118,24
717.7,7,1040.816557456488,4.8999999999999995,50.23870562031393,382.258062586205,24
717.8,7,1040.816557456488,4.8999999999999995,50.24458223821781,382.2131145673575,24
717.9,8,1040.816557456488,4.8999999999999995,50.25551997132079,382.12942545752935,24
718.0,8,1040.816557456488,5.6,50.322454305501914,381.6117252472684,24
718.1,8,1040.816557456488,5.6,50.33870457449326,381.49039401233097,24
718.2,7,1040.816557456488,4.8999999999999995,50.31649851878747,381.69537561567495,24
718.3,7,1040.816557456488,4.8999999999999995,50.32920013408844,381.6011100047108,24
718.4,7,1040.816557456488,4.8999999999999995,50.33902827718023,381.5288580664852,24
718.5,7,1040.816557456488,4.8999999999999995,50.35324053038944,381.42073286077766,24
718.6,7,1040.816557456488,4.8999999999999995,50.366488495408916,381.32473676258564,24
718.7,7,1040.816557456488,4.8999999999999995,50.3791824467783,381.2306843990697,24
718.8,7,1040.816557456488,4.8999999999999995,50.391168839792684,381.1389505036069,24
718.9,7,1040.816557456488,4.8999999999999995,50.38167120937947,381.2170061829315,24
719.0,7,1040.816557456488,4.8999999999999995,50.414731881314495,380.96524535492404,24
719.1,7,1040.816557456488,4.8999999999999995,50.431730895842655,380.8400835853032,24
719.2,7,1040.816557456488,4.8999999999999995,50.443590133981786,380.7533298906213,24
719.3,7,1040.816557456488,4.8999999999999995,50.47129394022265,380.5446396080324,24
719.4,7,1040.816557456488,4.8999999999999995,50.47624215290611,380.5150623675818,24
719.5,7,1040.816557456488,4.8999999999999995,50.49861843651805,380.3477123854329,24
719.6,7,1040.816557456488,4.8999999999999995,50.51504146637925,380.22844864321206,24
719.7,8,1040.816557456488,4.8999999999999995,50.54476070784941,380.0060683342098,24
719.8,7,1040.816557456488,4.8999999999999995,50.55775515722537,379.90859035677937,24
719.9,7,1040.816557456488,4.8999999999999995,50.5629444481949,379.87253018683975,24
720.0,7,1040.816557456488,4.8999999999999995,50.586404828441395,379.6981786992327,24
720.1,7,1040.816557456488,4.8999999999999995,50.60303500527371,379.57157918240716,24
720.2,7,1040.816557456488,4.8999999999999995,50.67621893237763,379.04476645296666,24
720.3,7,1040.816557456488,4.8999999999999995,50.68678906096397,378.9677910505938,24
720.4,7,1040.816557456488,4.8999999999999995,50.6983194576834,378.8794695359426,24
720.5,7,1040.816557456488,4.8999999999999995,50.69943221460946,378.8710682670029,24
720.6,7,1040.816557456488,4.8999999999999995,50.76398287259417,378.37054155681244,24
720.7,8,1040.816557456488,4.8999999999999995,50.78265556450143,378.23329527779697,24
720.8,8,1040.816557456488,4.8999999999999995,50.7944529670859,378.1433036695248,24
720.9,8,1040.816557456488,4.8999999999999995,50.78445552552417,378.22275547572895,24
721.0,7,1040.7123832537422,4.199999999999999,50.746825522140355,378.4848732117302,24
721.1,7,1040.7123832537422,5.6,50.758355135620576,378.3972160075661,24
721.2,7,1040.7123832537422,5.6,50.753550430878065,378.43298689781716,24
721.3,7,1040.7123832537422,5.6,50.7482651425262,378.4726096704506,24
721.4,7,1040.7123832537422,5.6,50.77620670893448,378.25642821408667,24
721.5,7,1040.7123832537422,5.6,50.665058730505535,379.11869710155474,24
721.6,7,1040.7123832537422,5.6,50.685984203030856,378.95527867964825,24
721.7,7,1040.7123832537422,5.6,50.6789748902778,379.0097807850438,24
721.8,7,1040.7123832537422,5.6,50.68660932577713,378.9524757707787,24
721.9,7,1040.7123832537422,5.6,50.70731049379452,378.79636514662246,24
722.0,7,1040.7123832537422,5.6,50.702354723827526,378.8371011881718,24
722.1,7,1040.7123832537422,5.6,50.70997885855108,378.7763551079027,24
722.2,7,1040.7123832537422,5.6,50.71653662731737,378.7258401372763,24
722.3,7,1040.7123832537422,5.6,50.705906530325514,378.8078987818192,24
722.4,7,1040.7123832537422,5.6,50.724860579128425,378.661366461904,24
722.5,7,1040.7123832537422,4.8999999999999995,50.72943599359351,378.62843273258954,24
722.6,7,1040.7123832537422,4.8999999999999995,50.73706450579637,378.5686540855846,24
722.7,7,1040.7123832537422,4.8999999999999995,50.7332729498322,378.5974216788204,24
722.8,7,1040.7123832537422,4.8999999999999995,50.74032162252633,378.5422071865741,24
722.9,7,1040.7123832537422,4.8999999999999995,50.73977262435032,378.5471290659424,24
723.0,7,1040.7123832537422,4.8999999999999995,50.759984978855755,378.3969466511771,24
723.1,7,1040.7123832537422,4.8999999999999995,50.76054381207908,378.39531779121205,24
723.2,7,1040.7123832537422,4.8999999999999995,50.67091630781765,379.030581299581,24
723.3,7,1040.7123832537422,4.8999999999999995,50.69035316339388,378.8799289098109,24
723.4,7,1040.7123832537422,4.8999999999999995,50.72707124134395,378.59881239653924,24
723.5,8,1040.7123832537422,4.8999999999999995,50.73699023032947,378.52467526994013,24
723.6,7,1040.6139906652184,4.8999999999999995,50.75659979875081,378.3774440398639,24
723.7,7,1040.6139906652184,4.8999999999999995,50.782431447315915,378.18141499800305,24
723.8,7,1040.6139906652184,4.8999999999999995,50.80440048091291,378.01456587262936,24
723.9,8,1040.6139906652184,4.8999999999999995,50.830388913814645,377.82011216226084,24
724.0,8,1040.6139906652184,4.8999999999999995,50.95314349665455,376.9396991876301,24
724.1,8,1040.6139906652184,4.8999999999999995,50.96728758801078,376.83445500019235,24
724.2,8,1040.6139906652184,4.8999999999999995,50.99795450951994,376.6035016809675,24
724.3,8,1040.6139906652184,4.8999999999999995,51.00556040474689,376.54486500963264,24
724.4,8,1040.6139906652184,4.8999999999999995,51.02859459672109,376.3719966262282,24
724.5,8,1040.6139906652184,4.8999999999999995,51.04842349300765,376.2213261287267,24
724.6,8,1040.6139906652184,4.8999999999999995,51.052632689343305,376.18996695744653,24
724.7,8,1040.6139906652184,4.8999999999999995,51.075007160944864,376.01957701757675,24
724.8,8,1040.6139906652184,4.8999999999999995,51.08924383327139,375.91383990631584,24
724.9,8,1040.6139906652184,4.8999999999999995,51.1043734467113,375.79931916460447,24
725.0,8,1040.6139906652184,4.8999999999999995,51.11997680170573,375.6820449942501,24
725.1,8,1040.6139906652184,5.6,51.14194383745421,375.5169919635604,24
725.2,8,1040.6139906652184,5.6,51.14901133847402,375.4844001491582,24
725.3,8,1040.6139906652184,5.6,51.15538026033806,375.43759269643704,24
725.4,8,1040.6139906652184,5.6,51.023446234953994,376.37118630249955,24
725.5,8,1040.6139906652184,5.6,51.01489838320706,376.43662927764075,24
725.6,8,1040.6139906652184,5.6,51.033814528356956,376.294458653277,24
725.7,8,1040.6139906652184,5.6,51.05721899797535,376.1196713370309,24
725.8,8,1040.6139906652184,5.6,51.07646184299452,375.9751567344448,24
725.9,8,1040.6139906652184,5.6,51.11408486361225,375.6928126520396,24
726.0,8,1040.6139906652184,5.6,51.131094028095916,375.5660250566592,24
726.1,8,1040.6139906652184,5.6,51.1416483210314,375.4888949660973,24
726.2,8,1040.6139906652184,5.6,51.16309653966795,375.32971949769774,24
726.3,7,1040.5153541036025,5.6,51.157838660948855,375.3690239223123,24
726.4,7,1040.5153541036025,5.6,51.18081392872759,375.199345793563,24
726.5,7,1040.5153541036025,5.6,51.191861401393716,375.11852560595594,24
726.6,7,1040.5153541036025,5.6,51.0306068442257,376.340447955508,24
726.7,7,1040.5153541036025,5.6,51.02745575700581,376.36768311607597,24
726.8,7,1040.5153541036025,5.6,51.03524334051028,376.3118694686964,24
726.9,7,1040.5153541036025,5.6,51.047165136499416,376.22156340862887,24
727.0,7,1040.5153541036025,5.6,51.032288178702146,376.33932672685376,24
727.1,8,1040.5153541036025,5.6,51.046347368147565,376.23314565914404,24
727.2,7,1040.5153541036025,4.8999999999999995,51.059302651656665,376.1421750700414,24
727.3,7,1040.5153541036025,6.3,51.06677476375307,376.08999562562184,24
727.4,7,1040.5153541036025,6.3,51.06351511081357,376.11626707420965,24
727.5,7,1040.5153541036025,6.3,51.082332123242,375.9763374862146,24
727.6,7,1040.5153541036025,6.3,51.07459004510196,376.03914947298006,24
727.7,7,1040.5153541036025,6.3,50.95220882626027,376.98369040033845,24
727.8,7,1040.5153541036025,6.3,50.952063548022636,376.9862363499529,24
727.9,7,1040.5153541036025,6.3,50.97589703559593,376.80757636614294,24
728.0,7,1040.5153541036025,6.3,50.988985478747146,376.71129799375603,24
728.1,7,1040.5153541036025,6.3,51.00652938556928,376.58218310097413,24
728.2,7,1040.5153541036025,6.3,51.00790895146763,376.5782743444299,24
728.3,7,1040.5153541036025,6.3,51.037202178310665,376.3585850409619,24
728.4,7,1040.5153541036025,6.3,51.08290996041387,376.0116196802412,24
728.5,7,1040.5153541036025,6.3,51.189312868623716,375.257160137798,24
728.6,7,1040.5153541036025,6.3,51.20388993199618,375.15114990241767,24
728.7,7,1040.5153541036025,6.3,51.213447991804784,375.0788552703681,24
728.8,7,1040.5153541036025,6.3,51.21952274717374,375.03888691998026,24
728.9,7,1040.5153541036025,6.3,51.23079315656345,374.9549532262248,24
729.0,7,1040.5153541036025,5.6,51.21036312410395,375.11256270600416,24
729.1,7,1040.413678670457,5.6,51.2283066686366,374.9747169276009,24
729.2,7,1040.413678670457,6.3,51.22287858208591,375.0209701230522,24
729.3,7,1040.413678670457,6.3,51.24207063202373,374.87979132841804,24
729.4,7,1040.413678670457,6.3,51.15709751441267,375.46839024029055,24
729.5,7,1040.413678670457,6.3,51.16298824549578,375.42877640353015,24
729.6,7,1040.413678670457,6.3,51.170288469483054,375.37527144380033,24
729.7,7,1040.413678670457,6.3,51.19033335305052,375.22655168700624,24
729.8,7,1040.413678670457,6.3,51.19818821930927,375.1728177303322,24
729.9,7,1040.413678670457,6.3,51.214504372248975,375.05383694536096,24
730.0,7,1040.413678670457,6.3,51.22071827500666,375.01057678459546,24
730.1,7,1040.413678670457,6.3,51.22964139760107,374.94475997336514,24
730.2,7,1040.413678670457,6.3,51.12040345575154,375.7168741310003,24
730.3,7,1040.413678670457,6.3,51.11713117638382,375.74335525235216,24
730.4,7,1040.413678670457,6.3,51.14896591122996,375.50195164942204,24
730.5,7,1040.413678670457,6.3,51.14184711781804,375.560976906536,24
730.6,7,1040.413678670457,6.3,51.16912534897568,375.3582248596395,24
730.7,7,1040.413678670457,6.3,51.18196861924211,375.2665595365704,24
730.8,7,1040.413678670457,6.3,51.11762788490242,375.8091776910667,24
730.9,7,1040.413678670457,6.3,51.12164144929099,375.7835637930966,24
731.0,7,1040.413678670457,6.3,51.144376308535996,375.6117552584657,24
731.1,7,1040.413678670457,6.3,51.15622548486702,375.52311981493665,24
731.2,8,1040.413678670457,6.3,51.185235546369235,375.3015729957665,24
731.3,8,1040.413678670457,6.3,51.19068559438479,375.25716910297206,24
731.4,8,1040.413678670457,6.3,51.07771212778064,376.042565284615,24
731.5,8,1040.413678670457,6.3,51.078291764966195,376.0380557150514,24
731.6,8,1040.413678670457,6.3,51.130598862504854,375.58615954928746,24
731.7,7,1040.413678670457,5.6,51.12850861121845,375.60241956370743,24
731.8,7,1040.413678670457,6.3,51.1640040231002,375.33559351543647,24
731.9,7,1040.3125386652414,6.3,51.168606486304675,375.30275563060815,24
732.0,7,1040.3125386652414,7.0,51.202396671890654,375.05265093171147,24
732.1,7,1040.3125386652414,7.0,51.22115207301203,374.9127722730772,24
732.2,7,1040.3125386652414,7.0,51.23021454043993,374.8463670668753,24
732.3,7,1040.3125386652414,7.0,51.23804393188445,374.7938931972534,24
732.4,7,1040.3125386652414,7.0,51.116470987208935,375.6585098646964,24
732.5,7,1040.3125386652414,7.0,51.142850943708254,375.4643217144457,24
732.6,7,1040.3125386652414,7.0,51.18492129103123,375.1534450608308,24
732.7,7,1040.3125386652414,7.0,50.94973275118481,376.93516219490726,24
732.8,7,1040.3125386652414,7.0,50.98695634967277,376.6582704807321,24
732.9,7,1040.3125386652414,7.0,50.98599844065825,376.67098155833355,24
733.0,7,1040.3125386652414,7.0,51.01541395408318,376.453496562174,24
733.1,7,1040.3125386652414,7.0,51.031284467508584,376.33747853701993,24
733.2,7,1040.3125386652414,7.0,51.062572267882004,376.1057593000802,24
733.3,7,1040.3125386652414,7.0,51.162624012787745,375.38803192451877,24
733.4,7,1040.3125386652414,7.0,51.18890395979143,375.1921583169137,24
733.5,7,1040.3125386652414,7.0,51.20634704582787,375.06440240116893,24
733.6,7,1040.3125386652414,7.0,51.22325081807095,374.9433461885658,24
733.7,7,1040.3125386652414,7.0,51.25296232814529,374.72579079820486,24
733.8,7,1040.3125386652414,7.0,51.26745272128899,374.6187249829751,24
733.9,7,1040.3125386652414,7.0,51.04125199645058,376.35236252381037,24
734.0,7,1040.3125386652414,7.0,51.11248703755423,375.7557179004841,24
734.1,7,1040.3125386652414,7.699999999999999,51.14189802453467,375.5386377418535,24
734.2,7,1040.3125386652414,7.699999999999999,51.158097629228735,375.4200304287036,24
734.3,7,1040.3125386652414,7.699999999999999,51.16162697081987,375.39592686969297,24
734.4,7,1040.3125386652414,7.0,51.1664411123422,375.36414561024793,24
734.5,7,1040.3125386652414,7.0,51.1957146772116,375.1425229279855,24
734.6,7,1040.3125386652414,7.0,51.21177380374438,375.0299741550973,24
734.7,7,1040.3125386652414,7.0,51.242859979149074,374.7997838119229,24
734.8,7,1040.3125386652414,7.0,51.276321915535604,374.5527608998734,24
734.9,7,1040.3125386652414,7.0,51.2900073828073,374.4557743827318,24
735.0,7,1040.3125386652414,7.0,51.33373342631551,374.13213961251574,24
735.1,7,1040.3125386652414,7.0,51.34117119519494,374.0832357412545,24
735.2,7,1040.3125386652414,7.0,51.377508859702104,373.81606863621363,24
735.3,7,1040.3125386652414,7.0,51.39762472607481,373.6704964827823,24
735.4,7,1040.3125386652414,7.0,51.428049657096494,373.44861318963524,24
735.5,7,1040.3125386652414,6.3,51.44905884864687,373.29436625068894,24
735.6,7,1040.3125386652414,6.3,51.51386302486493,372.8446780248123,24
735.7,7,1040.3125386652414,6.3,51.54987400692252,372.5773844243123,24
735.8,7,1040.3125386652414,6.3,51.43727346857855,373.36570750058337,24
735.9,7,1040.3125386652414,6.3,51.459793784607555,373.2022613671717,24
736.0,7,1040.3125386652414,6.3,51.48068389133404,373.04848037214066,24
736.1,7,1040.3125386652414,6.3,51.504040522780215,372.8775062077026,24
736.2,7,1040.3125386652414,6.3,51.52537877122279,372.72388330517947,24
736.3,7,1040.3125386652414,6.3,51.54784680604064,372.5601841210296,24
736.4,7,1040.3125386652414,6.3,51.561252223252694,372.46505404482275,24
736.5,7,1040.3125386652414,6.3,51.56287194834496,372.45655681470066,24
736.6,7,1040.3125386652414,6.3,51.58945855763342,372.2653072800341,24
736.7,7,1040.3125386652414,6.3,51.60931223682648,372.12151820239677,24
736.8,7,1040.3125386652414,6.3,51.63863787397716,371.91035383742906,24
736.9,7,1040.3125386652414,6.3,51.53246105199483,372.64397466591515,24
737.0,7,1040.3125386652414,6.3,51.530878253833556,372.6606879465005,24
737.1,7,1040.3125386652414,6.3,51.571351715502075,372.3643241267515,24
737.2,7,1040.3125386652414,6.3,51.57644908362467,372.3310727656474,24
737.3,7,1040.3125386652414,5.6,51.59374802419886,372.21080750190094,24
737.4,7,1040.3125386652414,5.6,51.64204842873116,371.8584677732707,24
737.5,7,1040.3125386652414,5.6,51.65773504923594,371.74891048485307,24
737.6,7,1040.3125386652414,5.6,51.688991774382174,371.5247075694067,24
737.7,7,1040.3125386652414,5.6,51.70097951007852,371.44245088138996,24
737.8,7,1040.3125386652414,5.6,51.49312721784706,373.00096857642,24
737.9,7,1040.3125386652414,5.6,51.559333271641506,372.5391658006225,24
738.0,7,1040.3125386652414,5.6,51.440882875270276,373.3573893419468,24
738.1,7,1040.3125386652414,5.6,51.448091982375416,373.31020629435534,24
738.2,7,1040.3125386652414,5.6,51.68572615726788,371.5151332098676,24
738.3,9,1040.3125386652414,4.8999999999999995,51.70139252288202,371.4034634601793,24
738.4,9,1040.3125386652414,4.800000000000001,51.726265379748156,371.2263849009237,24
738.5,9,1040.3125386652414,4.800000000000001,51.7505531942902,371.0537497335902,24
738.6,9,1040.3125386652414,4.800000000000001,51.77440565037202,370.8842769851982,24
738.7,9,1040.3125386652414,4.800000000000001,51.77800343786214,370.8623148849201,24
738.8,9,1040.3125386652414,4.800000000000001,51.80475685532588,370.6728198653774,24
738.9,9,1040.3125386652414,4.800000000000001,51.811410020852165,370.62838794755316,24
739.0,9,1040.3125386652414,4.800000000000001,51.847859324298135,370.36851038730583,24
739.1,7,1040.2136819658779,4.800000000000001,51.88134739585794,370.1289927001843,24
739.2,7,1040.2136819658779,5.6,51.892152017944696,370.0532395000678,24
739.3,7,1040.2136819658779,5.6,51.927098901682086,369.80615433177013,24
739.4,7,1040.2136819658779,5.6,51.963710416541964,369.54743207901004,24
739.5,7,1040.2136819658779,5.6,51.993008686264126,369.3422673617649,24
739.6,7,1040.2136819658779,5.6,52.069288860892925,368.7608712281226,24
739.7,7,1040.2136819658779,5.6,52.11659026584033,368.42482293771843,24
739.8,7,1040.2136819658779,5.6,51.98682330196454,369.33235358681395,24
739.9,7,1040.2136819658779,5.6,52.00716285448149,369.18962095396626,24
740.0,7,1040.2136819658779,5.6,52.031249470972085,369.0197713337116,24
740.1,7,1040.2136819658779,5.6,52.05684408072984,368.84007084731184,24
740.2,7,1040.2136819658779,5.6,52.08597994715383,368.6345407964988,24
740.3,7,1040.2136819658779,5.6,52.107758161922675,368.4816540850104,24
740.4,7,1040.2136819658779,5.6,52.171856229659504,368.03420067787874,24
740.5,7,1040.2136819658779,5.6,52.21487205043036,367.731257112475,24
740.6,7,1040.2136819658779,5.6,52.228773271987535,367.63482862203693,24
740.7,7,1040.2136819658779,5.6,52.10639102366664,368.52089851035873,24
740.8,7,1040.2136819658779,5.6,52.12605119023037,368.38448656785147,24
740.9,7,1040.2136819658779,5.6,52.20385610496473,367.82834278723175,24
741.0,7,1040.2136819658779,5.6,52.222234332876454,367.69947919305264,24
741.1,7,1040.2136819658779,5.6,52.248229050372615,367.517215539719,24
741.2,7,1040.2136819658779,4.8999999999999995,52.260938159968106,367.43130778915537,24
741.3,8,1040.4148957152688,4.8999999999999995,52.270572870952456,367.365488409634,24
741.4,8,1040.501737156983,4.8999999999999995,52.289144632011315,367.2356931210394,24
741.5,9,1040.501737156983,4.199999999999999,52.29287052247719,367.21194889733965,24
741.6,9,1040.501737156983,4.800000000000001,52.149305677930926,368.2004331540261,24
741.7,9,1040.501737156983,4.800000000000001,52.17779963047522,367.99766294523647,24
741.8,9,1040.501737156983,4.800000000000001,52.18386978758398,367.95600257486126,24
741.9,9,1040.501737156983,4.800000000000001,52.201686522754514,367.8301257697419,24
742.0,9,1040.501737156983,4.800000000000001,52.20965631678209,367.77543523229906,24
742.1,9,1040.501737156983,4.800000000000001,52.225734010975586,367.662299093029,24
742.2,9,1040.501737156983,4.800000000000001,52.241282997691414,367.5514740114545,24
742.3,7,1040.501737156983,4.800000000000001,52.24807101645571,367.5046536418047,24
742.4,8,1040.404680988522,4.8999999999999995,52.256116561540594,367.44809440151846,24
742.5,8,1040.404680988522,4.8999999999999995,52.282643737140596,367.25943565872313,24
742.6,8,1040.404680988522,4.8999999999999995,52.28579191383413,367.23906758520985,24
742.7,8,1040.404680988522,4.8999999999999995,52.2985403291482,367.1491245959057,24
742.8,9,1040.404680988522,4.8999999999999995,52.304848809273345,367.1056563415897,24
742.9,9,1040.404680988522,5.6000000000000005,52.28708400321947,367.2336907234975,24
743.0,9,1040.404680988522,5.6000000000000005,52.30364780461058,367.11676541326005,24
743.1,9,1040.404680988522,5.6000000000000005,52.3085411821325,367.0824178339113,24
743.2,9,1040.404680988522,5.6000000000000005,52.30214935688005,367.12836844785,24
743.3,9,1040.404680988522,5.6000000000000005,52.339250457237455,366.87405983864886,24
743.4,9,1040.404680988522,5.6000000000000005,52.33754198660847,366.88667914925753,24
743.5,9,1040.404680988522,5.6000000000000005,52.32051640691837,367.0067221513631,24
743.6,9,1040.404680988522,5.6000000000000005,52.33494445384305,366.9052245036297,24
743.7,9,1040.404680988522,5.6000000000000005,52.31639108322703,367.036494779023,24
743.8,9,1040.404680988522,5.6000000000000005,52.32148094483898,367.0003472837817,24
743.9,8,1040.404680988522,4.800000000000001,52.309407178199734,367.0888513345768,24
744.0,8,1040.404680988522,4.8999999999999995,52.3125296819984,367.0680445578113,24
744.1,8,1040.404680988522,4.8999999999999995,52.31057921236446,367.08343833745437,24
744.2,8,1040.404680988522,4.8999999999999995,52.30359328875408,367.1338942820422,24
744.3,9,1040.404680988522,4.199999999999999,52.272683448994485,367.3530455863769,24
744.4,9,1040.404680988522,4.800000000000001,52.274869626023104,367.33768142130975,24
744.5,9,1040.404680988522,4.800000000000001,52.271280800925254,367.3835197225658,24
744.6,9,1040.404680988522,4.800000000000001,52.266667352973144,367.419678645402,24
744.7,9,1040.404680988522,4.800000000000001,52.261963120251615,367.45426625079585,24
744.8,9,1040.404680988522,4.800000000000001,52.26126011697285,367.4632750639871,24
744.9,9,1040.404680988522,4.800000000000001,52.24416430936455,367.5881810087585,24
745.0,9,1040.404680988522,4.800000000000001,52.14251655061345,368.3326035115689,24
745.1,9,1040.404680988522,4.800000000000001,52.12362436267209,368.4717071273242,24
745.2,9,1040.404680988522,4.800000000000001,52.125143780527935,368.46151875635934,24
745.3,8,1040.326292264614,4.800000000000001,52.12631388740858,368.4578864509508,24
745.4,8,1040.326292264614,4.8999999999999995,52.15260598161409,368.2449093534572,24
745.5,8,1040.326292264614,4.8999999999999995,52.14865186708684,368.27479502187987,24
745.6,8,1040.326292264614,4.8999999999999995,52.145124987999026,368.3054944638209,24
745.7,8,1040.326292264614,4.8999999999999995,52.17699652527736,368.08463145324407,24
745.8,9,1040.326292264614,4.8999999999999995,52.16497268905172,368.1756216263103,24
745.9,9,1040.326292264614,5.6000000000000005,52.18289732530121,368.0488113626417,24
746.0,9,1040.326292264614,5.6000000000000005,52.17186555230536,368.13293241766087,24
746.1,9,1040.326292264614,5.6000000000000005,52.18412708450157,368.04737945026943,24
746.2,9,1040.326292264614,5.6000000000000005,52.18411896404391,368.05506456316584,24
746.3,9,1040.326292264614,5.6000000000000005,52.20139001723852,367.93563188190933,24
746.4,9,1040.326292264614,5.6000000000000005,52.1897012529203,368.02622999208893,24
746.5,9,1040.326292264614,5.6000000000000005,52.216425214017924,367.83854791822677,24
746.6,9,1040.326292264614,4.800000000000001,52.23270505312914,367.72493187848556,24
746.7,9,1040.326292264614,4.800000000000001,52.23083106315282,367.7429547816323,24
746.8,9,1040.326292264614,4.800000000000001,52.22902972274319,367.7587065149736,24
746.9,8,1040.326292264614,4.800000000000001,52.23385268749274,367.72639173998823,24
747.0,8,1040.326292264614,4.8999999999999995,52.21850986620129,367.84348564812217,24
747.1,8,1040.326292264614,4.8999999999999995,52.2226672292736,367.8191890552379,24
747.2,9,1040.326292264614,4.199999999999999,52.22974121732939,367.7733158556574,24
747.3,9,1040.326292264614,4.800000000000001,52.229911790317445,367.7763220318283,24
747.4,9,1040.326292264614,4.800000000000001,52.22409719831052,367.82301676011286,24
747.5,9,1040.326292264614,4.800000000000001,52.23883066792757,367.72376700912366,24
747.6,9,1040.326292264614,4.800000000000001,52.21786617886503,367.88202624887487,24
747.7,8,1040.2302647464937,4.0,52.21474802114137,367.9099447230426,24
747.8,8,1040.2302647464937,4.8999999999999995,52.20593372515273,367.9790967913389,24
747.9,8,1040.2302647464937,4.8999999999999995,52.20807131617205,367.97555053854967,24
748.0,8,1040.2302647464937,4.8999999999999995,52.21690678711764,367.91644573811675,24
748.1,9,1040.2302647464937,4.8999999999999995,52.20775963778682,367.99183091912005,24
748.2,9,1040.2302647464937,4.800000000000001,52.21588452421592,367.94213340858585,24
748.3,9,1040.2302647464937,4.800000000000001,52.21929081821746,367.9183365969675,24
748.4,8,1040.2302647464937,4.800000000000001,51.85756656365183,370.51358405910537,24
748.5,9,1040.2302647464937,4.199999999999999,51.83641980607892,370.68280295499517,24
748.6,9,1040.2302647464937,4.800000000000001,51.833490087501715,370.7114084576573,24
748.7,9,1040.2302647464937,4.800000000000001,51.81868166926786,370.82743788683246,24
748.8,9,1040.2302647464937,4.800000000000001,51.83751512901443,370.6923038919397,24
748.9,9,1040.2302647464937,4.800000000000001,51.813766545329855,370.8808092511273,24
749.0,9,1040.2302647464937,4.800000000000001,51.837317058838536,370.70759235737023,24
749.1,9,1040.2302647464937,4.800000000000001,51.85091608311547,370.6099714575406,24
749.2,9,1040.2302647464937,4.800000000000001,51.838252039676945,370.7187165249129,24
749.3,9,1040.2302647464937,4.800000000000001,51.85973671830468,370.5656390521454,24
749.4,9,1040.2302647464937,4.800000000000001,51.86282704394406,370.5512035196558,24
749.5,9,1040.2302647464937,4.800000000000001,51.87519735602625,370.47062095385286,24
749.6,9,1040.2302647464937,5.6000000000000005,51.88166261222109,370.4335191710726,24
749.7,9,1040.2302647464937,5.6000000000000005,51.87097676824374,370.5236174099132,24
749.8,9,1040.2302647464937,5.6000000000000005,51.8842665237739,370.42732902467844,24
749.9,9,1040.2302647464937,5.6000000000000005,51.897177705969604,370.33811941402075,24
750.0,9,1040.2302647464937,4.800000000000001,51.89203174270857,370.38723148590304,24
750.1,9,1040.2302647464937,4.800000000000001,51.90130477378817,370.32408547425825,24
750.2,9,1040.2302647464937,4.800000000000001,52.024436128479884,369.39809153305157,24
750.3,9,1040.2302647464937,4.800000000000001,52.03275773781553,369.34568543905255,24
750.4,9,1040.2302647464937,4.800000000000001,52.04005387668808,369.300334615913,24
750.5,9,1040.2302647464937,4.800000000000001,52.041055578488525,369.3050050197077,24
750.6,9,1040.2302647464937,4.800000000000001,52.04107795325904,369.30550791266904,24
750.7,9,1040.2302647464937,4.800000000000001,52.045427292315416,369.2806190600886,24
750.8,9,1040.2302647464937,4.800000000000001,52.025895865714986,369.418114163023,24
750.9,11,1040.2302647464937,4.0,52.02897848134036,369.39992855766525,24
751.0,11,1040.2302647464937,4.5,52.03424142182904,369.36755995863746,24
751.1,11,1040.2302647464937,4.5,52.02731722060196,369.4238019599991,24
751.2,11,1040.2302647464937,4.5,52.04054497859379,369.3280206263638,24
751.3,11,1040.2302647464937,4.5,52.06003365231466,369.18848935122764,24
751.4,9,1040.2302647464937,4.5,52.0598208759111,369.19821768893394,24
751.5,9,1040.2302647464937,4.800000000000001,52.06474083125397,369.16749243018,24
751.6,9,1040.2302647464937,4.800000000000001,52.069035888860654,369.13575693844984,24
751.7,9,1040.2302647464937,4.800000000000001,52.07598583216148,369.08601727707116,24
751.8,9,1040.2302647464937,4.800000000000001,52.086093990047395,369.0196009057868,24
751.9,9,1040.2302647464937,4.800000000000001,51.96597880727954,369.8172815609215,24
752.0,9,1040.2302647464937,4.800000000000001,51.983489883310085,369.69419616058275,24
752.1,9,1040.2302647464937,4.800000000000001,51.989310380137425,369.6552593858359,24
752.2,9,1040.2302647464937,4.800000000000001,51.99845131586722,369.59662541697355,24
752.3,9,1040.2302647464937,4.800000000000001,52.02072511554025,369.43220096547964,24
752.4,9,1040.2302647464937,4.800000000000001,52.02492601844796,369.4034236108772,24
752.5,9,1040.2302647464937,4.800000000000001,52.03772273730907,369.30989514687826,24
752.6,9,1040.2302647464937,4.800000000000001,52.03627479454396,369.3179406695856,24
752.7,9,1040.2302647464937,4.800000000000001,52.07659998185112,369.019260060988,24
752.8,9,1040.2302647464937,4.800000000000001,52.09311903026887,368.8991888190693,24
752.9,9,1040.2302647464937,4.800000000000001,52.10239327917114,368.82945714650964,24
753.0,9,1040.2302647464937,5.6000000000000005,52.09945425552617,368.9051853501695,24
753.1,9,1040.2302647464937,5.6000000000000005,52.11249248219829,368.8155683800087,24
753.2,9,1040.2302647464937,5.6000000000000005,51.986518260821164,369.77926017280254,24
753.3,9,1040.2302647464937,4.800000000000001,51.989971026288146,369.7572149587172,24
753.4,9,1040.2302647464937,4.800000000000001,51.99024754490888,369.7581158061876,24
753.5,9,1040.2302647464937,4.800000000000001,52.00916842980556,369.6208854893798,24
753.6,9,1040.2302647464937,4.800000000000001,52.01986107464417,369.5400335958012,24
753.7,9,1040.2302647464937,4.800000000000001,52.019419118593746,369.5431951765123,24
753.8,9,1040.2302647464937,4.800000000000001,52.03462533400918,369.4333624428439,24
753.9,9,1040.2302647464937,4.800000000000001,52.01970843226927,369.53470978294877,24
754.0,9,1040.2302647464937,4.800000000000001,52.03347811519763,369.43742895071193,24
754.1,9,1040.2302647464937,4.800000000000001,52.03740228762661,369.4057861688055,24
754.2,9,1040.2302647464937,4.800000000000001,52.0666257778317,369.18667306479495,24
754.3,9,1040.2302647464937,4.800000000000001,52.084257935587644,369.05605977296034,24
754.4,9,1040.2302647464937,4.800000000000001,52.082002283681916,369.07369972115146,24
754.5,9,1040.2302647464937,4.800000000000001,52.09943979086522,368.94856400118704,24
754.6,11,1040.2302647464937,4.0,52.079267694720514,369.09607017445865,24
754.7,11,1040.2302647464937,5.4,52.093447434436825,368.9884121672217,24
754.8,11,1040.2302647464937,5.4,52.10361583763721,368.91211679337164,24
754.9,11,1040.2302647464937,5.4,52.099895328785806,368.94552380957396,24
755.0,11,1040.2302647464937,5.4,52.13349889181386,368.69648475087894,24
755.1,11,1040.2302647464937,5.4,52.13254940508101,368.7021634336909,24
755.2,11,1040.2302647464937,5.4,52.15382443138832,368.5391540095841,24
755.3,11,1040.2302647464937,5.4,52.16383378697113,368.4672341171597,24
755.4,11,1040.2302647464937,5.4,52.16909043479018,368.4347971993525,24
755.5,11,1040.2302647464937,5.4,52.16973338405633,368.4368428719024,24
755.6,11,1040.2302647464937,5.4,52.17439032009196,368.40114701132563,24
755.7,11,1040.2302647464937,5.4,52.19960763643155,368.21434774202487,24
755.8,11,1040.2302647464937,5.4,52.19112212341786,368.28104788150927,24
755.9,11,1040.2302647464937,4.5,52.20759459512918,368.15919456743154,24
756.0,11,1040.2302647464937,4.5,52.22181415784544,368.05255675877606,24
756.1,11,1040.2302647464937,4.5,52.23650269935497,367.9435605869253,24
756.2,11,1040.2302647464937,5.4,52.24450199533234,367.8889386550225,24
756.3,11,1040.2302647464937,5.4,52.2555412996696,367.8058140634291,24
756.4,11,1040.2302647464937,5.4,52.26705242619944,367.7232781884203,24
756.5,11,1040.2302647464937,5.4,52.26744725928661,367.7201874277714,24
756.6,11,1040.2302647464937,5.4,52.27879364063595,367.63248699551525,24
756.7,11,1040.2302647464937,5.4,52.290173143938695,367.54962704442397,24
756.8,11,1040.2302647464937,5.4,52.2992531535197,367.4765882344631,24
756.9,11,1040.2302647464937,4.5,52.29596057282046,367.4919620162275,24
757.0,11,1040.2302647464937,4.5,52.2977013003558,367.4793528080247,24
757.1,11,1040.2302647464937,4.5,52.3001134630308,367.46071803040786,24
757.2,11,1040.2302647464937,4.5,52.316346961039606,367.34037232186574,24
757.3,11,1040.2302647464937,4.5,52.3216674308237,367.2991178396361,24
757.4,11,1040.2302647464937,4.5,52.34490056527518,367.127840135297,24
757.5,11,1040.2302647464937,4.5,52.3239067677503,367.28120227440826,24
757.6,11,1040.2302647464937,4.5,52.32556578699957,367.2661718820847,24
757.7,11,1040.2302647464937,4.5,52.338576387151704,367.1703704141147,24
757.8,11,1040.2302647464937,4.5,52.3517248428366,367.07426833200367,24
757.9,11,1040.2302647464937,4.5,52.36596231007878,366.97004063668714,24
758.0,11,1040.2302647464937,4.5,52.37318101363348,366.91929978782184,24
758.1,11,1040.2302647464937,4.5,52.38242157302616,366.85138782865016,24
758.2,11,1040.2302647464937,4.5,52.373335110236056,366.9146788347907,24
758.3,11,1040.2302647464937,4.5,52.371774817913575,366.9215076004517,24
758.4,11,1040.2302647464937,4.5,52.39862320724006,366.7220677851393,24
758.5,11,1040.2302647464937,4.5,52.39581514670256,366.74633638449654,24
758.6,11,1040.2302647464937,4.5,52.40109837949757,366.70936316871416,24
758.7,11,1040.2302647464937,4.5,52.407760568257814,366.661045882185,24
758.8,11,1040.2302647464937,4.5,52.42410903336181,366.53981776424763,24
758.9,11,1040.2302647464937,4.5,52.40615764109974,366.6731129395307,24
759.0,11,1040.2302647464937,4.5,52.43535734929512,366.460697477777,24
759.1,11,1040.2302647464937,4.5,52.443493974170345,366.3950444717543,24
759.2,11,1040.2302647464937,4.5,52.46158287001997,366.26000373324916,24
759.3,11,1040.2302647464937,4.5,52.45572723952059,366.2990646037037,24
759.4,11,1040.2302647464937,4.5,52.45856897094677,366.28349105379834,24
759.5,11,1040.2302647464937,3.6,52.47293097525895,366.17426532044556,24
759.6,11,1040.2302647464937,3.6,52.459504704121215,366.2753694474797,24
759.7,11,1040.2302647464937,3.6,52.476368538188055,366.1528042905969,24
759.8,11,1040.2302647464937,3.6,52.55049638580448,365.6080875875807,24
759.9,11,1040.2302647464937,3.6,52.536370876292416,365.711350618614,24
760.0,11,1040.2302647464937,3.6,52.55063865654441,365.6088523906649,24
760.1,11,1040.2302647464937,3.6,52.56481426568652,365.506786183473,24
760.2,11,1040.2302647464937,3.6,52.575741709887,365.4294362122044,24
760.3,11,1040.2302647464937,3.6,52.582730367311974,365.3830847602568,24
760.4,10,1040.2302647464937,2.7,52.58717266431362,365.35130020652923,24
760.5,9,1040.2302647464937,4.0,52.60080051593002,365.2568791897477,24
760.6,11,1040.2302647464937,3.2,52.60676653744423,365.21539220545867,24
760.7,11,1040.2302647464937,3.6,52.61200757901348,365.17522375029023,24
760.8,11,1040.2302647464937,3.6,52.63090596821547,365.0391673105071,24
760.9,11,1040.2302647464937,3.6,52.63991099122475,364.9737423359172,24
761.0,11,1040.2302647464937,3.6,52.64006236842525,364.9733917481844,24
761.1,11,1040.2302647464937,3.6,52.65912976070054,364.8363806266209,24
761.2,11,1040.2302647464937,3.6,52.67448847858211,364.7298488204968,24
761.3,11,1040.2302647464937,3.6,52.678838884558886,364.7015504513505,24
761.4,11,1040.2302647464937,3.6,52.69180442573866,364.6074143944586,24
761.5,11,1040.2302647464937,3.6,52.69963297309288,364.55173446405405,24
761.6,11,1040.2302647464937,3.6,52.70108689691935,364.5409433457081,24
761.7,11,1040.2302647464937,3.6,52.709299185178274,364.48423878877566,24
761.8,11,1040.2302647464937,3.6,52.711735878249456,364.4673576950277,24
761.9,9,1040.2302647464937,2.7,52.74155074879832,364.25040592871494,24
762.0,12,1040.2302647464937,3.2,52.72957445479718,364.34039797168,24
762.1,12,1040.2302647464937,3.6,52.75533635909648,364.15432763063916,24
762.2,12,1040.2302647464937,3.6,52.75893169099136,364.1297762014782,24
762.3,11,1040.2302647464937,3.6,52.771732563546394,364.0398628663088,24
762.4,11,1040.2302647464937,3.6,52.77173525674536,364.0433509002763,24
762.5,11,1040.2302647464937,3.6,52.78442397086197,363.94887621585815,24
762.6,11,1040.2302647464937,3.6,52.79279465691689,363.8910570673603,24
762.7,11,1040.2302647464937,3.6,52.79637673219769,363.86580258202355,24
762.8,11,1040.2302647464937,3.6,52.783531312491995,363.95710584534766,24
762.9,11,1040.2302647464937,3.6,52.71439148053324,364.4112287931205,24
763.0,11,1040.2302647464937,3.6,52.72209851928014,364.3549673614162,24
763.1,11,1040.2302647464937,3.6,52.73417344353451,364.2731769029227,24
763.2,11,1040.2302647464937,2.7,52.73947570433613,364.238614726749,24
763.3,7,1040.8275635602047,2.7,52.764728915519775,364.0627849832261,24
763.4,7,1041.1028045467338,3.5,52.77896076956398,363.96276169561,24
763.5,7,1041.1013585597925,3.5,52.79074769624464,363.8827362785603,24
763.6,7,1041.1013585597925,3.5,52.79333406369663,363.868925540188,24
763.7,7,1041.1013585597925,3.5,52.795571714451945,363.8520453799415,24
763.8,5,1038.2247935570933,3.5,52.81431133811108,363.72161661212664,24
763.9,5,1036.6937812819026,4.0,52.80560658898487,363.782069872622,24
764.0,5,1036.6937812819026,4.0,52.80367376518554,363.79538564066985,24
764.1,11,1036.6937812819026,4.0,52.80056149868564,363.81743872323386,24
764.2,11,1036.6937812819026,3.6,52.79571376001176,363.85094108460794,24
764.3,11,1036.6937812819026,3.6,52.789146884350046,363.89740422149526,24
764.4,11,1036.6937812819026,3.6,52.795735007709396,363.84514212200287,24
764.5,11,1036.6937812819026,3.6,52.794081563889264,363.8544808072928,24
764.6,11,1036.6937812819026,3.6,52.967385490464224,362.6092683174511,24
764.7,11,1036.6937812819026,3.6,52.93629168408527,362.82312974165376,24
764.8,11,1036.6937812819026,3.6,52.92713748152106,362.8818807668502,24
764.9,11,1036.6937812819026,3.6,52.91749588112812,362.9413853675468,24
765.0,5,1036.6937812819026,2.7,52.87867830270706,363.2139762411298,24
765.1,5,1036.6937812819026,4.0,52.883892780168836,363.1726405348533,24
765.2,5,1036.6937812819026,4.0,52.86297260464892,363.3177010409798,24
765.3,5,1036.6937812819026,4.0,52.856646729575246,363.35352152496745,24
765.4,5,1036.6937812819026,4.0,52.84194495177649,363.45365677637596,24
765.5,5,1036.6937812819026,4.0,52.83173100823707,363.51775373666544,24
765.6,5,1036.6937812819026,4.0,52.709812889060544,364.33892385254416,24
765.7,5,1036.6937812819026,4.0,52.682764847494916,364.5236927354548,24
765.8,7,1036.6937812819026,3.5,52.67698927861413,364.55922323250945,24
765.9,11,1036.6937812819026,3.5,52.57263976645372,365.2975289657719,24
766.0,11,1036.6937812819026,3.6,52.5405033548643,365.5187329095663,24
766.1,11,1036.6937812819026,3.6,52.642413115741746,364.8395558446837,24
766.2,11,1036.6937812819026,3.6,52.62278837307783,364.9693238857762,24
766.3,11,1036.6937812819026,3.6,52.61656099702466,365.0059209400815,24
766.4,11,1036.6937812819026,3.6,52.59475163117217,365.1515172723739,24
766.5,11,1036.6937812819026,3.6,52.564682630046484,365.3607197847864,24
766.6,11,1036.6937812819026,3.6,52.54376476597799,365.50271847725253,24
766.7,11,1036.6937812819026,3.6,52.539396559672774,365.52746057807906,24
766.8,11,1036.6937812819026,3.6,52.50623653748259,365.75783438481903,24
766.9,11,1036.6937812819026,3.6,52.481748726407744,365.9252576224102,24
767.0,11,1036.6937812819026,3.6,52.56681557770235,365.30932204510214,24
767.1,11,1036.6937812819026,3.6,52.54048891425155,365.48723384774155,24
767.2,11,1036.6937812819026,3.6,52.515900153709445,365.65405835626973,24
767.3,11,1036.6937812819026,3.6,52.47634156838191,365.927214114843,24
767.4,11,1036.6937812819026,3.6,52.37190810633536,366.66807409778323,24
767.5,11,1036.6937812819026,3.6,52.3443589680838,366.8588258882246,24
767.6,11,1036.6937812819026,3.6,52.32596076587147,366.98363858778987,24
767.7,11,1036.6937812819026,3.6,52.31659534715054,367.0446242599439,24
767.8,11,1036.6937812819026,3.6,52.29857917711031,367.1693159907327,24
767.9,10,1036.6937812819026,3.6,52.140409402976175,368.26206240413285,24
768.0,10,1036.6937812819026,4.0,52.142079736444,368.2452503224872,24
768.1,10,1036.6937812819026,4.0,52.11383754745088,368.4430389467527,24
768.2,11,1036.6937812819026,4.0,52.11157891443945,368.4564221336278,24
768.3,11,1036.6937812819026,3.6,52.10004531234122,368.5358455523241,24
768.4,11,1036.6937812819026,3.6,52.064478316794435,368.78640554243174,24
768.5,11,1036.6937812819026,3.6,52.03308205476998,369.0092196943825,24
768.6,11,1036.6937812819026,3.6,52.013740834847255,369.1453361888162,24
768.7,11,1036.6937812819026,3.6,51.9984464032441,369.2537444255249,24
768.8,11,1036.6937812819026,3.6,51.86938835581205,370.1631795111716,24
768.9,10,1036.6937812819026,3.6,51.846487670271756,370.32617277990414,24
769.0,10,1036.6937812819026,4.800000000000001,51.71422859925442,371.27901930008153,24
769.1,10,1036.6937812819026,4.800000000000001,51.8762580072277,370.1345295103994,24
769.2,10,1036.6937812819026,4.800000000000001,51.86407302576109,370.22059502718525,24
769.3,10,1036.6937812819026,4.800000000000001,51.84498572743271,370.3570527808967,24
769.4,10,1036.6937812819026,4.800000000000001,51.837225694844875,370.41029145911887,24
769.5,10,1036.6937812819026,4.800000000000001,51.81561843368322,370.56690508529755,24
769.6,10,1036.6937812819026,4.800000000000001,51.80431953077902,370.64584769306464,24
769.7,10,1036.6937812819026,4.800000000000001,51.847695280381856,370.31608494632394,24
769.8,10,1036.6937812819026,4.800000000000001,51.84829101963577,370.3114897664714,24
769.9,10,1036.6937812819026,4.800000000000001,51.85304474456973,370.2773129828604,24
770.0,11,1036.6937812819026,4.0,51.69133961364854,371.43710578734937,24
770.1,11,1036.6937812819026,3.6,51.70137028492823,371.3656175136457,24
770.2,11,1036.6937812819026,3.6,51.78269718640926,370.84341438458205,24
770.3,11,1036.6937812819026,3.6,51.78665213100207,370.8185631402813,24
770.4,11,1036.6937812819026,3.6,51.647542593796764,371.79579239012287,24
770.5,11,1036.6937812819026,3.6,51.65739242836594,371.72791867992896,24
770.6,11,1036.6937812819026,3.6,51.63516970130644,371.88819737338895,24
770.7,11,1036.6937812819026,3.6,51.6417344828635,371.84588370362485,24
770.8,11,1036.6937812819026,3.6,51.657466355162654,371.7383331820957,24
770.9,11,1036.6937812819026,3.6,51.64017476497535,371.8637747434926,24
771.0,11,1036.6937812819026,3.6,51.63144740565019,371.92643989088185,24
771.1,11,1036.6937812819026,3.6,51.610960603731726,372.0706082627945,24
771.2,11,1036.6937812819026,3.6,51.59448672022953,372.18696506192805,24
771.3,10,1036.6937812819026,2.7,51.56990331236105,372.36316451574487,24
771.4,10,1036.6937812819026,4.0,51.56934855650239,372.3677588824763,24
771.5,10,1036.6937812819026,4.0,51.5374429864862,372.59412924990124,24
771.6,10,1036.6937812819026,4.0,51.52172155697437,372.70641152947417,24
771.7,10,1036.6937812819026,4.0,51.71892310788304,371.2559351372522,24
771.8,10,1036.6937812819026,4.0,51.714764182348354,371.28511581917394,24
771.9,10,1036.6937812819026,4.0,51.69695325339414,371.4110589938766,24
772.0,10,1036.6937812819026,4.0,51.69007516561648,371.45883505604485,24
772.1,10,1036.6937812819026,4.0,51.58100682405401,372.24122861325634,24
772.2,10,1036.6937812819026,4.0,51.55682262819996,372.4190393462592,24
772.3,10,1036.6937812819026,4.0,51.559183528699876,372.40221344951334,24
772.4,10,1036.6937812819026,4.0,51.546081783592676,372.49882496731163,24
772.5,7,1036.6937812819026,3.2,51.54675395351655,372.49508086625855,24
772.6,7,1036.6937812819026,4.199999999999999,51.55332813860664,372.44763798740416,24
772.7,7,1036.6937812819026,4.199999999999999,51.54704913451441,372.49541047246834,24
772.8,7,1036.6937812819026,4.199999999999999,51.544986360183,372.5131875885325,24
772.9,7,1036.6937812819026,4.199999999999999,51.55401552352424,372.4491217377497,24
773.0,7,1036.6937812819026,4.199999999999999,51.65063302576702,371.76428009674135,24
773.1,7,1036.6937812819026,4.199999999999999,51.55656098937388,372.4350118722069,24
773.2,7,1036.6937812819026,4.199999999999999,51.565549101125924,372.3716326195814,24
773.3,7,1036.6937812819026,4.199999999999999,51.56162753943081,372.4022401718987,24
773.4,7,1036.6937812819026,4.199999999999999,51.57880879678924,372.28008707518813,24
773.5,7,1036.6937812819026,4.199999999999999,51.62452646879604,371.946263779608,24
773.6,7,1036.6937812819026,4.199999999999999,51.64962489266637,371.76712780992415,24
773.7,7,1036.6937812819026,4.199999999999999,51.64000761247396,371.84066128555673,24
773.8,7,1036.6937812819026,4.199999999999999,51.65535960397153,371.73270479168593,24
773.9,7,1036.6937812819026,4.199999999999999,51.66107639616517,371.69374544751594,24
774.0,7,1036.6937812819026,4.199999999999999,51.67608759157703,371.5866682046502,24
774.1,7,1036.6937812819026,4.199999999999999,51.679039004478675,371.5715689008259,24
774.2,11,1036.6937812819026,3.5,51.694754069546896,371.46023534019935,24
774.3,11,1036.6937812819026,2.7,51.69961921395445,371.4297615095521,24
774.4,11,1036.6937812819026,2.7,51.73263491302983,371.19414098629886,24
774.5,11,1036.6937812819026,2.7,51.7487823084838,371.0817992770252,24
774.6,5,1035.9348007615017,2.7,51.766649848782095,370.9575562373932,24
774.7,5,1035.0510379389987,4.0,51.79376254150752,370.7668058678231,24
774.8,5,1035.0510379389987,4.0,51.815410817846086,370.61631456109393,24
774.9,5,1035.0510379389987,4.0,51.83923477668141,370.4490960006518,24
775.0,7,1035.0510379389987,3.5,51.85139364184242,370.36571195555416,24
775.1,7,1035.0510379389987,4.199999999999999,51.83976929416642,370.4596879115961,24
775.2,7,1035.0510379389987,4.199999999999999,51.869889549330885,370.2463822812431,24
775.3,7,1035.0510379389987,4.199999999999999,51.89371780224913,370.07779068412185,24
775.4,7,1035.0510379389987,4.199999999999999,51.778280902935066,370.8788976350142,24
775.5,7,1035.0510379389987,4.199999999999999,51.87617632411708,370.2026252692067,24
775.6,7,1035.0510379389987,4.199999999999999,51.899815173561464,370.0367341683617,24
775.7,7,1035.0510379389987,4.199999999999999,51.911340786410705,369.95727501328963,24
775.8,7,1035.0510379389987,4.199999999999999,51.92235633487979,369.8808250630275,24
775.9,7,1035.0510379389987,4.199999999999999,51.937667898976244,369.77291527641967,24
776.0,7,1035.0510379389987,4.199999999999999,51.96929639482535,369.54795400008186,24
776.1,7,1035.0510379389987,4.199999999999999,51.96313312357429,369.6015132179424,24
776.2,7,1035.0510379389987,4.199999999999999,51.996472736822255,369.3604336375028,24
776.3,7,1035.0510379389987,4.199999999999999,52.0143985577065,369.2363830019823,24
776.4,7,1035.0510379389987,4.199999999999999,51.75171421529803,371.11718711669266,24
776.5,7,1035.0510379389987,4.199999999999999,51.777758059836344,370.9293140555268,24
776.6,7,1035.0510379389987,4.199999999999999,51.778205181975736,370.9292737883667,24
776.7,7,1035.0510379389987,4.199999999999999,51.78982663709309,370.84606540775223,24
776.8,7,1035.0510379389987,4.199999999999999,51.81222192856421,370.68625380547076,24
776.9,7,1035.0510379389987,4.199999999999999,51.817095958130835,370.6528516129464,24
777.0,7,1035.0510379389987,4.199999999999999,51.819468851741036,370.6405821347682,24
777.1,7,1035.0510379389987,4.199999999999999,51.84268760016653,370.46885940426375,24
777.2,7,1035.0510379389987,4.199999999999999,51.84058618085129,370.48554206031116,24
777.3,7,1035.0510379389987,4.199999999999999,51.83466539774378,370.5287674542665,24
777.4,7,1035.0510379389987,4.199999999999999,51.846257582959,370.44602969379287,24
777.5,7,1035.0510379389987,4.8999999999999995,51.86377224551166,370.31964026237046,24
777.6,7,1035.0510379389987,4.199999999999999,51.868834541408475,370.2832811294845,24
777.7,7,1035.0510379389987,4.199999999999999,51.95114351541957,369.7152822637124,24
777.8,7,1035.0510379389987,4.199999999999999,51.94959654837673,369.72545439949437,24
777.9,7,1035.0510379389987,4.199999999999999,51.95441007938689,369.69082116101134,24
778.0,7,1035.0510379389987,4.199999999999999,51.96096983879552,369.6409653813487,24
778.1,7,1035.0510379389987,4.199999999999999,51.96560574079771,369.6087701494877,24
778.2,7,1035.0510379389987,4.199999999999999,51.97109313713558,369.56729397348636,24
778.3,7,1035.0510379389987,4.199999999999999,51.970657192402385,369.57336400904273,24
778.4,7,1035.0510379389987,4.199999999999999,51.863473366150245,370.3046515452111,24
778.5,7,1035.0510379389987,4.199999999999999,51.87186393053099,370.24660237371126,24
778.6,7,1035.0510379389987,4.199999999999999,51.86333400737249,370.3081392330662,24
778.7,7,1035.0510379389987,4.199999999999999,51.87282288089453,370.24027523688477,24
778.8,7,1035.0510379389987,4.199999999999999,51.7324755762593,371.2815168816031,24
778.9,7,1035.0510379389987,4.199999999999999,51.75341422332127,371.1304838400212,24
779.0,7,1035.0510379389987,4.199999999999999,51.7487614377345,371.1631960915651,24
779.1,7,1035.0510379389987,4.199999999999999,51.76995046615478,371.0101079452718,24
779.2,7,1035.0510379389987,4.199999999999999,51.821123253236806,370.65238606964465,24
779.3,7,1035.0510379389987,4.199999999999999,51.80701936966226,370.7575252879759,24
779.4,7,1035.0510379389987,4.199999999999999,51.82866655434765,370.5963949553138,24
779.5,7,1035.0510379389987,4.199999999999999,51.84067562512587,370.5093594009868,24
779.6,7,1035.0510379389987,4.199999999999999,51.838897978668044,370.52301396130565,24
779.7,7,1035.0510379389987,4.199999999999999,51.85727328759419,370.38674324675867,24
779.8,7,1035.0510379389987,4.199999999999999,51.84811401382167,370.452892078749,24
779.9,7,1035.0510379389987,4.199999999999999,51.775269625194106,370.9484563440608,24
780.0,7,1035.0510379389987,4.199999999999999,51.787617051048954,370.85742233749215,24
780.1,7,1035.0510379389987,4.199999999999999,51.795118289200026,370.80048381609294,24
780.2,7,1035.0510379389987,4.199999999999999,51.63505513512577,371.9917132856395,24
780.3,7,1035.0510379389987,4.199999999999999,51.64405191653463,371.9224093373208,24
780.4,7,1035.0510379389987,4.199999999999999,51.631618380301994,372.01608929171005,24
780.5,7,1035.0510379389987,4.199999999999999,51.654304539709,371.84730556569826,24
780.6,7,1035.0510379389987,4.199999999999999,51.63403475190464,371.9970138886713,24
780.7,7,1035.0510379389987,4.199999999999999,51.64012853176709,371.94817120526085,24
780.8,7,1035.0510379389987,4.199999999999999,51.64290004291195,371.92825169105464,24
780.9,7,1035.0510379389987,4.199999999999999,51.65386763426514,371.8438502264253,24
781.0,7,1035.0510379389987,4.199999999999999,51.64095813365669,371.9367845274909,24
781.1,7,1035.0510379389987,4.199999999999999,51.641182383699324,371.9338838686243,24
781.2,7,1035.0510379389987,4.199999999999999,51.50934910540464,372.85529170319387,24
781.3,7,1035.0510379389987,4.199999999999999,51.50872203462709,372.85629166545505,24
781.4,7,1035.0510379389987,4.199999999999999,51.530538711384345,372.6895981122083,24
781.5,7,1035.0510379389987,4.199999999999999,51.501716869246096,372.9046302870297,24
781.6,7,1035.0510379389987,4.199999999999999,51.50908213096428,372.844830364345,24
781.7,7,1035.0510379389987,4.199999999999999,51.508262064940006,372.8465530028792,24
781.8,7,1035.0510379389987,4.199999999999999,51.55043934694792,372.55090250210776,24
781.9,7,1035.0510379389987,4.199999999999999,51.626404337889625,371.9832131025619,24
782.0,7,1035.0510379389987,4.199999999999999,51.63625905209834,371.9070619010072,24
782.1,7,1035.0510379389987,4.199999999999999,51.62668211355694,371.9745199744995,24
782.2,7,1035.0510379389987,4.199999999999999,51.636452420150576,371.9001198579268,24
782.3,7,1035.0510379389987,4.199999999999999,51.49698907361119,372.8820363271418,24
782.4,7,1035.0510379389987,4.199999999999999,51.48374281902746,372.9801462266964,24
782.5,7,1035.0510379389987,4.199999999999999,51.4918109612193,372.91855829758185,24
782.6,7,1035.0510379389987,4.199999999999999,51.49051084427184,372.92632427618423,24
782.7,12,1035.0510379389987,4.199999999999999,51.47761559683153,373.0187859995874,24
782.8,12,1035.0510379389987,4.5,51.475178896606195,373.0341834747427,24
782.9,12,1035.0510379389987,4.5,51.47347844175904,373.04402440040656,24
783.0,12,1035.0510379389987,4.5,51.484093613646344,372.96504744038185,24
783.1,12,1035.0510379389987,4.5,51.48600079796938,372.94925709448665,24
783.2,12,1035.0510379389987,4.5,51.459400525287606,373.1432996836526,24
783.3,12,1035.0510379389987,4.5,51.456520345547254,373.16321291795714,24
783.4,7,1035.0510379389987,4.5,51.46970702435997,373.0636057724398,24
783.5,7,1035.0510379389987,4.8999999999999995,51.44689592212697,373.2279628367248,24
783.6,7,1035.0510379389987,4.8999999999999995,51.43405459584683,373.32004428593785,24
783.7,7,1035.0510379389987,4.8999999999999995,51.41193384228539,373.4809529834479,24
783.8,7,1035.0510379389987,4.8999999999999995,51.28748104208756,374.37263143997745,24
783.9,7,1035.0510379389987,4.8999999999999995,51.28860896421756,374.36326444939357,24
784.0,7,1035.0510379389987,4.8999999999999995,51.277559043025974,374.44448305976687,24
784.1,7,1035.0510379389987,4.8999999999999995,51.2718824359261,374.48346115885727,24
784.2,7,1035.0510379389987,4.8999999999999995,51.32265389168137,374.11736554390194,24
784.3,7,1035.0510379389987,4.8999999999999995,51.39989479517172,373.54809234867764,24
784.4,7,1035.0510379389987,4.8999999999999995,51.38184935679904,373.6796076254898,24
784.5,7,1035.0510379389987,4.8999999999999995,51.38996375063742,373.62040865371284,24
784.6,7,1035.0510379389987,4.8999999999999995,51.38011733145423,373.69193958544844,24
784.7,7,1035.0510379389987,4.8999999999999995,51.38298416030288,373.67082537042876,24
784.8,7,1035.0510379389987,4.8999999999999995,51.377391869815945,373.7109705960179,24
784.9,7,1035.0510379389987,4.8999999999999995,51.38039097772376,373.68903642392456,24
785.0,7,1035.0510379389987,4.8999999999999995,51.36604785324855,373.79325163441933,24
785.1,7,1035.0510379389987,4.8999999999999995,51.23287812733647,374.77316281816013,24
785.2,7,1035.0510379389987,4.8999999999999995,51.23559356643641,374.7526066586377,24
785.3,7,1035.0510379389987,4.8999999999999995,51.225464801263314,374.8265030176165,24
785.4,7,1035.0510379389987,5.6,51.21956145181852,374.8699335423132,24
785.5,7,1035.0510379389987,5.6,51.22561623557362,374.8236629091854,24
785.6,7,1035.0510379389987,5.6,51.028260746731625,376.2638359073495,24
785.7,7,1035.0510379389987,5.6,51.01649385872368,376.35065038507753,24
785.8,7,1035.0510379389987,5.6,51.0256534273504,376.28262554470547,24
785.9,7,1035.0510379389987,5.6,50.98948737131691,376.55015021143754,24
786.0,7,1035.0510379389987,5.6,50.97611356148339,376.6488510839616,24
786.1,7,1035.0510379389987,5.6,50.96842424566835,376.70560680235855,24
786.2,7,1035.0510379389987,5.6,50.95714095589782,376.7887158963183,24
786.3,7,1035.0510379389987,5.6,50.948711968364165,376.85070335259553,24
786.4,7,1035.0510379389987,5.6,50.92633403732847,377.0164636677195,24
786.5,7,1035.0510379389987,5.6,50.916473070184814,377.08924574168975,24
786.6,7,1035.0510379389987,5.6,50.89429895403522,377.2535794183883,24
786.7,7,1035.0510379389987,5.6,50.90705434209079,377.16034880491065,24
786.8,7,1035.0510379389987,5.6,50.89726393378612,377.232357834999,24
786.9,7,1035.0510379389987,5.6,50.7572746326925,378.270926219324,24
787.0,7,1035.0510379389987,5.6,50.72890835311004,378.4824245484034,24
787.1,7,1035.0510379389987,5.6,50.716360817152946,378.5760801761263,24
787.2,7,1035.0510379389987,5.6,50.68733956264049,378.7928151798633,24
787.3,7,1035.0510379389987,5.6,50.682984379102265,378.8253969543459,24
787.4,7,1035.0510379389987,5.6,50.671440327528046,378.9117463929467,24
787.5,7,1035.0510379389987,5.6,50.654895406973004,379.0354496162986,24
787.6,7,1035.0510379389987,6.3,50.63585430127887,379.17796158661747,24
787.7,7,1035.0510379389987,6.3,50.614912076983885,379.3348607799046,24
787.8,7,1035.0510379389987,6.3,50.59890575662696,379.45485509285453,24
787.9,7,1035.0510379389987,6.3,50.577903425970156,379.6124324420173,24
788.0,7,1035.0510379389987,6.3,50.55033350722388,379.81952316659994,24
788.1,7,1035.0510379389987,6.3,50.54262943188662,379.8773916251523,24
788.2,7,1035.0510379389987,6.3,50.52409437409773,380.01683228832826,24
788.3,7,1035.0510379389987,6.3,50.49940533123968,380.2027091788214,24
788.4,7,1035.0510379389987,6.3,50.33844696074557,381.4204615320406,24
788.5,7,1035.0510379389987,6.3,50.33578800676598,381.44059000435004,24
788.6,7,1035.0510379389987,6.3,50.30948197641713,381.63949665255313,24
788.7,7,1035.0510379389987,6.3,50.30698747749791,381.65871932360744,24
788.8,7,1035.0510379389987,6.3,50.30883596665224,381.64490701775844,24
788.9,7,1035.0510379389987,7.0,50.29069109267971,381.78238331787185,24
789.0,7,1035.0510379389987,7.0,50.125905515247055,383.0357348473692,24
789.1,7,1035.0510379389987,7.0,50.116948047263456,383.104165750413,24
789.2,7,1035.0510379389987,7.0,50.078686077751655,383.3973784703084,24
789.3,7,1035.0510379389987,7.0,50.075483429049925,383.421451959591,24
789.4,7,1035.0510379389987,7.0,50.06056425917927,383.5356452488759,24
789.5,7,1035.0510379389987,7.0,50.02518127040753,383.8072633744283,24
789.6,7,1035.0510379389987,7.0,50.025383520118496,383.8054742190027,24
789.7,7,1035.0510379389987,7.0,50.051747981690696,383.6046413198052,24
789.8,7,1035.0510379389987,7.0,50.045945029117654,383.64861381345855,24
789.9,7,1035.0510379389987,7.0,50.028902366062724,383.7794992752299,24
790.0,7,1035.0510379389987,7.0,50.02312039895664,383.8238923097954,24
790.1,7,1035.0510379389987,7.0,50.00709172616554,383.94725123153364,24
790.2,7,1035.0510379389987,7.0,50.006628321567646,383.95036118841335,24
790.3,7,1035.0510379389987,7.0,50.001787896415365,383.98744589026717,24
790.4,7,1035.0510379389987,7.0,49.978932665838514,384.16326196274457,24
790.5,7,1035.0510379389987,7.0,49.965470202883324,384.26683106165103,24
790.6,7,1035.0510379389987,7.0,49.953016430504086,384.3625710686704,24
790.7,7,1035.0510379389987,7.0,49.949472833924894,384.38958587904034,24
790.8,7,1035.0510379389987,7.0,49.926899668556246,384.56370416600805,24
790.9,7,1035.0510379389987,7.0,49.973468532140075,384.2145852640193,24
791.0,7,1035.0510379389987,7.0,49.9607189100535,384.3124467353561,24
791.1,7,1035.0510379389987,7.0,49.79767437229616,385.56169927375174,24
791.2,7,1035.0510379389987,7.0,49.772932687772304,385.7529969866508,24
791.3,7,1035.0510379389987,7.0,49.83277824241988,385.28860386913817,24
791.4,7,1035.0510379389987,7.0,49.83015238501798,385.3088876584965,24
791.5,7,1035.0510379389987,7.0,49.85920420181269,385.0844155920968,24
791.6,7,1035.0510379389987,7.0,49.85064916246849,385.1504940689388,24
791.7,7,1035.0510379389987,7.0,49.84643635138013,385.1830593887603,24
791.8,7,1035.0510379389987,7.0,49.83232387802042,385.2920880175749,24
791.9,7,1035.0510379389987,7.699999999999999,49.80833630845528,385.47764470099236,24
792.0,7,1035.0510379389987,7.699999999999999,49.798620635632375,385.55285159235086,24
792.1,7,1035.0510379389987,7.699999999999999,49.780266845986446,385.6950020302752,24
792.2,7,1035.0510379389987,7.699999999999999,49.78079037381323,385.690947030409,24
792.3,7,1035.0510379389987,7.699999999999999,49.76107513474352,385.84375333565254,24
792.4,7,1035.0510379389987,7.699999999999999,49.75212125556723,385.9131939484856,24
792.5,7,1035.0510379389987,7.699999999999999,49.539560232165115,387.57212573566903,24
792.6,7,1035.0510379389987,7.699999999999999,49.52131972220649,387.71492251182,24
792.7,7,1035.0510379389987,7.699999999999999,49.533713571666,387.6190796986572,24
792.8,7,1035.0510379389987,7.699999999999999,49.51714387613553,387.74835888030776,24
792.9,7,1035.0510379389987,7.699999999999999,49.48889420230587,387.9688189237613,24
793.0,7,1035.0510379389987,7.0,49.4836404776612,388.01197360043045,24
793.1,7,1035.0510379389987,7.0,49.50153869540142,387.87237987440386,24
793.2,7,1035.0510379389987,7.0,49.49046828229727,387.9584588419034,24
793.3,7,1035.0510379389987,7.0,49.490287180345135,387.95970765706136,24
793.4,7,1035.0510379389987,7.0,49.47317701708772,388.09402749215457,24
793.5,7,1035.0510379389987,7.0,49.45252485435366,388.2553374043645,24
793.6,7,1035.0510379389987,7.0,49.29828312023132,389.4863720322986,24
793.7,7,1035.0510379389987,7.0,49.38144795569923,388.8224307554171,24
793.8,7,1035.0510379389987,7.0,49.364720268248284,388.9546222475997,24
793.9,7,1035.0510379389987,7.0,49.33516498991271,389.1860873336599,24
794.0,7,1035.0510379389987,7.0,49.334471290425554,389.1917150471403,24
794.1,7,1035.0510379389987,7.0,49.317627491180545,389.3250311700791,24
794.2,7,1035.0510379389987,6.3,49.31218172813344,389.36813331608835,24
794.3,7,1035.0510379389987,6.3,49.32575454530252,389.26266209126914,24
794.4,7,1035.0510379389987,6.3,49.34384387995995,389.1234140867331,24
794.5,7,1035.0510379389987,6.3,49.34715477446446,389.09929914054703,24
794.6,7,1035.0510379389987,6.3,49.3330864108635,389.2099720361754,24
794.7,7,1035.0510379389987,6.3,49.33452341508089,389.1993966001023,24
794.8,7,1035.0510379389987,6.3,49.33167630339539,389.2222481753412,24
794.9,7,1035.0510379389987,6.3,49.31665489638898,389.3399954658705,24
795.0,7,1035.0510379389987,6.3,49.301373686735644,389.4601254305255,24
795.1,7,1035.0510379389987,6.3,49.30598038114783,389.42504597512107,24
795.2,7,1035.0510379389987,6.3,49.30364609497895,389.444357566789,24
795.3,7,1035.0510379389987,6.3,49.32153976614388,389.36665548036717,24
795.4,7,1035.0510379389987,6.3,49.325708542832814,389.3364649163248,24
795.5,7,1035.0510379389987,6.3,49.30951137708872,389.4640676284688,24
795.6,7,1035.0510379389987,6.3,49.09896662537102,391.09425231841453,24
795.7,7,1035.0510379389987,6.3,49.07647669419255,391.27079589767527,24
795.8,7,1035.0510379389987,6.3,49.090079959099704,391.1656707867004,24
795.9,7,1035.0510379389987,6.3,49.052051022933455,391.46646858868706,24
796.0,7,1035.0510379389987,6.3,49.135142070726175,390.7913994400252,24
796.1,7,1035.0510379389987,6.3,49.124331024898154,390.8777609913348,24
796.2,7,1035.0510379389987,5.6,49.09803862903334,391.08535876772487,24
796.3,7,1035.0510379389987,5.6,49.102890048353956,391.0478060519038,24
796.4,7,1035.0510379389987,5.6,49.089350778563904,391.1558890807404,24
796.5,7,1035.0510379389987,5.6,49.06239396704572,391.36855060052983,24
796.6,7,1035.0510379389987,5.6,49.04776494561311,391.48488000646284,24
796.7,7,1035.0510379389987,5.6,49.04109530837037,391.5387135094796,24
796.8,7,1035.0510379389987,5.6,49.04793699988565,391.4846224612995,24
796.9,7,1035.0510379389987,5.6,49.0492707436727,391.4744447581678,24
797.0,7,1035.0510379389987,5.6,49.04093203734262,391.5404151229408,24
797.1,7,1035.0510379389987,5.6,49.021692580829544,391.69293141771664,24
797.2,7,1035.0510379389987,5.6,49.01358242580899,391.75696342917,24
797.3,7,1035.0510379389987,5.6,49.01864499235717,391.71784505400984,24
797.4,7,1035.0510379389987,5.6,49.007916742715715,391.8019839880309,24
797.5,7,1035.0510379389987,5.6,48.78050543799357,393.65846758820624,24
797.6,7,1035.0510379389987,5.6,48.76995401720596,393.74445276539774,24
797.7,7,1035.0510379389987,5.6,48.75098251059572,393.8928518174423,24
797.8,7,1035.0510379389987,5.6,48.754829895480306,393.86561260022245,24
797.9,7,1035.0510379389987,5.6,48.736722492166805,394.0082600894226,24
798.0,7,1035.0510379389987,5.6,48.73253514960382,394.0398609646202,24
798.1,7,1035.0510379389987,5.6,48.733495308992524,394.03109465016274,24
798.2,7,1035.0510379389987,5.6,48.72323945395435,394.11208677848333,24
798.3,7,1035.0510379389987,5.6,48.70883613950477,394.2271603129376,24
798.4,7,1035.0510379389987,5.6,48.69231218051128,394.3584063857895,24
798.5,7,1035.0510379389987,5.6,48.66837482808107,394.550065617568,24
798.6,7,1035.0510379389987,5.6,48.65598297883619,394.64879776409316,24
798.7,7,1035.0510379389987,5.6,48.7450555894668,393.9155879798061,24
798.8,7,1035.0510379389987,5.6,48.725602838384106,394.06922507370837,24
798.9,7,1035.0510379389987,5.6,48.727166641652545,394.05779618474935,24
799.0,7,1035.0510379389987,5.6,48.73640683846996,393.9839654330936,24
799.1,7,1035.0510379389987,5.6,48.500199672815484,395.87955789283615,24
799.2,7,1035.0510379389987,5.6,48.49771539717665,395.89897781047,24
799.3,7,1035.0510379389987,5.6,48.47842995831901,396.05539695535776,24
799.4,7,1035.0510379389987,5.6,48.517327698516624,395.74005758145665,24
799.5,7,1035.0510379389987,5.6,48.51412658233128,395.76669245842834,24
799.6,7,1035.0510379389987,5.6,48.504394229196606,395.84549868159365,24
799.7,7,1035.0510379389987,5.6,48.50030058308583,395.87789265497725,24
799.8,7,1035.0510379389987,5.6,48.482309633969024,396.0243363222585,24
799.9,7,1035.0510379389987,5.6,48.4703051477162,396.12192670819996,24
800.0,7,1035.0510379389987,5.6,48.45520781492722,396.24463041265494,24
800.1,7,1035.0510379389987,5.6,48.44229034849077,396.34977962118546,24
800.2,7,1035.0510379389987,5.6,48.46986816215477,396.13986689112124,24
800.3,7,1035.0510379389987,5.6,48.45854421423081,396.23246424640524,24
800.4,7,1035.0510379389987,5.6,48.44244293085521,396.360942757869,24
800.5,7,1035.0510379389987,5.6,48.43645986710244,396.4085016089996,24
800.6,7,1035.0510379389987,5.6,48.42863412409652,396.4714285799714,24
800.7,7,1035.0510379389987,5.6,48.43139782214596,396.4487303528584,24
800.8,7,1035.0510379389987,5.6,48.41607279762554,396.5724793324844,24
800.9,7,1035.0510379389987,5.6,48.420516589442165,396.536517531673,24
801.0,7,1035.0510379389987,5.6,48.421744553155804,396.5259869323403,24
801.1,7,1035.0510379389987,5.6,48.40988247665443,396.62217275950195,24
801.2,7,1035.0510379389987,5.6,48.404418701405696,396.66642479596226,24
801.3,7,1035.0510379389987,5.6,48.41159387904264,396.6080946844223,24
801.4,7,1035.0510379389987,5.6,48.4556194364898,396.2502089120063,24
801.5,7,1035.0510379389987,4.8999999999999995,48.444616390989765,396.33926601296923,24
801.6,7,1035.0510379389987,4.8999999999999995,48.44237240716785,396.3562914796222,24
801.7,7,1035.0510379389987,4.8999999999999995,48.48954164145535,395.9644360415405,24
801.8,7,1035.0510379389987,4.8999999999999995,48.48986414989436,395.9615774737633,24
801.9,7,1035.0510379389987,4.8999999999999995,48.49448649886267,395.9400812159388,24
802.0,7,1035.0510379389987,4.8999999999999995,48.49174798058294,395.96183856389314,24
802.1,7,1035.0510379389987,4.8999999999999995,48.490349253143336,395.97183782266086,24
802.2,7,1035.0510379389987,4.8999999999999995,48.495750615068786,395.927721882828,24
802.3,7,1035.0510379389987,4.8999999999999995,48.496666202479815,395.9204321923554,24
802.4,7,1035.0510379389987,4.8999999999999995,48.50018234161636,395.8893386838819,24
802.5,7,1035.0510379389987,4.8999999999999995,48.508415093785,395.82213196616374,24
802.6,7,1035.0510379389987,4.8999999999999995,48.5080954482938,395.8226422006643,24
802.7,9,1035.0510379389987,4.199999999999999,48.53301902519035,395.6204260391323,24
802.8,9,1035.0510379389987,4.800000000000001,48.52971973105706,395.6471443064454,24
802.9,9,1035.0510379389987,4.800000000000001,48.542067973449605,395.54750835365076,24
803.0,9,1035.0510379389987,4.800000000000001,48.55466876979157,395.44557237905167,24
803.1,9,1035.0510379389987,4.800000000000001,48.57053029051202,395.3164589369708,24
803.2,9,1035.0510379389987,4.800000000000001,48.575688171258804,395.273974294719,24
803.3,9,1035.0510379389987,4.800000000000001,48.54960737621355,395.48442668595965,24
803.4,9,1035.0510379389987,4.800000000000001,48.55056302498939,395.4752944389251,24
803.5,9,1035.0510379389987,4.800000000000001,48.568273434532216,395.3315152371861,24
803.6,9,1035.0510379389987,4.800000000000001,48.581311448747876,395.2256678228696,24
803.7,9,1035.0510379389987,4.800000000000001,48.524860306089764,395.67993786803174,24
803.8,7,1034.9746954063692,4.800000000000001,48.52308772136653,395.69385153709925,24
803.9,7,1034.9746954063692,4.8999999999999995,48.584417396208764,395.19087932286936,24
804.0,7,1034.9746954063692,4.8999999999999995,48.61338082249266,394.956283636473,24
804.1,7,1034.9746954063692,4.8999999999999995,48.6325425955705,394.80165057740544,24
804.2,7,1034.9746954063692,4.8999999999999995,48.64704675661047,394.6846923029335,24
804.3,7,1034.9746954063692,4.8999999999999995,48.646792325498225,394.6867280370328,24
804.4,7,1034.9746954063692,4.8999999999999995,48.64606525044786,394.692689422997,24
804.5,7,1034.9746954063692,4.8999999999999995,48.652335225431855,394.641603124368,24
804.6,7,1037.2995791592987,4.8999999999999995,48.67688345326239,394.443804636187,25
804.7,7,1037.2995791592987,-100.0,48.6764142925457,394.4466041030964,25
804.8,7,1037.2995791592987,4.8999999999999995,48.68470526836675,394.37931196849735,25
804.9,7,1037.2995791592987,4.8999999999999995,48.696259719712955,394.2859769485707,25
805.0,7,1037.2995791592987,4.8999999999999995,48.69528072697714,394.293437121809,25
805.1,7,1037.2995791592987,4.8999999999999995,48.69512861227843,394.29456905159145,25
805.2,7,1037.2995791592987,4.8999999999999995,48.712642954564046,394.1535807025669,25
805.3,7,1037.2995791592987,4.8999999999999995,48.709530346559276,394.1783664114419,25
805.4,7,1037.2995791592987,4.8999999999999995,48.72857904723695,394.02532606152545,25
805.5,7,1037.2995791592987,4.8999999999999995,48.60221947684954,395.0443899777421,25
805.6,7,1037.2995791592987,4.8999999999999995,48.603694205721624,395.03221893290424,25
805.7,7,1037.2995791592987,4.8999999999999995,48.60870926877851,394.99174891459586,25
805.8,7,1037.2995791592987,4.8999999999999995,48.59700476307741,395.0866577503482,25
805.9,7,1037.2995791592987,4.8999999999999995,48.46708372561224,396.15043381904746,25
806.0,7,1037.2995791592987,4.8999999999999995,48.48063005270231,396.0392938151065,25
806.1,7,1037.2137987749932,4.8999999999999995,48.48467804566919,396.0060220252261,25
806.2,7,1037.2137987749932,5.6,48.47876560136391,396.0535500892822,25
806.3,7,1037.2137987749932,5.6,48.49661046683067,395.9082981209681,25
806.4,7,1037.2137987749932,5.6,48.50619497933948,395.8298917957427,25
806.5,7,1037.2137987749932,5.6,48.52050972453996,395.71343832163166,25
806.6,7,1037.2137987749932,5.6,48.568636918121975,395.3192537444638,25
806.7,7,1037.2137987749932,5.6,48.42116148336922,396.52126452213497,25
806.8,7,1037.2137987749932,5.6,48.44236347802415,396.34763027601446,25
806.9,7,1037.2137987749932,5.6,48.28927895667786,397.6054034425599,25
807.0,7,1037.2137987749932,5.6,48.302740841027855,397.4949304739339,25
807.1,7,1037.2137987749932,5.6,48.30159157817826,397.5037007987562,25
807.2,7,1037.2137987749932,5.6,48.314437976575235,397.39853634858844,25
807.3,7,1037.2137987749932,5.6,48.302277730164086,397.4976812848442,25
807.4,7,1037.2137987749932,5.6,48.317417416189,397.37284175802347,25
807.5,7,1037.2137987749932,5.6,48.321202256436706,397.34155786250335,25
807.6,7,1037.2137987749932,5.6,48.328061963469835,397.28510645236923,25
807.7,7,1037.2137987749932,5.6,48.348152553325065,397.1201829457017,25
807.8,7,1037.2137987749932,5.6,48.35501448502531,397.063890455104,25
807.9,7,1037.2137987749932,5.6,48.36168092460231,397.00885316188885,25
808.0,7,1037.2137987749932,5.6,48.357597715521386,397.04216644642895,25
808.1,9,1037.2137987749932,4.8999999999999995,48.362187511284986,397.00445223778354,25
808.2,9,1037.2137987749932,5.6000000000000005,48.372716150374075,396.91798841077974,25
808.3,9,1037.2137987749932,5.6000000000000005,48.39334766905474,396.74877899137005,25
808.4,9,1037.2137987749932,5.6000000000000005,48.40147697000869,396.6821209567937,25
808.5,9,1037.2137987749932,5.6000000000000005,48.39254923412676,396.7553124715805,25
808.6,7,1037.1327458276319,5.6000000000000005,48.40922510819313,396.61861928561274,25
808.7,7,1037.1327458276319,5.6,48.28132673410624,397.67251296167433,25
808.8,7,1037.1327458276319,5.6,48.299384658764794,397.5231687542995,25
808.9,7,1037.1327458276319,5.6,48.288031647597066,397.6176455352063,25
809.0,7,1037.1327458276319,5.6,48.312787133907634,397.4135819247409,25
809.1,7,1037.1327458276319,5.6,48.30465631652501,397.4810060318217,25
809.2,7,1037.1327458276319,5.6,48.32656144663733,397.3008554310932,25
809.3,7,1037.1327458276319,5.6,48.36265327863993,397.0068628363033,25
809.4,7,1037.1327458276319,5.6,48.377678289686074,396.8836337917773,25
809.5,7,1037.1327458276319,5.6,48.40142615185163,396.68867367204655,25
809.6,7,1037.1327458276319,5.6,48.40749940324742,396.6394983965504,25
809.7,7,1037.1327458276319,5.6,48.24808802880584,397.94328579268085,25
809.8,9,1037.1327458276319,4.8999999999999995,48.258636836582575,397.8563093356612,25
809.9,9,1037.1327458276319,6.4,48.259189070194225,397.8517581200728,25
810.0,9,1037.1327458276319,6.4,48.26961496088522,397.76583617096026,25
810.1,9,1037.1327458276319,6.4,48.273682531858384,397.73228134074617,25
810.2,9,1037.1327458276319,5.6000000000000005,48.28450565910073,397.64318478662096,25
810.3,9,1037.1327458276319,5.6000000000000005,48.30450328763153,397.47849441859444,25
810.4,9,1037.1327458276319,5.6000000000000005,48.327376756908365,397.2903412065043,25
810.5,9,1037.1327458276319,5.6000000000000005,48.330027982447945,397.2686130233674,25
810.6,9,1037.1327458276319,5.6000000000000005,48.353720084371986,397.07396427781407,25
810.7,9,1037.1327458276319,5.6000000000000005,48.359063753098184,397.03012699438386,25
810.8,9,1037.1327458276319,5.6000000000000005,48.3774454106759,396.87918770154016,25
810.9,9,1037.1327458276319,5.6000000000000005,48.37256253262798,396.9193579298374,25
811.0,7,1037.0496666382523,5.6000000000000005,48.38471556517712,396.81958995481455,25
811.1,7,1037.0496666382523,5.6,48.39699309740261,396.71895882703416,25
811.2,7,1037.0496666382523,5.6,48.42251354412507,396.5097886469954,25
811.3,7,1037.0496666382523,5.6,48.42844532922793,396.46121686260193,25
811.4,7,1037.0496666382523,5.6,48.43992582938084,396.3672505704234,25
811.5,7,1037.0496666382523,5.6,48.45674300164302,396.22969381967744,25
811.6,7,1037.0496666382523,5.6,48.46926984221439,396.1272954931715,25
811.7,9,1037.0496666382523,4.8999999999999995,48.49123287587411,395.94786239034954,25
811.8,9,1037.0496666382523,5.6000000000000005,48.49621777369637,395.90721140653227,25
811.9,9,1037.0496666382523,5.6000000000000005,48.51204825911138,395.7779714265303,25
812.0,9,1037.0496666382523,5.6000000000000005,48.34578354205746,397.14352009540903,25
812.1,9,1037.0496666382523,5.6000000000000005,48.36997098388551,396.94500490967164,25
812.2,9,1037.0496666382523,5.6000000000000005,48.388234662789316,396.79530742115946,25
812.3,9,1037.0496666382523,5.6000000000000005,48.37918786921451,396.86901452694354,25
812.4,9,1037.0496666382523,5.6000000000000005,48.38890576500012,396.78938621974896,25
812.5,9,1037.0496666382523,5.6000000000000005,48.268906537674866,397.77204371885165,25
812.6,9,1037.0496666382523,5.6000000000000005,48.292451110447466,397.57796771814833,25
812.7,9,1037.0496666382523,5.6000000000000005,48.317405716256644,397.3725269181456,25
812.8,9,1037.0496666382523,5.6000000000000005,48.319191940130096,397.3580922995901,25
812.9,9,1037.0496666382523,5.6000000000000005,48.338439477614216,397.19993939396437,25
813.0,9,1037.0496666382523,6.4,48.36318445547499,396.9965348620981,25
813.1,9,1037.0496666382523,5.6000000000000005,48.36689162946692,396.96630258305527,25
813.2,9,1037.0496666382523,5.6000000000000005,48.37527618352135,396.8975429792596,25
813.3,9,1037.0496666382523,5.6000000000000005,48.40657955841797,396.6403266338589,25
813.4,9,1037.0496666382523,5.6000000000000005,48.411607456603136,396.59910159071495,25
813.5,7,1036.9664100367793,5.6000000000000005,48.440219277996775,396.36493668270555,25
813.6,9,1036.9664100367793,4.8999999999999995,48.451854364840806,396.2696702191238,25
813.7,9,1036.9664100367793,5.6000000000000005,48.22019863782337,398.1805777896493,25
813.8,9,1036.9664100367793,5.6000000000000005,48.21870641340928,398.19213515845433,25
813.9,9,1036.9664100367793,5.6000000000000005,48.03690380650616,399.6927045384302,25
814.0,9,1036.9664100367793,5.6000000000000005,48.05699494402169,399.52560542793503,25
814.1,9,1036.9664100367793,5.6000000000000005,48.05370193644801,399.55307661399524,25
814.2,9,1036.9664100367793,5.6000000000000005,48.0769158691408,399.3602641271523,25
814.3,9,1036.9664100367793,5.6000000000000005,48.07549030422551,399.3725542975323,25
814.4,9,1036.9664100367793,5.6000000000000005,48.10493181051962,399.1282359728057,25
814.5,9,1036.9664100367793,5.6000000000000005,48.12676977361957,398.9469878829674,25
814.6,9,1036.9664100367793,5.6000000000000005,48.13560163258663,398.8742793184761,25
814.7,7,1036.9664100367793,5.6000000000000005,48.15352018470316,398.72612080671195,25
814.8,7,1036.9664100367793,4.8999999999999995,48.173582091529184,398.55998618137284,25
814.9,7,1036.9664100367793,4.8999999999999995,48.179467292061766,398.51145241574955,25
815.0,7,1036.9664100367793,4.8999999999999995,48.17701858683441,398.5324829325289,25
815.1,7,1036.9664100367793,4.8999999999999995,48.189470682895845,398.4297045977985,25
815.2,7,1036.9664100367793,4.8999999999999995,48.19242452667535,398.40592916679765,25
815.3,7,1036.9664100367793,4.8999999999999995,48.22296717397286,398.155365546038,25
815.4,9,1036.9664100367793,4.8999999999999995,48.22068032745475,398.17520076672656,25
815.5,7,1036.9664100367793,4.800000000000001,48.079010389677364,399.34304424654545,25
815.6,7,1036.9664100367793,4.8999999999999995,48.08638473680229,399.28238728759436,25
815.7,9,1036.9664100367793,4.199999999999999,47.925265798305134,400.63692429598535,25
815.8,9,1036.9664100367793,5.6000000000000005,47.94027522493663,400.5126411003517,25
815.9,7,1036.8824531994699,5.6000000000000005,47.97963259134604,400.1839262214504,25
816.0,7,1036.8824531994699,4.8999999999999995,48.008013438886685,399.94780545605533,25
816.1,7,1036.8824531994699,4.8999999999999995,48.02313790999153,399.8224874264172,25
816.2,7,1036.8824531994699,4.8999999999999995,48.04989272500204,399.6007219348564,25
816.3,7,1036.8824531994699,4.8999999999999995,48.07000300530814,399.4352415745189,25
816.4,7,1036.8824531994699,4.8999999999999995,48.08481929242649,399.31350707547267,25
816.5,7,1036.8824531994699,4.8999999999999995,48.1079965576238,399.1233957935734,25
816.6,7,1036.8824531994699,4.8999999999999995,48.08922276795575,399.30492738490733,25
816.7,7,1036.8824531994699,4.8999999999999995,48.097865784216665,399.2357197224936,25
816.8,7,1036.8824531994699,4.8999999999999995,48.136947203984235,398.9119152434024,25
816.9,7,1036.8824531994699,4.8999999999999995,48.15621513037965,398.7531284053194,25
817.0,7,1036.8824531994699,4.8999999999999995,48.180816485922335,398.5497917826216,25
817.1,7,1036.8824531994699,4.8999999999999995,48.20300828826642,398.36675294779974,25
817.2,7,1036.8824531994699,4.8999999999999995,48.212221496181456,398.29238082628405,25
817.3,7,1036.8824531994699,4.8999999999999995,48.06081016197344,399.5196028895507,25
817.4,7,1036.8824531994699,4.8999999999999995,48.06377299159956,399.49840292246654,25
817.5,7,1036.8824531994699,4.8999999999999995,48.0790604860415,399.37296831966205,25
817.6,7,1036.8824531994699,4.8999999999999995,48.11014973673451,399.1143308784682,25
817.7,7,1036.8824531994699,4.8999999999999995,48.12442205785802,398.9967698290799,25
817.8,7,1036.8824531994699,4.8999999999999995,48.142120427782984,398.8518686768603,25
817.9,7,1036.8824531994699,4.8999999999999995,48.17006160335441,398.6197657594971,25
818.0,7,1036.8824531994699,4.8999999999999995,48.258442475464925,397.90333924110735,25
818.1,7,1036.8824531994699,4.8999999999999995,48.277294632591776,397.7461399505619,25
818.2,7,1036.8824531994699,4.8999999999999995,48.29632883203662,397.5881941651774,25
818.3,7,1036.8824531994699,4.8999999999999995,48.28974539483883,397.64503715695446,25
818.4,7,1036.8824531994699,4.8999999999999995,48.28703940670988,397.6693068307635,25
818.5,7,1036.8824531994699,4.8999999999999995,48.27209097952878,397.7965019729247,25
818.6,7,1036.8824531994699,4.8999999999999995,48.26951329689274,397.818776142205,25
818.7,7,1036.8824531994699,4.8999999999999995,48.28826641419851,397.6612767178042,25
818.8,7,1036.8824531994699,4.8999999999999995,48.29921804983755,397.5705862691998,25
818.9,7,1036.8824531994699,4.8999999999999995,48.29044608450809,397.66477113616554,25
819.0,7,1036.8824531994699,4.8999999999999995,48.30946537016243,397.50767455197877,25
819.1,7,1036.8824531994699,4.8999999999999995,48.318490546485634,397.43430466476286,25
819.2,7,1036.8824531994699,4.8999999999999995,48.319024903456295,397.4330972410056,25
819.3,7,1036.8824531994699,4.8999999999999995,48.339409630926305,397.2611349767939,25
819.4,7,1036.8824531994699,4.8999999999999995,48.35013371027928,397.1723158259887,25
819.5,7,1036.8824531994699,4.8999999999999995,48.35841622719464,397.10409430048395,25
819.6,7,1036.8824531994699,4.8999999999999995,48.38106390512297,396.91372436049517,25
819.7,7,1036.8824531994699,4.199999999999999,48.171539097070855,398.6029369202497,25
819.8,7,1036.8824531994699,4.199999999999999,48.17342424898316,398.5874869302812,25
819.9,7,1036.8824531994699,4.199999999999999,48.18052037630741,398.5284678508847,25
820.0,7,1036.8824531994699,4.199999999999999,48.21064241339714,398.2759182868948,25
820.1,7,1036.8824531994699,4.199999999999999,48.21984075493191,398.19833328515364,25
820.2,7,1036.8824531994699,4.199999999999999,48.21372123204294,398.24819488335703,25
820.3,7,1036.8824531994699,4.199999999999999,48.22431017651563,398.1612621156562,25
820.4,7,1036.8824531994699,4.199999999999999,48.30152377786495,397.5329231454117,25
820.5,7,1036.8824531994699,4.199999999999999,48.29658297999815,397.5754055453111,25
820.6,7,1036.8824531994699,4.199999999999999,48.30529647606045,397.5018721873806,25
820.7,7,1036.8824531994699,4.199999999999999,48.31825340312098,397.3938099744647,25
820.8,7,1036.8824531994699,4.199999999999999,48.32916084555093,397.3031721757803,25
820.9,7,1036.8824531994699,4.199999999999999,48.36237079098117,397.0099142613052,25
821.0,9,1036.8824531994699,4.199999999999999,48.36863232354753,396.9577967792535,25
821.1,9,1036.8824531994699,4.800000000000001,48.15496692636265,398.7127668140342,25
821.2,9,1036.8824531994699,4.800000000000001,48.15295177432395,398.7294613943754,25
821.3,9,1036.8824531994699,4.800000000000001,48.16248963787734,398.6505440078003,25
821.4,9,1036.8824531994699,4.800000000000001,48.16819649186441,398.6032679236624,25
821.5,9,1036.8824531994699,4.800000000000001,48.17638693839133,398.53552353459384,25
821.6,9,1036.8824531994699,4.800000000000001,48.18884143492299,398.4325306864451,25
821.7,9,1036.8824531994699,4.800000000000001,48.20358142875857,398.31067539262733,25
821.8,9,1036.8824531994699,4.800000000000001,48.22144416959006,398.1631126397658,25
821.9,9,1036.8824531994699,4.800000000000001,48.21110233806595,398.24867097889444,25
822.0,9,1036.8824531994699,4.800000000000001,48.21335431521719,398.2300653278808,25
822.1,9,1039.1706219241785,4.800000000000001,48.23053266908974,398.088312854613,26
822.2,9,1039.1706219241785,-100.0,48.252845962743706,397.90413081771806,26
822.3,9,1039.1706219241785,4.800000000000001,48.27031626367675,397.7600478966591,26
822.4,9,1039.1706219241785,4.800000000000001,48.29310684006936,397.5723758442301,26
822.5,9,1039.1706219241785,4.800000000000001,48.29713973348943,397.53925318754114,26
822.6,9,1039.1706219241785,4.800000000000001,48.30790371867281,397.45067175828717,26
822.7,9,1039.1706219241785,4.800000000000001,48.32449472199272,397.3141645836057,26
822.8,9,1039.1706219241785,4.800000000000001,48.354843495090726,397.06474484661067,26
822.9,9,1039.1706219241785,4.800000000000001,48.34753982317608,397.1248900579376,26
823.0,9,1039.1706219241785,4.800000000000001,48.36153679168518,397.0098924024385,26
823.1,9,1039.1706219241785,4.800000000000001,48.38400557493936,396.8254129291483,26
823.2,9,1039.1706219241785,4.800000000000001,48.396890501020856,396.71980561081114,26
823.3,9,1039.1706219241785,4.800000000000001,48.39556989538136,396.7306550560637,26
823.4,9,1039.1706219241785,4.800000000000001,48.39757757252033,396.7142614660319,26
823.5,9,1039.1706219241785,4.800000000000001,48.414335404464865,396.57692148568594,26
823.6,9,1039.1706219241785,4.800000000000001,48.43566265137726,396.40217083692056,26
823.7,9,1039.1706219241785,4.800000000000001,48.3826606015278,396.837542532571,26
823.8,9,1039.1706219241785,4.800000000000001,48.40006646590695,396.69455052896217,26
823.9,9,1039.1706219241785,4.800000000000001,48.41975434124922,396.53265898339487,26
824.0,9,1039.1706219241785,4.800000000000001,48.42850921408928,396.4609720048798,26
824.1,9,1039.1706219241785,4.800000000000001,48.439638359954586,396.36986222677615,26
824.2,9,1039.1706219241785,4.800000000000001,48.14404949021552,398.820914327605,26
824.3,9,1039.1706219241785,4.800000000000001,48.1410773220747,398.8469357350417,26
824.4,9,1039.1706219241785,4.800000000000001,48.132509846149354,398.916773148647,26
824.5,9,1039.1706219241785,4.0,48.13847717394282,398.8689356861229,26
824.6,9,1039.1706219241785,4.0,48.155652118143834,398.74277361191446,26
824.7,9,1039.1706219241785,4.0,48.15156840755711,398.7763408910346,26
824.8,9,1039.1706219241785,4.0,48.148557853875474,398.8016609418114,26
824.9,9,1039.1706219241785,4.0,48.15800543776689,398.72394093845253,26
825.0,9,1039.1706219241785,4.0,48.18730567723172,398.48536653407507,26
825.1,9,1039.1706219241785,4.0,48.17066217540125,398.6196266928945,26
825.2,9,1039.1706219241785,4.0,48.18392137060857,398.5103027604415,26
825.3,9,1039.1706219241785,4.0,48.186453162305,398.4903621288279,26
825.4,9,1039.1706219241785,4.0,48.171439812067725,398.5933146935753,26
825.5,9,1039.1706219241785,4.0,48.17537134136289,398.56098568405355,26
825.6,9,1039.1706219241785,4.800000000000001,48.188908091989035,398.44937297397826,26
825.7,9,1039.1706219241785,4.800000000000001,48.203976558376624,398.3248806567473,26
825.8,9,1039.1706219241785,4.800000000000001,48.21526477726033,398.2312534750861,26
825.9,9,1039.1706219241785,4.800000000000001,48.22109811787371,398.18195041873196,26
826.0,9,1039.1706219241785,4.800000000000001,48.23804012009886,398.04334498531216,26
826.1,9,1039.1706219241785,4.800000000000001,48.24579482410292,397.97952354665193,26
826.2,7,1039.0824988054142,4.0,48.27167450289308,397.7669345616855,26
826.3,9,1039.0824988054142,4.199999999999999,48.28250801352552,397.6775936804262,26
826.4,9,1039.0824988054142,4.0,48.17006745614444,398.59417016074246,26
826.5,9,1039.0824988054142,4.0,48.17729233906784,398.53427176768935,26
826.6,9,1039.0824988054142,4.0,48.194443591750655,398.39254380381647,26
826.7,9,1039.0824988054142,4.0,48.194216728492876,398.39366698820845,26
826.8,9,1039.0824988054142,4.0,48.2073370864948,398.28559737538643,26
826.9,9,1039.0824988054142,4.0,48.219196634245094,398.187486631127,26
827.0,9,1039.0824988054142,4.800000000000001,48.23812280304004,398.0323807585295,26
827.1,9,1039.0824988054142,4.800000000000001,48.30462319786166,397.47937735623316,26
827.2,9,1039.0824988054142,4.800000000000001,48.30513851024699,397.4750266892036,26
827.3,9,1039.0824988054142,4.800000000000001,48.32423306873464,397.31819036382376,26
827.4,9,1039.0824988054142,4.800000000000001,48.34291038263008,397.16514443063585,26
827.5,9,1039.0824988054142,4.800000000000001,48.13258594857385,398.91746079218757,26
827.6,9,1039.0824988054142,4.800000000000001,48.14892385711539,398.7827840343124,26
827.7,9,1039.0824988054142,4.800000000000001,48.16078390272594,398.6842594846747,26
827.8,9,1039.0824988054142,4.800000000000001,48.17749944435687,398.5457796430451,26
827.9,9,1039.0824988054142,4.800000000000001,48.18450507673977,398.4864061680624,26
828.0,9,1039.0824988054142,4.800000000000001,48.19971370527837,398.36076324143335,26
828.1,9,1039.0824988054142,4.0,48.21864782893004,398.20455338184877,26
828.2,9,1039.0824988054142,4.0,48.24073867150207,398.021728114351,26
828.3,9,1039.0824988054142,4.0,48.25670497321536,397.88873175063355,26
828.4,9,1039.0824988054142,4.0,48.27796492371876,397.71361015627383,26
828.5,9,1039.0824988054142,4.0,48.303147227908255,397.5065499134716,26
828.6,9,1039.0824988054142,4.0,48.308903223170574,397.4570069620721,26
828.7,9,1039.0824988054142,4.0,48.32893151098901,397.29184215340933,26
828.8,9,1041.3542840171674,4.0,48.18153275382261,398.5301433397153,27
828.9,9,1041.3542840171674,-100.0,48.20199390350753,398.36091020094557,27
829.0,9,1041.3542840171674,4.0,48.22113505578488,398.201021513028,27
829.1,9,1041.3542840171674,4.0,48.240729884858396,398.0384320866987,27
829.2,11,1041.3542840171674,3.2,48.27157018644822,397.7848638256691,27
829.3,11,1041.3542840171674,4.5,48.25834594529723,397.89022008981067,27
829.4,11,1041.3542840171674,4.5,48.28631028421349,397.6633823493116,27
829.5,11,1041.3542840171674,4.5,48.29390837438271,397.59973173029965,27
829.6,11,1041.3542840171674,4.5,48.31323658597357,397.4415842363401,27
829.7,11,1041.3542840171674,4.5,48.325581123513516,397.3388722825043,27
829.8,11,1041.3542840171674,4.5,48.36218557571454,397.03847652351146,27
829.9,11,1041.3542840171674,4.5,48.49273412108036,395.95429734750314,27
830.0,11,1041.3542840171674,4.5,48.533385827826194,395.6236249575857,27
830.1,11,1041.3542840171674,4.5,48.53128817537015,395.6390276740436,27
830.2,11,1041.3542840171674,3.6,48.56005125601945,395.4052428663235,27
830.3,9,1041.3542840171674,3.6,48.418031960417174,396.55143669169814,27
830.4,9,1041.3542840171674,4.0,48.44131845862775,396.36125667737707,27
830.5,9,1041.3542840171674,4.0,48.458362237264765,396.22096818137766,27
830.6,9,1041.3542840171674,4.0,48.48144407790657,396.0319529601478,27
830.7,9,1041.3542840171674,4.0,48.3835036498014,396.84224409158037,27
830.8,9,1041.3542840171674,4.0,48.41316386580587,396.60001427556267,27
830.9,9,1043.613229350705,4.0,48.42929040031235,396.4665823308966,28
831.0,9,1043.613229350705,-100.0,48.44311561039994,396.35301541581794,28
831.1,9,1043.613229350705,4.0,48.46331125872592,396.18656273204596,28
831.2,9,1043.613229350705,4.0,48.495828678269234,395.9203093816577,28
831.3,9,1043.613229350705,4.0,48.5452002414158,395.5182454846115,28
831.4,9,1043.613229350705,4.0,48.548680726884285,395.48862466903415,28
831.5,9,1043.613229350705,4.0,48.40985381485925,396.6141516057584,28
831.6,9,1043.613229350705,4.0,48.442582257859875,396.34602984886504,28
831.7,9,1043.613229350705,4.0,48.47160009749784,396.10857014543103,28
831.8,9,1043.613229350705,4.0,48.492346188827,395.9390713843343,28
831.9,9,1043.613229350705,4.0,48.504464636271464,395.84002480003517,28
832.0,9,1043.613229350705,4.0,48.53538615004544,395.5878371379627,28
832.1,11,1043.613229350705,3.2,48.55317719752315,395.44284662192644,28
832.2,11,1043.613229350705,4.5,48.58898981280126,395.15147210429785,28
832.3,9,1043.613229350705,4.5,48.72767270044943,394.0284993637731,28
832.4,9,1043.613229350705,3.2,48.733515610085895,393.9818117281857,28
832.5,9,1043.613229350705,3.2,48.61584635156629,394.9329931180967,28
832.6,9,1043.613229350705,3.2,48.65774975767811,394.5929050690795,28
832.7,9,1043.613229350705,3.2,48.670181960367316,394.4920541675857,28
832.8,9,1043.613229350705,3.2,48.686286969828444,394.3615779742905,28
832.9,9,1043.613229350705,3.2,48.7115780906564,394.1568936543074,28
833.0,9,1043.613229350705,3.2,48.567746095224166,395.32964560994594,28
833.1,9,1045.8611448697518,3.2,48.57199571315552,395.29658667434387,29
833.2,9,1045.8611448697518,-100.0,48.619184880392325,394.9123093676119,29
833.3,9,1045.8611448697518,3.2,48.46720907875137,396.14433009957116,29
833.4,9,1045.8611448697518,3.2,48.503322749686106,395.84944806858186,29
833.5,9,1045.8611448697518,3.2,48.51909948872995,395.7208307934415,29
833.6,9,1045.8611448697518,3.2,48.56895242557396,395.3143889236352,29
833.7,9,1045.8611448697518,3.2,48.57932252802172,395.2303158308107,29
833.8,9,1045.8611448697518,3.2,48.613790772080364,394.94986042410017,29
833.9,9,1045.8611448697518,3.2,48.64310345190293,394.7120681194296,29
834.0,9,1045.8611448697518,3.2,48.664394780975165,394.5396540080339,29
834.1,9,1045.8611448697518,3.2,48.6959493099012,394.28402157280794,29
834.2,9,1045.8611448697518,3.2,48.72312929791565,394.06395403499585,29
834.3,9,1045.8611448697518,4.0,48.747306536167095,393.8687713714819,29
834.4,9,1045.8611448697518,4.0,48.74115040751572,393.91880668004956,29
834.5,9,1045.8611448697518,4.0,48.75505940274684,393.8059413471386,29
834.6,9,1045.8611448697518,4.0,48.50937785526437,395.81631748202614,29
834.7,9,1045.8611448697518,4.0,48.513609466355845,395.78027788715457,29
834.8,9,1045.8611448697518,4.0,48.52060590461018,395.72258681310865,29
834.9,9,1045.8611448697518,4.0,48.50627270155734,395.84091844110253,29
835.0,9,1045.8611448697518,4.0,48.70357002366616,394.2634622734546,29
835.1,9,1045.8611448697518,4.0,48.50780356898939,395.83074878905757,29
835.2,9,1045.8611448697518,4.0,48.50472169307616,395.85559322707445,29
835.3,9,1045.8611448697518,4.0,48.49600117338357,395.9268728833342,29
835.4,9,1045.8611448697518,4.0,48.485094246933116,396.0157084394174,29
835.5,9,1045.8611448697518,4.0,48.46885689820327,396.15068598465973,29
835.6,9,1045.8611448697518,4.0,48.46374211632214,396.1917995210349,29
835.7,9,1045.8611448697518,4.0,48.461048826669426,396.2129456085248,29
835.8,9,1045.8611448697518,4.0,48.45017832452646,396.3023831196456,29
835.9,9,1045.8611448697518,4.0,48.44370897531469,396.3560558212953,29
836.0,9,1045.8611448697518,3.2,48.447361979080846,396.3253134935039,29
836.1,8,1046.8676721930524,3.2,48.42681556953424,396.4945589628928,29
836.2,9,1049.0908800209468,2.8,48.425487563663246,396.5069407838439,30
836.3,9,1049.0908800209468,-100.0,48.42535020824258,396.50747186741125,30
836.4,9,1049.0908800209468,3.2,48.399612237507526,396.7213975101931,30
836.5,9,1049.0908800209468,3.2,48.41759269279459,396.57222716627564,30
836.6,9,1049.0908800209468,3.2,48.40704851964653,396.6584144900381,30
836.7,8,1049.492286180714,3.2,48.39378631416422,396.76779220704617,30
836.8,11,1049.492286180714,3.5,48.60651194976519,395.0611123653088,30
836.9,9,1049.492286180714,4.5,48.6045855999421,395.0785315464516,30
837.0,9,1049.492286180714,4.0,48.568551575696574,395.3743878917136,30
837.1,9,1049.492286180714,4.0,48.574498884643155,395.3142974551902,30
837.2,9,1049.492286180714,4.0,48.57597237497063,395.3020755053345,30
837.3,9,1049.492286180714,4.0,48.566350302022286,395.3823705773585,30
837.4,9,1049.492286180714,4.0,48.54621968953908,395.55131420070563,30
837.5,9,1049.492286180714,4.0,48.54391182443767,395.55442859529273,30
837.6,9,1049.492286180714,4.0,48.536643365536655,395.6144008003902,30
837.7,9,1049.492286180714,4.0,48.540629354374104,395.5820470328033,30
837.8,9,1049.492286180714,4.0,48.410785310289384,396.6244527323107,30
837.9,9,1049.492286180714,4.0,48.40415292663335,396.6804447908331,30
838.0,9,1049.492286180714,4.0,48.57579962770051,395.26498687966483,30
838.1,9,1049.492286180714,4.0,48.58608855498505,395.1813583631497,30
838.2,9,1049.492286180714,4.0,48.565434382328576,395.351051699525,30
838.3,9,1049.492286180714,4.0,48.571335018968455,395.3036023732374,30
838.4,9,1049.492286180714,4.0,48.562411872695634,395.37735261654996,30
838.5,9,1049.492286180714,4.0,48.567291273496245,395.3387579484421,30
838.6,9,1049.492286180714,4.0,48.56760896603099,395.3366443286436,30
838.7,9,1049.492286180714,4.0,48.57763134074322,395.25545353847326,30
838.8,9,1049.492286180714,4.0,48.422524753319585,396.5129701550892,30
838.9,9,1049.492286180714,4.0,48.41931501045671,396.5398268785709,30
839.0,9,1049.492286180714,4.0,48.432387608897926,396.43274543712937,30
839.1,9,1049.492286180714,4.0,48.42659134758112,396.4813370675572,30
839.2,9,1049.492286180714,4.0,48.65538218278834,394.6407087306328,30
839.3,9,1049.492286180714,4.0,48.647616713150796,394.7044340509225,30
839.4,9,1049.492286180714,4.0,48.632008450639525,394.83624381924653,30
839.5,9,1049.492286180714,4.0,48.83774185981521,393.2104967452594,30
839.6,9,1049.492286180714,4.0,48.83523515024745,393.233599926808,30
839.7,9,1049.492286180714,4.0,48.8311715621152,393.2677720949147,30
839.8,9,1049.492286180714,4.0,48.82323424199336,393.33369186029347,30
839.9,9,1049.492286180714,4.0,48.830194968064156,393.27810012591755,30
840.0,6,1046.882585593663,4.0,48.92463066275666,392.4465490944002,30
840.1,6,1046.0063445823657,3.5,48.936627340869066,392.3504066141645,30
840.2,9,1046.0063445823657,3.5,48.936774353806996,392.34917796751824,30
840.3,9,1046.0063445823657,4.0,48.94007570174006,392.32334959388817,30
840.4,9,1046.0063445823657,4.0,49.08817886058888,391.1334116214648,30
840.5,9,1046.0063445823657,4.0,49.0946392362692,391.0819790707973,30
840.6,9,1046.0063445823657,4.0,49.09838328407884,391.05239342495446,30
840.7,9,1046.0063445823657,4.0,49.08172496737205,391.1855975110891,30
840.8,9,1046.0063445823657,4.0,49.08551150686454,391.15563417850365,30
840.9,9,1046.0063445823657,4.0,49.08935225735901,391.1254406294265,30
841.0,9,1048.180401846266,4.0,49.080414105333034,391.1976284483821,31
841.1,9,1048.180401846266,-100.0,49.08031320607363,391.1990468712363,31
841.2,9,1048.180401846266,4.0,48.85831825404371,392.9776605028437,31
841.3,9,1048.180401846266,4.0,48.86112193376043,392.9554056038163,31
841.4,9,1048.180401846266,4.0,48.83844996833823,393.1396945162936,31
841.5,9,1048.180401846266,4.0,48.8400861710264,393.12682290518916,31
841.6,9,1048.180401846266,4.0,48.82512503260627,393.24978290901095,31
841.7,9,1048.180401846266,4.0,48.812009187274526,393.3575585083901,31
841.8,9,1048.180401846266,4.0,48.78999988753998,393.53802332526755,31
841.9,7,1048.2121762517354,3.2,48.789829447800315,393.54173728900463,31
842.0,7,1048.2088022132982,4.199999999999999,48.78696754123795,393.56660252808365,31
842.1,7,1048.2088022132982,4.199999999999999,48.891347159794655,392.7466824550273,31
842.2,7,1048.2088022132982,4.199999999999999,48.75124461664159,393.8593068297959,31
842.3,7,1048.2088022132982,4.199999999999999,48.753951554220464,393.83811904126674,31
842.4,7,1048.2088022132982,4.199999999999999,48.66168769595379,394.7103592906201,31
842.5,7,1048.2088022132982,4.199999999999999,48.65327004906508,394.7835870721244,31
842.6,9,1048.2088022132982,3.5,48.69535134934134,394.3462674005922,31
842.7,9,1048.2088022132982,4.0,48.69796221307577,394.34048824562785,31
842.8,6,1047.3233492132165,3.2,48.67927430700145,394.495255506544,31
842.9,6,1047.3233492132165,3.5,48.657548973974436,394.6748383447484,31
843.0,6,1047.3233492132165,3.5,48.64634180177484,394.7693050464801,31
843.1,6,1047.3233492132165,3.5,48.63270804725019,394.8834273489267,31
843.2,6,1047.3233492132165,3.5,48.61109793127469,395.0644801928538,31
843.3,6,1047.3233492132165,3.5,48.588170447003904,395.25626109257945,31
843.4,7,1047.218546101114,3.5,48.697164799066165,394.34310678103384,31
843.5,7,1047.218546101114,4.199999999999999,48.697547818809625,394.3430792186788,31
843.6,7,1047.218546101114,4.199999999999999,48.69579689104376,394.3566967755795,31
843.7,7,1047.218546101114,4.199999999999999,48.69329209608041,394.38118432333295,31
843.8,7,1047.218546101114,4.199999999999999,48.69382916170966,394.38060017310937,31
843.9,7,1047.218546101114,4.199999999999999,48.678987030574646,394.5077681343704,31
844.0,6,1047.218546101114,4.199999999999999,48.6920387573896,394.40088903337346,31
844.1,7,1047.218546101114,3.5,48.67126792186179,394.5746120354462,31
844.2,7,1047.218546101114,4.199999999999999,48.65395870752771,394.7232944142006,31
844.3,7,1047.218546101114,4.199999999999999,48.64455179015242,394.80572588337475,31
844.4,9,1047.218546101114,3.5,48.64084021843581,394.8403786631885,31
844.5,9,1049.360550434525,3.2,48.634985754721754,394.891522385842,32
844.6,9,1049.360550434525,-100.0,48.4956387746123,396.07272942619136,32
844.7,7,1049.360550434525,3.2,48.49040011860522,396.117775027746,32
844.8,7,1049.360550434525,3.5,48.49250141428043,396.10440962581066,32
844.9,7,1049.360550434525,3.5,48.486088482974885,396.1594631880387,32
845.0,7,1049.360550434525,3.5,48.48389512937223,396.17823582455867,32
845.1,7,1049.360550434525,3.5,48.478652328141024,396.22588664077966,32
845.2,7,1049.360550434525,3.5,48.471731657990325,396.2830425833612,32
845.3,9,1049.360550434525,3.5,48.46880756186241,396.30722890323796,32
845.4,8,1049.9180133877185,3.2,48.45728779810714,396.4053908240005,32
845.5,6,1049.0337572351955,2.8,48.45869520246876,396.39402824703063,32
845.6,6,1049.0337572351955,3.5,48.45713171863217,396.4053099079724,32
845.7,6,1049.0337572351955,3.5,48.57298089636373,395.51017874139546,32
845.8,6,1049.0337572351955,3.5,48.565768822913505,395.5674171998084,32
845.9,6,1049.0337572351955,3.5,48.57482580884072,395.48982446926055,32
846.0,6,1049.0337572351955,3.5,48.56084633403768,395.60439327415213,32
846.1,6,1049.0337572351955,3.5,48.552701842396054,395.66836875062484,32
846.2,6,1049.0337572351955,3.5,48.536615443360304,395.80049193723386,32
846.3,6,1049.0337572351955,3.5,48.534697787232645,395.8111015353161,32
846.4,6,1049.0337572351955,3.5,48.49984521929309,396.103172416444,32
846.5,6,1049.0337572351955,3.5,48.49845725610446,396.10855357395184,32
846.6,6,1049.0337572351955,3.5,48.4922966505903,396.15392167291077,32
846.7,11,1049.0337572351955,3.5,48.688894399040095,394.4802844715836,32
846.8,11,1049.0337572351955,3.6,48.67126564189067,394.62594783997946,32
846.9,11,1049.0337572351955,3.6,48.67870118304714,394.5604085450982,32
847.0,11,1049.0337572351955,3.6,48.6018570570679,395.4116150700535,32
847.1,8,1049.0337572351955,2.7,48.585347366137,395.54421449145764,32
847.2,8,1049.0337572351955,3.5,48.578438786363684,395.6010785873441,32
847.3,5,1046.5771571727093,3.5,48.56722302965382,395.6929024196328,32
847.4,5,1045.7895161546087,4.5,48.562115377137715,395.72836003371447,32
847.5,5,1045.4026414335633,4.5,48.53796851086919,395.9318812674708,32
847.6,5,1044.6928609949466,4.5,48.53354499155046,395.9618034423611,32
847.7,5,1044.6928609949466,4.5,48.53382390317944,395.9560635492163,32
847.8,5,1044.6928609949466,4.5,48.509704577032366,396.15207726903486,32
847.9,5,1044.6928609949466,4.5,48.28732902400472,398.0794761472571,32
848.0,5,1044.6928609949466,4.5,48.279492144508325,398.1360982001249,32
848.1,5,1044.6928609949466,4.5,48.254664494331635,398.3468848007311,32
848.2,5,1044.6928609949466,4.5,48.384311576714516,397.3343819540022,32
848.3,5,1044.6928609949466,4.5,48.26060276447703,398.3005118323001,32
848.4,5,1044.6928609949466,4.5,48.253638188462254,398.35774302051266,32
848.5,5,1044.6928609949466,4.5,48.25530512347798,398.33463778083444,32
848.6,5,1044.6928609949466,4.5,48.24389247507753,398.4273049711444,32
848.7,5,1044.6928609949466,4.5,48.23559439266458,398.48905248458095,32
848.8,5,1044.6928609949466,4.5,48.22935723769634,398.5301740146133,32
848.9,5,1044.6928609949466,4.5,48.221898715869244,398.58536782052636,32
849.0,5,1044.6928609949466,4.5,48.22600693665824,398.5403952195734,32
849.1,5,1044.6928609949466,4.5,48.222321394745954,398.56216854509665,32
849.2,5,1044.6928609949466,4.5,47.93165780253613,400.997312500737,32
849.3,5,1044.6928609949466,4.5,48.07086876134484,399.75043368320064,32
849.4,5,1044.6928609949466,4.5,48.07454651119148,399.711589812968,32
849.5,5,1044.6928609949466,4.5,48.0755350244145,399.6925537670194,32
849.6,5,1044.6928609949466,4.5,48.06979087475651,399.72995730022086,32
849.7,5,1044.6928609949466,4.5,48.06817677838124,399.73837237303064,32
849.8,5,1044.6928609949466,4.5,48.06142591096247,399.78583454647185,32
849.9,5,1044.6928609949466,4.5,48.056601102089125,399.81796190738004,32
850.0,5,1044.6928609949466,4.5,48.04620210630516,399.89882496691865,32
850.1,5,1044.6928609949466,4.5,47.86769707159887,401.4640954374935,32
850.2,5,1043.830187403897,4.5,47.86530690044664,401.4805114977917,32
850.3,5,1043.830187403897,5.0,47.861892556080335,401.4987401782298,32
850.4,5,1043.830187403897,5.0,47.86195658463967,401.49002678278555,32
850.5,5,1043.830187403897,5.0,47.85992505076425,401.49293392229634,32
850.6,5,1043.830187403897,5.0,47.83975963448208,401.66426808052483,32
850.7,5,1043.830187403897,5.0,47.84582021865546,401.59755260375493,32
850.8,5,1043.830187403897,5.0,47.81998922188225,401.8192773114106,32
850.9,5,1043.830187403897,5.0,47.82712234979557,401.7445287975414,32
851.0,5,1043.830187403897,5.0,47.81848053213001,401.8098029906944,32
851.1,5,1043.830187403897,5.0,47.81019012971174,401.87563832521823,32
851.2,5,1043.830187403897,5.0,47.80238130911976,401.9309143897939,32
851.3,5,1043.830187403897,5.0,47.7915438101556,402.016354569143,32
851.4,5,1043.830187403897,5.0,47.92540092135979,400.82750924914745,32
851.5,5,1043.830187403897,5.0,47.738667905107356,402.4630463903665,32
851.6,5,1043.830187403897,5.0,47.721388804811184,402.6051377645042,32
851.7,5,1043.830187403897,5.0,47.6850994442639,402.91384272732097,32
851.8,5,1043.830187403897,5.0,47.690611589584954,402.85640592982816,32
851.9,5,1043.830187403897,5.0,47.657837955065816,403.13573649321086,32
852.0,5,1043.830187403897,5.0,47.66380466416243,403.07755255058817,32
852.1,5,1043.830187403897,5.0,47.640084069958746,403.2767234081397,32
852.2,5,1043.830187403897,5.0,47.637533236013,403.29866756113336,32
852.3,5,1043.830187403897,5.0,47.621704654504384,403.4380271041907,32
852.4,5,1043.830187403897,5.0,47.62390954924872,403.41465919226033,32
852.5,5,1043.830187403897,5.0,47.58946697384646,403.7200074630832,32
852.6,5,1043.830187403897,5.0,47.596314434939615,403.6631307055135,32
852.7,5,1043.830187403897,5.0,47.59410512808455,403.6803529695396,32
852.8,5,1043.830187403897,5.0,47.57560525997168,403.8454949804087,32
852.9,5,1043.830187403897,5.0,47.56746666208375,403.9175485028593,32
853.0,5,1043.830187403897,5.0,47.556741603142825,404.0106630332438,32
853.1,5,1043.830187403897,5.0,47.54967368932609,404.0722309738064,32
853.2,5,1043.830187403897,5.0,47.60962497148006,403.59652017086034,32
853.3,5,1043.830187403897,5.0,47.59330408413635,403.7408166527855,32
853.4,5,1043.830187403897,5.0,47.59130585037093,403.759535160185,32
853.5,5,1043.830187403897,5.0,47.58278781245833,403.83656204973744,32
853.6,5,1043.830187403897,5.0,47.569733114854955,403.9556256230688,32
853.7,5,1043.830187403897,5.0,47.56715116673409,403.9818003652489,32
853.8,5,1045.9205261268387,5.0,47.55431101323397,404.09662464978715,33
853.9,5,1045.9205261268387,-100.0,47.537342426294565,404.2471068463548,33
854.0,5,1045.058624849852,5.0,47.53055453838523,404.3101300088006,33
854.1,5,1045.058624849852,5.5,47.50473499238214,404.54072540584366,33
854.2,5,1045.058624849852,5.5,47.506867870622344,404.5293110378548,33
854.3,5,1045.058624849852,5.5,47.51184187018343,404.490207753556,33
854.4,5,1045.058624849852,5.5,47.4988921534774,404.615224528639,33
854.5,5,1045.058624849852,5.5,47.49362456535938,404.66398932425847,33
854.6,5,1045.058624849852,5.5,47.49060214893995,404.6350094656018,33
854.7,5,1045.058624849852,5.5,47.54870213575758,404.1229836893499,33
854.8,5,1045.058624849852,5.5,47.54917970159694,404.1335363439762,33
854.9,5,1045.058624849852,5.5,47.569166006530786,403.97604678544076,33
855.0,5,1045.058624849852,5.5,47.57260056041255,403.96817215967457,33
855.1,5,1045.058624849852,5.5,47.577369444762326,403.94637362913124,33
855.2,5,1045.058624849852,5.5,47.59408642904894,403.8190863608427,33
855.3,5,1045.058624849852,5.5,47.61177766646321,403.6838979900499,33
855.4,5,1045.058624849852,5.5,47.62491515349627,403.590932476091,33
855.5,5,1045.058624849852,5.5,47.620008957117605,403.66139005133414,33
855.6,5,1045.058624849852,5.5,47.70621022129967,402.98379798065906,33
855.7,5,1045.058624849852,5.5,47.732564830950324,402.777007275629,33
855.8,5,1045.058624849852,5.5,47.74526252673839,402.694343137951,33
855.9,5,1045.058624849852,5.5,47.75779670174019,402.6163748507116,33
856.0,5,1045.058624849852,5.5,47.78980378695486,402.35786416335156,33
856.1,5,1045.058624849852,5.5,47.80630785430478,402.23816571572945,33
856.2,5,1045.058624849852,5.5,47.838568938986526,401.9812514088459,33
856.3,5,1045.058624849852,5.5,47.870981494667944,401.73318951821784,33
856.4,5,1045.058624849852,5.5,47.88985315594271,401.6024865003668,33
856.5,5,1047.135590536368,5.5,47.92894592438182,401.28767254418574,34
856.6,5,1047.135590536368,-100.0,47.95333732981311,401.1073160659565,34
856.7,5,1047.135590536368,5.5,47.97852314967801,400.9245536769862,34
856.8,5,1047.135590536368,5.5,48.00284604525161,400.7431842143633,34
856.9,5,1046.2748703906104,5.5,48.02962397978545,400.5442774120496,34
857.0,5,1046.2748703906104,6.0,48.04886370386477,400.404103207376,34
857.1,5,1046.2748703906104,6.0,48.07402110248107,400.22190473182786,34
857.2,5,1046.2748703906104,6.0,48.094957327344034,400.0719417691487,34
857.3,5,1046.2748703906104,6.0,48.197609117874435,399.175645933572,34
857.4,5,1046.2748703906104,6.0,48.20562588726818,399.13520973382293,34
857.5,5,1046.2748703906104,6.0,48.23401898194611,398.913933430297,34
857.6,5,1046.2748703906104,6.0,48.243885871988454,398.855403526627,34
857.7,5,1046.2748703906104,6.0,48.244625621683014,398.8808528402217,34
857.8,5,1046.2748703906104,6.0,48.246994594766356,398.8902944552365,34
857.9,5,1046.2748703906104,6.0,48.251258756712986,398.8917593474812,34
858.0,5,1046.2748703906104,6.0,48.27726707778615,398.69522336764885,34
858.1,5,1046.2748703906104,6.0,48.28705107352695,398.6365369728922,34
858.2,5,1046.2748703906104,6.0,48.30854082726188,398.4724824392191,34
858.3,5,1046.2748703906104,6.0,48.38846953878716,397.8850643062653,34
858.4,5,1046.2748703906104,6.0,48.40057096655444,397.80642656873306,34
858.5,5,1046.2748703906104,6.0,48.41810769504279,397.6688311022367,34
858.6,5,1046.2748703906104,6.0,48.431645340805076,397.5730013053088,34
858.7,5,1046.2748703906104,6.0,48.45175678770272,397.42659468392196,34
858.8,5,1046.2748703906104,6.0,48.25585046580012,398.6554000275669,34
858.9,5,1046.2748703906104,5.5,48.27449345276267,398.5127827421552,34
859.0,5,1046.2748703906104,5.5,48.29660957131029,398.3393165642799,34
859.1,5,1046.2748703906104,5.5,48.30792195142525,398.26020069632625,34
859.2,5,1046.2748703906104,5.5,48.35929173301618,397.8568283689086,34
859.3,5,1046.2748703906104,5.5,48.37465524454412,397.7356355771517,34
859.4,5,1046.2748703906104,5.5,48.4010515389785,397.52510241295454,34
859.5,5,1045.4193373787898,5.5,48.38400936130641,398.1571936449244,34
859.6,5,1045.4193373787898,5.5,48.39382698449678,398.0851292809475,34
859.7,5,1045.4193373787898,5.5,48.41883227304096,397.87614389857134,34
859.8,5,1045.4193373787898,5.5,48.439601464424115,397.71501878303025,34
859.9,5,1045.4193373787898,5.5,48.469000428258,397.4814164409447,34
860.0,5,1045.4193373787898,5.5,48.48559675673745,397.3504917344734,34
860.1,5,1045.4193373787898,5.5,48.59163566547217,396.0891097233582,34
860.2,5,1045.4193373787898,5.5,48.605684596978065,395.98607315037043,34
860.3,5,1045.4193373787898,5.5,48.637777663258646,395.7200550010739,34
860.4,5,1045.4193373787898,5.5,48.64651774993959,395.65325437862634,34
860.5,5,1045.4193373787898,5.5,48.67753118630432,395.3833874430069,34
860.6,5,1045.4193373787898,5.5,48.69935789485215,395.2080222799962,34
860.7,5,1045.4193373787898,5.5,48.717684792060595,395.05772628914093,34
860.8,5,1045.4193373787898,5.5,48.72664254558134,394.97351609674536,34
860.9,5,1045.4193373787898,5.5,48.76359971674451,394.6514304095348,34
861.0,5,1045.4193373787898,5.5,48.77760926980073,394.53181592682836,34
861.1,5,1045.4193373787898,5.5,48.79052367889928,394.4195183874772,34
861.2,5,1045.4193373787898,5.5,48.80175195423458,394.32807793275697,34
861.3,5,1045.4193373787898,5.5,48.79866302164271,394.3605246344325,34
861.4,5,1045.4193373787898,5.0,48.816429725017684,394.2027010213582,34
861.5,5,1045.4193373787898,5.0,48.8239946997656,394.1390216777921,34
861.6,5,1045.4193373787898,5.0,48.84206873511456,393.98063683687053,34
861.7,5,1045.4193373787898,5.0,48.84304933986944,393.9693543368611,34
861.8,5,1045.4193373787898,5.0,48.85253311093523,393.8774390805678,34
861.9,5,1045.4193373787898,5.0,48.85566661540037,393.63346271346205,34
862.0,5,1045.4193373787898,5.0,48.864976819615606,393.55422269080356,34
862.1,5,1045.4193373787898,5.0,48.866944638914426,393.5351807410816,34
862.2,5,1045.4193373787898,5.0,48.61987080878456,395.7210336606789,34
862.3,5,1045.4193373787898,5.0,48.62638710246105,395.6609983163057,34
862.4,5,1045.4193373787898,5.0,48.63700250739938,395.5715395425191,34
862.5,5,1045.4193373787898,5.0,48.64410892073385,395.51247047071047,34
862.6,5,1045.4193373787898,5.0,48.662353955773156,395.35782394118536,34
862.7,5,1045.4193373787898,5.0,48.68127190060471,395.19270237006253,34
862.8,5,1045.4193373787898,5.0,48.692410874709594,395.10108311250855,34
862.9,5,1045.4193373787898,5.0,48.713388640760556,394.92273686830333,34
863.0,5,1045.4193373787898,5.0,48.73579787834702,394.7328114872191,34
863.1,5,1045.4193373787898,5.0,48.75951547429523,394.53506577460223,34
863.2,5,1045.4193373787898,5.0,48.83879888726341,393.91489815989405,34
863.3,5,1045.4193373787898,5.0,48.846307329767455,393.86050762620266,34
863.4,5,1045.4193373787898,5.0,48.88892701698934,393.50464238984625,34
863.5,5,1045.4193373787898,5.0,48.90369872956214,393.3824245698524,34
863.6,5,1045.4193373787898,5.0,48.929475597708795,393.16575836561015,34
863.7,5,1045.4193373787898,5.0,48.94273406398275,393.0565178454611,34
863.8,5,1045.4193373787898,5.0,48.95717671536708,392.9317482657483,34
863.9,5,1045.4193373787898,5.0,48.98025906874315,392.7396279989445,34
864.0,5,1045.4193373787898,5.0,49.00356842271028,392.54269159235713,34
864.1,5,1045.4193373787898,5.0,48.831598801135996,393.7999480150959,34
864.2,5,1045.4193373787898,5.0,48.856527696716796,393.5867199604285,34
864.3,5,1045.4193373787898,5.0,48.88559891910836,393.34255661356235,34
864.4,5,1045.4193373787898,5.0,48.90728104196079,393.1650705786687,34
864.5,5,1045.4193373787898,5.0,48.93086767566838,392.9612269374704,34
864.6,5,1045.4193373787898,5.0,48.95003879908373,392.7958742826504,34
864.7,5,1045.4193373787898,5.0,48.970711786788165,392.6252361466264,34
864.8,5,1045.4193373787898,5.0,48.999448641916125,392.38422811460583,34
864.9,5,1045.4193373787898,5.0,49.016977931815184,392.2456343686894,34
865.0,5,1045.4193373787898,5.0,49.043297814243935,392.03179182081686,34
865.1,5,1045.4193373787898,5.0,49.07393471005253,391.77638918200944,34
865.2,8,1045.4193373787898,4.5,49.099385166378596,391.5601652656675,34
865.3,8,1045.4193373787898,4.8999999999999995,49.12645175946647,391.3364841914746,34
865.4,8,1045.4193373787898,4.8999999999999995,49.15180170008843,391.12441812243156,34
865.5,8,1045.4193373787898,4.8999999999999995,49.25668859587922,390.2267933299131,34
865.6,8,1045.4193373787898,4.8999999999999995,49.272913888741115,390.09608699272985,34
865.7,8,1045.4193373787898,4.8999999999999995,49.29302778764465,389.9334161128302,34
865.8,8,1045.4193373787898,4.8999999999999995,49.385300163583,389.231691184166,34
865.9,8,1045.4193373787898,4.8999999999999995,49.405448336735304,389.06679532690737,34
866.0,8,1045.4193373787898,4.8999999999999995,49.43512184833217,388.82778138566323,34
866.1,8,1045.4193373787898,4.8999999999999995,49.457107549502624,388.65149460641,34
866.2,8,1045.4193373787898,4.8999999999999995,49.48136709209606,388.4520918216251,34
866.3,8,1045.4193373787898,4.8999999999999995,49.50586245803966,388.2534829309933,34
866.4,8,1045.4193373787898,4.8999999999999995,49.52907841603205,388.0714295731391,34
866.5,8,1045.4193373787898,4.8999999999999995,49.54957203829886,387.9044975904786,34
866.6,8,1045.4193373787898,4.8999999999999995,49.570792985083386,387.7331564470529,34
866.7,5,1045.4193373787898,4.8999999999999995,49.586296066027884,387.6042445184811,34
866.8,5,1045.4193373787898,4.5,49.59690465899673,387.52701652979385,34
866.9,5,1045.4193373787898,4.5,49.62393096900892,387.3077067765262,34
867.0,8,1045.4193373787898,4.5,49.6430818521968,387.16195045593184,34
867.1,8,1045.4193373787898,4.8999999999999995,49.65924314201487,387.0354568584187,34
867.2,8,1045.4193373787898,4.8999999999999995,49.67974369467869,386.8692809956806,34
867.3,8,1045.4193373787898,4.8999999999999995,49.70020727158551,386.7151379354774,34
867.4,8,1045.4193373787898,4.8999999999999995,49.72398034313653,386.52491432818124,34
867.5,8,1045.4193373787898,4.8999999999999995,49.759746503656295,386.24736065900356,34
867.6,8,1045.4193373787898,4.8999999999999995,49.76681293286796,386.194895630994,34
867.7,8,1045.4193373787898,4.8999999999999995,49.79130051953224,386.0045186283378,34
867.8,8,1045.4193373787898,4.8999999999999995,49.80699589405701,385.88584025700175,34
867.9,8,1045.4193373787898,4.8999999999999995,49.82414618690086,385.750069066946,34
868.0,8,1045.4193373787898,4.8999999999999995,49.84547887692858,385.57836433846313,34
868.1,8,1045.4193373787898,4.8999999999999995,49.85806987902599,385.4859203933521,34
868.2,8,1045.4193373787898,4.8999999999999995,50.015462345739735,384.2572897398036,34
868.3,8,1045.4193373787898,4.8999999999999995,50.02466306813836,384.1807175826316,34
868.4,8,1045.4193373787898,4.8999999999999995,50.03353794389493,384.11874325679844,34
868.5,8,1045.4193373787898,4.8999999999999995,50.04442620682188,384.03533565643977,34
868.6,8,1045.4193373787898,4.8999999999999995,50.06483167540282,383.879957253457,34
868.7,8,1045.4193373787898,4.8999999999999995,50.06649772570734,383.8724001218857,34
868.8,8,1045.4193373787898,4.8999999999999995,50.06182555065997,383.89923126156407,34
868.9,8,1045.4193373787898,4.8999999999999995,50.06585598247709,383.87144424683146,34
869.0,8,1045.4193373787898,4.8999999999999995,50.08505077416713,383.72366372745176,34
869.1,8,1045.4193373787898,4.8999999999999995,50.10208160054347,383.59264505058,34
869.2,8,1045.4193373787898,4.8999999999999995,50.10670891290462,383.5570722540973,34
869.3,8,1045.4193373787898,4.199999999999999,50.11372027689106,383.50527825827294,34
869.4,8,1045.4193373787898,4.199999999999999,50.128774153631845,383.3856268098942,34
869.5,8,1045.4193373787898,4.199999999999999,50.136608613155104,383.3292325267826,34
869.6,8,1045.4193373787898,4.8999999999999995,50.16253299721399,383.1271284698089,34
869.7,8,1045.4193373787898,4.8999999999999995,50.18468636258939,382.95782388409907,34
869.8,8,1045.4193373787898,4.8999999999999995,50.208176906595355,382.77771595853505,34
869.9,8,1045.4193373787898,4.8999999999999995,50.2618193970955,382.392516027138,34
870.0,8,1045.4193373787898,4.8999999999999995,50.28650646143685,382.1970549659402,34
870.1,8,1045.4193373787898,4.8999999999999995,50.300880111736,382.0934296737198,34
870.2,8,1045.4193373787898,4.8999999999999995,50.319319900559506,381.948994765877,34
870.3,8,1045.4193373787898,4.8999999999999995,50.32718061512162,381.8916660940513,34
870.4,8,1045.4193373787898,4.8999999999999995,50.34671877946646,381.73988717388943,34
870.5,8,1045.4193373787898,4.8999999999999995,50.36968705500381,381.56405281818274,34
870.6,8,1045.4193373787898,4.8999999999999995,50.40162743898877,381.321106414895,34
870.7,8,1045.4193373787898,4.8999999999999995,50.425142539191654,381.14125622196593,34
870.8,8,1045.4193373787898,4.8999999999999995,50.44859581557529,380.96094112039225,34
870.9,8,1045.4193373787898,4.8999999999999995,50.48119635914351,380.7067002287073,34
871.0,8,1045.4193373787898,4.8999999999999995,50.49825048176153,380.5815474266086,34
871.1,8,1045.4193373787898,4.8999999999999995,50.5283583642634,380.34908760284077,34
871.2,8,1045.4193373787898,4.8999999999999995,50.556941365510305,380.1341802555264,34
871.3,8,1045.4193373787898,4.8999999999999995,50.53313868706714,380.3294161895332,34
871.4,8,1045.4193373787898,4.8999999999999995,50.54840952761967,380.2131960345544,34
871.5,8,1045.4193373787898,4.8999999999999995,50.570491118208295,380.0429278006405,34
871.6,8,1045.4193373787898,4.8999999999999995,50.59669054494782,379.839632822993,34
871.7,7,1045.947713028154,4.8999999999999995,50.613986058280254,379.7160628186424,34
871.8,7,1045.947713028154,4.8999999999999995,50.6394445787944,379.5246368291299,34
871.9,8,1045.947713028154,4.8999999999999995,50.664176673066294,379.3363300443083,34
872.0,8,1045.947713028154,4.8999999999999995,50.684720087842564,379.1871279871352,34
872.1,7,1045.947713028154,4.199999999999999,50.914493914633475,377.3807825977011,34
872.2,7,1045.947713028154,4.8999999999999995,50.920311814696674,377.3402186034767,34
872.3,7,1045.947713028154,4.8999999999999995,50.93489132017231,377.23604258560835,34
872.4,7,1045.947713028154,4.8999999999999995,50.959195386021456,377.056366434193,34
872.5,7,1045.947713028154,4.8999999999999995,50.9902861593483,376.8465925772965,34
872.6,7,1045.947713028154,4.8999999999999995,51.004826208053316,376.7472211097074,34
872.7,7,1045.947713028154,4.8999999999999995,51.01257832887037,376.69257144235274,34
872.8,7,1045.947713028154,4.8999999999999995,51.030913858695186,376.5597890470258,34
872.9,7,1045.947713028154,4.8999999999999995,51.08318800749316,376.1277965761558,34
873.0,7,1045.947713028154,4.8999999999999995,51.094858964467214,376.0440144427014,34
873.1,7,1045.947713028154,4.8999999999999995,51.11257584030852,375.91322692662806,34
873.2,8,1045.947713028154,4.8999999999999995,51.124560162419726,375.82516791885234,34
873.3,7,1045.947713028154,4.8999999999999995,51.13741924880907,375.7343879008738,34
873.4,7,1045.947713028154,5.6,51.16016875558647,375.5674142340253,34
873.5,7,1045.947713028154,5.6,51.166573526894865,375.5262611450331,34
873.6,7,1045.947713028154,5.6,51.19012421215565,375.3540769536815,34
873.7,7,1045.947713028154,5.6,51.19546623271424,375.3180176262251,34
873.8,7,1045.947713028154,4.8999999999999995,51.21276047708286,375.1928120681001,34
873.9,7,1045.947713028154,4.8999999999999995,51.226392362555316,375.0982704314535,34
874.0,7,1045.947713028154,4.8999999999999995,51.25569962329513,374.883959366614,34
874.1,7,1045.947713028154,4.8999999999999995,51.273756029776195,374.75670391142864,34
874.2,7,1045.947713028154,4.8999999999999995,51.30615476441509,374.52081954897744,34
874.3,7,1045.947713028154,4.8999999999999995,51.39686455455421,373.8333417005497,34
874.4,7,1045.947713028154,5.6,51.41197209940917,373.72852304661774,34
874.5,7,1045.947713028154,5.6,51.43417143735726,373.56915087949096,34
874.6,7,1045.947713028154,5.6,51.4397283398533,373.5323711651922,34
874.7,7,1045.947713028154,5.6,51.45767903532075,373.405089555586,34
874.8,7,1045.947713028154,5.6,51.47956945526728,373.24879861193386,34
874.9,7,1045.947713028154,5.6,51.490495199073735,373.17412739575866,34
875.0,7,1045.947713028154,5.6,51.520784422471976,372.9590454495483,34
875.1,7,1045.947713028154,5.6,51.55248260704207,372.74190765908537,34
875.2,7,1045.947713028154,5.6,51.56941555071651,372.6218466765124,34
875.3,7,1045.947713028154,5.6,51.58252216208304,372.5286202792023,34
875.4,7,1045.947713028154,5.6,51.549626991790845,372.7535790552463,34
875.5,7,1045.947713028154,5.6,51.56712566325809,372.63150687236055,34
875.6,7,1045.947713028154,5.6,51.580761044143856,372.5359025267896,34
875.7,7,1045.947713028154,5.6,51.5996779154212,372.40323130947746,34
875.8,7,1045.947713028154,5.6,51.62732366851187,372.2047619306311,34
875.9,7,1045.947713028154,5.6,51.6399286582643,372.116807486544,34
876.0,7,1045.947713028154,5.6,51.64864161258031,372.0636212658736,34
876.1,7,1045.947713028154,5.6,51.67240069232491,371.895184653612,34
876.2,7,1045.947713028154,5.6,51.68460784142525,371.81117904351765,34
876.3,7,1045.947713028154,5.6,51.68591233333202,371.8051124721861,34
876.4,7,1045.947713028154,5.6,51.71136823009109,371.62530068383836,34
876.5,7,1045.947713028154,5.6,51.65060983013676,372.0336615416719,34
876.6,7,1045.947713028154,5.6,51.65599215631688,372.00081253100166,34
876.7,7,1045.947713028154,5.6,51.671987724479706,371.8867998916557,34
876.8,7,1045.947713028154,5.6,51.719899375775164,371.5364755234512,34
876.9,7,1045.947713028154,4.8999999999999995,51.73636433313375,371.42107405529885,34
877.0,7,1045.947713028154,4.8999999999999995,51.74102929648495,371.3908528507236,34
877.1,7,1045.947713028154,4.8999999999999995,51.75015021651848,371.3287135843355,34
877.2,7,1045.947713028154,4.8999999999999995,51.76845636824979,371.20188183431173,34
877.3,7,1045.947713028154,4.8999999999999995,51.7726494852904,371.179000339134,34
877.4,7,1045.947713028154,4.8999999999999995,51.79435205678797,371.02729976913974,34
877.5,7,1045.947713028154,5.6,51.80204648557728,370.97912381544677,34
877.6,7,1045.947713028154,5.6,51.82610409700051,370.80732706779827,34
877.7,7,1045.947713028154,5.6,51.8443026138759,370.68122680421806,34
877.8,7,1045.947713028154,5.6,51.87756338821066,370.4414397258482,34
877.9,7,1045.947713028154,5.6,51.896956606367795,370.3041255115427,34
878.0,7,1045.947713028154,5.6,51.931751332367384,370.05069838263285,34
878.1,7,1045.947713028154,5.6,51.95591761797949,369.8771028924106,34
878.2,7,1045.947713028154,5.6,51.97957743391564,369.7082619495667,34
878.3,7,1045.947713028154,5.6,51.99604849520249,369.59044236551154,34
878.4,7,1045.947713028154,4.8999999999999995,52.03023322082106,369.3437029074405,34
878.5,7,1045.947713028154,4.8999999999999995,52.053195725903855,369.1765786568094,34
878.6,7,1045.947713028154,4.8999999999999995,52.089547558953804,368.91340533628187,34
878.7,7,1045.947713028154,4.8999999999999995,52.11215608639883,368.753273360315,34
878.8,7,1045.947713028154,5.6,52.14401750581337,368.5225375228474,34
878.9,7,1045.947713028154,5.6,52.16235374051557,368.3967592102125,34
879.0,7,1045.947713028154,5.6,52.19164805577691,368.1918469851573,34
879.1,7,1045.947713028154,5.6,52.22022069706493,367.98913471327205,34
879.2,7,1045.947713028154,5.6,52.26856414379931,367.66238675405685,34
879.3,7,1045.947713028154,5.6,52.30418053725403,367.4091003992131,34
879.4,7,1045.947713028154,5.6,52.33815897352946,367.17107976861564,34
879.5,7,1045.947713028154,5.6,52.36962588461303,366.94747714895357,34
879.6,7,1045.947713028154,5.6,52.38958526890056,366.80780482947495,34
879.7,7,1045.947713028154,5.6,52.42630922087133,366.54865743282494,34
879.8,7,1045.947713028154,5.6,52.445183518263356,366.4190033942069,34
879.9,7,1045.947713028154,5.6,52.4313931020787,366.5304907662627,34
880.0,7,1045.947713028154,5.6,52.46371383948703,366.30330637136666,34
880.1,7,1045.947713028154,5.6,52.51274123690982,365.95654078723396,34
880.2,7,1045.947713028154,5.6,52.53930804642005,365.7679238034873,34
880.3,7,1045.947713028154,5.6,52.580042383301816,365.48433739537006,34
880.4,7,1045.947713028154,5.6,52.5980008806028,365.3616983808293,34
880.5,7,1045.947713028154,5.6,52.61960682181004,365.21059799925354,34
880.6,7,1045.947713028154,5.6,52.65680369868283,364.946577079293,34
880.7,7,1045.947713028154,5.6,52.67676797131967,364.80991559800304,34
880.8,7,1045.947713028154,5.6,52.70745537258868,364.5948236484693,34
880.9,7,1045.947713028154,5.6,52.73344628794909,364.4139572603081,34
881.0,7,1045.947713028154,6.3,52.596246888500914,365.2998394765002,34
881.1,7,1045.947713028154,5.6,52.62727812595737,365.08167837549183,34
881.2,7,1045.947713028154,5.6,52.635434756707575,365.031200692343,34
881.3,7,1045.947713028154,5.6,52.660344011714855,364.8562499875021,34
881.4,7,1045.947713028154,5.6,52.688449573488825,364.65939027350055,34
881.5,7,1045.947713028154,5.6,52.66996434779354,364.8035093196884,34
881.6,7,1045.947713028154,5.6,52.69366001172402,364.63808231262254,34
881.7,7,1045.947713028154,5.6,52.715520563153675,364.48551396646224,34
881.8,7,1045.947713028154,5.6,52.754221899161806,364.22242911910405,34
881.9,7,1045.947713028154,5.6,52.77372727945584,364.08818525716873,34
882.0,7,1045.947713028154,5.6,52.79896218597408,363.91076920049835,34
882.1,7,1045.947713028154,5.6,52.8288055209723,363.70485185765733,34
882.2,7,1045.947713028154,5.6,52.860067015097975,363.48639274422703,34
882.3,7,1045.947713028154,5.6,52.89665807192051,363.2311243674602,34
882.4,7,1045.947713028154,6.3,52.9186102387886,363.0799280746112,34
882.5,7,1045.947713028154,6.3,52.944677318327074,362.89861265653866,34
882.6,7,1045.947713028154,6.3,52.9703963065385,362.7190111378368,34
882.7,7,1045.947713028154,5.6,53.00937952841826,362.44372468207564,34
882.8,7,1045.947713028154,5.6,53.02171548033867,362.3598726818469,34
882.9,7,1045.947713028154,5.6,53.05370449083182,362.1364239167756,34
883.0,7,1045.947713028154,5.6,52.95279090102767,362.78509748152464,34
883.1,7,1045.947713028154,5.6,52.976171594003716,362.62540367868144,34
883.2,7,1045.947713028154,5.6,53.00349663479132,362.4359071863838,34
883.3,7,1045.947713028154,5.6,53.031690686109265,362.2401815818487,34
883.4,7,1045.947713028154,5.6,53.04380799683301,362.15616900018074,34
883.5,7,1045.947713028154,5.6,53.07821662962198,361.9191829045172,34
883.6,7,1045.947713028154,5.6,53.11963461422327,361.6320883556955,34
883.7,7,1045.947713028154,5.6,53.137241511289574,361.51119216701306,34
883.8,7,1045.947713028154,5.6,53.17944945202133,361.21715514146246,34
883.9,7,1045.947713028154,5.6,53.201573410064725,361.0707491916745,34
884.0,7,1045.947713028154,5.6,53.14300198229037,361.495781928226,34
884.1,7,1045.947713028154,5.6,53.17086452997349,361.30448838173254,34
884.2,7,1045.947713028154,5.6,53.199583582919914,361.1073850362431,34
884.3,7,1045.947713028154,5.6,53.22377522962395,360.9432756017718,34
884.4,7,1045.947713028154,5.6,53.25733712873086,360.71393458228334,34
884.5,7,1045.947713028154,5.6,53.28676056926804,360.5127925263557,34
884.6,7,1045.947713028154,5.6,53.29352252490774,360.4692757649882,34
884.7,7,1045.947713028154,5.6,53.32434121120538,360.25855276486175,34
884.8,7,1045.947713028154,5.6,53.26785411434818,360.66621226292386,34
884.9,7,1045.947713028154,5.6,53.31490591456002,360.35055499562554,34
885.0,7,1045.947713028154,5.6,53.333335361440135,360.2260788693429,34
885.1,7,1045.947713028154,5.6,53.36518261373837,360.0085136491641,34
885.2,7,1045.947713028154,5.6,53.39823319795086,359.7806951033823,34
885.3,8,1046.3830029426422,4.8999999999999995,53.418856847706714,359.6400708975199,34
885.4,8,1046.6292748578576,4.8999999999999995,53.339466859764784,360.2124938087465,34
885.5,8,1046.6739755305439,4.8999999999999995,53.377084974117366,359.95451922412286,34
885.6,8,1046.6739755305439,4.8999999999999995,53.40058657610108,359.7935125723953,34
885.7,8,1046.6739755305439,4.8999999999999995,53.428373327478326,359.60579659548307,34
885.8,8,1046.6739755305439,4.8999999999999995,53.447655038720185,359.4791822911708,34
885.9,8,1046.6739755305439,4.8999999999999995,53.38693538588568,359.8548372429941,34
886.0,7,1046.6739755305439,4.199999999999999,53.407675728882765,359.7170177417345,34
886.1,7,1046.6739755305439,4.8999999999999995,53.433808649325904,359.5420038711147,34
886.2,7,1046.6739755305439,4.8999999999999995,53.44918318107261,359.43427284355016,34
886.3,7,1046.6739755305439,4.8999999999999995,53.468560431050776,359.3075369863306,34
886.4,7,1046.6739755305439,4.8999999999999995,53.48104085188169,359.22290819750117,34
886.5,7,1046.6739755305439,4.8999999999999995,53.508164735805245,359.0389111984305,34
886.6,7,1046.6739755305439,4.8999999999999995,53.520405821994316,358.95806188517315,34
886.7,7,1046.6739755305439,4.8999999999999995,53.54028449277166,358.8224310816928,34
886.8,7,1046.6739755305439,4.8999999999999995,53.55440990136631,358.7276919805314,34
886.9,7,1046.6739755305439,4.8999999999999995,53.58215982932993,358.5412311634478,34
887.0,7,1046.6739755305439,4.8999999999999995,53.599372564986226,358.42716047925376,34
887.1,7,1046.6739755305439,4.8999999999999995,53.46538435414291,359.38169772697233,34
887.2,9,1046.6739755305439,4.199999999999999,53.493826112287,359.18440692335014,34
887.3,9,1046.6739755305439,4.800000000000001,53.504437399384024,359.11903310702985,34
887.4,9,1046.6739755305439,4.800000000000001,53.42910974008845,359.58872283488046,34
887.5,9,1046.6739755305439,4.800000000000001,53.45891231293169,359.3979043455365,34
887.6,9,1046.6739755305439,4.0,53.46700613414383,359.3464559824139,34
887.7,9,1046.6739755305439,4.0,53.50654067876068,359.0826336109741,34
887.8,9,1046.6739755305439,4.0,53.53119477922594,358.9196388864986,34
887.9,8,1046.6739755305439,4.0,53.559598537138214,358.72897222997403,34
888.0,9,1046.6739755305439,4.199999999999999,53.58787113399872,358.54260812124994,34
888.1,9,1046.6739755305439,4.0,53.61282615774097,358.3812194592563,34
888.2,9,1046.6739755305439,4.0,53.647313188262906,358.14926227581515,34
888.3,9,1046.6739755305439,4.0,53.66723910700175,358.0176142255639,34
888.4,8,1046.6739755305439,4.0,53.69390061093398,357.84242216468357,34
888.5,8,1046.6739755305439,4.199999999999999,53.59705087081318,358.44185392124496,34
888.6,9,1046.6739755305439,3.5,53.61239457489654,358.3450527568667,34
888.7,9,1046.6739755305439,4.0,53.60151810919557,358.42534115163323,34
888.8,9,1046.6739755305439,4.0,53.614243687239025,358.34742420991756,34
888.9,9,1046.6739755305439,4.0,53.624850292253,358.2780465505048,34
889.0,9,1046.6739755305439,4.800000000000001,53.640140556754815,358.1831616938724,34
889.1,10,1046.6739755305439,4.0,53.64866154553688,358.1321513092573,34
889.2,6,1043.644679504892,4.0,53.664723581038935,358.02977180972954,34
889.3,6,1043.425205210516,3.5,53.68749021201206,357.88309840498346,34
889.4,6,1043.425205210516,3.5,53.704011990233624,357.7801304219963,34
889.5,6,1043.425205210516,3.5,53.583886442735945,358.6409324552226,34
889.6,6,1043.425205210516,3.5,53.59742977288715,358.5578342571206,34
889.7,6,1043.425205210516,3.5,53.60697491448466,358.4994235831221,34
889.8,9,1043.425205210516,3.0,53.6189766084625,358.42679796931867,34
889.9,9,1043.425205210516,4.800000000000001,53.64167929709829,358.287170989356,34
890.0,9,1043.425205210516,4.800000000000001,53.65797971678744,358.18665352815884,34
890.1,9,1043.425205210516,4.800000000000001,53.672992454114365,358.0883241123345,34
890.2,9,1043.425205210516,4.800000000000001,53.688602401552856,357.9959152280253,34
890.3,9,1043.425205210516,4.800000000000001,53.71722901314435,357.80842782332314,34
890.4,9,1043.425205210516,4.800000000000001,53.721984576776805,357.7834945371841,34
890.5,9,1043.425205210516,4.800000000000001,53.75218886096535,357.58873197022285,34
890.6,9,1043.425205210516,4.800000000000001,53.75612981265016,357.57184328033895,34
890.7,9,1043.425205210516,4.800000000000001,53.689605605432874,358.0650420267954,34
890.8,9,1043.425205210516,4.800000000000001,53.6876204039634,358.093226412797,34
890.9,9,1043.425205210516,4.800000000000001,53.724184953926176,357.8509753103631,34
891.0,9,1043.425205210516,4.800000000000001,53.74628423490678,357.71032552544824,34
891.1,9,1043.425205210516,4.800000000000001,53.765370185845086,357.5898969937634,34
891.2,9,1043.425205210516,4.800000000000001,53.779836866584475,357.5057234196107,34
891.3,9,1043.425205210516,4.800000000000001,53.80751097901744,357.32248801582466,34
891.4,9,1043.425205210516,4.800000000000001,53.82543934336596,357.2150304687576,34
891.5,9,1043.425205210516,4.800000000000001,53.85389421757096,357.02684959241,34
891.6,9,1043.425205210516,4.800000000000001,53.87568263765558,356.8914892671364,34
891.7,9,1043.425205210516,4.800000000000001,53.90223871987149,356.7143795483179,34
891.8,9,1043.425205210516,4.800000000000001,53.90807586630643,356.6886471602702,34
891.9,9,1043.425205210516,4.800000000000001,53.92632169080712,356.56816762780045,34
892.0,9,1043.425205210516,4.800000000000001,53.92838140889097,356.5642667096356,34
892.1,9,1043.425205210516,4.800000000000001,53.97502905623652,356.2438290389516,34
892.2,9,1043.425205210516,4.800000000000001,53.985115018520105,356.18248564161115,34
892.3,9,1043.425205210516,4.800000000000001,53.864383533257666,357.05330410802003,34
892.4,10,1043.425205210516,4.0,53.8698336004893,357.028137351876,34
892.5,10,1043.425205210516,4.800000000000001,53.891570198673605,356.8916727591087,34
892.6,9,1043.425205210516,4.800000000000001,53.76128380485867,357.6885504336522,34
892.7,9,1043.425205210516,4.0,53.77844223249691,357.5754174072882,34
892.8,9,1043.425205210516,4.0,53.789356552672544,357.5056925841852,34
892.9,9,1043.425205210516,4.800000000000001,53.80034470782493,357.4384390975635,34
893.0,9,1043.425205210516,4.800000000000001,53.81565780557449,357.3393576858831,34
893.1,9,1043.425205210516,4.800000000000001,53.831368064003506,357.2405216355568,34
893.2,9,1043.425205210516,4.800000000000001,53.845775277104266,357.146084799278,34
893.3,9,1043.425205210516,4.800000000000001,53.860403033293935,357.0527300451405,34
893.4,9,1043.425205210516,4.800000000000001,53.88502727160044,356.886061730924,34
893.5,9,1043.425205210516,4.800000000000001,53.89072688873834,356.85397564744676,34
893.6,9,1043.425205210516,4.800000000000001,53.903719325702085,356.7696551484293,34
893.7,9,1043.425205210516,4.800000000000001,53.92384002587546,356.63758884519524,34
893.8,9,1043.425205210516,4.800000000000001,53.936482721279845,356.5571889832176,34
893.9,9,1043.425205210516,4.800000000000001,53.96641378464062,356.35770499688135,34
894.0,9,1043.425205210516,4.800000000000001,54.0267722113404,355.93053152913075,34
894.1,9,1043.425205210516,4.0,54.039423774386265,355.8552961752092,34
894.2,9,1043.425205210516,4.0,53.92383188088128,356.69510273225086,34
894.3,9,1043.425205210516,4.0,53.926090514087356,356.68799295927977,34
894.4,9,1043.425205210516,4.0,53.929789582949894,356.6673891026918,34
894.5,9,1043.425205210516,4.0,53.949977298962466,356.531875552354,34
894.6,9,1043.425205210516,4.0,53.95045449599999,356.53254585350385,34
894.7,12,1043.425205210516,4.0,53.851481724405815,357.1321755744441,34
894.8,12,1043.425205210516,5.4,53.85468045236533,357.11460924440973,34
894.9,12,1043.425205210516,5.4,53.87321908361449,357.0002154174526,34
895.0,12,1043.425205210516,5.4,53.82126965758299,357.3882462338101,34
895.1,12,1043.425205210516,5.4,53.837891204878545,357.2845669510843,34
895.2,12,1043.425205210516,5.4,53.85228646603119,357.1988458172292,34
895.3,12,1043.425205210516,5.4,53.862054843102854,357.14135967457,34
895.4,12,1043.425205210516,5.4,53.85783161256666,357.1817306106618,34
895.5,12,1043.425205210516,5.4,53.86844725991209,357.1235391563672,34
895.6,12,1043.425205210516,5.4,53.87748647853478,357.0721930551466,34
895.7,12,1043.425205210516,5.4,53.879808456226044,357.06990695695254,34
895.8,12,1043.425205210516,5.4,53.881650514535174,357.07289592046925,34
895.9,12,1043.425205210516,5.4,53.906827475733294,356.90833449139143,34
896.0,9,1043.425205210516,4.5,53.91030689545224,356.89218347275096,34
896.1,9,1043.425205210516,4.0,53.91592838243295,356.8699263932848,34
896.2,9,1043.425205210516,4.0,53.927013061024155,356.803072570641,34
896.3,9,1043.425205210516,4.800000000000001,53.8395812777363,357.34157883860615,34
896.4,9,1043.425205210516,4.800000000000001,53.845255642002705,357.3136355414992,34
896.5,9,1043.425205210516,4.800000000000001,53.85744547137139,357.2476349636696,34
896.6,9,1043.425205210516,4.800000000000001,53.874634108574256,357.14097260398495,34
896.7,9,1043.425205210516,4.800000000000001,53.87672880040601,357.1402808634755,34
896.8,9,1043.425205210516,4.800000000000001,53.895946878244644,357.0126218670225,34
896.9,9,1043.425205210516,4.800000000000001,53.892163182185314,357.0493028671044,34
897.0,10,1043.425205210516,4.800000000000001,53.90819149642669,356.94956775012275,34
897.1,10,1043.425205210516,4.800000000000001,53.97189021417331,356.55962322372443,34
897.2,10,1043.425205210516,4.800000000000001,53.98102351459162,356.5075700948714,34
897.3,10,1043.425205210516,4.800000000000001,53.983650251861306,356.501702724505,34
897.4,10,1043.425205210516,4.800000000000001,53.98814362040201,356.4842116727945,34
897.5,9,1043.425205210516,4.800000000000001,54.012950426475,356.31979793783796,34
897.6,10,1043.425205210516,4.800000000000001,54.02096907337402,356.2744047893696,34
897.7,10,1043.425205210516,4.800000000000001,53.94428930952889,356.73100832829675,34
897.8,12,1043.425205210516,4.0,53.94792924626694,356.7124510873174,34
897.9,12,1043.425205210516,4.5,53.96223409710444,356.6250073572377,34
898.0,12,1043.425205210516,4.5,53.97873772035692,356.51923341761415,34
898.1,12,1043.425205210516,4.5,54.00369883827875,356.35120446118833,34
898.2,12,1043.425205210516,4.5,54.00974419235901,356.32879561535856,34
898.3,12,1043.425205210516,4.5,54.02618826813953,356.22258186758336,34
898.4,9,1043.425205210516,3.6,54.04019249809696,356.13575894561814,34
898.5,9,1043.425205210516,4.800000000000001,54.060755096583634,355.9992719086286,34
898.6,10,1043.425205210516,4.800000000000001,54.07168277349926,355.9313969000202,34
898.7,10,1043.425205210516,4.800000000000001,54.087532787998114,355.82966628278575,34
898.8,10,1043.425205210516,4.800000000000001,54.002131885300756,356.33599957162306,34
898.9,10,1043.425205210516,4.800000000000001,54.02434909480222,356.18956739248495,34
899.0,10,1043.425205210516,4.800000000000001,54.03890739578469,356.09780551334586,34
899.1,10,1043.425205210516,4.800000000000001,54.03970126753151,356.09347496469366,34
899.2,10,1043.425205210516,4.800000000000001,54.04702137100386,356.0442669469754,34
899.3,10,1043.425205210516,4.800000000000001,54.002669046373036,356.3752103039351,34
899.4,10,1043.425205210516,4.800000000000001,54.05969655415483,356.02203864621004,34
899.5,10,1043.425205210516,4.800000000000001,54.07374624204793,355.92683065975496,34
899.6,10,1043.425205210516,4.800000000000001,54.07423641905917,355.921888302734,34
899.7,10,1043.425205210516,4.800000000000001,54.07695960483279,355.90447115205745,34
899.8,10,1043.425205210516,4.800000000000001,54.093196074619186,355.79052190939103,34
899.9,10,1043.425205210516,4.800000000000001,54.09374298109354,355.7879809089827,34
900.0,10,1043.425205210516,5.6000000000000005,54.11382938105948,355.6473852381943,34
900.1,10,1043.425205210516,5.6000000000000005,54.11074281106623,355.6775327995757,34
900.2,10,1043.425205210516,5.6000000000000005,54.131866482965606,355.32019055163516,34
900.3,10,1043.425205210516,5.6000000000000005,54.12523743542142,355.364052251046,34
900.4,10,1043.425205210516,5.6000000000000005,54.12851218479719,355.3392748208224,34
900.5,10,1043.425205210516,5.6000000000000005,54.1255509878942,355.3586256806336,34
900.6,10,1043.425205210516,5.6000000000000005,54.1300951324193,355.3297095382849,34
900.7,10,1043.425205210516,5.6000000000000005,54.14802130288352,355.1978924530308,34
900.8,10,1043.425205210516,4.800000000000001,54.14763327918836,355.2030460126225,34
900.9,10,1043.425205210516,4.800000000000001,54.15077708586709,355.17558906055433,34
901.0,10,1043.425205210516,4.800000000000001,54.1552435487455,355.1433404019698,34
901.1,10,1043.425205210516,4.800000000000001,54.17090617917309,355.0371400973245,34
901.2,10,1043.425205210516,4.800000000000001,54.05660464924572,355.7179395862572,34
901.3,11,1043.425205210516,4.800000000000001,54.060739233671725,355.68937452885564,34
901.4,11,1043.425205210516,4.5,54.06488535618472,355.6645543865433,34
901.5,11,1043.425205210516,4.5,54.04124601113736,355.8332483583621,34
901.6,12,1043.425205210516,4.5,54.05473019625643,355.7292752748971,34
901.7,12,1043.425205210516,4.5,54.06240247414155,355.67958386280156,34
901.8,12,1043.425205210516,5.4,54.11743899429273,355.3383771184843,34
901.9,12,1043.425205210516,5.4,54.13131945965423,355.242522400303,34
902.0,12,1043.425205210516,5.4,54.15364079504097,355.08477079378383,34
902.1,12,1043.425205210516,5.4,54.16281566982151,355.0227035908101,34
902.2,12,1043.425205210516,5.4,54.166133984501954,354.9997662225585,34
902.3,12,1043.425205210516,5.4,54.18468932574271,354.8741849223855,34
902.4,12,1043.425205210516,5.4,54.19777130941638,354.78039432265814,34
902.5,12,1043.425205210516,5.4,54.19713316618624,354.78796476579174,34
902.6,12,1043.425205210516,5.4,54.21219290228465,354.67937606703356,34
902.7,12,1043.425205210516,5.4,54.21323502036778,354.67804226537226,34
902.8,12,1043.425205210516,5.4,54.223372849577146,354.6076687904801,34
902.9,12,1043.425205210516,5.4,54.25092807703004,354.4170255672253,34
903.0,12,1043.425205210516,5.4,54.1208118140007,355.20173582727034,34
903.1,12,1043.425205210516,5.4,54.11828334768726,355.2215367603128,34
903.2,12,1043.425205210516,5.4,54.128815439939814,355.1511158275845,34
903.3,12,1043.425205210516,5.4,54.144193280572736,355.0461065371726,34
903.4,12,1043.425205210516,4.5,54.08941291073192,355.43817997699637,34
903.5,12,1043.425205210516,4.5,54.10757476435028,355.31146740903966,34
903.6,12,1043.425205210516,4.5,54.117125221661766,355.25016659853225,34
903.7,12,1043.425205210516,4.5,54.138269165061416,355.10897565912654,34
903.8,12,1043.425205210516,4.5,54.14700194004749,355.04743920069825,34
903.9,9,1043.425205210516,4.5,54.154313880576126,355.0016260631533,34
904.0,12,1043.425205210516,3.2,54.178833955122386,354.8341397898648,34
904.1,12,1043.425205210516,4.5,54.22441372393686,354.55000687713556,34
904.2,9,1043.425205210516,3.6,54.36822645880029,353.5494018980012,34
904.3,9,1043.425205210516,3.2,54.38134384504856,353.46368764404986,34
904.4,9,1043.425205210516,3.2,54.38412154034562,353.4464092513135,34
904.5,9,1043.425205210516,3.2,54.399361456488904,353.34707189015216,34
904.6,9,1043.425205210516,3.2,54.40257774702059,353.3286818278965,34
904.7,11,1043.425205210516,2.4000000000000004,54.41754183875472,353.22741081571985,34
904.8,11,1043.425205210516,3.6,54.42478813247706,353.181381273428,34
904.9,8,1043.425205210516,3.6,54.436792120652896,353.10005657218903,34
905.0,8,1043.425205210516,4.199999999999999,54.45417063529395,352.98780219075013,34
905.1,8,1043.425205210516,4.199999999999999,54.4704294938914,352.88167684908024,34
905.2,8,1043.425205210516,4.199999999999999,54.40174689948434,353.36493347295044,34
905.3,7,1044.4213420738354,4.199999999999999,54.40242620092705,353.36009806941377,34
905.4,8,1044.4213420738354,4.199999999999999,54.40490713506901,353.3409073125421,34
905.5,8,1044.4213420738354,4.199999999999999,54.41259267499367,353.2893053871395,34
905.6,8,1044.4213420738354,4.199999999999999,54.42402360385781,353.199669578294,34
905.7,11,1044.4213420738354,4.199999999999999,54.42426136434648,353.1997803302361,34
905.8,11,1044.4213420738354,4.5,54.43929552809298,353.09324841378543,34
905.9,11,1044.4213420738354,4.5,54.43654016843359,353.1063033934456,34
906.0,11,1044.4213420738354,4.5,54.43646904313715,353.10298714329787,34
906.1,11,1044.4213420738354,4.5,54.44911523033598,353.01213368748165,34
906.2,11,1044.4213420738354,4.5,54.45361272530759,352.98037067251045,34
906.3,11,1044.4213420738354,4.5,54.305844670580136,353.87742673260846,34
906.4,11,1044.4213420738354,4.5,54.32133585692027,353.7679567387832,34
906.5,11,1044.4213420738354,4.5,54.31277264371384,353.8224782481933,34
906.6,11,1044.4213420738354,4.5,54.33713394111892,353.65598331107765,34
906.7,11,1044.4213420738354,4.5,54.348874667902095,353.58703029253286,34
906.8,11,1044.4213420738354,4.5,54.35530035152446,353.54141903174514,34
906.9,8,1044.4213420738354,3.6,54.344751659862276,353.61049727121497,34
907.0,8,1044.4213420738354,4.199999999999999,54.36269722391367,353.479501665831,34
907.1,8,1044.4213420738354,4.199999999999999,54.264940408553784,354.05477111456605,34
907.2,8,1044.4213420738354,4.199999999999999,54.265070978273336,354.05014961245763,34
907.3,8,1044.4213420738354,4.199999999999999,54.107679020343554,355.13300557363607,34
907.4,8,1044.4213420738354,4.199999999999999,54.09448756361143,355.2196680447785,34
907.5,8,1044.4213420738354,4.199999999999999,54.075032131154074,355.3473214919856,34
907.6,8,1044.4213420738354,4.199999999999999,54.06390508302631,355.4161168598132,34
907.7,8,1044.4213420738354,4.199999999999999,54.03418654580484,355.61604355104555,34
907.8,8,1044.4213420738354,4.199999999999999,54.01867374788849,355.7134583479083,34
907.9,8,1044.4213420738354,4.199999999999999,54.00410635136477,355.8115086568891,34
908.0,8,1044.4213420738354,4.199999999999999,53.989132941879134,355.9077897447106,34
908.1,8,1044.4213420738354,4.199999999999999,53.97243424809066,356.0212382008584,34
908.2,8,1044.4213420738354,4.199999999999999,53.97174219218708,356.01558218606624,34
908.3,8,1044.4213420738354,4.199999999999999,53.929688800322026,356.2944720332078,34
908.4,8,1044.4213420738354,4.199999999999999,53.904198877165335,356.4624610291206,34
908.5,8,1044.4213420738354,4.199999999999999,53.89888778162425,356.49309321191845,34
908.6,11,1044.4213420738354,4.199999999999999,53.89445311589381,356.5176518741984,34
908.7,11,1044.4213420738354,4.5,53.88073815343367,356.6012852664323,34
908.8,8,1044.4213420738354,3.6,53.87723717325308,356.6200610199729,34
908.9,8,1044.4213420738354,4.199999999999999,53.880163692857806,356.59222324749453,34
909.0,8,1044.4213420738354,4.199999999999999,53.87460358163808,356.62413597202544,34
909.1,8,1044.4213420738354,4.199999999999999,53.8773345200631,356.6086937608585,34
909.2,8,1044.4213420738354,4.199999999999999,53.87355180068688,356.62743468334247,34
909.3,8,1044.4213420738354,4.199999999999999,53.726805084972995,357.64262810809095,34
909.4,8,1044.4213420738354,4.199999999999999,53.70330873341385,357.79061332434685,34
909.5,8,1044.4213420738354,4.199999999999999,53.59656413134488,358.4490771142929,34
909.6,8,1044.4213420738354,4.199999999999999,53.57948873901874,358.55678001937173,34
909.7,8,1044.4213420738354,4.199999999999999,53.56461388471294,358.6483801616222,34
909.8,8,1044.4213420738354,4.199999999999999,53.54898221219936,358.7441980534163,34
909.9,8,1044.4213420738354,4.199999999999999,53.547068971652095,358.74727337858997,34
910.0,8,1044.4213420738354,4.199999999999999,53.526605990622414,358.87630794192364,34
910.1,8,1044.4213420738354,4.199999999999999,53.50144191339156,359.0433774083863,34
910.2,8,1044.4213420738354,4.199999999999999,53.48957121898475,359.1151552024892,34
910.3,8,1044.4213420738354,4.199999999999999,53.476370668018966,359.1970672340885,34
910.4,8,1044.4213420738354,4.199999999999999,53.458959556177135,359.3130534592751,34
910.5,8,1044.4213420738354,4.199999999999999,53.3699248716959,359.9176263024289,34
910.6,12,1044.4213420738354,4.199999999999999,53.345020210530905,360.0842138256536,34
910.7,12,1044.4213420738354,5.4,53.31712021336362,360.27536316974516,34
910.8,12,1044.4213420738354,5.4,53.267939485932814,360.61419117417125,34
910.9,12,1044.4213420738354,5.4,53.24051627090199,360.79818751116954,34
911.0,8,1044.4213420738354,5.4,53.194236502090334,361.11511561586985,34
911.1,8,1044.4213420738354,4.8999999999999995,53.17034576921984,361.27866544519065,34
911.2,8,1044.4213420738354,4.8999999999999995,53.146675108731195,361.4385911900731,34
911.3,8,1044.4213420738354,4.8999999999999995,53.12046226826915,361.61302970347845,34
911.4,8,1044.4213420738354,4.8999999999999995,53.100393163052274,361.74738082764213,34
911.5,8,1044.4213420738354,4.8999999999999995,53.087837930128075,361.826209643345,34
911.6,8,1044.4213420738354,4.8999999999999995,53.059773708393465,362.01456798760364,34
911.7,8,1044.4213420738354,4.8999999999999995,53.049865637445905,362.07714295503865,34
911.8,8,1044.4213420738354,4.8999999999999995,53.020878775388425,362.2746969512745,34
911.9,8,1044.4213420738354,4.8999999999999995,53.01843546487623,362.28288180010827,34
912.0,8,1044.4213420738354,4.8999999999999995,52.992084908903706,362.46182781869993,34
912.1,8,1044.4213420738354,4.199999999999999,52.84112987015211,363.46551433133857,34
912.2,8,1044.4213420738354,4.199999999999999,52.82248498852746,363.58604799405356,34
912.3,8,1044.4213420738354,4.199999999999999,52.80134999750757,363.73015689616386,34
912.4,8,1044.4213420738354,4.199999999999999,52.80626571296894,363.6883898896166,34
912.5,8,1044.4213420738354,4.199999999999999,52.79112051541178,363.79117686504236,34
912.6,8,1044.4213420738354,4.199999999999999,52.783650318562394,363.8376855790662,34
912.7,8,1044.4213420738354,4.199999999999999,52.751848747817114,364.0566904543367,34
912.8,8,1044.4213420738354,4.199999999999999,52.74112726640017,364.1250182698839,34
912.9,8,1044.4213420738354,4.199999999999999,52.49020440985096,365.91861961170923,34
913.0,8,1044.4213420738354,4.199999999999999,52.46309081787498,366.10756286151786,34
913.1,8,1044.4213420738354,4.199999999999999,52.44791470114213,366.2079211770618,34
913.2,8,1044.4213420738354,4.199999999999999,52.42229208171186,366.38486766382823,34
913.3,12,1044.4213420738354,3.5,52.38448006518889,366.6519801556572,34
913.4,12,1044.4213420738354,4.5,52.37239660951016,366.7331759473567,34
913.5,12,1044.4213420738354,4.5,52.19142552809696,367.9651062522313,34
913.6,12,1044.4213420738354,4.5,52.18264836348773,368.02277926389553,34
913.7,12,1044.4213420738354,4.5,52.167213535460064,368.12709225997,34
913.8,7,1045.0863030192709,4.5,52.142307879775146,368.3002483861069,34
913.9,8,1045.001992870801,4.199999999999999,52.15675838030599,368.1952422265739,34
914.0,8,1045.001992870801,4.199999999999999,52.15065920013845,368.2423922356612,34
914.1,8,1045.001992870801,4.199999999999999,52.16976342324964,368.1045468992612,34
914.2,8,1045.001992870801,4.199999999999999,52.16613915906413,368.13264980090423,34
914.3,8,1045.001992870801,4.199999999999999,52.178317021586835,368.04604432886197,34
914.4,8,1045.001992870801,4.199999999999999,52.174756189143864,368.07304745804447,34
914.5,8,1045.001992870801,4.199999999999999,51.99130036701973,369.41676503737835,34
914.6,8,1045.001992870801,4.199999999999999,51.948916989369856,369.7316156535927,34
914.7,8,1045.001992870801,4.199999999999999,51.94548116230028,369.7579835977134,34
914.8,8,1045.001992870801,4.199999999999999,51.95886123944433,369.663924686424,34
914.9,8,1045.001992870801,4.199999999999999,51.97773607149212,369.52809259133153,34
915.0,8,1045.001992870801,4.199999999999999,51.839563512099815,370.47636370499845,34
915.1,8,1045.001992870801,4.199999999999999,51.84690206894169,370.4218172006713,34
915.2,8,1045.001992870801,4.199999999999999,51.8554492736008,370.3578094932395,34
915.3,8,1045.001992870801,4.199999999999999,51.85539499969755,370.3561763557105,34
915.4,8,1045.001992870801,4.199999999999999,51.850821534164936,370.38910140877636,34
915.5,7,1045.1756035848375,3.5,51.85288214439538,370.36845186249354,34
915.6,7,1045.1756035848375,4.8999999999999995,51.84609853777551,370.4181634161167,34
915.7,7,1045.1756035848375,4.8999999999999995,51.861116085909956,370.30471831351633,34
915.8,7,1045.1756035848375,4.199999999999999,51.85253755718286,370.36707543987916,34
915.9,7,1045.1756035848375,4.199999999999999,51.86803946254304,370.2258826041383,34
916.0,7,1045.1756035848375,4.8999999999999995,51.85984466534397,370.28302205422773,34
916.1,7,1045.1756035848375,4.8999999999999995,51.871929917771325,370.1936120123245,34
916.2,7,1045.1756035848375,4.8999999999999995,51.86514030207621,370.2431872662143,34
916.3,7,1045.1756035848375,4.8999999999999995,51.860669719275755,370.2725464428237,34
916.4,7,1045.1756035848375,4.8999999999999995,51.84095701273152,370.4139448161227,34
916.5,7,1045.1756035848375,4.8999999999999995,51.84111569224048,370.4113782685712,34
916.6,7,1045.1756035848375,4.8999999999999995,51.84207179694984,370.40359839650284,34
916.7,7,1045.1756035848375,4.8999999999999995,51.84748562432114,370.36686553474146,34
916.8,7,1045.1756035848375,4.8999999999999995,51.86559650185052,370.23586294213544,34
916.9,7,1045.1756035848375,4.8999999999999995,51.87448496597206,370.17162963573963,34
917.0,7,1045.1756035848375,4.8999999999999995,51.91809175797373,369.8667422548273,34
917.1,7,1045.1756035848375,4.8999999999999995,51.79342906464028,370.7351972875984,34
917.2,7,1045.1756035848375,4.8999999999999995,51.784491455660415,370.80022198203517,34
917.3,7,1045.1756035848375,4.8999999999999995,51.78163826043575,370.82106791555805,34
917.4,7,1045.1756035848375,4.8999999999999995,51.80218587547415,370.6709669386158,34
917.5,7,1045.1756035848375,4.8999999999999995,51.789859739277645,370.76167161777465,34
917.6,7,1045.1756035848375,4.8999999999999995,51.80332062591866,370.663781970703,34
917.7,7,1045.1756035848375,4.8999999999999995,51.80673150724345,370.63877835858875,34
917.8,7,1045.1756035848375,4.8999999999999995,51.798639364793004,370.69779800319145,34
917.9,7,1045.1756035848375,4.8999999999999995,51.7172181248616,371.37384177920103,34
918.0,7,1045.1756035848375,4.8999999999999995,51.71730009383777,371.3722115065434,34
918.1,7,1045.1756035848375,4.8999999999999995,51.71063251036925,371.420562813098,34
918.2,7,1045.1756035848375,4.8999999999999995,51.706725228383974,371.4504185439397,34
918.3,7,1045.1756035848375,4.8999999999999995,51.69955430240621,371.502832226892,34
918.4,7,1045.1756035848375,4.8999999999999995,51.68587585047622,371.60496710851794,34
918.5,7,1045.1756035848375,4.8999999999999995,51.69236522565499,371.5553688739046,34
918.6,7,1045.1756035848375,4.8999999999999995,51.67313903759759,371.69596371432146,34
918.7,7,1045.1756035848375,4.8999999999999995,51.66929634638488,371.72543150050285,34
918.8,7,1045.1756035848375,4.8999999999999995,51.65691773064292,371.81620909096625,34
918.9,7,1045.1756035848375,4.8999999999999995,51.6410410867126,371.9293700505334,34
919.0,7,1045.1756035848375,4.8999999999999995,51.50470356890557,372.88043103975747,34
919.1,7,1045.1756035848375,4.8999999999999995,51.49298141988796,372.9657082878269,34
919.2,7,1045.1756035848375,4.8999999999999995,51.49196760587256,372.97135057966483,34
919.3,7,1045.1756035848375,4.8999999999999995,51.48542644913515,373.0176419923074,34
919.4,7,1045.1756035848375,4.8999999999999995,51.49380927228202,372.95546241590694,34
919.5,7,1045.1756035848375,4.8999999999999995,51.295490072800035,374.55462641170107,34
919.6,7,1045.1756035848375,4.199999999999999,51.30210102800386,374.50455134092175,34
919.7,7,1045.1756035848375,4.199999999999999,51.306346059425124,374.46575941085916,34
919.8,7,1045.1756035848375,4.199999999999999,51.34788172604641,374.16930326630836,34
919.9,7,1045.084736987477,4.199999999999999,51.35465099733314,374.1158657904016,34
920.0,8,1045.0933465637013,4.199999999999999,51.20423029610743,375.1571558174431,34
920.1,8,1045.0075862117765,4.199999999999999,51.20344832016501,375.1570893774805,34
920.2,8,1045.0075862117765,4.199999999999999,51.20454290699018,375.1411092707667,34
920.3,8,1045.0075862117765,4.199999999999999,51.19125532400122,375.2364280805457,34
920.4,8,1045.0075862117765,4.199999999999999,51.19163370771561,375.2290018106369,34
920.5,8,1045.0075862117765,4.199999999999999,51.179016929823334,375.3206296181632,34
920.6,8,1045.0075862117765,4.199999999999999,51.16629668943449,375.4026789897065,34
920.7,7,1045.0075862117765,3.5,51.14575379649813,375.550553717592,34
920.8,7,1045.0075862117765,4.8999999999999995,51.13913730106716,375.59507716364953,34
920.9,7,1045.0075862117765,4.8999999999999995,51.13970457403325,375.5832652322316,34
921.0,7,1045.0075862117765,4.8999999999999995,51.05417962566319,376.2298569157249,34
921.1,7,1045.0075862117765,4.8999999999999995,51.036360918101494,376.3598465639582,34
921.2,7,1045.0075862117765,4.8999999999999995,51.033671369533835,376.3754565870531,34
921.3,7,1045.0075862117765,4.8999999999999995,51.02232590110627,376.4564789532394,34
921.4,7,1045.0075862117765,4.8999999999999995,51.01472652006329,376.51035410320094,34
921.5,7,1045.0075862117765,4.8999999999999995,50.99995642320026,376.61734302049535,34
921.6,7,1045.0075862117765,4.8999999999999995,50.97550161909068,376.8005844880056,34
921.7,9,1046.1728676904265,4.199999999999999,50.9576025390852,376.93203463048076,34
921.8,9,1046.1728676904265,4.800000000000001,50.949185332020456,376.98966175840786,34
921.9,9,1046.1728676904265,4.800000000000001,50.920024704292175,377.20750625122776,34
922.0,9,1046.1728676904265,4.800000000000001,50.903260570882665,377.3307190125804,34
922.1,9,1046.1728676904265,4.800000000000001,50.888814431568036,377.4328793939621,34
922.2,9,1046.1728676904265,4.800000000000001,50.86916769477372,377.5777473067801,34
922.3,9,1046.1728676904265,4.800000000000001,50.86337391939644,377.61356311088394,34
922.4,7,1046.0845813687777,4.800000000000001,50.93648813029098,377.09988278049383,34
922.5,7,1046.0845813687777,4.8999999999999995,50.91734310067639,377.23827716276276,34
922.6,7,1046.0845813687777,4.8999999999999995,50.89487259461079,377.4037377964844,34
922.7,7,1046.0845813687777,4.8999999999999995,50.88044395350029,377.5056302291977,34
922.8,7,1046.0845813687777,4.8999999999999995,50.9233075742688,377.216976171142,34
922.9,7,1046.0845813687777,4.8999999999999995,50.907012585287156,377.3330173760095,34
923.0,7,1046.0845813687777,4.8999999999999995,50.88042893105231,377.5300357112667,34
923.1,7,1046.0845813687777,4.8999999999999995,50.858229324107974,377.68814873827085,34
923.2,7,1046.0845813687777,4.8999999999999995,50.81590283934832,378.00648993041466,34
923.3,7,1046.0845813687777,4.8999999999999995,50.79930207502973,378.1248920044742,34
923.4,7,1046.0845813687777,4.8999999999999995,50.772545666051684,378.32307691875076,34
923.5,7,1046.0845813687777,4.8999999999999995,50.735039850714806,378.6048757897519,34
923.6,7,1046.0845813687777,4.8999999999999995,50.7028117315435,378.8439025784219,34
923.7,7,1046.0845813687777,4.8999999999999995,50.68085477110129,379.0044881817761,34
923.8,7,1046.0845813687777,4.8999999999999995,50.64363928767143,379.28294054187324,34
923.9,7,1046.0845813687777,4.8999999999999995,50.613452880530346,379.50582132517457,34
924.0,7,1046.0845813687777,4.8999999999999995,50.58852952782148,379.6923070270029,34
924.1,7,1046.0845813687777,4.8999999999999995,50.53404059278127,380.10381550362064,34
924.2,7,1046.0845813687777,4.8999999999999995,50.500646687132075,380.35557148770096,34
924.3,7,1046.0845813687777,4.8999999999999995,50.474304973945806,380.55018351791045,34
924.4,7,1046.0845813687777,4.8999999999999995,50.250327793226816,382.31569457890635,34
924.5,7,1046.0845813687777,4.8999999999999995,50.22623115558186,382.49434202206095,34
924.6,7,1046.0845813687777,4.8999999999999995,50.19129394266784,382.7615532153697,34
924.7,7,1046.0845813687777,4.8999999999999995,50.15858419873244,383.0121843694727,34
924.8,7,1046.0845813687777,4.8999999999999995,50.11691579190952,383.3348430886224,34
924.9,7,1046.0845813687777,4.8999999999999995,50.07718088889071,383.63820857003157,34
925.0,7,1046.0845813687777,4.8999999999999995,50.0441247997946,383.8953156272587,34
925.1,7,1045.9909322610652,4.8999999999999995,50.013455571635504,384.1294220892022,34
925.2,7,1045.9909322610652,5.6,49.98551187024402,384.34129984875545,34
925.3,7,1045.9909322610652,5.6,49.94384197706812,384.6686219867056,34
925.4,7,1045.9909322610652,5.6,50.06641034437344,383.67339760095666,34
925.5,7,1045.9909322610652,5.6,49.99900247039791,384.20220845418265,34
925.6,7,1045.9909322610652,5.6,49.771207732561884,386.0364822673173,34
925.7,7,1045.9909322610652,5.6,49.727573381892896,386.3790654482593,34
925.8,7,1045.9909322610652,5.6,49.69224744782523,386.6598080448848,34
925.9,7,1045.9909322610652,5.6,49.66263498575556,386.8905433474274,34
926.0,7,1045.9909322610652,5.6,49.62362299091302,387.19921177120204,34
926.1,7,1045.9909322610652,5.6,49.569648153107366,387.6260610198709,34
926.2,7,1045.9909322610652,5.6,49.54015432224703,387.8575465092846,34
926.3,7,1045.9909322610652,5.6,49.519326140121464,388.01822097787004,34
926.4,7,1045.9909322610652,5.6,49.48681846760854,388.2771443083194,34
926.5,7,1045.9909322610652,5.6,49.47625133566763,388.3532695262194,34
926.6,7,1045.9909322610652,5.6,49.44615394097447,388.59489163047266,34
926.7,7,1045.9909322610652,5.6,49.432060670608834,388.6993340482303,34
926.8,7,1045.9909322610652,5.6,49.40844104201663,388.88763863725774,34
926.9,7,1045.9909322610652,5.6,49.38290220830796,389.0910136080871,34
927.0,7,1045.9909322610652,5.6,49.36687436476797,389.21335269999076,34
927.1,7,1045.9909322610652,5.6,49.37034411838247,389.17469873868487,34
927.2,7,1045.9909322610652,5.6,49.356894189452404,389.27830985186904,34
927.3,7,1045.9909322610652,5.6,49.35486659878713,389.28991836256193,34
927.4,7,1045.9909322610652,5.6,49.35161334836859,389.30717136303366,34
927.5,7,1045.9909322610652,5.6,49.338269914791255,389.4093280533815,34
927.6,7,1045.9909322610652,5.6,49.31247509556567,389.6170402209455,34
927.7,7,1045.9909322610652,5.6,49.37100887869085,389.1665317630653,34
927.8,7,1045.8987433475734,5.6,49.37154626788147,389.15780751815294,34
927.9,7,1045.8987433475734,6.3,49.372226427633564,389.14793865124955,34
928.0,7,1045.8987433475734,6.3,49.38825242730538,389.01334913022094,34
928.1,7,1045.8987433475734,6.3,49.382567000443636,389.05974390320455,34
928.2,7,1045.8987433475734,6.3,49.39547168088405,388.9495391222473,34
928.3,7,1045.8987433475734,6.3,49.396340061603325,388.94004213912956,34
928.4,7,1045.8987433475734,6.3,49.39558673051532,388.9408057436834,34
928.5,7,1045.8987433475734,6.3,49.464356926682186,388.3737155931712,34
928.6,7,1045.8987433475734,6.3,49.46042777929331,388.4043582881086,34
928.7,7,1045.8987433475734,6.3,49.477392219498086,388.2639124386625,34
928.8,7,1045.8987433475734,6.3,49.477128074749984,388.2654000740454,34
928.9,7,1045.8987433475734,6.3,49.40407614630219,388.79806821665665,34
929.0,7,1045.8987433475734,6.3,49.41207131587147,388.73411458164503,34
929.1,7,1045.8987433475734,6.3,49.436835535314565,388.5306848687752,34
929.2,7,1045.8987433475734,6.3,49.45181319408093,388.41014679238765,34
929.3,7,1045.8987433475734,6.3,49.48261801796323,388.157424859346,34
929.4,7,1045.8987433475734,6.3,49.49996991520587,388.0187882700941,34
929.5,7,1045.8987433475734,6.3,49.53043548589564,387.7722110541704,34
929.6,7,1045.8987433475734,6.3,49.540466140019184,387.6933451969455,34
929.7,7,1045.8987433475734,6.3,49.57592579802597,387.40833993054144,34
929.8,7,1045.8987433475734,6.3,49.60600268157215,387.1674744466209,34
929.9,7,1045.8987433475734,6.3,49.6395999548223,386.89788669847655,34
930.0,7,1045.8987433475734,6.3,49.63976364355983,386.89578082522166,34
930.1,7,1045.8987433475734,6.3,49.66411711750355,386.70023001315974,34
930.2,7,1045.8987433475734,6.3,49.5613501816178,387.47327740503727,34
930.3,7,1045.8987433475734,6.3,49.60473568696594,387.12800264877285,34
930.4,7,1045.8987433475734,6.3,49.42568224092162,388.5794875877001,34
930.5,7,1045.8987433475734,6.3,49.45344968458366,388.35464485973773,34
930.6,7,1045.8987433475734,6.3,49.45946838677859,388.3075839511332,34
930.7,7,1045.8987433475734,6.3,49.49702107564531,388.0049951403398,34
930.8,7,1045.806128361066,5.6,49.49102973317811,388.0570005583638,34
930.9,7,1045.806128361066,6.3,49.5198726554801,387.8257534736792,34
931.0,7,1045.806128361066,6.3,49.531955704731416,387.73215127116555,34
931.1,7,1045.806128361066,6.3,49.55173060489179,387.57370158957,34
931.2,7,1045.806128361066,6.3,49.62111383479022,387.0476077480929,34
931.3,7,1045.806128361066,6.3,49.63351695570653,386.9496218466637,34
931.4,7,1045.806128361066,6.3,49.63575809554612,386.95731487325247,34
931.5,7,1045.806128361066,6.3,49.64836833038231,386.85367484258717,34
931.6,7,1045.806128361066,6.3,49.64646983168906,386.86824894855954,34
931.7,7,1045.806128361066,6.3,49.670846613823905,386.6759590510502,34
931.8,7,1045.806128361066,6.3,49.67492051622368,386.64254638048516,34
931.9,7,1045.806128361066,6.3,49.69200790088214,386.5056510512576,34
932.0,7,1045.806128361066,6.3,49.700119885949405,386.4404253845609,34
932.1,7,1045.806128361066,6.3,49.699509167143084,386.4454420616863,34
932.2,7,1045.806128361066,6.3,49.720604473880535,386.2711552636698,34
932.3,7,1045.806128361066,6.3,49.7305867856576,386.1906256209702,34
932.4,7,1045.806128361066,6.3,49.75446900849143,386.000974094753,34
932.5,7,1045.806128361066,5.6,49.7555818543793,385.99314809524776,34
932.6,7,1045.806128361066,5.6,49.788698412213904,385.7305680744416,34
932.7,7,1045.806128361066,5.6,49.80558132760547,385.5938743265383,34
932.8,7,1045.806128361066,5.6,49.79832714769065,385.6509254406188,34
932.9,7,1045.806128361066,5.6,49.80922033225895,385.56185315859125,34
933.0,7,1045.806128361066,5.6,49.8018529490404,385.61984701931067,34
933.1,7,1045.806128361066,5.6,49.818281771307795,385.4887690769166,34
933.2,7,1045.806128361066,5.6,49.91467103933816,384.76366558090666,34
933.3,7,1045.806128361066,5.6,49.928725971755185,384.64867694761324,34
933.4,7,1045.806128361066,5.6,49.79333244799545,385.66810523049367,34
933.5,7,1045.806128361066,5.6,49.825031973509056,385.4170497895765,34
933.6,7,1045.806128361066,5.6,49.819335162154154,385.4628376184661,34
933.7,7,1045.806128361066,5.6,49.8449502888014,385.2598310710897,34
933.8,7,1045.7152464329724,5.6,49.855700168670026,385.1760497437202,34
933.9,7,1045.7152464329724,6.3,49.87692522802056,385.0090358200706,34
934.0,7,1045.7152464329724,6.3,49.89808821662985,384.8449155406166,34
934.1,7,1045.7152464329724,6.3,49.899812792032904,384.83196860835596,34
934.2,7,1045.7152464329724,6.3,49.93580491816773,384.55169826873816,34
934.3,7,1045.7152464329724,6.3,49.942794241074324,384.50025361555754,34
934.4,7,1045.7152464329724,6.3,49.97881259818546,384.22069626974553,34
934.5,7,1045.7152464329724,6.3,49.849295812730034,385.19536548383905,34
934.6,7,1045.7152464329724,6.3,49.87016798730781,385.0348016620857,34
934.7,7,1045.7152464329724,6.3,49.89045455753872,384.87747202373197,34
934.8,7,1045.7152464329724,5.6,49.895446832723536,384.84012476414387,34
934.9,7,1045.7152464329724,5.6,49.91543150635955,384.6853349440686,34
935.0,7,1045.7152464329724,5.6,49.90833044138826,384.7429904385741,34
935.1,7,1045.7152464329724,5.6,49.92314623970779,384.6288594309499,34
935.2,7,1045.7152464329724,5.6,49.942698059662845,384.4783704396708,34
935.3,7,1045.7152464329724,5.6,49.956321733896836,384.37314471128957,34
935.4,7,1045.7152464329724,5.6,49.978378409290656,384.2016499808348,34
935.5,7,1045.7152464329724,5.6,50.16631577184238,382.7404551630135,34
935.6,7,1045.7152464329724,5.6,50.256959190510784,382.06084061653,34
935.7,7,1045.7152464329724,5.6,50.28691074988848,381.8315862207663,34
935.8,7,1045.7152464329724,5.6,50.29080493216482,381.8039165352054,34
935.9,7,1045.7152464329724,5.6,50.33145247594242,381.49300385194744,34
936.0,7,1045.7152464329724,5.6,50.331931668327144,381.4910584479642,34
936.1,9,1045.7152464329724,4.8999999999999995,50.362771315388656,381.2556702647745,34
936.2,7,1045.7152464329724,4.800000000000001,50.37405440439561,381.1691003069808,34
936.3,7,1045.7152464329724,4.8999999999999995,50.378927196061,381.13270483220884,34
936.4,7,1045.7152464329724,4.8999999999999995,50.48572067025148,380.30648239306015,34
936.5,7,1045.7152464329724,4.8999999999999995,50.63035794266386,379.22604307484164,34
936.6,7,1045.7152464329724,4.8999999999999995,50.64496957797315,379.1170819300427,34
936.7,7,1045.7152464329724,4.8999999999999995,50.66155672876702,378.9940615331278,34
936.8,7,1045.6229076248858,4.8999999999999995,50.67612258449539,378.8847702707783,34
936.9,7,1045.6229076248858,5.6,50.69935337623992,378.71219298065796,34
937.0,7,1045.6229076248858,5.6,50.73485265703207,378.4488800785882,34
937.1,7,1045.6229076248858,5.6,50.74165118176559,378.3987848542856,34
937.2,7,1045.6229076248858,5.6,50.75680421894356,378.285760089778,34
937.3,9,1045.6229076248858,4.8999999999999995,50.769232867438426,378.19315854845297,34
937.4,9,1045.6229076248858,4.800000000000001,50.784988173146644,378.0760042804744,34
937.5,7,1045.6229076248858,4.800000000000001,50.80131964615042,377.9543443663671,34
937.6,7,1045.6229076248858,4.8999999999999995,50.82616111639197,377.7699473128828,34
937.7,7,1045.6229076248858,4.8999999999999995,50.835062650393766,377.7041335409942,34
937.8,7,1045.6229076248858,4.8999999999999995,50.85403589580818,377.5631821764058,34
937.9,7,1045.6229076248858,4.8999999999999995,50.86633139355317,377.47137235221055,34
938.0,7,1045.6229076248858,4.8999999999999995,50.88062352115939,377.365879584436,34
938.1,7,1045.6229076248858,4.8999999999999995,50.893822093429286,377.2682325261221,34
938.2,7,1045.6229076248858,4.8999999999999995,51.00464541039828,376.44239108464996,34
938.3,7,1045.6229076248858,4.8999999999999995,51.01397336939236,376.3741245116821,34
938.4,7,1045.6229076248858,4.8999999999999995,51.02297079123341,376.30844738074006,34
938.5,7,1045.6229076248858,4.8999999999999995,51.013317263813825,376.3785470186391,34
938.6,7,1045.6229076248858,4.8999999999999995,51.02931199262105,376.2613928413861,34
938.7,7,1045.6229076248858,4.8999999999999995,51.026023594807995,376.28515504658685,34
938.8,7,1045.6229076248858,4.8999999999999995,51.0359416349732,376.21256676036256,34
938.9,11,1045.6229076248858,4.8999999999999995,51.07967393814681,375.91544878199437,34
939.0,11,1045.6229076248858,5.4,51.19980178882399,375.05319294621745,34
939.1,11,1045.6229076248858,5.4,51.2063889144427,375.00640914789716,34
939.2,11,1045.6229076248858,5.4,51.20358021683701,375.02603862215994,34
939.3,11,1045.6229076248858,5.4,51.214847465479096,374.9448892481744,34
939.4,11,1045.6229076248858,5.4,51.22709720952474,374.8566010777322,34
939.5,11,1045.6229076248858,5.4,51.23922033427202,374.7690417420328,34
939.6,11,1045.6229076248858,5.4,51.23868275158656,374.7727377855108,34
939.7,11,1045.6229076248858,5.4,51.24374491054888,374.736325312142,34
939.8,11,1045.6229076248858,5.4,51.257801014618096,374.6379591290199,34
939.9,11,1045.6229076248858,5.4,51.25317440226928,374.67266222983744,34
940.0,11,1045.6229076248858,5.4,50.97991136008322,376.64022492144477,34
940.1,11,1045.6229076248858,5.4,51.09263392410327,375.7986193213326,34
940.2,11,1045.6229076248858,5.4,51.1066470943327,375.6966059070644,34
940.3,11,1045.6229076248858,5.4,51.1263166641795,375.55297682046375,34
940.4,11,1045.6229076248858,5.4,51.13704321242648,375.4746315679562,34
940.5,11,1045.6229076248858,5.4,51.13033889756664,375.5237811374677,34
940.6,11,1045.6229076248858,5.4,51.143790180762174,375.42602937670074,34
940.7,11,1045.6229076248858,5.4,51.145920576921824,375.4106126523561,34
940.8,11,1045.6229076248858,5.4,51.15194029390223,375.36691332163286,34
940.9,11,1045.6229076248858,5.4,51.14833059021051,375.3938171805729,34
941.0,11,1045.6229076248858,5.4,51.15787199974788,375.32492092860707,34
941.1,7,1045.558022564577,5.4,51.163678177318744,375.28353187917116,34
941.2,11,1045.558022564577,4.8999999999999995,51.167297426246996,375.2583388987479,34
941.3,11,1045.558022564577,5.4,51.150196808531845,375.38293179132893,34
941.4,11,1045.558022564577,5.4,51.15828825549259,375.32526398628625,34
941.5,11,1045.558022564577,5.4,51.1786530645753,375.17817264011126,34
941.6,11,1045.558022564577,5.4,51.154931344842794,375.34965793336386,34
941.7,11,1045.558022564577,5.4,51.165084877684805,375.27746543585044,34
941.8,7,1045.558022564577,4.5,51.15387969923199,375.3599713182324,34
941.9,11,1045.558022564577,4.8999999999999995,51.15709658158303,375.338131613242,34
942.0,11,1045.558022564577,5.4,51.06092678055229,376.06354604144974,34
942.1,11,1045.558022564577,5.4,51.04700579391895,376.1641113700523,34
942.2,11,1045.558022564577,5.4,51.05805588620116,376.08576985788363,34
942.3,11,1045.558022564577,5.4,51.04367119361254,376.191225650513,34
942.4,11,1045.558022564577,5.4,51.137329855998104,375.4871385760414,34
942.5,11,1045.558022564577,5.4,51.127140811544905,375.56255602322074,34
942.6,11,1045.558022564577,5.4,51.13026990758371,375.5401781441732,34
942.7,11,1045.558022564577,5.4,51.14337882159369,375.44588053186936,34
942.8,8,1046.43387933204,4.5,51.140819445298206,375.4662132725182,34
942.9,8,1046.8162839915124,4.8999999999999995,51.13635528063142,375.4996001663528,34
943.0,8,1047.0193225219498,4.8999999999999995,51.1408011635403,375.46837949465987,34
943.1,8,1047.0193225219498,4.8999999999999995,51.14703619108897,375.44519682034013,34
943.2,8,1047.0193225219498,4.8999999999999995,51.091064040364586,375.82707875686634,34
943.3,11,1047.0193225219498,4.199999999999999,51.0892698850534,375.8378489784253,34
943.4,11,1047.0193225219498,4.5,51.065513573618546,376.0107501656995,34
943.5,11,1047.0193225219498,4.5,51.05564214093909,376.08287797687797,34
943.6,11,1047.0193225219498,5.4,51.06089101089198,376.04526561095633,34
943.7,11,1047.0193225219498,5.4,51.04886503004362,376.13174705328447,34
943.8,11,1047.0193225219498,5.4,51.153686092217264,375.37371759906534,34
943.9,11,1047.0193225219498,5.4,51.143840552249316,375.4433723136078,34
944.0,11,1047.0193225219498,5.4,51.15710917987982,375.34783962282154,34
944.1,11,1047.0193225219498,5.4,51.156083929474434,375.35500867354267,34
944.2,11,1047.0193225219498,5.4,51.16053176472476,375.3217467151709,34
944.3,11,1047.0193225219498,5.4,51.17135845171193,375.24198193194997,34
944.4,11,1047.0193225219498,5.4,51.18134464627791,375.1703597713048,34
944.5,11,1047.0193225219498,5.4,51.17174911325421,375.2388828520759,34
944.6,11,1047.0193225219498,5.4,51.175844584172324,375.20767063948233,34
944.7,11,1047.0193225219498,5.4,51.165766886367706,375.27998906722803,34
944.8,11,1047.0193225219498,5.4,51.1526960964208,375.3733901402344,34
944.9,11,1047.0193225219498,5.4,51.2380296063948,374.7360769782874,34
945.0,11,1047.0193225219498,5.4,51.22035519482091,374.8627538711039,34
945.1,11,1047.0193225219498,5.4,51.207954144654884,374.95269949187673,34
945.2,11,1047.0193225219498,4.5,51.19109166109928,375.07504504864096,34
945.3,11,1047.0193225219498,4.5,51.169079769062655,375.23440051893897,34
945.4,11,1047.0193225219498,4.5,50.928195611786975,377.01792911694804,34
945.5,7,1046.951688975741,4.5,50.911453648104654,377.1430485779465,34
945.6,7,1046.951688975741,4.8999999999999995,50.89925233415954,377.23713227576394,34
945.7,7,1046.951688975741,4.8999999999999995,50.890966005927936,377.29974666041466,34
945.8,7,1046.951688975741,4.8999999999999995,50.87922736211786,377.3901967443806,34
945.9,7,1046.951688975741,4.8999999999999995,50.88256819456414,377.36750010015487,34
946.0,7,1046.951688975741,4.8999999999999995,50.942599196599254,376.91710664113884,34
946.1,7,1046.951688975741,4.8999999999999995,50.925485156388135,377.0473812247594,34
946.2,7,1046.951688975741,4.8999999999999995,50.93101004848079,377.0085514984048,34
946.3,7,1046.951688975741,4.8999999999999995,50.924963172878265,377.0552643553017,34
946.4,7,1046.951688975741,4.8999999999999995,50.92029443516743,377.0941228756358,34
946.5,11,1046.951688975741,4.199999999999999,50.92576630535292,377.05521354699135,34
946.6,11,1046.951688975741,4.5,50.91946487653715,377.10664652010416,34
946.7,11,1046.951688975741,4.5,50.926504895592366,377.0577014041919,34
946.8,11,1046.951688975741,4.5,50.91790907160066,377.1253386995505,34
946.9,11,1046.951688975741,4.5,50.906925293358896,377.21073797471064,34
947.0,11,1046.951688975741,4.5,50.899528089827825,377.2697250633318,34
947.1,9,1046.951688975741,3.6,50.90165689528429,377.2573791682057,34
947.2,9,1046.951688975741,4.800000000000001,50.881779869031234,377.4120526761793,34
947.3,9,1046.951688975741,4.800000000000001,51.03911217523165,376.28574394000384,34
947.4,9,1046.951688975741,4.800000000000001,51.02092155113421,376.42926713616487,34
947.5,9,1046.951688975741,4.800000000000001,51.024625910450595,376.4048824141918,34
947.6,9,1046.951688975741,4.800000000000001,51.001319271648086,376.584519667357,34
947.7,9,1046.951688975741,4.800000000000001,50.990112138674135,376.6716649021379,34
947.8,9,1046.951688975741,4.800000000000001,50.98900003356428,376.68314814815756,34
947.9,11,1046.951688975741,4.0,50.99260251777521,376.65760481107395,34
948.0,11,1046.951688975741,4.5,50.97668923507622,376.78126385296287,34
948.1,11,1046.951688975741,4.5,50.96124475217212,376.9011927007538,34
948.2,11,1046.951688975741,4.5,50.941820507829064,377.05110580431955,34
948.3,7,1046.866727911912,4.5,50.924144355440504,377.18467541307996,34
948.4,11,1046.866727911912,4.8999999999999995,50.894921121235235,377.4103454371275,34
948.5,11,1046.866727911912,4.5,50.87077141620053,377.594790858435,34
948.6,11,1046.866727911912,4.5,50.81687824642439,377.9476614740092,34
948.7,7,1046.866727911912,3.6,50.71403055489856,378.6769806497613,34
948.8,7,1046.866727911912,4.8999999999999995,50.689861888695916,378.8634248927439,34
948.9,7,1046.866727911912,4.8999999999999995,50.67357026180532,378.9881146063827,34
949.0,9,1046.866727911912,4.199999999999999,50.66251241607354,379.0708183585091,34
949.1,11,1046.866727911912,4.0,50.65768539855866,379.1063340640247,34
949.2,11,1046.866727911912,4.5,50.68820578868804,378.84648175049415,34
949.3,11,1046.866727911912,4.5,50.68213072292562,378.8933773940493,34
949.4,11,1046.866727911912,4.5,50.690318712829864,378.82976845378045,34
949.5,11,1046.866727911912,4.5,50.684350427893186,378.87703035900284,34
949.6,11,1046.866727911912,4.5,50.54764275652674,379.8783387235733,34
949.7,11,1046.866727911912,4.5,50.54346923294767,379.9095839015077,34
949.8,11,1046.866727911912,4.5,50.526649655473946,380.0357400998814,34
949.9,11,1046.866727911912,4.5,50.33968973293615,381.4807218523916,34
950.0,11,1046.866727911912,4.5,50.33099300685879,381.5471069508759,34
950.1,11,1046.866727911912,5.4,50.33266135777188,381.5334936882613,34
950.2,11,1046.866727911912,4.5,50.4003629025977,381.0394037023756,34
950.3,11,1046.866727911912,4.5,50.39857824570404,381.0529521050287,34
950.4,11,1046.866727911912,4.5,50.3807232441665,381.1857525167971,34
950.5,11,1046.866727911912,4.5,50.36120335695497,381.33659317980533,34
950.6,11,1046.866727911912,4.5,50.3493924586037,381.42653932812345,34
950.7,11,1046.866727911912,4.5,50.338243024605745,381.511513604,34
950.8,11,1046.866727911912,4.5,50.31709489073782,381.6735861916909,34
950.9,11,1046.866727911912,4.5,50.307251390088695,381.74639027833337,34
951.0,11,1046.866727911912,4.5,50.28742679396217,381.9015797029275,34
951.1,11,1046.866727911912,4.5,50.328961686367705,381.5735819475225,34
951.2,11,1046.866727911912,4.5,50.177881112452795,382.6965654967613,34
951.3,11,1046.866727911912,4.5,50.16088272789423,382.8263905123873,34
951.4,11,1046.866727911912,4.5,50.147288907040306,382.9296100184074,34
951.5,7,1046.7741356374654,3.6,50.13002707314314,383.06358709924166,34
951.6,7,1046.7741356374654,4.8999999999999995,50.11744650309683,383.1591702830417,34
951.7,7,1046.7741356374654,4.8999999999999995,50.10117515570196,383.2846275675219,34
951.8,7,1046.7741356374654,4.8999999999999995,50.084167227653325,383.4162097235016,34
951.9,7,1046.7741356374654,4.8999999999999995,50.084179797456756,383.41573799047774,34
952.0,7,1046.7741356374654,4.8999999999999995,50.082476716295545,383.42820874976326,34
952.1,7,1046.7741356374654,4.8999999999999995,50.063587984535324,383.5730823692653,34
952.2,7,1046.7741356374654,4.8999999999999995,50.07010412716228,383.52165163114887,34
952.3,7,1046.7741356374654,4.8999999999999995,50.0381717289752,383.7702503654342,34
952.4,7,1046.7741356374654,4.8999999999999995,50.046863803800775,383.70009233448985,34
952.5,7,1046.7741356374654,4.8999999999999995,50.023059841230726,383.88250776053,34
952.6,7,1046.7741356374654,4.8999999999999995,50.01019881362906,383.98316413143107,34
952.7,7,1046.7741356374654,4.8999999999999995,49.99142745555901,384.1269994379503,34
952.8,7,1046.7741356374654,4.8999999999999995,49.98003024749818,384.2158940139004,34
952.9,7,1046.7741356374654,4.8999999999999995,49.98376540832252,384.18534200973204,34
953.0,7,1046.7741356374654,4.8999999999999995,49.83779175523253,385.33804002784586,34
953.1,7,1046.7741356374654,4.8999999999999995,49.81223755477196,385.53933790014503,34
953.2,7,1046.7741356374654,4.8999999999999995,49.803293338361456,385.6057225229896,34
953.3,7,1046.7741356374654,4.8999999999999995,49.79377522609291,385.67672178268333,34
953.4,7,1046.7741356374654,4.8999999999999995,49.77110789598998,385.85566411615935,34
953.5,7,1046.7741356374654,4.8999999999999995,49.81395324917142,385.50959078301105,34
953.6,7,1046.7741356374654,4.8999999999999995,49.79729155021167,385.6379777301861,34
953.7,7,1046.7741356374654,4.8999999999999995,49.797512155855316,385.63341453301393,34
953.8,7,1046.7741356374654,4.8999999999999995,49.80142990665584,385.5994582241631,34
953.9,7,1046.7741356374654,4.8999999999999995,49.797014734038385,385.6332511510615,34
954.0,7,1046.7741356374654,4.8999999999999995,49.801775528176094,385.59526851838973,34
954.1,7,1046.7741356374654,4.8999999999999995,49.793883083553865,385.65445432604946,34
954.2,7,1046.7741356374654,4.8999999999999995,49.784097439783274,385.7269101944976,34
954.3,7,1046.7741356374654,4.8999999999999995,49.79326720465796,385.6511960392654,34
954.4,7,1046.7741356374654,4.8999999999999995,49.77387501973183,385.8016480442008,34
954.5,7,1046.7741356374654,4.8999999999999995,49.764126348640474,385.87542566144236,34
954.6,7,1046.7741356374654,4.8999999999999995,49.75844761725547,385.91739240750627,34
954.7,7,1046.7741356374654,4.8999999999999995,49.74339065680586,386.0333039172165,34
954.8,7,1046.7741356374654,4.8999999999999995,49.740697531767346,386.0505879394978,34
954.9,7,1046.7741356374654,4.8999999999999995,49.724547145174725,386.1761038433799,34
955.0,7,1046.7741356374654,4.8999999999999995,49.73314314032775,386.1046131074029,34
955.1,7,1046.7741356374654,4.8999999999999995,49.73643787571545,386.0767080193334,34
955.2,7,1046.7741356374654,4.8999999999999995,49.71956334800386,386.2070250129305,34
955.3,7,1046.7741356374654,4.8999999999999995,49.704586063443074,386.32320242477556,34
955.4,7,1046.7741356374654,4.8999999999999995,49.698186562642206,386.37093623660485,34
955.5,7,1046.7741356374654,4.8999999999999995,49.68290946355367,386.48887548216476,34
955.6,7,1046.6826727157975,4.8999999999999995,49.69526149017889,386.3882787848696,34
955.7,7,1046.6826727157975,5.6,49.65950698345803,386.6698710572789,34
955.8,7,1046.6826727157975,5.6,49.665027454411074,386.622798151687,34
955.9,7,1046.6826727157975,5.6,49.65158911047516,386.725270113022,34
956.0,7,1046.6826727157975,5.6,49.74746353363345,385.9994412869123,34
956.1,7,1046.6826727157975,5.6,49.74484991505736,386.0176023933041,34
956.2,7,1046.6826727157975,5.6,49.71552191855399,386.246605885571,34
956.3,7,1046.6826727157975,5.6,49.70369463126707,386.3357922992667,34
956.4,7,1046.6826727157975,5.6,49.69638821282264,386.3900154181623,34
956.5,7,1046.6826727157975,5.6,49.7408337501311,386.03303637870397,34
956.6,7,1046.6826727157975,5.6,49.72585923632158,386.14871987595257,34
956.7,7,1046.6826727157975,5.6,49.71492024615559,386.23228568810237,34
956.8,7,1046.6826727157975,5.6,49.70281126224138,386.3266118982921,34
956.9,7,1046.6826727157975,5.6,49.675803495273016,386.5362987613798,34
957.0,7,1046.6826727157975,5.6,49.644748516041545,386.77874417233477,34
957.1,7,1046.6826727157975,5.6,49.635719729426526,386.8485127670746,34
957.2,7,1046.6826727157975,5.6,49.61452526442025,387.01348515369745,34
957.3,7,1046.6826727157975,5.6,49.58399449678441,387.25346414676915,34
957.4,7,1046.6826727157975,5.6,49.55665381711591,387.468359627934,34
957.5,7,1046.6826727157975,5.6,49.534588031661094,387.6407192470227,34
957.6,7,1046.6826727157975,5.6,49.5083845715509,387.84671180114293,34
957.7,7,1046.6826727157975,5.6,49.48145289932866,388.0598547001747,34
957.8,7,1046.6826727157975,5.6,49.46126300974145,388.2185051785144,34
957.9,7,1046.6826727157975,5.6,49.43743368227766,388.4055079618686,34
958.0,7,1046.6826727157975,5.6,49.42260537437258,388.52065715969206,34
958.1,7,1046.6826727157975,5.6,49.38760740279788,388.7992362370761,34
958.2,7,1046.6826727157975,5.6,49.36784144713309,388.95424576771245,34
958.3,7,1046.6826727157975,5.6,49.34083074642325,389.16909286184045,34
958.4,7,1046.6826727157975,5.6,49.32506251476351,389.2927475593485,34
958.5,7,1046.6826727157975,5.6,49.30465358221309,389.45346888396784,34
958.6,7,1046.6826727157975,5.6,49.26285653943381,389.78703086594635,34
958.7,7,1046.6826727157975,4.8999999999999995,49.2379731650151,389.9847232649965,34
958.8,7,1046.6826727157975,4.8999999999999995,49.2065995542026,390.23449666024703,34
958.9,7,1046.6826727157975,4.8999999999999995,49.161901125549036,390.5920052879423,34
959.0,7,1046.6826727157975,4.8999999999999995,49.215113540119404,390.15748759070846,34
959.1,7,1046.6826727157975,4.8999999999999995,49.183898145962786,390.4066883169855,34
959.2,7,1046.6826727157975,4.8999999999999995,49.16292154764704,390.57265253198807,34
959.3,7,1046.6826727157975,4.8999999999999995,49.13787419978756,390.7717500014378,34
959.4,7,1046.6826727157975,4.8999999999999995,49.096410840301125,391.10664011227925,34
959.5,7,1046.6826727157975,4.8999999999999995,49.065917044525946,391.350815624333,34
959.6,7,1046.6826727157975,4.8999999999999995,49.02877151479761,391.6491345710934,34
959.7,7,1046.6826727157975,4.8999999999999995,48.986881396586384,391.9866692977515,34
959.8,7,1046.6826727157975,4.8999999999999995,48.96521609674495,392.16250090852856,34
959.9,7,1046.6826727157975,4.8999999999999995,48.926306838968486,392.4774643133478,34
960.0,7,1046.6826727157975,4.8999999999999995,48.890854439426946,392.76350997832503,34
960.1,7,1046.6826727157975,4.8999999999999995,48.848144032058066,393.1095121101133,34
960.2,7,1046.6826727157975,4.8999999999999995,48.82113213937579,393.3294157369603,34
960.3,7,1046.6826727157975,4.8999999999999995,48.79302661242245,393.5557369186779,34
960.4,11,1046.6826727157975,4.199999999999999,48.75813730615165,393.8407300829001,34
960.5,11,1046.6826727157975,3.6,48.74335572527206,393.929966516432,34
960.6,11,1046.6826727157975,3.6,48.64131307477417,394.91963225501513,34
960.7,11,1046.6826727157975,3.6,48.60250960609234,395.2449843849082,34
960.8,11,1046.6826727157975,3.6,48.52239433318144,396.24404935785856,34
960.9,11,1046.6826727157975,3.6,48.49048755304193,396.5187905971368,34
961.0,11,1046.6826727157975,3.6,48.45766430342596,396.7984383567107,34
961.1,11,1046.6826727157975,3.6,48.426381195655665,397.0645219612029,34
961.2,11,1046.6826727157975,3.6,48.39164641687124,397.35791653182497,34
961.3,11,1046.6826727157975,3.6,48.35882918792544,397.6380069583769,34
961.4,11,1046.6826727157975,3.6,48.32486479894237,397.9279823598803,34
961.5,11,1046.6826727157975,3.6,48.55736664228355,396.21634559332995,34
961.6,11,1046.6826727157975,3.6,48.541173443265734,396.3531963249503,34
961.7,11,1046.6826727157975,3.6,48.50232251009254,396.6790221276153,34
961.8,11,1046.6826727157975,3.6,48.47296699413343,396.9197142513025,34
961.9,11,1046.6826727157975,3.6,48.5565523452358,396.15838523911845,34
962.0,11,1046.6826727157975,3.6,48.52624486389156,396.41731221127156,34
962.1,11,1046.6826727157975,3.6,48.503377124749704,396.59890345558176,34
962.2,11,1046.6826727157975,3.6,48.47443737999468,396.84385467647166,34
962.3,11,1046.6826727157975,3.6,48.46575572707776,396.9087977612087,34
962.4,11,1046.6826727157975,3.6,48.44240823444105,397.1068966335782,34
962.5,11,1046.6826727157975,3.6,48.404516545728534,397.4180010191139,34
962.6,11,1046.6826727157975,3.6,48.3828104774404,397.59347102781385,34
962.7,11,1046.6826727157975,3.6,48.36553295992742,397.74101665034215,34
962.8,11,1046.6826727157975,3.6,48.33757127437254,397.97889763455,34
962.9,11,1046.6826727157975,2.7,48.32991724678051,398.03134217821713,34
963.0,11,1046.6826727157975,2.7,48.30171166538851,398.27167975318986,34
963.1,11,1046.6826727157975,2.7,48.553667207304315,396.390171942571,34
963.2,11,1046.6826727157975,2.7,48.540947458899595,396.4938949737955,34
963.3,11,1046.6826727157975,2.7,48.525190777427866,396.624078830738,34
963.4,11,1046.6826727157975,2.7,48.50691029079269,396.76730911531513,34
963.5,10,1046.6826727157975,2.7,48.48231186999714,396.97615953878847,34
963.6,10,1046.6826727157975,4.0,48.470988777552265,397.065639537584,34
963.7,10,1046.6826727157975,4.0,48.458966200811645,397.15962214585375,34
963.8,10,1046.6826727157975,4.0,48.4388619321323,397.31980652002835,34
963.9,10,1046.6826727157975,4.0,48.425927023398245,397.42882289712827,34
964.0,10,1046.6826727157975,4.0,48.42466972904195,397.4263070971574,34
964.1,10,1046.6826727157975,4.0,48.397855383396774,397.64905580117625,34
964.2,10,1046.6826727157975,4.0,48.38281698950513,397.771651365844,34
964.3,10,1046.6826727157975,4.0,48.383266675870715,397.75684808536425,34
964.4,10,1046.6826727157975,4.0,48.36239156090795,397.9316897707242,34
964.5,10,1046.6826727157975,4.0,48.35856620930417,397.96327483410585,34
964.6,10,1046.6826727157975,4.0,48.362988327126764,397.91222360635726,34
964.7,10,1046.6826727157975,4.0,48.34622781154138,398.0530072290695,34
964.8,10,1046.6826727157975,4.0,48.34744087556655,398.02344585377654,34
964.9,10,1046.6826727157975,4.0,48.27767870278099,398.66817623876887,34
965.0,10,1046.6826727157975,4.0,48.24332892192494,399.40187888397975,34
965.1,10,1046.6826727157975,4.0,48.227486572767745,399.5151179864322,34
965.2,10,1046.6826727157975,4.0,48.199455421315406,399.73790938657476,34
965.3,10,1046.6826727157975,4.0,48.19702010950655,399.73186100139014,34
965.4,10,1046.6826727157975,4.0,48.1761374327042,399.8937995638043,34
965.5,10,1046.6826727157975,4.0,48.40516537687248,398.2018569956053,34
965.6,10,1046.6826727157975,4.0,48.385448293005105,398.34672803060346,34
965.7,10,1046.6826727157975,4.0,48.369100340133926,398.4769825622103,34
965.8,10,1046.6826727157975,4.0,48.385313625043906,398.31592966218875,34
965.9,10,1046.6826727157975,4.0,48.54076209562798,396.8638689513673,34
966.0,10,1046.6826727157975,4.0,48.54549985212929,396.81286469634904,34
966.1,10,1046.6826727157975,4.0,48.54417976666737,396.81656065269925,34
966.2,10,1046.6826727157975,4.0,48.550343314564785,396.7461586010965,34
966.3,10,1046.6826727157975,4.0,48.475888839950755,397.59335910095103,34
966.4,10,1046.6826727157975,4.0,48.481934639281214,397.5367473853317,34
966.5,10,1046.6826727157975,4.0,48.48487404337227,397.4900628598136,34
966.6,10,1046.6826727157975,4.0,48.4765170892574,397.5552286452346,34
966.7,10,1046.6826727157975,4.0,48.476199642218916,397.538926413043,34
966.8,10,1046.6826727157975,4.0,48.47990397567392,397.4985767061156,34
966.9,10,1046.6826727157975,4.0,48.483961322466925,397.4411979945563,34
967.0,10,1046.6826727157975,4.0,48.486600789994725,397.401166333996,34
967.1,10,1046.6826727157975,4.0,48.48620173127663,397.3925342301733,34
967.2,10,1046.6826727157975,4.0,48.49517830133284,397.29835798374637,34
967.3,10,1046.6826727157975,4.0,48.51039217069784,397.1497278723763,34
967.4,10,1046.6826727157975,4.0,48.50898576768083,397.1540958512063,34
967.5,10,1046.6826727157975,4.0,48.53029475140853,396.9367011593293,34
967.6,10,1046.6826727157975,4.0,48.529220178676965,396.9257989423325,34
967.7,10,1046.6826727157975,4.0,48.539741812993164,396.8078302753474,34
967.8,10,1046.6826727157975,4.0,48.54252732536737,396.7683037556216,34
967.9,10,1046.6826727157975,4.0,48.54887434200549,396.6809006084203,34
968.0,10,1046.6826727157975,4.0,48.54263918098704,396.7143819984541,34
968.1,10,1046.6826727157975,4.0,48.55024033808017,396.63151692596836,34
968.2,10,1046.6826727157975,4.0,48.52499137628577,396.84955438373856,34
968.3,10,1046.6826727157975,4.0,48.68313062358318,395.39989199130116,34
968.4,10,1046.6826727157975,4.0,48.756547442997956,394.8950090734413,34
968.5,10,1046.6826727157975,4.0,48.742771789167975,394.996204109848,34
968.6,10,1046.6826727157975,4.0,48.726418766157266,395.12684552406347,34
968.7,10,1046.6826727157975,4.0,48.7240113971837,395.13778629815727,34
968.8,10,1046.6826727157975,4.0,48.71364083863942,395.20881439616574,34
968.9,10,1046.6826727157975,4.0,48.72244618932447,395.1148134023068,34
969.0,10,1046.6826727157975,4.0,48.71216247864588,395.19685351399755,34
969.1,10,1046.6826727157975,4.0,48.714596526673716,395.17543281709897,34
969.2,10,1046.6826727157975,4.0,48.706788958367994,395.22636272929435,34
969.3,10,1046.6826727157975,4.0,48.71218272859561,395.1708697672501,34
969.4,10,1046.6826727157975,4.0,48.707150799018066,395.19206553462317,34
969.5,10,1046.6826727157975,4.0,48.69237624179584,395.2942141482083,34
969.6,10,1046.6826727157975,4.0,48.70021496603698,395.2087761693161,34
969.7,10,1046.6826727157975,4.0,48.70079114403376,395.19113588397124,34
969.8,10,1046.6826727157975,4.0,48.69987907647031,395.1879742782893,34
969.9,10,1046.6826727157975,4.0,48.718005340784266,395.02664692765666,34
970.0,10,1046.6826727157975,4.0,48.72281627259855,394.9804987912179,34
970.1,10,1046.6826727157975,4.0,48.73025936028774,394.9129919473596,34
970.2,10,1046.6826727157975,4.0,48.742425639256204,394.80301250737296,34
970.3,10,1046.6826727157975,4.0,48.74705039472381,394.75729488014304,34
970.4,10,1046.6826727157975,4.0,48.754512459329845,394.6816875229707,34
970.5,10,1046.6826727157975,4.0,48.86184106529691,393.8667130999205,34
970.6,10,1046.6826727157975,4.0,49.024816110381146,392.26956082706783,34
970.7,10,1046.6826727157975,4.0,49.04353608429301,392.1068654046825,34
970.8,10,1046.6826727157975,4.0,49.071218855938156,391.74720173244174,34
970.9,10,1046.6826727157975,4.0,49.08364274499418,391.64208780315874,34
971.0,10,1046.6826727157975,4.0,49.100026699617814,391.50171238892494,34
971.1,10,1046.6826727157975,4.0,49.10863649626321,391.34622694305506,34
971.2,10,1046.6826727157975,4.0,49.133027644062366,391.14081818843067,34
971.3,10,1046.6826727157975,4.0,49.0712259693116,391.6687898547701,34
971.4,10,1046.6826727157975,4.0,49.097143714362204,391.39197715679165,34
971.5,10,1046.6826727157975,4.0,49.11925421915968,391.21573549827053,34
971.6,10,1046.6826727157975,4.0,49.152983680058,390.9403468712436,34
971.7,10,1046.6826727157975,4.0,49.17825452362196,390.7341104327156,34
971.8,10,1046.6826727157975,4.0,49.15037130418329,390.9265952095336,34
971.9,10,1046.6826727157975,4.0,49.177838456186976,390.70203497952633,34
972.0,10,1046.6826727157975,4.0,49.213232841055444,390.4140975046489,34
972.1,10,1046.6826727157975,4.0,49.2456241925075,390.15229169346475,34
972.2,10,1046.6826727157975,4.0,49.27274456587402,389.9326865294611,34
972.3,10,1046.6826727157975,4.0,49.2857794272544,389.8321337832493,34
972.4,10,1046.6826727157975,4.0,49.2967801477143,389.74494072180835,34
972.5,10,1046.6826727157975,4.0,49.311525498289384,389.6310733047773,34
972.6,10,1046.6826727157975,4.0,49.315051269042485,389.6036464052648,34
972.7,10,1046.6826727157975,4.0,49.335867294464634,389.44194039869495,34
972.8,10,1046.6826727157975,4.0,49.45397613209931,388.556721442591,34
972.9,10,1046.6826727157975,4.0,49.46893708431463,388.44271028264507,34
973.0,10,1046.6826727157975,4.0,49.65668395219313,386.90460691858715,34
973.1,10,1046.6826727157975,4.0,49.68663867556746,386.666873979911,34
973.2,10,1046.6826727157975,4.0,49.71139037480884,386.47232532887494,34
973.3,10,1046.6826727157975,4.0,49.7366492117697,386.2767004387788,34
973.4,10,1046.6826727157975,4.0,49.76727538386986,386.0354112385397,34
973.5,10,1046.6826727157975,4.0,49.78661401750085,385.8881986500593,34
973.6,10,1046.6826727157975,4.0,49.82012576904985,385.62746916746863,34
973.7,10,1046.6826727157975,4.0,49.85248083740967,385.37570714415,34
973.8,10,1046.6826727157975,4.0,49.890429202737565,385.081299147153,34
973.9,10,1046.6826727157975,4.0,49.91591220668622,384.88286659309085,34
974.0,10,1046.6826727157975,4.0,49.94044757245835,384.69742316453045,34
974.1,10,1046.6826727157975,4.0,49.97407531926507,384.43790793428036,34
974.2,10,1046.6826727157975,4.0,49.99115441628193,384.31240270352606,34
974.3,10,1046.6826727157975,4.0,50.01687476040382,384.1185588846998,34
974.4,10,1046.6826727157975,4.0,50.03597067911299,383.97312072158445,34
974.5,10,1046.6826727157975,4.0,50.068823232855976,383.72164698945454,34
974.6,10,1046.6826727157975,4.0,50.21886461014684,382.63446739323956,34
974.7,10,1046.6826727157975,4.0,50.248139700996944,382.4157849924735,34
974.8,10,1046.6826727157975,3.2,50.269890212827804,382.25186172138876,34
974.9,10,1046.6826727157975,3.2,50.2953272261591,382.06576132309044,34
975.0,11,1046.6826727157975,3.2,50.19601646714242,383.00612898750313,34
975.1,11,1046.6826727157975,2.7,50.20249120998993,382.96264930309735,34
975.2,11,1046.6826727157975,2.7,50.21193940624855,382.89584490373664,34
975.3,11,1046.6826727157975,2.7,50.2297368658557,382.76702761050814,34
975.4,11,1046.6826727157975,2.7,50.39185271537927,381.4622898608919,34
975.5,11,1046.6826727157975,2.7,50.39535480923165,381.44989055226745,34
975.6,11,1046.6826727157975,3.6,50.40185618596776,381.40867716790086,34
975.7,11,1046.6826727157975,3.6,50.415316257727746,381.31862952757905,34
975.8,11,1046.6826727157975,3.6,50.27419821353803,382.48645115130296,34
975.9,11,1046.6826727157975,3.6,50.28659073783328,382.4022672029031,34
976.0,11,1046.6826727157975,3.6,50.24268316448588,382.84979062103696,34
976.1,11,1046.6826727157975,3.6,50.41742135447144,381.63170444141247,34
976.2,11,1046.6826727157975,3.6,50.432611400276656,381.5298094076759,34
976.3,11,1046.6826727157975,3.6,50.44135993143516,381.4691022617511,34
976.4,11,1046.6826727157975,3.6,50.38932298043956,381.835837241214,34
976.5,11,1046.6826727157975,3.6,50.385902351077405,381.8750721243514,34
976.6,11,1046.6826727157975,3.6,50.40020952916964,381.78350060360333,34
976.7,11,1046.6826727157975,3.6,50.404834162810936,381.76114613297557,34
976.8,11,1046.6826727157975,3.6,50.41494332762209,381.6928375592954,34
976.9,11,1046.6826727157975,3.6,50.43147113638443,381.5792152136592,34
977.0,11,1046.6826727157975,3.6,50.43463403933257,381.5724467063295,34
977.1,12,1046.6826727157975,3.6,50.44414332221781,381.5113202697712,34
977.2,12,1046.6826727157975,2.7,50.44352786702207,381.5282365675733,34
977.3,11,1046.6826727157975,2.7,50.38666665780453,381.9094150101079,34
977.4,11,1046.6826727157975,3.6,50.39175702953467,381.8824139306631,34
977.5,11,1046.6826727157975,3.6,50.3993099417105,381.8335296815448,34
977.6,11,1046.6826727157975,3.6,50.403762610581325,381.81688086915403,34
977.7,11,1046.6826727157975,3.6,50.52288617324309,380.8381124930474,34
977.8,11,1046.6826727157975,3.6,50.53687003431629,380.74430303799636,34
977.9,11,1046.6826727157975,3.6,50.54047908587591,380.72052584599965,34
978.0,11,1046.6826727157975,3.6,50.549789328150815,380.66184316146223,34
978.1,12,1046.6826727157975,3.6,50.5720122609807,380.4998622002907,34
978.2,12,1046.6826727157975,3.6,50.587835780974515,380.3872793103951,34
978.3,12,1046.6826727157975,3.6,50.59094981488768,380.3722758996572,34
978.4,12,1046.6826727157975,3.6,50.59107329349624,380.38662241965255,34
978.5,12,1046.6826727157975,3.6,50.606237112749795,380.28367299389663,34
978.6,12,1046.6826727157975,3.6,50.682743367706564,379.7621058755933,34
978.7,12,1046.6826727157975,3.6,50.698385947559416,379.65048696107624,34
978.8,7,1046.7836440897515,3.6,50.70762253890135,379.5967125644753,34
978.9,8,1047.0432330789465,2.8,50.73100695070295,379.42477928666653,34
979.0,12,1047.0432330789465,2.8,50.741490577273424,379.35638724237117,34
979.1,12,1047.0432330789465,3.6,50.76820035340761,379.16025531585944,34
979.2,12,1047.0432330789465,3.6,50.78823505401314,379.018484874211,34
979.3,12,1047.0432330789465,3.6,50.81424039861409,378.8256872982287,34
979.4,12,1047.0432330789465,3.6,50.83528988503898,378.6721945371534,34
979.5,12,1047.0432330789465,3.6,50.85466244811277,378.53797208299966,34
979.6,12,1047.0432330789465,3.6,50.86259305708076,378.4902480849114,34
979.7,12,1047.0432330789465,3.6,50.888777747509295,378.2934057962532,34
979.8,12,1047.0432330789465,3.6,50.91943268214757,378.0683562732586,34
979.9,12,1047.0432330789465,3.6,50.80626867153266,379.0245518725818,34
980.0,12,1047.0432330789465,3.6,50.823558879454495,378.9027394100136,34
980.1,12,1047.0432330789465,3.6,50.85039866190228,378.7055576183673,34
980.2,6,1045.371772713041,3.6,50.87368492247311,378.5359706535783,34
980.3,6,1044.7637149636337,3.0,50.89499127982285,378.3852210947125,34
980.4,12,1044.7637149636337,3.0,50.81928735543614,378.88229630737715,34
980.5,12,1044.7637149636337,4.5,50.93887867044597,377.91294501428837,34
980.6,12,1044.7637149636337,4.5,50.9504370403748,377.84310453165045,34
980.7,12,1044.7637149636337,4.5,50.97909972003785,377.63616444308644,34
980.8,12,1044.7637149636337,4.5,51.125639481630785,376.6529950408085,34
980.9,12,1044.7637149636337,4.5,51.151439129433754,376.4700961444086,34
981.0,12,1044.7637149636337,4.5,51.16112825816003,376.40322967933196,34
981.1,12,1044.7637149636337,4.5,51.16872210307401,376.357403889579,34
981.2,12,1044.7637149636337,4.5,51.17573010742434,376.3186388719379,34
981.3,12,1044.7637149636337,4.5,51.19221693675592,376.20154439735484,34
981.4,12,1044.7637149636337,4.5,51.208705004688596,376.0863335688009,34
981.5,12,1044.7637149636337,4.5,51.21504115870688,376.0515206571258,34
981.6,12,1044.7637149636337,4.5,51.23002950700297,375.95278455645837,34
981.7,12,1044.7637149636337,4.5,51.245378691519775,375.8443328428185,34
981.8,12,1044.7637149636337,4.5,51.09423124822054,377.11560438885857,34
981.9,12,1044.7637149636337,4.5,51.11181305041667,376.99673881179194,34
982.0,12,1044.7637149636337,4.5,51.00382969410491,377.70074044376247,34
982.1,12,1044.7637149636337,4.5,51.01725280418796,377.6044338634315,34
982.2,12,1044.7637149636337,4.5,51.015712300996526,377.6304602931559,34
982.3,12,1044.7637149636337,4.5,51.033083950209075,377.51592897354305,34
982.4,12,1044.7637149636337,4.5,51.04515716526005,377.4330263422383,34
982.5,12,1044.7637149636337,4.5,51.04757187181182,377.4267316465232,34
982.6,12,1044.7637149636337,4.5,51.04875585332265,377.4352146596474,34
982.7,12,1044.7637149636337,4.5,51.17209539423946,376.4240367112212,34
982.8,12,1044.7637149636337,4.5,51.16433154160582,376.50779612244486,34
982.9,12,1044.7637149636337,4.5,51.09964094949621,377.3355263662558,34
983.0,12,1044.7637149636337,4.5,51.10747317308753,377.28273299572595,34
983.1,12,1044.7637149636337,4.5,51.18327079469225,376.834135741828,34
983.2,12,1044.7637149636337,4.5,51.180960366502546,376.87830473258725,34
983.3,12,1044.7637149636337,4.5,51.192305442761665,376.817600214954,34
983.4,12,1044.7637149636337,4.5,51.18843393805172,376.8741557100264,34
983.5,7,1045.0298211832694,3.6,51.19340722099535,376.8578993411732,34
983.6,7,1045.0298211832694,3.5,51.200911832037306,376.8208107425154,34
983.7,7,1045.0298211832694,3.5,51.209190128960444,376.7864092128831,34
983.8,7,1045.0298211832694,3.5,51.21879150084764,376.72130565437016,34
983.9,7,1045.0298211832694,3.5,51.231350415378884,376.6464650925117,34
984.0,7,1045.0298211832694,3.5,51.23084573430417,376.66711134993545,34
984.1,7,1045.0298211832694,3.5,51.239357164584945,376.6147507217245,34
984.2,7,1045.0298211832694,3.5,51.24118836772273,376.6211028434915,34
984.3,7,1045.0298211832694,3.5,51.15286979559157,377.20801045925964,34
984.4,7,1045.0298211832694,3.5,51.15431017897368,377.2195321281599,34
984.5,9,1045.0298211832694,2.8,51.15945229597439,377.192443083315,34
984.6,9,1045.0298211832694,3.2,51.15735880581411,377.2264667383299,34
984.7,9,1045.0298211832694,3.2,51.17770617503187,377.0855831090336,34
984.8,9,1045.0298211832694,3.2,51.17752189784589,377.0972578862069,34
984.9,9,1045.0298211832694,3.2,51.17462668463104,377.15107812447815,34
985.0,8,1045.1904473135278,3.2,51.1772271133624,377.15176553640725,34
985.1,8,1045.1904473135278,3.5,51.2588247603106,376.4876523344518,34
985.2,8,1045.1904473135278,3.5,51.17081281296109,377.07099784348566,34
985.3,8,1045.1904473135278,3.5,51.16720637988479,377.1220186766441,34
985.4,8,1045.1904473135278,3.5,51.15596319709526,377.23830122848256,34
985.5,8,1045.1904473135278,3.5,51.14808255804079,377.32164836298193,34
985.6,8,1045.1904473135278,3.5,51.22823393335239,376.8441698071664,34
985.7,8,1045.1904473135278,3.5,51.209301428332154,377.0147752396545,34
985.8,8,1045.1904473135278,3.5,51.199620762804315,377.1133274460994,34
985.9,8,1045.1904473135278,3.5,51.196856357978874,377.1730115918011,34
986.0,8,1045.1904473135278,3.5,51.18604561039126,377.2979902690778,34
986.1,8,1045.1904473135278,3.5,51.180262819606014,377.3724728059681,34
986.2,8,1045.1904473135278,3.5,51.05755217528983,378.45556755441913,34
986.3,8,1045.1904473135278,3.5,50.993440688418964,378.89376840158104,34
986.4,8,1045.1904473135278,3.5,50.9923543300264,378.9343743983627,34
986.5,8,1045.1904473135278,3.5,50.98255839795597,379.0449015891154,34
986.6,8,1045.1904473135278,3.5,50.97197167754952,379.1723819803037,34
986.7,7,1045.161305777137,3.5,50.96286374040016,379.2905624968903,34
986.8,7,1045.161305777137,3.5,51.02724682466934,378.68679991540967,34
986.9,7,1045.161305777137,3.5,51.02985778249961,378.71602269313775,34
987.0,7,1045.161305777137,3.5,51.021616385532354,378.8119496086201,34
987.1,7,1045.161305777137,3.5,51.008658357965714,378.9286251242687,34
987.2,7,1045.161305777137,3.5,51.0759769457877,378.0739430472232,34
987.3,7,1045.161305777137,3.5,51.06284993453947,378.1938168919024,34
987.4,7,1045.161305777137,3.5,51.054055522909195,378.2905688179766,34
987.5,7,1045.161305777137,3.5,50.936193194027894,379.09398914939203,34
987.6,7,1045.161305777137,3.5,51.00451197351825,378.52347349303636,34
987.7,6,1043.8959248319861,2.8,50.99087367534696,378.64721037114845,34
987.8,9,1043.8959248319861,3.5,50.82682113297179,380.0844114079325,34
987.9,9,1043.8959248319861,3.2,50.81891979238147,380.17676003887647,34
988.0,9,1043.8959248319861,3.2,50.80701022841843,380.2951356871782,34
988.1,9,1043.8959248319861,3.2,50.89528378890792,379.76263469323953,34
988.2,6,1043.2865129236363,3.2,50.842427391303204,380.11070325622217,34
988.3,9,1043.2865129236363,3.5,50.843484603806104,380.13896212438016,34
988.4,9,1043.2865129236363,3.2,50.84456199711801,380.16061543692604,34
988.5,7,1043.2075498682193,3.2,50.84654577144702,380.1791454075191,34
988.6,7,1043.2075498682193,3.5,50.83218949355171,380.317239352646,34
988.7,7,1043.2075498682193,3.5,50.828530750520535,380.3879665369547,34
988.8,7,1043.2075498682193,3.5,50.819522914927376,380.4910811119005,34
988.9,7,1043.2075498682193,3.5,50.80307606303804,380.67180031480234,34
989.0,7,1043.2075498682193,3.5,50.80123881123275,380.72184967737087,34
989.1,7,1043.2075498682193,3.5,50.78744997344451,380.8646635002196,34
989.2,7,1043.2075498682193,3.5,50.767817823248635,381.03987473825475,34
989.3,7,1043.2075498682193,3.5,50.75319192519973,381.19618675011304,34
989.4,7,1043.2075498682193,3.5,50.73789442441461,381.36327255663343,34
989.5,9,1043.2075498682193,2.8,50.71411801472331,381.58636285200623,34
989.6,9,1043.2075498682193,4.0,50.69868533757639,381.74033294869116,34
989.7,9,1043.2075498682193,4.0,50.67261063775084,381.98403909270047,34
989.8,9,1043.2075498682193,4.0,50.655745815177575,382.1561993152033,34
989.9,9,1043.2075498682193,4.0,50.634604349250296,382.37561489432943,34
990.0,9,1043.2075498682193,4.0,50.61927434257284,382.5191575945626,34
990.1,6,1042.4854958394071,3.2,50.61872947274403,382.55397051705125,34
990.2,6,1042.4854958394071,4.0,50.605780062592615,382.67927836577724,34
990.3,6,1042.4854958394071,4.0,50.59256359598949,382.78972608062895,34
990.4,6,1042.4854958394071,4.0,50.65167784827804,382.4659425139408,34
990.5,6,1042.4854958394071,4.0,50.72890471501405,381.76431068853054,34
990.6,9,1042.4854958394071,3.5,50.61081958099595,382.5329934918786,34
990.7,9,1042.4854958394071,3.2,50.612415153235304,382.5245922086315,34
990.8,9,1042.4854958394071,3.2,50.60232482207962,382.6155035821647,34
990.9,9,1042.4854958394071,3.2,50.59715073906964,382.6657579529327,34
991.0,7,1042.410834110889,3.2,50.59550252443324,382.6918279543505,34
991.1,7,1042.410834110889,3.5,50.59892501666849,382.6707053015257,34
991.2,7,1042.410834110889,3.5,50.59598577477058,382.6922957457355,34
991.3,7,1042.410834110889,3.5,50.59579111092252,382.70169432132843,34
991.4,7,1042.410834110889,3.5,50.599624496944514,382.6716081754147,34
991.5,7,1042.410834110889,3.5,50.59962914053398,382.67407543900003,34
991.6,7,1042.410834110889,3.5,50.60673603481023,382.6142024823995,34
991.7,7,1042.410834110889,3.5,50.60681768555882,382.6202696068328,34
991.8,7,1042.410834110889,3.5,50.61879942931827,382.51586867370065,34
991.9,7,1042.410834110889,3.5,50.614831598300896,382.5559194057061,34
992.0,7,1042.410834110889,3.5,50.45390930439197,384.0454106967302,34
992.1,7,1042.410834110889,3.5,50.45812432128929,384.00249347308943,34
992.2,7,1042.410834110889,3.5,50.451309601175396,384.05144793537977,34
992.3,7,1042.410834110889,3.5,50.46601050023239,383.93274482185006,34
992.4,7,1042.410834110889,3.5,50.46268544290764,383.9568061731414,34
992.5,7,1042.410834110889,3.5,50.469537175462044,383.8938325463397,34
992.6,7,1042.410834110889,3.5,50.47635999797951,383.82375834338046,34
992.7,7,1042.410834110889,3.5,50.48727495270713,383.7164221850222,34
992.8,7,1042.410834110889,3.5,50.54647374837114,383.3494152270849,34
992.9,7,1042.410834110889,3.5,50.62590941615795,382.6032684574825,34
993.0,7,1042.410834110889,3.5,50.63006288706898,382.56834266943656,34
993.1,7,1042.410834110889,3.5,50.63700950760064,382.4850018641116,34
993.2,7,1042.410834110889,3.5,50.647080990090686,382.3999316935865,34
993.3,7,1044.2299320333516,3.5,50.65258161687686,382.33957870565246,35
993.4,7,1044.2299320333516,-100.0,50.65875677614361,382.2786441490483,35
993.5,7,1044.2299320333516,3.5,50.6744260853102,382.125495369251,35
993.6,7,1044.2299320333516,3.5,50.679527421658264,382.0876710733307,35
993.7,7,1044.2299320333516,3.5,50.70495829871411,381.87503502102845,35
993.8,7,1044.2299320333516,3.5,50.63082439255478,382.53928292984654,35
993.9,7,1044.2299320333516,3.5,50.638150494449434,382.4665183386789,35
994.0,7,1044.2299320333516,3.5,50.653070267924534,382.3268288451064,35
994.1,7,1044.2299320333516,3.5,50.66723400507131,382.2031097834937,35
994.2,9,1044.2299320333516,2.8,50.68437157051949,382.0409298875205,35
994.3,9,1044.2299320333516,3.2,50.70292019650325,381.88438822144167,35
994.4,9,1044.2299320333516,3.2,50.71776921911734,381.7486030667286,35
994.5,9,1044.2299320333516,3.2,50.74186027890004,381.5392709578283,35
994.6,9,1044.2299320333516,3.2,50.7580789985627,381.39727240488514,35
994.7,8,1044.2299320333516,3.2,50.62646275305799,382.1662848285017,35
994.8,9,1044.2299320333516,3.5,50.63619180469908,382.0738527339541,35
994.9,8,1044.2299320333516,3.2,50.65591097785746,381.88751635364474,35
995.0,8,1044.2299320333516,3.5,50.67380458309647,381.73110729542606,35
995.1,11,1044.2299320333516,3.5,50.77492490784636,381.03849230863324,35
995.2,7,1044.1490209967862,3.6,50.784714189998795,380.93458812006685,35
995.3,7,1044.1490209967862,3.5,50.79953997466593,380.7863647339964,35
995.4,7,1044.1490209967862,3.5,50.81862660051224,380.60477011588,35
995.5,7,1044.1490209967862,3.5,50.892724794151945,379.92839541136436,35
995.6,7,1044.1490209967862,3.5,50.898693639912906,379.8608779235308,35
995.7,11,1044.1490209967862,2.8,50.90837045159857,379.7534632470804,35
995.8,11,1044.1490209967862,3.6,50.917229857661546,379.6672439926826,35
995.9,11,1044.1490209967862,3.6,50.927388171118785,379.56687327407894,35
996.0,11,1044.1490209967862,3.6,50.93120635859478,379.51250468907176,35
996.1,11,1044.1490209967862,3.6,50.94479291241983,379.38703089677244,35
996.2,11,1044.1490209967862,3.6,50.80183655784953,380.22443075697436,35
996.3,11,1044.1490209967862,3.6,50.817715648692854,380.078146765567,35
996.4,11,1044.1490209967862,3.6,50.825213385095815,379.9865202807343,35
996.5,11,1044.1490209967862,3.6,50.83958897053421,379.8521049958482,35
996.6,11,1044.1490209967862,3.6,50.85016337103259,379.7363402039987,35
996.7,11,1044.1490209967862,3.6,50.954961579217155,379.03451851658775,35
996.8,8,1044.1490209967862,2.7,50.814192832032425,380.24425016470747,35
996.9,8,1044.1490209967862,3.5,50.815107439206386,380.2106264251638,35
997.0,8,1044.1490209967862,3.5,50.82905791183262,380.06797225064525,35
997.1,8,1044.1490209967862,3.5,50.83000372436322,380.0245253813332,35
997.2,8,1044.1490209967862,3.5,50.84287840364331,379.896083580919,35
997.3,8,1044.1490209967862,3.5,50.85609978285632,379.7633229832257,35
997.4,8,1044.1490209967862,4.199999999999999,50.86515172481732,379.6688021743846,35
997.5,9,1044.1490209967862,3.5,50.8699534633961,379.60043597654055,35
997.6,9,1044.1490209967862,3.2,50.88671732425635,379.4453838776594,35
997.7,9,1044.1490209967862,3.2,50.99018410108618,378.7457831419248,35
997.8,9,1044.1490209967862,3.2,51.00246630013977,378.6141571040886,35
997.9,9,1044.1490209967862,3.2,51.00076528237419,378.6020136984744,35
998.0,7,1044.0697825797602,3.2,51.01026661837943,378.4983618956759,35
998.1,7,1044.0697825797602,3.5,51.023846303220324,378.3625578083072,35
998.2,7,1044.0697825797602,3.5,50.91226896252985,379.30232364641677,35
998.3,7,1044.0697825797602,3.5,50.919931583592486,379.21355474277755,35
998.4,7,1044.0697825797602,3.5,50.92198861279036,379.17264006996766,35
998.5,9,1044.0697825797602,3.5,50.98542919204582,378.6012474970589,35
998.6,9,1044.0697825797602,3.2,51.00188007308391,378.4381451015166,35
998.7,9,1044.0697825797602,3.2,50.99756925726889,378.43692032065064,35
998.8,9,1044.0697825797602,3.2,50.99985322170107,378.3946586780563,35
998.9,9,1044.0697825797602,3.2,51.009559666098646,378.3003937031974,35
999.0,11,1044.0697825797602,2.4000000000000004,51.01528169269176,378.231750009564,35
999.1,11,1044.0697825797602,3.6,50.87588022498359,379.41838145358975,35
999.2,11,1044.0697825797602,3.6,50.73612684916435,380.2873502530744,35
999.3,11,1044.0697825797602,3.6,50.74088515091972,380.23504527677767,35
999.4,11,1044.0697825797602,3.6,50.756315523760456,380.08691025836254,35
999.5,11,1044.0697825797602,3.6,50.75164463508439,380.1134055701989,35
999.6,11,1044.0697825797602,3.6,50.75903327106943,380.030626901671,35
999.7,11,1044.0697825797602,3.6,50.76475039866713,379.9685017866783,35
999.8,11,1044.0697825797602,3.6,50.76572439313733,379.9439399811363,35
999.9,11,1044.0697825797602,3.6,50.85049530984165,379.3758651440693,35
1000.0,9,1044.0697825797602,2.7,50.84856961528577,379.37055541916675,35
1000.1,9,1044.0697825797602,3.2,50.84390986567355,379.38935450749244,35
1000.2,9,1044.0697825797602,3.2,50.84798699513405,379.342724706149,35
1000.3,9,1044.0697825797602,3.2,50.856985588330986,379.24208114840917,35
1000.4,9,1044.0697825797602,3.2,50.845168991894894,379.30531007145987,35
1000.5,9,1044.0697825797602,3.2,50.85934780166517,379.17088480242876,35
1000.6,9,1044.0697825797602,3.2,50.84267800915204,379.2741559837681,35
1000.7,9,1044.0697825797602,3.2,50.85166879546726,379.1708992102019,35
1000.8,9,1044.0697825797602,3.2,50.75222569814696,380.0097284761752,35
1000.9,11,1044.0697825797602,2.4000000000000004,50.75430084567218,379.9694826040004,35
1001.0,11,1044.0697825797602,3.6,50.75209612501172,379.9627292871013,35
1001.1,11,1044.0697825797602,3.6,50.67909730862428,380.30749778171355,35
1001.2,8,1044.0697825797602,2.7,50.67428727585807,380.3199228013028,35
1001.3,8,1044.0697825797602,3.5,50.67752730836075,380.27180856929306,35
1001.4,7,1043.9894389428575,3.5,50.68082001985036,380.22451510919905,35
1001.5,7,1043.9894389428575,3.5,50.69575765796526,380.0826133506541,35
1001.6,7,1043.9894389428575,3.5,50.69506065369918,380.0611722008417,35
1001.7,7,1043.9894389428575,3.5,50.71302896280776,379.90392733846613,35
1001.8,7,1043.9894389428575,3.5,50.725565290263305,379.7832039381798,35
1001.9,7,1043.9894389428575,3.5,50.73645139993957,379.6743414437092,35
1002.0,7,1043.9894389428575,3.5,50.74073769597473,379.6199772213017,35
1002.1,7,1043.9894389428575,3.5,50.7606167480094,379.4437693707521,35
1002.2,7,1043.9894389428575,3.5,50.757422857726056,379.44697859541907,35
1002.3,6,1042.8116138233017,3.5,50.848449765677444,378.806790397055,35
1002.4,6,1044.020244527127,4.0,50.842078418438845,378.8412203862389,36
1002.5,7,1044.020244527127,-100.0,50.851707782190175,378.7436926481282,36
1002.6,7,1044.020244527127,3.5,50.84179552137941,378.8123878728478,36
1002.7,7,1044.020244527127,3.5,50.85161482188272,378.715654272806,36
1002.8,7,1044.020244527127,3.5,50.85014398807385,378.71258385131625,36
1002.9,7,1044.020244527127,3.5,50.8495856301234,378.69704434920754,36
1003.0,7,1044.020244527127,3.5,50.846453035569475,378.6988566816958,36
1003.1,7,1044.020244527127,3.5,50.67719448506011,379.82817931921113,36
1003.2,7,1044.020244527127,3.5,50.66517932102342,379.90457409438875,36
1003.3,7,1044.020244527127,3.5,50.65931613985266,379.92668096578257,36
1003.4,7,1044.020244527127,3.5,50.6544183578721,379.9428116699607,36
1003.5,7,1044.020244527127,3.5,50.63412054940787,380.0779260796307,36
1003.6,7,1044.020244527127,3.5,50.62922454031579,380.09926841853064,36
1003.7,7,1044.020244527127,3.5,50.47438100144136,381.37054588466657,36
1003.8,7,1044.020244527127,3.5,50.447664639733574,381.56604408695375,36
1003.9,7,1044.020244527127,3.5,50.487209613641625,381.209975910714,36
1004.0,7,1044.020244527127,3.5,50.47474208737369,381.29246764938307,36
1004.1,8,1044.020244527127,3.5,50.408150968429034,381.9198405740787,36
1004.2,7,1044.020244527127,3.5,50.265155378612846,382.8980704458878,36
1004.3,7,1044.020244527127,4.199999999999999,50.2210501101456,383.2557538356349,36
1004.4,7,1044.020244527127,4.199999999999999,50.27905511829519,382.8771027492621,36
1004.5,7,1043.9381827333043,4.199999999999999,50.27925733514303,382.8633920669768,36
1004.6,7,1043.9381827333043,4.8999999999999995,50.250772561480005,383.08367362696555,36
1004.7,7,1043.9381827333043,4.8999999999999995,50.23795950593111,383.17967890362377,36
1004.8,7,1043.9381827333043,4.8999999999999995,50.1335960668347,384.0558940767302,36
1004.9,7,1043.9381827333043,4.8999999999999995,50.13638808692697,384.0220550969354,36
1005.0,7,1043.9381827333043,4.8999999999999995,50.092808944886755,384.21850893766987,36
1005.1,7,1043.9381827333043,5.6,50.09570093715265,384.18638131845876,36
1005.2,7,1043.9381827333043,5.6,50.08147202740803,384.29491062256636,36
1005.3,7,1043.9381827333043,5.6,50.066842714533564,384.4049065297389,36
1005.4,7,1043.9381827333043,5.6,50.06381195886334,384.4197053314339,36
1005.5,7,1043.9381827333043,5.6,50.0553969354686,384.48215369303813,36
1005.6,7,1043.9381827333043,5.6,50.04504076300079,384.5571161824886,36
1005.7,7,1043.9381827333043,5.6,50.02962203523791,384.6735167940501,36
1005.8,7,1043.9381827333043,5.6,50.01680067739701,384.76244992207216,36
1005.9,7,1043.9381827333043,5.6,49.866294698166485,386.02828230228437,36
1006.0,7,1043.9381827333043,5.6,49.85317920259763,386.1228645298184,36
1006.1,7,1043.9381827333043,5.6,49.82912725183341,386.3156010089107,36
1006.2,7,1043.9381827333043,5.6,49.81247318109719,386.43351382760267,36
1006.3,7,1043.9381827333043,5.6,49.78480200347121,386.651751553577,36
1006.4,7,1043.9381827333043,4.8999999999999995,49.774440462731285,386.73174979687326,36
1006.5,7,1043.9381827333043,4.8999999999999995,49.756392752663224,386.8760041767099,36
1006.6,7,1043.9381827333043,4.8999999999999995,49.74674463436156,386.9379380893462,36
1006.7,7,1043.9381827333043,4.8999999999999995,49.72835284452307,387.0812795577616,36
1006.8,7,1043.9381827333043,4.8999999999999995,49.77919769752715,386.7336702476322,36
1006.9,7,1043.9381827333043,4.8999999999999995,49.765007487944416,386.85002955685286,36
1007.0,7,1043.9381827333043,4.8999999999999995,49.798970396123124,386.5568770304348,36
1007.1,7,1043.9381827333043,4.8999999999999995,49.78523329897463,386.65968034494534,36
1007.2,7,1043.9381827333043,4.8999999999999995,49.757547564698996,386.87799537498296,36
1007.3,7,1043.9381827333043,4.8999999999999995,49.74435014175339,386.98123327671897,36
1007.4,7,1043.9381827333043,4.8999999999999995,49.67159939136472,387.51512111122634,36
1007.5,7,1043.9381827333043,4.8999999999999995,49.65166792831333,387.6728697903126,36
1007.6,7,1043.9381827333043,4.8999999999999995,49.64114144873352,387.7689703733711,36
1007.7,7,1043.9381827333043,4.8999999999999995,49.64033960895745,387.7780380431194,36
1007.8,7,1043.9381827333043,4.8999999999999995,49.612591018165205,388.01080345007125,36
1007.9,7,1043.9381827333043,4.8999999999999995,49.609098756611,388.038009649915,36
1008.0,7,1043.9381827333043,4.8999999999999995,49.58698349164281,388.2246949038037,36
1008.1,7,1043.9381827333043,4.8999999999999995,49.57535978226851,388.31791481170717,36
1008.2,7,1043.9381827333043,4.8999999999999995,49.57144031297346,388.3586178551918,36
1008.3,7,1043.9381827333043,4.8999999999999995,49.62504817203963,387.8792294220673,36
1008.4,7,1043.9381827333043,4.8999999999999995,49.47792897832687,389.1544115552772,36
1008.5,7,1043.9381827333043,4.8999999999999995,49.37963839991592,389.87052870400737,36
1008.6,7,1043.9381827333043,4.8999999999999995,49.3659456916637,389.98730591578715,36
1008.7,7,1043.9381827333043,4.8999999999999995,49.35126534593462,390.0957438647448,36
1008.8,7,1043.9381827333043,4.8999999999999995,49.32269776929864,390.3312000631289,36
1008.9,7,1043.9381827333043,4.8999999999999995,49.305245788282754,390.4666645583691,36
1009.0,7,1043.9381827333043,4.8999999999999995,49.35490399836203,390.1163025602876,36
1009.1,7,1043.9381827333043,4.8999999999999995,49.34516779756606,390.1886076196806,36
1009.2,7,1043.9381827333043,4.8999999999999995,49.33339700345141,390.2791295305058,36
1009.3,7,1043.9381827333043,4.8999999999999995,49.32164067038384,390.37101026805567,36
1009.4,7,1043.9381827333043,4.8999999999999995,49.30589092074619,390.49631786669073,36
1009.5,7,1043.9381827333043,4.8999999999999995,49.31122191561717,390.45398801134,36
1009.6,7,1043.9381827333043,4.8999999999999995,49.2912823753191,390.96984542118514,36
1009.7,7,1043.9381827333043,4.8999999999999995,49.28708473502927,391.0060066641735,36
1009.8,7,1043.9381827333043,4.8999999999999995,49.2847043994404,391.01796390396,36
1009.9,7,1043.9381827333043,4.8999999999999995,49.27828229441453,391.07695772051625,36
1010.0,7,1043.9381827333043,4.8999999999999995,49.27503995057978,391.099515411329,36
1010.1,7,1043.9381827333043,4.8999999999999995,49.268391311957274,391.15002457858304,36
1010.2,7,1043.9381827333043,4.8999999999999995,49.27117377909031,391.1256336227425,36
1010.3,7,1043.9381827333043,4.8999999999999995,49.26940634704723,391.13437389495914,36
1010.4,7,1043.9381827333043,4.199999999999999,49.26499595133201,391.1831870921733,36
1010.5,7,1043.9381827333043,4.199999999999999,49.26147918818049,391.21259971479304,36
1010.6,7,1043.9381827333043,4.199999999999999,49.26820192862234,391.15269552607106,36
1010.7,7,1043.9381827333043,4.199999999999999,49.27557953556679,391.0919236662702,36
1010.8,7,1043.9381827333043,4.199999999999999,49.338836066711465,390.52442327906397,36
1010.9,7,1043.9381827333043,4.199999999999999,49.23711266623341,391.2259408438947,36
1011.0,7,1043.9381827333043,4.199999999999999,49.23918734099104,391.21426127595123,36
1011.1,7,1043.9381827333043,4.199999999999999,49.25740209443802,391.35360232736616,36
1011.2,7,1043.9381827333043,4.199999999999999,49.085392390364134,392.92006666617,36
1011.3,7,1043.9381827333043,4.199999999999999,49.0837902361238,392.9403529107401,36
1011.4,7,1043.9381827333043,4.199999999999999,49.09235957486357,392.8654183056507,36
1011.5,7,1043.9381827333043,4.199999999999999,49.091329012444895,392.8844772261873,36
1011.6,7,1043.9381827333043,4.199999999999999,49.10583696160835,392.75976044180345,36
1011.7,7,1043.9381827333043,4.199999999999999,49.15464924197736,392.4246654073798,36
1011.8,8,1043.9381827333043,3.5,49.15549417508885,392.42455152262073,36
1011.9,8,1043.9381827333043,4.199999999999999,49.16703232333015,392.32640997916315,36
1012.0,8,1043.9381827333043,4.199999999999999,48.976296317833416,394.0785274843016,36
1012.1,8,1043.9381827333043,4.199999999999999,48.833208978973985,395.094542927333,36
1012.2,8,1043.9381827333043,4.199999999999999,48.8380597279618,395.04438828114525,36
1012.3,8,1043.9381827333043,4.199999999999999,48.842823963793904,394.992136851169,36
1012.4,8,1043.9381827333043,4.199999999999999,48.814950576405096,395.0243827479122,36
1012.5,8,1043.9381827333043,4.199999999999999,48.81947663740519,394.9833094592044,36
1012.6,8,1043.9381827333043,4.199999999999999,48.80541597701296,395.1187832088913,36
1012.7,8,1043.9381827333043,4.199999999999999,48.80653964866816,395.1145153416124,36
1012.8,8,1043.9381827333043,4.199999999999999,48.79801263515499,395.1947317861333,36
1012.9,8,1043.9381827333043,4.199999999999999,48.79561314613329,395.22319078663713,36
1013.0,8,1043.9381827333043,4.199999999999999,48.79609116547439,395.22638935594233,36
1013.1,8,1043.9381827333043,4.199999999999999,48.787954157729104,395.3039342850049,36
1013.2,8,1043.9381827333043,4.199999999999999,48.57728115171425,397.28568924059584,36
1013.3,8,1043.9381827333043,4.199999999999999,48.56850214482537,397.36870664544944,36
1013.4,8,1043.9381827333043,4.199999999999999,48.562671901511116,397.4349712101648,36
1013.5,8,1043.9381827333043,4.8999999999999995,48.62391528167547,396.86029140406765,36
1013.6,8,1043.9381827333043,4.8999999999999995,48.61888676223184,396.91780028709934,36
1013.7,8,1043.9381827333043,4.8999999999999995,48.610506117243624,396.99289972940494,36
1013.8,8,1043.9381827333043,4.8999999999999995,48.64369960759778,396.78660741977046,36
1013.9,8,1043.9381827333043,4.8999999999999995,48.622269440187196,396.98917665846136,36
1014.0,8,1043.9381827333043,4.8999999999999995,48.48366567311802,397.96633022342155,36
1014.1,8,1043.9381827333043,4.8999999999999995,48.46414002797055,398.1625132871355,36
1014.2,8,1043.9381827333043,4.8999999999999995,48.46795346854012,398.1173675530725,36
1014.3,8,1043.9381827333043,4.8999999999999995,48.449095444619104,398.2946111550659,36
1014.4,8,1043.9381827333043,4.8999999999999995,48.43008727816319,398.46664996428444,36
1014.5,8,1043.9381827333043,4.199999999999999,48.41490186579117,398.6086270707311,36
1014.6,8,1043.9381827333043,4.199999999999999,48.276996457431856,399.92147590751154,36
1014.7,8,1043.9381827333043,4.199999999999999,48.276580083152226,399.9143023961304,36
1014.8,8,1043.9381827333043,4.199999999999999,48.264977178295005,400.0172941430367,36
1014.9,8,1043.9381827333043,4.199999999999999,48.25248281228167,400.1141327074698,36
1015.0,8,1043.9381827333043,4.199999999999999,48.2558806066513,400.0698451813114,36
1015.1,8,1043.9381827333043,4.199999999999999,48.240045549568535,400.21029916496803,36
1015.2,8,1043.9381827333043,4.199999999999999,48.23859405196589,400.21937677210997,36
1015.3,8,1043.9381827333043,4.199999999999999,48.07955601218052,401.4032277357097,36
1015.4,8,1043.9381827333043,4.199999999999999,48.08307740413434,401.36836207481974,36
1015.5,8,1043.9381827333043,4.199999999999999,48.07059194211591,401.4795994449613,36
1015.6,8,1043.9381827333043,4.199999999999999,48.066116864298316,401.51023495432304,36
1015.7,8,1043.9381827333043,4.199999999999999,48.060252052205286,401.56776933690355,36
1015.8,8,1043.9381827333043,4.199999999999999,48.06625670781328,401.4988716633827,36
1015.9,8,1043.9381827333043,4.199999999999999,48.06086895926323,401.5496326316428,36
1016.0,8,1043.9381827333043,4.199999999999999,47.918966096653136,402.91484452483473,36
1016.1,8,1043.9381827333043,4.199999999999999,47.92507675549336,402.8742207361637,36
1016.2,6,1041.2896152880214,3.5,47.95252543564436,402.691062948172,36
1016.3,6,1040.735520540568,4.5,47.80699186290815,403.719921343289,36
1016.4,6,1040.735520540568,4.5,47.80775098346365,403.70505381526107,36
1016.5,6,1040.735520540568,4.5,47.89147661226821,402.88656855593257,36
1016.6,6,1040.735520540568,4.5,47.87749165785934,403.00766196597027,36
1016.7,6,1040.735520540568,4.5,47.86170475482764,403.1457691988603,36
1016.8,6,1040.735520540568,4.5,47.669838483814345,405.0027563228898,36
1016.9,6,1040.735520540568,4.5,47.65133474579347,405.1669260484497,36
1017.0,6,1040.735520540568,4.5,47.62005865621039,405.45087875649915,36
1017.1,6,1040.735520540568,4.5,47.606395992282884,405.57720600072275,36
1017.2,6,1040.735520540568,4.5,47.58263938828178,405.79419293728347,36
1017.3,6,1040.735520540568,4.5,47.55062483480967,405.77390569988154,36
1017.4,6,1040.735520540568,4.5,47.37732531810592,407.06235742050393,36
1017.5,6,1040.735520540568,4.5,47.35324171826011,407.26719118875303,36
1017.6,6,1040.735520540568,4.5,47.33202428553818,407.4361654725175,36
1017.7,6,1040.735520540568,4.5,47.276676476166806,408.7671646694614,36
1017.8,6,1040.735520540568,4.5,47.25663276895899,408.92384713401646,36
1017.9,6,1040.735520540568,4.5,47.020844855706194,411.3171553628049,36
1018.0,6,1040.735520540568,4.5,46.99837712619502,411.51966322918804,36
1018.1,6,1040.735520540568,4.5,46.971538782700605,411.75672756694394,36
1018.2,6,1040.735520540568,4.5,46.94090175889369,412.03248791356356,36
1018.3,6,1040.735520540568,4.5,46.92318548099923,412.1748928695928,36
1018.4,6,1040.735520540568,4.5,46.86363193690436,413.7632508530532,36
1018.5,6,1040.735520540568,4.5,46.786650000121405,414.27338809509126,36
1018.6,6,1040.735520540568,4.5,46.762275403475414,414.5091173335419,36
1018.7,6,1040.735520540568,4.5,46.744345873387275,414.6598258056224,36
1018.8,6,1040.735520540568,4.5,46.71747476158927,414.91110894448997,36
1018.9,6,1040.735520540568,4.5,46.73683040925493,414.79836514521577,36
1019.0,6,1040.735520540568,4.5,46.71648149423423,414.969787875463,36
1019.1,6,1040.735520540568,4.5,46.68195081463778,415.2980835401113,36
1019.2,6,1040.735520540568,4.5,46.66110570475633,415.4868659715132,36
1019.3,6,1040.735520540568,4.5,46.634998472773816,415.73980151049324,36
1019.4,6,1040.735520540568,4.5,46.618987429759045,415.8619856572311,36
1019.5,6,1040.735520540568,4.5,46.58780204279873,416.16567128059296,36
1019.6,8,1040.735520540568,4.0,46.56565270383091,416.3653899982563,36
1019.7,8,1040.735520540568,4.199999999999999,46.317032609612205,419.0833512426363,36
1019.8,8,1040.735520540568,4.199999999999999,46.305829413256106,419.18871569867156,36
1019.9,8,1040.735520540568,4.199999999999999,46.32401998901386,418.5155300116885,36
1020.0,6,1040.015987109134,3.5,46.29656064387058,418.79618012708727,36
1020.1,6,1040.015987109134,4.5,46.27800104830608,418.98542436494336,36
1020.2,6,1040.015987109134,4.5,46.14151713793198,420.06912845098987,36
1020.3,6,1040.015987109134,4.5,46.14214027854269,420.07713519177645,36
1020.4,6,1040.015987109134,4.5,46.11620827552175,420.34813529085943,36
1020.5,6,1040.015987109134,4.5,46.110490791901164,420.42887371839447,36
1020.6,6,1040.015987109134,4.5,46.096219001696824,420.60284345127684,36
1020.7,6,1040.015987109134,4.5,46.09514158841853,420.617594952644,36
1020.8,6,1040.015987109134,4.5,46.08756730591749,420.744151700868,36
1020.9,6,1040.015987109134,4.5,46.098399227760595,420.65419217304327,36
1021.0,6,1040.015987109134,4.5,46.257746970876,418.91607646189766,36
1021.1,6,1040.015987109134,4.5,46.12161558775331,419.93881881151077,36
1021.2,6,1040.015987109134,4.5,46.107308876303094,420.1015191672343,36
1021.3,6,1040.015987109134,4.5,46.10601584889519,420.1502505748275,36
1021.4,6,1040.015987109134,4.5,45.84241272330159,423.1147347966664,36
1021.5,6,1040.015987109134,4.5,45.828071927627946,423.31141277646606,36
1021.6,6,1040.015987109134,4.5,45.82923548558856,423.3417003995233,36
1021.7,6,1040.015987109134,4.5,45.85389049150875,423.2147381844172,36
1021.8,6,1040.015987109134,4.5,45.85837557540677,423.193034772223,36
1021.9,6,1040.015987109134,4.5,45.851381452412085,423.3175493828011,36
1022.0,6,1040.015987109134,4.5,45.840030277625175,423.448698142316,36
1022.1,6,1040.015987109134,4.5,45.827009781669105,423.6376951141517,36
1022.2,6,1040.015987109134,4.5,45.83840593757875,423.5538077646271,36
1022.3,6,1040.015987109134,4.5,45.836569496558724,423.6076846006469,36
1022.4,6,1040.015987109134,4.5,45.83092128606218,423.716303504038,36
1022.5,6,1040.015987109134,4.0,45.83091934206341,423.73644597632324,36
1022.6,6,1040.015987109134,4.0,45.948487040379995,421.92264015106537,36
1022.7,6,1040.015987109134,4.0,45.95004527166936,421.9440157798101,36
1022.8,6,1040.015987109134,4.0,45.959019413919265,421.90170120829185,36
1022.9,6,1040.015987109134,4.0,45.793896947943054,423.15605674788384,36
1023.0,6,1040.015987109134,4.0,45.78876222511979,423.25171011788393,36
1023.1,6,1040.015987109134,4.0,45.79664460145163,423.2058161252128,36
1023.2,6,1040.015987109134,4.0,45.86630841305633,422.4568278685708,36
1023.3,6,1040.015987109134,4.0,45.86827993283005,422.4704730272771,36
1023.4,6,1040.015987109134,4.0,45.86444073904454,422.5616830850935,36
1023.5,6,1040.015987109134,4.0,45.87652137901259,422.46759318968407,36
1023.6,6,1040.015987109134,4.0,45.874462190263344,422.54068160028385,36
1023.7,6,1040.015987109134,4.0,45.887149061087456,422.4389256823747,36
1023.8,6,1040.015987109134,4.0,45.89418095212646,422.41198720612897,36
1023.9,6,1039.298589157786,4.0,45.907785182538746,422.29998656173325,36
1024.0,6,1039.298589157786,4.5,45.92239205046526,422.1572290411816,36
1024.1,6,1039.298589157786,4.5,45.92957184677227,422.1011105005921,36
1024.2,6,1039.298589157786,4.5,45.9526740182926,421.8758071314958,36
1024.3,6,1039.298589157786,4.5,45.96343219865142,421.8037525677188,36
1024.4,6,1039.298589157786,4.5,45.98338585333434,421.61499447699373,36
1024.5,6,1039.298589157786,4.5,45.99338207737501,421.53368865211144,36
1024.6,6,1039.298589157786,4.5,46.022641537474655,421.25500596288066,36
1024.7,6,1039.298589157786,4.5,46.030843414698495,421.1995706043996,36
1024.8,6,1039.298589157786,4.5,46.083676468170594,420.74128453489203,36
1024.9,6,1039.298589157786,4.5,45.83301184117934,423.5713627538394,36
1025.0,6,1039.298589157786,4.5,45.85756885356483,423.32633759778366,36
1025.1,6,1039.298589157786,4.5,45.86382796908201,423.2787875680111,36
1025.2,6,1039.298589157786,4.5,45.890276357026345,423.0356456573427,36
1025.3,6,1039.298589157786,4.5,45.903615915850544,422.92857515911953,36
1025.4,6,1039.298589157786,4.5,45.92507472263304,422.73290104444084,36
1025.5,6,1039.298589157786,4.5,45.95114482118971,422.4782526610257,36
1025.6,6,1039.298589157786,4.5,45.96118091123197,422.3957821913632,36
1025.7,6,1039.298589157786,4.5,45.98946876908677,422.1257267649948,36
1025.8,6,1039.298589157786,4.5,46.012405599165945,421.92814672456973,36
1025.9,6,1039.298589157786,4.5,46.03321827910443,421.7187861136002,36
1026.0,6,1039.298589157786,4.5,46.05302820571508,421.5451909434606,36
1026.1,6,1039.298589157786,4.5,46.19464663677017,419.76747004726025,36
1026.2,6,1039.298589157786,4.5,46.214616976794176,419.57203423897204,36
1026.3,6,1039.298589157786,4.5,46.23554068091035,419.362358443866,36
1026.4,6,1039.298589157786,4.5,46.255447158096175,419.18389958305147,36
1026.5,6,1039.298589157786,4.5,46.36735486295052,417.9864919456278,36
1026.6,6,1039.298589157786,4.5,46.37462056588147,417.92406242694994,36
1026.7,6,1039.298589157786,4.5,46.398105921486305,417.69296797776894,36
1026.8,6,1039.298589157786,4.5,46.41215887207275,417.5606331521034,36
1026.9,6,1039.298589157786,4.5,46.440827343280944,417.27847690712554,36
1027.0,6,1039.298589157786,4.5,46.472014770109325,416.9841852103601,36
1027.1,6,1039.298589157786,4.5,46.49714221785524,416.7612186950047,36
1027.2,6,1039.298589157786,4.5,46.51648378391626,416.56928567223997,36
1027.3,6,1039.298589157786,4.5,46.53153301131037,416.43659276222957,36
1027.4,6,1039.298589157786,4.5,46.56144802514933,416.15423732719256,36
1027.5,6,1039.298589157786,4.5,46.579887920301275,416.01133382664534,36
1027.6,6,1039.298589157786,4.5,46.60068779678139,415.81156198250335,36
1027.7,6,1039.298589157786,4.5,46.6092682380166,415.72528841804905,36
1027.8,6,1039.298589157786,4.5,46.626704973104495,415.5462770173182,36
1027.9,6,1038.5833468494952,4.5,46.64583262693787,415.36883131264545,36
1028.0,6,1038.5833468494952,5.0,46.67533412851324,415.09219446071046,36
1028.1,6,1038.5833468494952,5.0,46.6985651579712,414.86833750619144,36
1028.2,6,1038.5833468494952,5.0,46.73776303733907,414.4898125841722,36
1028.3,6,1038.5833468494952,5.0,46.76296085479069,414.2532755091672,36
1028.4,6,1038.5833468494952,5.0,46.78725820828363,414.0252397814347,36
1028.5,6,1038.5833468494952,5.0,46.815608532505,413.75625598398665,36
1028.6,6,1038.5833468494952,5.0,46.841637525432006,413.4960107703778,36
1028.7,6,1038.5833468494952,5.0,46.86745890722498,413.24105368119933,36
1028.8,6,1038.5833468494952,5.0,46.883578673666634,413.0715929188235,36
1028.9,6,1038.5833468494952,5.0,46.90123372379334,412.90364129165835,36
1029.0,6,1038.5833468494952,5.0,46.96190171312078,412.37486607934045,36
1029.1,6,1038.5833468494952,4.5,46.97443470331747,412.23225839770697,36
1029.2,6,1038.5833468494952,4.5,47.003909730755765,411.94908812193984,36
1029.3,6,1038.5833468494952,4.5,47.02476743706872,411.74968119566836,36
1029.4,6,1038.5833468494952,4.5,47.04214535864628,411.57425953940526,36
1029.5,6,1038.5833468494952,4.5,47.067455841327536,411.31896311103446,36
1029.6,6,1038.5833468494952,4.5,47.08959571853596,411.1076370519577,36
1029.7,6,1038.5833468494952,4.5,47.11852866536293,410.83007057546354,36
1029.8,6,1038.5833468494952,4.5,47.128350891471115,410.7347409826373,36
1029.9,6,1038.5833468494952,4.5,47.146212082394996,410.5688188646145,36
1030.0,6,1038.5833468494952,4.5,47.16864552814758,410.3258852863621,36
1030.1,6,1038.5833468494952,4.5,47.18486158423489,410.1686951071991,36
1030.2,6,1038.5833468494952,4.5,47.2133525816334,409.8794012526471,36
1030.3,6,1038.5833468494952,4.5,47.22281819431619,409.78341102952606,36
1030.4,6,1038.5833468494952,4.5,47.24350086532371,409.57605521011055,36
1030.5,6,1038.5833468494952,4.5,47.26395853009666,409.3605725715829,36
1030.6,6,1038.5833468494952,4.5,47.29302178448997,409.0640416164649,36
1030.7,6,1038.5833468494952,4.5,47.304615798306095,408.94737177352613,36
1030.8,6,1038.5833468494952,4.5,47.425647545003095,407.44228850870627,36
1030.9,6,1038.5833468494952,4.5,47.441988804924904,407.28170784932286,36
1031.0,6,1038.5833468494952,4.5,47.39849940810934,407.78914129877325,36
1031.1,6,1038.5833468494952,4.5,47.4249121929139,407.5377807353093,36
1031.2,6,1038.5833468494952,4.5,47.45249974029133,407.285849571763,36
1031.3,6,1038.5833468494952,4.5,47.46785224853487,407.1369827167531,36
1031.4,6,1038.5833468494952,4.5,47.59684832910018,405.85513261513336,36
1031.5,6,1037.8715023104835,4.5,47.542216821963194,406.4894169098418,36
1031.6,6,1037.8715023104835,5.0,47.5699899324774,406.2241625063282,36
1031.7,6,1037.8715023104835,5.0,47.610680158724634,405.90190999599974,36
1031.8,6,1037.8715023104835,5.0,47.63054615194758,405.71275420114887,36
1031.9,6,1037.8715023104835,5.0,47.66217646302361,405.43490476933164,36
1032.0,6,1037.8715023104835,5.0,47.69379130073262,405.16200181737526,36
1032.1,6,1037.8715023104835,5.0,47.719614690786955,404.93374947742456,36
1032.2,6,1037.8715023104835,5.0,47.736072331571634,404.7718423176625,36
1032.3,6,1037.8715023104835,5.0,47.76698678858422,404.5014819060455,36
1032.4,6,1037.8715023104835,5.0,47.607178644934145,406.1411704853176,36
1032.5,6,1037.8715023104835,5.0,47.645617480751866,405.7907619004669,36
1032.6,6,1037.8715023104835,5.0,47.675180673873356,405.5273010194626,36
1032.7,6,1037.8715023104835,5.0,47.70347188052462,405.281473923564,36
1032.8,6,1037.8715023104835,5.0,47.74520198329262,404.90660200736,36
1032.9,6,1037.8715023104835,5.0,47.777421218891824,404.6166234185321,36
1033.0,6,1037.8715023104835,5.0,47.82097915330228,404.22718784666256,36
1033.1,6,1037.8715023104835,5.0,47.85712314809929,403.8961501864798,36
1033.2,6,1037.8715023104835,5.0,47.89337528424815,403.5877739682798,36
1033.3,6,1037.8715023104835,5.0,47.91723697536405,403.39011927885724,36
1033.4,6,1037.8715023104835,5.0,47.961955276383335,402.9888275725896,36
1033.5,6,1037.8715023104835,5.0,47.986381591913215,402.7797927201202,36
1033.6,6,1037.8715023104835,5.0,48.033668010886245,402.3544806261849,36
1033.7,6,1037.8715023104835,5.0,48.05693538151435,402.1650259442174,36
1033.8,6,1037.8715023104835,5.0,48.18457423931001,400.9509242239079,36
1033.9,6,1037.8715023104835,5.0,48.306245073767215,399.6436803382086,36
1034.0,6,1037.8715023104835,5.0,48.332746653437155,399.42607797998187,36
1034.1,6,1037.8715023104835,5.0,48.384633335466944,399.0114831953998,36
1034.2,6,1037.8715023104835,5.0,48.25435986492079,399.90576810940615,36
1034.3,6,1037.8715023104835,5.0,48.21225105513768,400.32730478043976,36
1034.4,6,1037.8715023104835,5.0,48.24595806512892,400.0362260251748,36
1034.5,6,1037.8715023104835,5.0,48.265449153108634,399.87170140356125,36
1034.6,6,1037.8715023104835,5.0,48.28425077419246,399.7134966583969,36
1034.7,6,1037.8715023104835,5.0,48.30537834133551,399.5361269600462,36
1034.8,6,1037.8715023104835,5.0,48.43807343512523,397.989436144624,36
1034.9,6,1037.8715023104835,5.0,48.45458760328805,397.85924058067644,36
1035.0,6,1037.8715023104835,5.0,48.470518890525724,397.73292458063577,36
1035.1,6,1037.8715023104835,4.5,48.491606681226344,397.5802209587567,36
1035.2,6,1037.8715023104835,4.5,48.5128925625677,397.407155739241,36
1035.3,6,1037.161587624765,4.5,48.53938984582689,397.21204037182406,36
1035.4,6,1037.161587624765,5.0,48.57145726859289,396.95490518648376,36
1035.5,6,1037.161587624765,5.0,48.595705994888604,396.77252101450887,36
1035.6,6,1037.161587624765,5.0,48.62347781352196,396.54153207775687,36
1035.7,6,1037.161587624765,5.0,48.63886228552552,396.43165161175705,36
1035.8,6,1037.161587624765,5.0,48.47661635756255,397.5760464719382,36
1035.9,6,1037.161587624765,5.0,48.49642158905166,397.41792616277985,36
1036.0,6,1037.161587624765,5.0,48.5181168165527,397.2344449238087,36
1036.1,6,1037.161587624765,5.0,48.60767900501119,396.43179103679915,36
1036.2,6,1037.161587624765,5.0,48.63865903304146,396.1802474349646,36
1036.3,6,1037.161587624765,5.0,48.66103115515875,396.0043780200573,36
1036.4,6,1037.161587624765,5.0,48.68191433005738,395.83186161093556,36
1036.5,6,1037.161587624765,5.0,48.73315946411126,395.4434725668292,36
1036.6,6,1037.161587624765,5.0,48.74558806399152,395.3525465768592,36
1036.7,6,1037.161587624765,5.0,48.759388629254616,395.2572745263404,36
1036.8,6,1037.161587624765,5.0,48.7721785390649,395.16377063939126,36
1036.9,6,1037.161587624765,5.0,48.783955493239205,395.07855435797364,36
1037.0,6,1037.161587624765,5.0,48.810733816218956,394.86128499577796,36
1037.1,6,1037.161587624765,5.0,48.81255917090146,394.86517289402445,36
1037.2,6,1037.161587624765,5.0,48.82621638252721,394.7583057925958,36
1037.3,6,1037.161587624765,5.0,48.84231040090082,394.634199529948,36
1037.4,6,1037.161587624765,5.0,48.852671044559735,394.5657267943561,36
1037.5,6,1037.161587624765,5.0,48.86009528756557,394.5164303931214,36
1037.6,6,1037.161587624765,5.0,48.87644090452807,394.3866478499004,36
1037.7,6,1037.161587624765,5.0,48.88183689924683,394.36447397028223,36
1037.8,6,1037.161587624765,5.0,48.895414635983684,394.2534878564961,36
1037.9,6,1037.161587624765,5.0,48.90252635237454,394.22456480618325,36
1038.0,6,1037.161587624765,5.0,48.9126292595888,394.1463265435823,36
1038.1,6,1037.161587624765,5.0,48.908317420267906,394.2020930535873,36
1038.2,6,1037.161587624765,5.0,48.926129516587764,394.05912175628646,36
1038.3,6,1037.161587624765,5.0,48.92144649828616,394.12568165617915,36
1038.4,6,1037.161587624765,5.0,48.98580959570373,393.5613769520051,36
1038.5,6,1037.161587624765,5.0,48.98791301126742,393.5654723219417,36
1038.6,6,1037.161587624765,5.0,48.997949723605515,393.50292353711575,36
1038.7,6,1037.161587624765,5.0,49.011224147767784,393.4010913958714,36
1038.8,6,1037.161587624765,5.0,49.00952962601747,393.4318862249538,36
1038.9,6,1037.161587624765,5.0,48.999874780984825,393.5298256972654,36
1039.0,6,1037.161587624765,5.0,49.0085835947409,393.4524287405824,36
1039.1,6,1037.161587624765,5.0,49.02461987194848,393.3492024574922,36
1039.2,6,1037.161587624765,5.0,49.01191985937356,393.4703135436165,36
1039.3,6,1037.161587624765,5.0,48.99375220636074,393.6365102608155,36
1039.4,6,1037.161587624765,5.0,48.99552464822068,393.62872156408287,36
1039.5,6,1037.161587624765,5.0,48.977722935825184,393.7845198746707,36
1039.6,6,1037.161587624765,5.0,48.97503636157889,393.8126136347313,36
1039.7,6,1037.161587624765,5.0,48.965104435378464,393.9020565606208,36
1039.8,6,1037.161587624765,5.0,48.94959585584128,393.7047935399777,36
1039.9,6,1037.161587624765,5.0,48.9393743035516,393.7969087222222,36
1040.0,6,1037.161587624765,5.0,48.9384847568118,393.8155072079178,36
1040.1,6,1037.161587624765,5.0,48.92844123515852,393.9138206676015,36
1040.2,6,1037.161587624765,5.0,48.933202603522616,393.8729075388377,36
1040.3,6,1037.161587624765,5.0,48.93063845072153,393.90308727800755,36
1040.4,6,1037.161587624765,5.0,48.926697392118015,393.932920179378,36
1040.5,6,1037.161587624765,5.0,48.91472292812276,394.05061510870235,36
1040.6,6,1037.161587624765,5.0,48.93988854824153,393.835543984673,36
1040.7,6,1037.161587624765,4.5,48.92964447023283,393.9250506673761,36
1040.8,6,1037.161587624765,4.5,48.931201710759176,393.9237437520455,36
1040.9,6,1036.4540896812407,4.5,48.93709444811694,393.87172890704886,36
1041.0,6,1036.4540896812407,5.0,48.93635223921163,393.9007021571741,36
1041.1,6,1036.4540896812407,5.0,48.91889089034768,394.050794642783,36
1041.2,6,1036.4540896812407,5.0,48.9217159662958,394.0445599361493,36
1041.3,6,1036.4540896812407,5.0,48.93065755572271,393.9785338425464,36
1041.4,6,1036.4540896812407,5.0,48.93289072320273,393.9766680210623,36
1041.5,6,1036.4540896812407,5.0,48.99458644521666,393.33966680681635,36
1041.6,6,1036.4540896812407,4.5,49.003218267177985,393.2844059437924,36
1041.7,6,1036.4540896812407,4.5,49.000281375354575,393.3142951115748,36
1041.8,6,1036.4540896812407,4.5,49.00506943669084,393.29030059212573,36
1041.9,6,1036.4540896812407,4.5,49.00912274768362,393.26451672246213,36
1042.0,6,1036.4540896812407,4.5,49.094701954244236,392.5102821909922,36
1042.1,6,1036.4540896812407,4.5,49.10138075697151,392.4586498870867,36
1042.2,6,1036.4540896812407,4.5,49.108492604656035,392.41187486659055,36
1042.3,6,1036.4540896812407,4.5,49.103667602536575,392.47516415772134,36
1042.4,6,1036.4540896812407,4.5,49.119026816865855,392.35196753813955,36
1042.5,6,1036.4540896812407,4.5,49.12690829302724,392.3046703506059,36
1042.6,6,1036.4540896812407,4.5,49.12986330264705,392.29947813812703,36
1042.7,6,1036.4540896812407,4.5,49.14171295877773,392.21655566706306,36
1042.8,6,1036.4540896812407,4.5,49.15437706245112,392.11733728279273,36
1042.9,6,1036.4540896812407,4.5,49.15406370308398,392.1379777139088,36
1043.0,6,1036.4540896812407,4.5,49.16255726486977,392.08875416458295,36
1043.1,6,1036.4540896812407,4.5,49.16368626270419,392.0930892675128,36
1043.2,6,1036.4540896812407,4.5,49.176858820014004,391.99761799441546,36
1043.3,6,1036.4540896812407,4.5,49.18561117360443,391.95401588310165,36
1043.4,6,1036.4540896812407,4.5,49.190440838790494,391.937483068451,36
1043.5,6,1036.4540896812407,4.5,49.20884535317264,391.7982700733458,36
1043.6,6,1036.4540896812407,4.5,49.22643106902907,391.66261391134776,36
1043.7,6,1036.4540896812407,4.5,49.23425835173128,391.6149777663652,36
1043.8,6,1036.4540896812407,4.5,49.242275487109026,391.5702746149903,36
1043.9,6,1036.4540896812407,4.5,49.248426955472546,391.5351627583467,36
1044.0,6,1036.4540896812407,4.5,49.27968650688878,391.2909571675905,36
1044.1,6,1036.4540896812407,4.5,49.288117706888045,391.24025479440286,36
1044.2,6,1036.4540896812407,4.5,49.31141513840062,391.0617320304867,36
1044.3,8,1036.4540896812407,4.0,49.32045369944189,390.9990668127018,36
1044.4,8,1036.4540896812407,4.8999999999999995,49.348925452587885,390.77248263592173,36
1044.5,8,1036.4540896812407,4.8999999999999995,49.357932388323235,390.71678437378324,36
1044.6,8,1036.4540896812407,4.8999999999999995,49.38009619159787,390.55287259928133,36
1044.7,8,1036.4540896812407,4.8999999999999995,49.39654599519197,390.4309049814668,36
1044.8,7,1037.2354094655789,4.8999999999999995,49.46085035472061,389.96876214653065,36
1044.9,7,1037.6150039295153,4.8999999999999995,49.47376339873621,389.8785048279495,36
1045.0,7,1037.8007027671529,4.8999999999999995,49.49098624321337,389.7384278938004,36
1045.1,7,1037.8007027671529,4.8999999999999995,49.48593075038346,389.78596373968844,36
1045.2,7,1037.8007027671529,4.8999999999999995,49.48175137788846,389.84240435121353,36
1045.3,7,1037.8007027671529,4.8999999999999995,49.47367988414322,389.915792505882,36
1045.4,7,1037.8007027671529,4.8999999999999995,49.46938822205323,389.9701097053925,36
1045.5,7,1037.8007027671529,4.8999999999999995,49.47464097575586,389.9348983651444,36
1045.6,7,1037.8007027671529,4.8999999999999995,49.42202518146621,390.3285590914748,36
1045.7,8,1037.8007027671529,4.8999999999999995,49.42870665191202,390.277099271818,36
1045.8,8,1037.8007027671529,5.6,49.43313866537577,390.2655364462404,36
1045.9,8,1037.8007027671529,5.6,49.42536731124062,390.3414590000508,36
1046.0,8,1037.8007027671529,5.6,49.41834023516145,390.42146117521804,36
1046.1,8,1037.8007027671529,5.6,49.42169872601407,390.40670146992045,36
1046.2,8,1037.8007027671529,5.6,49.42007597398093,390.43874334647296,36
1046.3,8,1037.8007027671529,5.6,49.41049902037865,390.540820803864,36
1046.4,7,1037.8007027671529,4.8999999999999995,49.34791569997336,390.9699913090159,36
1046.5,7,1037.8007027671529,4.8999999999999995,49.328773406597875,391.155369136413,36
1046.6,7,1037.8007027671529,4.8999999999999995,49.323807590209455,391.2013201763026,36
1046.7,7,1037.8007027671529,4.8999999999999995,49.31061050588584,391.3191107985798,36
1046.8,7,1037.8007027671529,4.8999999999999995,49.30392757034908,391.3832006114535,36
1046.9,7,1037.8007027671529,4.8999999999999995,49.30379651352193,391.2524394051122,36
1047.0,7,1037.8007027671529,4.8999999999999995,49.302704443311704,391.26470177676475,36
1047.1,7,1037.8007027671529,4.8999999999999995,49.32549754433461,391.1176569537897,36
1047.2,8,1037.8007027671529,4.199999999999999,49.309751894557365,391.2493196495633,36
1047.3,8,1037.8007027671529,4.8999999999999995,49.301067465420616,391.3265281407291,36
1047.4,8,1037.8007027671529,5.6,49.299090217767834,391.3492720674918,36
1047.5,8,1037.8007027671529,5.6,49.297542656365316,391.3614434318557,36
1047.6,8,1037.8007027671529,5.6,49.28700986284609,391.46099209909056,36
1047.7,8,1037.8007027671529,5.6,49.192869769429734,392.1322136437724,36
1047.8,8,1037.8007027671529,5.6,49.18890519981416,392.16190921475,36
1047.9,8,1037.8007027671529,5.6,49.08341909361448,393.1371241453295,36
1048.0,8,1037.8007027671529,5.6,49.07666482994577,393.21187128053606,36
1048.1,8,1037.8007027671529,5.6,49.1301028499942,392.7197451989425,36
1048.2,8,1037.8007027671529,5.6,49.117150453877244,392.8480316651345,36
1048.3,8,1037.8007027671529,4.8999999999999995,49.10319030601529,392.98915236931055,36
1048.4,8,1037.8007027671529,4.8999999999999995,49.090082417035426,393.11974971882654,36
1048.5,8,1037.8007027671529,4.8999999999999995,49.08333713398645,393.18706473361294,36
1048.6,8,1037.8007027671529,4.8999999999999995,49.069962448147706,393.3162334351785,36
1048.7,8,1037.8007027671529,4.8999999999999995,49.04986142000213,393.5017971739361,36
1048.8,8,1037.8007027671529,4.8999999999999995,49.04369361919846,393.5438101887586,36
1048.9,8,1037.8007027671529,4.8999999999999995,49.031000183959144,393.6622372835834,36
1049.0,8,1037.8007027671529,4.8999999999999995,49.00842055622924,393.8590151326649,36
1049.1,8,1037.8007027671529,4.8999999999999995,48.998141221197386,393.94613661080814,36
1049.2,8,1037.8007027671529,4.8999999999999995,48.98110791640612,394.087983830034,36
1049.3,8,1037.8007027671529,4.8999999999999995,48.96333732225018,394.2331208722486,36
1049.4,8,1037.8007027671529,5.6,48.92658563032798,394.5539642944309,36
1049.5,8,1037.8007027671529,5.6,48.81164474612507,395.6217335208638,36
1049.6,8,1037.8007027671529,5.6,48.81161033278601,395.670774067489,36
1049.7,8,1037.8007027671529,5.6,48.78758900820239,395.8726747380846,36
1049.8,8,1037.8007027671529,5.6,48.752161726127724,395.6334908604724,36
1049.9,8,1037.8007027671529,5.6,48.726312641926256,395.84489766586125,36
1050.0,8,1037.8007027671529,5.6,48.709303474846934,395.98141443482496,36
1050.1,8,1037.8007027671529,5.6,48.67326781936558,396.29281324172587,36
1050.2,8,1037.8007027671529,5.6,48.66023408062036,396.3992497629287,36
1050.3,8,1037.8007027671529,5.6,48.55860392679456,397.1689728278242,36
1050.4,8,1037.8007027671529,5.6,48.54478320740134,397.28965151148907,36
1050.5,8,1037.8007027671529,5.6,48.53954422699496,397.3394208942134,36
1050.6,8,1037.8007027671529,5.6,48.53414299896397,397.3958079032821,36
1050.7,8,1037.8007027671529,5.6,48.53359604619502,397.4113734299169,36
1050.8,8,1037.8007027671529,5.6,48.51328790826515,397.606043055844,36
1050.9,8,1037.8007027671529,5.6,48.49852713551896,397.74197413148306,36
1051.0,8,1037.8007027671529,4.8999999999999995,48.55498861537134,397.209224208435,36
1051.1,8,1037.8007027671529,4.8999999999999995,48.544346255924474,397.32805438090725,36
1051.2,8,1037.8007027671529,4.8999999999999995,48.52641606263107,397.50504928272164,36
1051.3,8,1037.8007027671529,4.8999999999999995,48.513233823439656,397.64752197735197,36
1051.4,8,1037.8007027671529,4.8999999999999995,48.516177799102536,397.6218999974244,36
1051.5,8,1037.8007027671529,4.8999999999999995,48.38641749457557,398.58053799579216,36
1051.6,8,1037.8007027671529,4.8999999999999995,48.36786251041333,398.7639478437852,36
1051.7,8,1037.8007027671529,5.6,48.37004707176882,398.74733766649723,36
1051.8,8,1037.8007027671529,5.6,48.35454266361492,398.8867598551043,36
1051.9,8,1037.8007027671529,5.6,48.34458416700602,398.9819519742795,36
1052.0,8,1037.8007027671529,5.6,48.342313654897424,399.0132431590333,36
1052.1,8,1037.8007027671529,5.6,48.32990518193466,399.12961060492376,36
1052.2,8,1037.8007027671529,5.6,48.34698022850073,398.99064879571944,36
1052.3,8,1037.8007027671529,5.6,48.3512231261363,398.9666261297101,36
1052.4,8,1037.8007027671529,5.6,48.13273821711622,401.06802607186347,36
1052.5,8,1037.8007027671529,5.6,48.16131157939432,400.8371039033881,36
1052.6,8,1037.8007027671529,5.6,48.14910446873667,400.9668354945758,36
1052.7,8,1037.8007027671529,5.6,48.136196389034424,401.0030842349262,36
1052.8,8,1037.8007027671529,4.8999999999999995,48.13197613626164,401.06038193757854,36
1052.9,8,1037.8007027671529,4.8999999999999995,48.14801087570381,400.9218828428738,36
1053.0,8,1037.8007027671529,4.8999999999999995,48.15359929694243,400.89105495162136,36
1053.1,8,1037.8007027671529,4.8999999999999995,48.15257809451847,400.91544695232506,36
1053.2,8,1037.8007027671529,4.8999999999999995,48.172699698557224,400.75361140243103,36
1053.3,8,1037.8007027671529,4.8999999999999995,48.18890205101218,400.62950980791095,36
1053.4,8,1037.8007027671529,4.8999999999999995,48.179670435174884,400.7590228398599,36
1053.5,8,1037.8007027671529,4.8999999999999995,48.20664271787771,400.5409783392604,36
1053.6,8,1037.8007027671529,4.8999999999999995,48.219567403471295,400.458258569062,36
1053.7,8,1037.8007027671529,5.6,48.225336756357535,400.43810690735666,36
1053.8,8,1037.8007027671529,5.6,48.24964819685309,400.2423205153425,36
1053.9,8,1037.8007027671529,5.6,48.214414988170205,400.34087226392245,36
1054.0,8,1037.8007027671529,5.6,48.22283497234277,400.29883631575876,36
1054.1,8,1037.8007027671529,5.6,48.23865802487284,400.19710259309346,36
1054.2,8,1037.8007027671529,5.6,48.25413987940095,400.09807764365996,36
1054.3,8,1037.8007027671529,5.6,48.26381282416111,400.0417592248515,36
1054.4,8,1037.8007027671529,5.6,48.28175060986388,399.9158251294657,36
1054.5,8,1037.8007027671529,5.6,48.30527873028156,399.7312762031378,36
1054.6,8,1037.8007027671529,4.8999999999999995,48.319166906510816,399.6423128738708,36
1054.7,8,1037.8007027671529,4.8999999999999995,48.353649677062755,399.3687055571479,36
1054.8,8,1037.8007027671529,4.8999999999999995,48.35884139617548,399.3733889620212,36
1054.9,8,1037.8007027671529,4.8999999999999995,48.38340088872379,399.18818199585485,36
1055.0,8,1037.8007027671529,4.8999999999999995,48.39798368049274,399.08479618010756,36
1055.1,8,1037.8007027671529,4.8999999999999995,48.41675450913087,398.9647431212508,36
1055.2,8,1037.8007027671529,4.8999999999999995,48.43800824008851,398.8125552194142,36
1055.3,8,1037.8007027671529,4.8999999999999995,48.45252516454742,398.72868256039527,36
1055.4,8,1037.8007027671529,4.8999999999999995,48.48501817162413,398.50290933696203,36
1055.5,8,1037.8007027671529,4.8999999999999995,48.42241411974541,399.15632081058254,36
1055.6,8,1037.8007027671529,4.8999999999999995,48.432390345696426,399.11148526500415,36
1055.7,7,1037.8148282270047,4.8999999999999995,48.46249815006059,398.85664706955333,36
1055.8,8,1037.8148282270047,4.8999999999999995,48.37009941549367,400.0590973549554,36
1055.9,8,1037.8148282270047,4.8999999999999995,48.394122433332825,399.8620347914715,36
1056.0,8,1037.8148282270047,4.8999999999999995,48.40007917726271,399.83475268383273,36
1056.1,8,1037.8148282270047,4.8999999999999995,48.42261508519945,399.65918125322946,36
1056.2,8,1037.8148282270047,4.8999999999999995,48.44158469726888,399.49882772330267,36
1056.3,8,1037.8148282270047,4.8999999999999995,48.46153276176381,399.33920351053825,36
1056.4,8,1037.8148282270047,4.8999999999999995,48.48451752310267,399.1522195337793,36
1056.5,7,1037.8148282270047,4.199999999999999,48.3690401142003,400.32268081179126,36
1056.6,7,1037.8148282270047,4.8999999999999995,48.37487045946562,400.26601496735645,36
1056.7,7,1037.8148282270047,4.8999999999999995,48.393117197586236,400.1138995505945,36
1056.8,8,1037.8148282270047,4.199999999999999,48.398718816565236,400.0775615723661,36
1056.9,8,1037.8148282270047,4.199999999999999,48.427745328044054,399.8087990682559,36
1057.0,8,1037.8148282270047,4.199999999999999,48.42713856835074,399.85055422128835,36
1057.1,8,1037.8148282270047,4.199999999999999,48.53616193187153,398.818967803077,36
1057.2,8,1037.8148282270047,4.199999999999999,48.5437361564278,398.75644505988714,36
1057.3,8,1037.8148282270047,4.199999999999999,48.558931896270686,398.65030053812774,36
1057.4,8,1037.8148282270047,4.199999999999999,48.45789673787017,399.2979034010181,36
1057.5,8,1037.8148282270047,4.199999999999999,48.47009372502771,399.21670436189333,36
1057.6,8,1037.8148282270047,4.199999999999999,48.41174715749942,399.94823764807126,36
1057.7,8,1037.8148282270047,4.199999999999999,48.44564257288684,399.6479099212587,36
1057.8,8,1037.8148282270047,4.199999999999999,48.47152995485655,399.4388845586518,36
1057.9,8,1037.8148282270047,4.199999999999999,48.50118445384955,399.1701491621109,36
1058.0,8,1037.8148282270047,4.199999999999999,48.52258421446816,398.9745289235964,36
1058.1,7,1037.7504825774852,4.199999999999999,48.55607732202047,398.6767242966988,36
1058.2,7,1037.7504825774852,4.8999999999999995,48.575675635839104,398.5150290716425,36
1058.3,7,1037.7504825774852,4.8999999999999995,48.6088702920641,398.2284270134344,36
1058.4,7,1037.7504825774852,4.8999999999999995,48.651399786178466,397.8401354010309,36
1058.5,7,1037.7504825774852,4.8999999999999995,48.49576293592635,399.44470381597756,36
1058.6,7,1037.7504825774852,4.8999999999999995,48.521440040947596,399.2152442816081,36
1058.7,7,1037.7504825774852,4.8999999999999995,48.558010970124926,398.88612334517427,36
1058.8,7,1037.7504825774852,4.8999999999999995,48.576369485745104,398.7322084037903,36
1058.9,7,1037.7504825774852,4.8999999999999995,48.491033829585305,399.23442007082383,36
1059.0,7,1037.7504825774852,4.8999999999999995,48.510711755272666,399.06830995190717,36
1059.1,7,1037.7504825774852,4.8999999999999995,48.535321897809155,398.85816465583827,36
1059.2,7,1037.7504825774852,4.8999999999999995,48.57098841129691,398.54085841685344,36
1059.3,7,1037.7504825774852,4.8999999999999995,48.598015233650045,398.2916371251148,36
1059.4,7,1037.7504825774852,4.8999999999999995,48.61079546900247,398.18937268757736,36
1059.5,7,1037.7504825774852,4.8999999999999995,48.65776942100473,397.759224530748,36
1059.6,7,1037.7504825774852,4.8999999999999995,48.67429907708639,397.6279353535693,36
1059.7,9,1037.7504825774852,4.199999999999999,48.71136613191349,397.31193523848117,36
1059.8,9,1037.7504825774852,4.800000000000001,48.80458710572153,396.4310575393895,36
1059.9,9,1037.7504825774852,4.800000000000001,48.836114034025826,396.1512976309283,36
1060.0,9,1037.7504825774852,4.800000000000001,48.86419338800182,395.90731556565567,36
1060.1,9,1037.7504825774852,4.800000000000001,48.90390768629683,395.5569498279624,36
1060.2,9,1037.7504825774852,4.800000000000001,48.92703114225864,395.3636230955776,36
1060.3,9,1037.7504825774852,4.800000000000001,48.69912536980094,397.2368063230887,36
1060.4,9,1037.7504825774852,4.800000000000001,48.728381205074015,396.97583862410056,36
1060.5,9,1037.7504825774852,4.800000000000001,48.75123971654092,396.77298872948444,36
1060.6,9,1037.7504825774852,4.800000000000001,48.764533475319695,396.66204963211567,36
1060.7,9,1037.7504825774852,4.800000000000001,48.79510366661819,396.37770523246525,36
1060.8,9,1037.7504825774852,4.800000000000001,48.82724655802023,396.0975999641042,36
1060.9,9,1037.7504825774852,4.800000000000001,48.85021198481679,395.9053896685924,36
1061.0,9,1037.7504825774852,4.800000000000001,48.89012004900586,395.5519824974968,36
1061.1,9,1037.7504825774852,4.800000000000001,48.91948407892923,395.2838161795788,36
1061.2,9,1037.7504825774852,4.800000000000001,48.93846684478181,395.1228223789633,36
1061.3,9,1037.7504825774852,4.800000000000001,48.97623956557648,394.78160517434026,36
1061.4,9,1037.7504825774852,4.800000000000001,48.874807446742466,395.7876727494242,36
1061.5,9,1037.7504825774852,4.800000000000001,48.91384407042578,395.4271626901841,36
1061.6,9,1039.4727626435872,4.800000000000001,48.93520153416454,395.2266733075571,37
1061.7,9,1039.4727626435872,-100.0,48.97158099308577,394.9027182201123,37
1061.8,9,1039.4727626435872,4.800000000000001,49.013359452632145,394.5114340184182,37
1061.9,9,1039.4727626435872,4.800000000000001,48.907799944398846,395.18119133400967,37
1062.0,9,1039.4727626435872,4.800000000000001,48.93895345066214,394.9008033042614,37
1062.1,9,1039.4727626435872,4.800000000000001,48.981447646727645,394.51480343511594,37
1062.2,9,1039.4727626435872,4.800000000000001,49.02014202831367,394.1714925937747,37
1062.3,9,1039.4727626435872,4.800000000000001,49.0585094669442,393.81474408046415,37
1062.4,9,1039.4727626435872,4.800000000000001,49.112276969846064,393.32636227110305,37
1062.5,9,1039.4727626435872,4.800000000000001,49.15002900988861,392.99174739996846,37
1062.6,9,1039.4727626435872,4.800000000000001,49.19668121415165,392.5626913240393,37
1062.7,9,1039.4727626435872,4.800000000000001,49.22582393687739,392.3029292936693,37
1062.8,9,1039.4727626435872,4.800000000000001,49.2612668504523,391.968379401717,37
1062.9,9,1039.4727626435872,5.6000000000000005,49.31627597952738,391.45115595321954,37
1063.0,9,1039.4727626435872,5.6000000000000005,49.347932223395226,391.16458672616955,37
1063.1,9,1039.4727626435872,5.6000000000000005,49.37641697715509,390.8921382145934,37
1063.2,9,1039.4727626435872,5.6000000000000005,49.40375277086912,390.63326574150545,37
1063.3,9,1039.4727626435872,5.6000000000000005,49.271919897162505,391.49269465520626,37
1063.4,9,1039.4727626435872,4.800000000000001,49.29274018345332,391.2869757872866,37
1063.5,9,1039.4727626435872,4.800000000000001,49.322968143710135,391.0146984649725,37
1063.6,9,1039.4727626435872,4.800000000000001,49.35209464119292,390.7497448271712,37
1063.7,9,1041.1941379353132,4.800000000000001,49.40768650957426,389.7862619666618,38
1063.8,9,1041.1941379353132,-100.0,49.43526894838112,389.5569421492328,38
1063.9,9,1041.1941379353132,4.800000000000001,49.47066481291441,389.24234060721665,38
1064.0,9,1041.1941379353132,4.800000000000001,49.496224900699545,389.0048834447242,38
1064.1,9,1041.1941379353132,4.800000000000001,49.53476754659148,388.67442899939186,38
1064.2,9,1041.1941379353132,4.800000000000001,49.30756778052262,390.6615098539208,38
1064.3,9,1041.1941379353132,4.800000000000001,49.35173461459143,390.26410668851486,38
1064.4,9,1041.1941379353132,5.6000000000000005,49.37461546065596,390.05910830302855,38
1064.5,9,1041.1941379353132,5.6000000000000005,49.41035872486389,389.7459030674303,38
1064.6,9,1041.1941379353132,5.6000000000000005,49.348449346474524,390.4248860900135,38
1064.7,9,1041.1941379353132,5.6000000000000005,49.26540359682936,390.9575757994629,38
1064.8,9,1041.1941379353132,5.6000000000000005,49.30870185355901,390.59440979112344,38
1064.9,9,1041.1941379353132,5.6000000000000005,49.342999087201036,390.28924629564165,38
1065.0,9,1041.1941379353132,5.6000000000000005,49.37227895131746,390.0461173117058,38
1065.1,9,1041.1941379353132,5.6000000000000005,49.41379284446408,389.6847115798256,38
1065.2,9,1041.1941379353132,4.800000000000001,49.203340928317004,391.5490079457127,38
1065.3,9,1041.1941379353132,4.800000000000001,49.22744637049615,391.34152189350675,38
1065.4,9,1041.1941379353132,4.800000000000001,49.27823250861255,390.90515027106335,38
1065.5,9,1041.1941379353132,4.800000000000001,49.31359927562545,390.6070192567153,38
1065.6,9,1041.1941379353132,4.800000000000001,49.36029370996122,390.20273710282606,38
1065.7,9,1041.1941379353132,4.800000000000001,49.40226365390977,389.83668773101556,38
1065.8,9,1041.1941379353132,4.800000000000001,49.43895407275232,389.5293040703002,38
1065.9,9,1041.1941379353132,4.800000000000001,49.484740120950654,389.1364484740601,38
1066.0,9,1041.1941379353132,4.800000000000001,49.37212675929385,389.8827757167785,38
1066.1,9,1041.1941379353132,4.800000000000001,49.41416229832765,389.5194928950536,38
1066.2,9,1041.1941379353132,4.800000000000001,49.445222000661566,389.24999700447586,38
1066.3,9,1041.1941379353132,4.800000000000001,49.49616933778901,388.81178789049875,38
1066.4,9,1041.1941379353132,4.800000000000001,49.523320176528514,388.5825216045295,38
1066.5,9,1041.1941379353132,4.800000000000001,49.5623465695602,388.2474486570553,38
1066.6,9,1041.1941379353132,4.800000000000001,49.60397090505063,387.88568682248956,38
1066.7,7,1041.2454547876846,4.0,49.64785854627084,387.52504375562637,38
1066.8,9,1041.2454547876846,4.8999999999999995,49.66604804597006,387.3749184859166,38
1066.9,9,1041.2454547876846,4.0,49.70852363675266,387.0296107699494,38
1067.0,9,1041.2454547876846,4.0,49.74946379232855,386.6879345948026,38
1067.1,9,1041.2454547876846,4.0,49.78630229964589,386.3782841927986,38
1067.2,9,1041.2454547876846,4.0,49.801711625056605,386.23890871633955,38
1067.3,7,1041.2454547876846,4.0,49.83055486561143,386.0055552331614,38
1067.4,7,1041.2454547876846,4.8999999999999995,49.881453780429965,385.5848509130717,38
1067.5,7,1041.2454547876846,4.8999999999999995,49.90466880193906,385.40203195771016,38
1067.6,7,1041.2454547876846,4.8999999999999995,49.92996482460795,385.19493279382436,38
1067.7,7,1041.2454547876846,4.8999999999999995,49.96994763526422,384.8683251198526,38
1067.8,7,1041.2454547876846,4.8999999999999995,50.008756688526866,384.5494291210051,38
1067.9,7,1041.2454547876846,4.8999999999999995,50.036938240783485,384.3242216926313,38
1068.0,7,1041.2454547876846,4.8999999999999995,50.074752668334824,384.00681848588573,38
1068.1,7,1041.2454547876846,4.8999999999999995,50.09211189393197,383.8632691082985,38
1068.2,7,1041.2454547876846,4.8999999999999995,50.08861381250591,384.1481880913965,38
1068.3,7,1041.2454547876846,4.8999999999999995,50.107853083596154,383.9889617141615,38
1068.4,7,1041.2454547876846,4.8999999999999995,50.12432403481239,383.85527218314064,38
1068.5,7,1041.2454547876846,4.8999999999999995,49.973502606118856,384.8757398391273,38
1068.6,7,1041.2454547876846,4.8999999999999995,49.97076859886222,384.8950628998732,38
1068.7,7,1041.1740018945654,4.8999999999999995,49.98197046440356,384.79806800057787,38
1068.8,7,1041.1740018945654,5.6,50.0061220934719,384.5977924458433,38
1068.9,7,1041.1740018945654,5.6,50.01867339056574,384.4926321751608,38
1069.0,7,1041.1740018945654,5.6,50.04280101052929,384.2936478415663,38
1069.1,7,1041.1740018945654,5.6,50.065421788383205,384.1064036699288,38
1069.2,7,1041.1740018945654,5.6,49.861654217765846,385.81195493546784,38
1069.3,7,1041.1740018945654,5.6,49.886099273402806,385.60911547997216,38
1069.4,7,1041.1740018945654,5.6,49.966612794579156,384.7138211143795,38
1069.5,7,1041.1740018945654,6.3,49.98708919118242,384.5488445599652,38
1069.6,7,1041.1740018945654,6.3,50.01338724056063,384.33812966357345,38
1069.7,7,1041.1740018945654,6.3,50.05724164291698,383.98364036064993,38
1069.8,7,1041.1740018945654,6.3,50.07292430775574,383.86001582705364,38
1069.9,7,1041.1740018945654,6.3,50.10192439381564,383.6248678975266,38
1070.0,7,1041.1740018945654,6.3,50.10935997537526,383.56325675297524,38
1070.1,7,1041.1740018945654,6.3,50.13629104669438,383.34240504737954,38
1070.2,7,1041.1740018945654,6.3,50.16410795567128,383.1241583896074,38
1070.3,7,1041.1740018945654,6.3,50.16861205348175,383.06629415187655,38
1070.4,7,1041.1740018945654,6.3,50.19097957800554,382.8848985983994,38
1070.5,7,1041.1740018945654,6.3,50.1998358320872,382.815088259582,38
1070.6,7,1041.1740018945654,6.3,50.224650878916144,382.6142716768775,38
1070.7,7,1041.1740018945654,6.3,50.224379717073944,382.6111345681561,38
1070.8,7,1041.1740018945654,6.3,50.244269443911826,382.4480081475832,38
1070.9,7,1041.1740018945654,6.3,50.2819064394165,382.1509073516719,38
1071.0,11,1041.1740018945654,6.3,50.28920586100243,382.08626816341064,38
1071.1,11,1041.1740018945654,5.4,50.30066988427771,381.9964178134307,38
1071.2,11,1041.1740018945654,5.4,50.31555845528813,381.87720011765737,38
1071.3,11,1041.1740018945654,5.4,50.339951240353116,381.6849536862768,38
1071.4,11,1041.1740018945654,5.4,50.34639486841701,381.6340059502153,38
1071.5,7,1041.104305001753,5.4,50.37372872883441,381.4204499315973,38
1071.6,7,1041.104305001753,7.0,50.37877272522728,381.3838216398508,38
1071.7,7,1041.104305001753,7.0,50.38771050426741,381.3196223883755,38
1071.8,7,1041.104305001753,7.0,50.37149066811241,381.45787043213335,38
1071.9,7,1041.104305001753,7.0,50.3852717928491,381.35462086432005,38
1072.0,7,1041.104305001753,7.0,50.42094591434814,381.08380230460494,38
1072.1,7,1041.104305001753,7.0,50.45732344067538,380.80865250998545,38
1072.2,7,1041.104305001753,7.0,50.479960887368435,380.6436805695236,38
1072.3,7,1041.104305001753,7.0,50.495545433732076,380.5299795308751,38
1072.4,7,1041.104305001753,7.0,50.531413873780636,380.25649931857106,38
1072.5,7,1041.104305001753,7.0,50.564737228168596,380.00642519486956,38
1072.6,7,1041.104305001753,7.0,50.589976876074914,379.816719052934,38
1072.7,7,1041.104305001753,7.0,50.61756109105983,379.6119851985749,38
1072.8,7,1041.104305001753,7.0,50.64776000531339,379.385295168486,38
1072.9,7,1041.104305001753,6.3,50.66485717404313,379.25759583397075,38
1073.0,7,1041.104305001753,6.3,50.76592674856158,378.3583832391835,38
1073.1,7,1041.104305001753,6.3,50.78693410842888,378.2041372092774,38
1073.2,7,1041.104305001753,6.3,50.794708673254846,378.17337841350457,38
1073.3,7,1041.104305001753,6.3,50.828482736282695,377.92282402251277,38
1073.4,7,1041.104305001753,6.3,50.80680906379422,378.0730297227288,38
1073.5,7,1041.104305001753,6.3,50.672355136461505,379.0266535306,38
1073.6,7,1041.104305001753,6.3,50.70050383334035,378.81699788261517,38
1073.7,7,1041.104305001753,6.3,50.72764923753408,378.60959756521885,38
1073.8,7,1041.104305001753,6.3,50.75249086469866,378.4212119226046,38
1073.9,7,1041.104305001753,6.3,50.772062884681674,378.2752284285435,38
1074.0,7,1041.104305001753,6.3,50.77978684083594,378.2226158851438,38
1074.1,7,1041.033573470614,6.3,50.815293971558944,377.9516456484938,38
1074.2,7,1041.033573470614,7.0,50.56470536725321,379.90704062519217,38
1074.3,7,1041.033573470614,7.0,50.590010944557136,379.7130084768456,38
1074.4,7,1041.033573470614,7.0,50.605973022211614,379.59461044345437,38
1074.5,7,1041.033573470614,7.0,50.640757621079494,379.3270149253408,38
1074.6,7,1041.033573470614,7.0,50.59583003807804,379.69108676835185,38
1074.7,7,1041.033573470614,7.0,50.59732034472435,379.67836885597256,38
1074.8,7,1041.033573470614,7.0,50.608231206078806,379.6004090382111,38
1074.9,7,1041.033573470614,7.0,50.63850971191951,379.3711816080082,38
1075.0,7,1041.033573470614,7.0,50.63392156609512,379.4121976547751,38
1075.1,7,1041.033573470614,7.0,50.65436856638297,379.2587163842328,38
1075.2,7,1041.033573470614,7.0,50.683700256416884,379.03711730755526,38
1075.3,7,1041.033573470614,7.0,50.692542048330736,378.9729867730558,38
1075.4,7,1041.033573470614,7.0,50.698330002216984,378.9307406876585,38
1075.5,7,1041.033573470614,7.0,50.70121444424554,378.9115417124081,38
1075.6,7,1041.033573470614,7.0,50.72720448103783,378.71027934387143,38
1075.7,7,1041.033573470614,7.0,50.72924036027001,378.70035816893994,38
1075.8,7,1041.033573470614,7.0,50.74943172250831,378.5454493143466,38
1075.9,7,1041.033573470614,7.0,50.76092410088971,378.46038379036224,38
1076.0,7,1041.033573470614,7.0,50.78277268099407,378.2960090094296,38
1076.1,7,1041.033573470614,7.0,50.775639526357025,378.35393732622424,38
1076.2,7,1041.033573470614,7.0,50.78957514259358,378.2502764196657,38
1076.3,7,1041.033573470614,7.0,50.79493259923127,378.20970440418273,38
1076.4,7,1041.033573470614,7.0,50.75746093102999,378.5540516396685,38
1076.5,7,1041.033573470614,7.0,50.769787639337196,378.46350454890666,38
1076.6,7,1041.033573470614,7.0,50.79036174252704,378.3050383016938,38
1076.7,7,1041.033573470614,7.0,50.730188134277036,378.73836041870277,38
1076.8,7,1041.033573470614,7.0,50.75071964442721,378.5804665638133,38
1076.9,7,1041.033573470614,7.0,50.74201762131557,378.64552599979044,38
1077.0,7,1041.033573470614,7.0,50.74213090884255,378.6466300239906,38
1077.1,7,1041.033573470614,7.0,50.74244625077355,378.6424810937681,38
1077.2,7,1041.033573470614,7.0,50.74641428835079,378.60766327727436,38
1077.3,7,1041.033573470614,7.0,50.75590746794927,378.53722127224745,38
1077.4,7,1041.033573470614,7.0,50.754916068602626,378.54502748807977,38
1077.5,7,1041.033573470614,7.0,50.76242236809113,378.49034846649624,38
1077.6,7,1041.033573470614,7.0,50.68254614795104,379.11695498818807,38
1077.7,7,1041.033573470614,7.0,50.699180980324996,378.9841815030322,38
1077.8,7,1041.033573470614,7.0,50.70199523858854,378.96479414821283,38
1077.9,7,1041.033573470614,7.0,50.701546987526925,378.9693953057206,38
1078.0,7,1041.033573470614,7.0,50.705873041794106,378.9343179563245,38
1078.1,7,1041.033573470614,7.0,50.75157268783495,378.5182023608876,38
1078.2,7,1041.033573470614,7.0,50.763063145215625,378.43475482545887,38
1078.3,7,1041.033573470614,7.0,50.77951309179276,378.30933626098704,38
1078.4,7,1041.033573470614,7.0,50.77288780618545,378.35933085272836,38
1078.5,7,1041.033573470614,7.0,50.78778442426406,378.24254727701395,38
1078.6,7,1041.033573470614,7.0,50.773013983167324,378.3571334091886,38
1078.7,7,1040.9625432822854,7.0,50.790192467930225,378.22546114946255,38
1078.8,7,1040.9625432822854,7.699999999999999,50.801555356486446,378.14084284539365,38
1078.9,7,1040.9625432822854,7.699999999999999,50.81577824298442,378.0288358700028,38
1079.0,7,1040.9625432822854,7.699999999999999,50.80491689117962,378.1149666482633,38
1079.1,7,1040.9625432822854,7.699999999999999,50.83451826119334,377.8864276772415,38
1079.2,7,1040.9625432822854,7.699999999999999,50.82601440917231,377.9505824764045,38
1079.3,7,1040.9625432822854,7.699999999999999,50.842804848488825,377.8213333912827,38
1079.4,7,1040.9625432822854,7.699999999999999,50.84796204784482,377.78124627825923,38
1079.5,7,1040.9625432822854,7.699999999999999,50.83965613523942,377.84567975944015,38
1079.6,7,1040.9625432822854,7.699999999999999,50.84875636128909,377.78023147182773,38
1079.7,7,1040.9625432822854,7.699999999999999,50.881742818784986,377.5280239545019,38
1079.8,7,1040.9625432822854,7.699999999999999,50.896350271232734,377.42179555223527,38
1079.9,7,1040.9625432822854,7.699999999999999,50.8999226109012,377.3977085016178,38
1080.0,7,1040.9625432822854,7.699999999999999,50.91377432339378,377.2913389547714,38
1080.1,7,1040.9625432822854,7.699999999999999,50.91513244006293,377.2856477671078,38
1080.2,7,1040.9625432822854,7.699999999999999,50.93944067294561,377.10592592510125,38
1080.3,7,1040.9625432822854,7.699999999999999,50.95803085333636,376.97339550565164,38
1080.4,7,1040.9625432822854,7.699999999999999,50.99026982401132,376.73221926047404,38
1080.5,7,1040.9625432822854,7.699999999999999,50.93688506433855,377.11929097433836,38
1080.6,7,1040.9625432822854,7.699999999999999,50.9016531803616,377.40290644471804,38
1080.7,7,1040.9625432822854,7.699999999999999,50.78543215733781,378.31032020467967,38
1080.8,7,1040.9625432822854,7.699999999999999,50.805880907462225,378.15804735088074,38
1080.9,7,1040.9625432822854,7.699999999999999,50.81358263918311,378.1050328496634,38
1081.0,7,1040.9625432822854,7.699999999999999,50.83469680195912,377.9450689398241,38
1081.1,7,1040.9625432822854,7.699999999999999,50.82722438092827,378.0067552559257,38
1081.2,7,1040.9625432822854,7.0,50.832868730682435,377.96809874852653,38
1081.3,7,1040.9625432822854,7.0,50.849539471244384,377.8444682411215,38
1081.4,7,1040.9625432822854,7.0,50.86906547880213,377.6981433663055,38
1081.5,7,1040.9625432822854,7.0,50.87015334299684,377.69532494736427,38
1081.6,7,1040.9625432822854,7.0,50.876301347411186,377.6482499524875,38
1081.7,7,1040.9625432822854,7.0,50.88265399290384,377.60609224961047,38
1081.8,7,1040.9625432822854,7.0,50.89141147600614,377.5409544463488,38
1081.9,7,1040.9625432822854,7.0,50.90679065383172,377.4266214077028,38
1082.0,7,1040.9625432822854,7.0,50.91024125524282,377.4035939737755,38
1082.1,7,1040.9625432822854,7.0,50.91490772585002,377.37024683037464,38
1082.2,7,1040.9625432822854,7.0,50.91814346020209,377.3475714432353,38
1082.3,7,1040.9625432822854,7.0,50.93812487223368,377.1977162194271,38
1082.4,7,1040.9625432822854,7.0,50.93506828787078,377.2166539095491,38
1082.5,7,1040.9625432822854,7.0,50.9278160761377,377.2731591699119,38
1082.6,7,1040.9625432822854,7.0,50.95208728021204,377.0915179730432,38
1082.7,7,1040.9625432822854,7.0,50.93728482934445,377.20171559563073,38
1082.8,7,1040.9625432822854,7.0,50.956462950631035,377.0534265314326,38
1082.9,7,1040.9625432822854,7.0,50.93790319629102,377.19257833257126,38
1083.0,7,1040.9625432822854,7.0,50.94502867255345,377.1352865168933,38
1083.1,7,1040.9625432822854,7.0,50.9384753174857,377.1842320700926,38
1083.2,7,1040.9625432822854,6.3,50.990791084395156,376.68640020677896,38
1083.3,7,1040.9625432822854,6.3,50.98836578434939,376.7034751991615,38
1083.4,7,1040.9625432822854,6.3,50.99301386491122,376.6689266188987,38
1083.5,7,1040.9625432822854,6.3,50.986853990003084,376.71389831776673,38
1083.6,7,1040.9625432822854,6.3,50.98967969050773,376.68795405907497,38
1083.7,7,1040.9625432822854,6.3,50.991043142536554,376.6786517735511,38
1083.8,7,1040.9625432822854,6.3,50.98123213447471,376.7550356357032,38
1083.9,7,1040.8924355013908,6.3,50.99226526661825,376.6750377131142,38
1084.0,7,1040.8924355013908,7.0,51.00482067817906,376.5808755567458,38
1084.1,7,1040.8924355013908,7.0,51.007755065433145,376.5602687857464,38
1084.2,7,1040.8924355013908,7.0,50.97104379965337,376.8443359812113,38
1084.3,7,1040.8924355013908,6.3,50.97166172062161,376.84198064389744,38
1084.4,7,1040.8924355013908,6.3,50.9762885573076,376.8090932690779,38
1084.5,7,1040.8924355013908,6.3,50.97298323750138,376.83542690575825,38
1084.6,7,1040.8924355013908,6.3,50.98488942756045,376.7447000489717,38
1084.7,7,1040.8924355013908,6.3,50.98789266905989,376.72257481051395,38
1084.8,7,1040.8924355013908,6.3,50.981977998205274,376.7653646906781,38
1084.9,7,1040.8924355013908,6.3,51.00383180629876,376.5993622215226,38
1085.0,7,1040.8924355013908,6.3,51.00241874083041,376.6088190037034,38
1085.1,7,1040.8924355013908,6.3,51.004920970746504,376.59282255348955,38
1085.2,7,1040.8924355013908,6.3,51.008524584267334,376.5655789738437,38
1085.3,7,1040.8924355013908,6.3,51.024094631869005,376.4467704559646,38
1085.4,7,1040.8924355013908,6.3,50.89480231250411,377.4466681046837,38
1085.5,7,1040.8924355013908,5.6,50.90926526476463,377.3364822540472,38
1085.6,7,1040.8924355013908,5.6,50.91891147386582,377.26457183334753,38
1085.7,7,1040.8924355013908,5.6,50.91941231068056,377.26316374057274,38
1085.8,7,1040.8924355013908,5.6,50.9267195936024,377.2091584713777,38
1085.9,7,1040.8924355013908,5.6,50.93490079357068,377.1513271436345,38
1086.0,7,1040.8924355013908,5.6,50.939582447389014,377.1202938636756,38
1086.1,7,1040.8924355013908,5.6,50.96353304820833,376.9397736049358,38
1086.2,7,1040.8924355013908,5.6,50.97413998664908,376.86643310155773,38
1086.3,7,1040.8924355013908,5.6,51.021638430048995,376.52842902491767,38
1086.4,7,1040.8924355013908,5.6,51.02934253688248,376.473607432691,38
1086.5,7,1040.8924355013908,5.6,51.032837334247745,376.4483101998169,38
1086.6,7,1040.8924355013908,5.6,51.04817663301685,376.33376207807817,38
1086.7,7,1040.8924355013908,5.6,51.05373352664088,376.2960404641009,38
1086.8,7,1040.8924355013908,5.6,51.01327958695511,376.6153607456277,38
1086.9,7,1040.8924355013908,5.6,50.993370504390526,376.8890390969758,38
1087.0,8,1040.9983581028275,4.8999999999999995,51.006150925092314,376.79403921982635,38
1087.1,8,1041.0496543298184,4.199999999999999,51.01395654726292,376.73706303275367,38
1087.2,7,1041.0496543298184,4.199999999999999,51.02866558106397,376.6280828855741,38
1087.3,7,1041.0496543298184,4.8999999999999995,51.032530864117746,376.6033204306027,38
1087.4,8,1041.0496543298184,4.8999999999999995,51.032809561354796,376.6059565975464,38
1087.5,8,1041.0496543298184,4.199999999999999,51.04951195074762,376.48295228452923,38
1087.6,8,1041.0496543298184,4.199999999999999,51.044152524372706,376.5303781025523,38
1087.7,8,1040.9792975057867,4.199999999999999,51.063240180401735,376.3839580786172,38
1087.8,8,1040.9792975057867,4.8999999999999995,51.0661987429466,376.3664287727032,38
1087.9,8,1040.9792975057867,4.8999999999999995,51.10545649853583,376.3824227691766,38
1088.0,8,1040.9792975057867,4.8999999999999995,50.88001863819974,378.0557470900487,38
1088.1,8,1040.9792975057867,4.199999999999999,50.89796178784663,377.9164937104556,38
1088.2,8,1040.9792975057867,4.199999999999999,50.89788267555278,377.924594818405,38
1088.3,8,1040.9792975057867,4.199999999999999,50.911629803082604,377.8087449630119,38
1088.4,8,1040.9792975057867,4.199999999999999,50.91777063071916,377.7633220125996,38
1088.5,8,1040.9792975057867,4.199999999999999,50.9323748411417,377.64793957304335,38
1088.6,8,1040.9792975057867,4.199999999999999,50.92893595052389,377.67728687492274,38
1088.7,8,1040.9792975057867,4.199999999999999,50.952660886345186,377.48923345671943,38
1088.8,8,1040.9792975057867,4.199999999999999,50.960290029973436,377.4289616478602,38
1088.9,8,1040.9792975057867,4.199999999999999,50.98297618447982,377.2530799713979,38
1089.0,8,1040.9792975057867,4.199999999999999,50.99671595299089,377.15234760699855,38
1089.1,8,1040.9792975057867,4.199999999999999,51.01347618962399,377.02354052663907,38
1089.2,8,1040.9792975057867,4.199999999999999,51.03416774666262,376.86794323868355,38
1089.3,8,1040.9792975057867,4.199999999999999,50.95007769153519,377.42643399253325,38
1089.4,8,1040.9792975057867,4.199999999999999,50.96500147830692,377.2134679999518,38
1089.5,8,1040.9792975057867,3.5,50.99802169066983,376.96580691324687,38
1089.6,8,1040.9792975057867,3.5,50.99927932059256,376.96241871454174,38
1089.7,7,1040.9110853490417,3.5,51.02581656704334,376.7557834145791,38
1089.8,7,1040.9110853490417,5.6,51.030144015216834,376.7304482133547,38
1089.9,7,1040.9110853490417,5.6,51.055271112585416,376.5447163196334,38
1090.0,7,1040.9110853490417,5.6,51.07549689875229,376.39059154737413,38
1090.1,7,1040.9110853490417,5.6,51.09055856052113,376.2779037360481,38
1090.2,7,1040.9110853490417,5.6,51.09113452499922,376.2758206112819,38
1090.3,7,1040.9110853490417,5.6,50.98123935015662,377.01503992523874,38
1090.4,7,1040.9110853490417,5.6,50.991301435500326,376.9448001556066,38
1090.5,7,1040.9110853490417,5.6,50.8652173045183,377.95187580708887,38
1090.6,7,1040.9110853490417,5.6,50.99108525754281,377.08150859106706,38
1090.7,7,1040.9110853490417,5.6,51.00422848304069,376.9836386365942,38
1090.8,7,1040.9110853490417,5.6,51.15208145163732,375.8243299067191,38
1090.9,7,1040.9110853490417,5.6,51.157293414259925,375.7860506242587,38
1091.0,7,1040.9110853490417,5.6,51.16122456178546,375.75987966354484,38
1091.1,7,1040.9110853490417,5.6,51.171125667813286,375.68999764157525,38
1091.2,7,1040.9110853490417,5.6,51.18179129630124,375.6188958544551,38
1091.3,8,1040.8691683501388,4.8999999999999995,51.1910799098536,375.55541644539613,38
1091.4,8,1040.8691683501388,4.199999999999999,51.21143547169345,375.4059643442366,38
1091.5,8,1040.8691683501388,4.199999999999999,51.22290864507324,375.3245228937131,38
1091.6,8,1040.8691683501388,4.199999999999999,51.070084757274145,376.54744543071973,38
1091.7,7,1040.8691683501388,4.199999999999999,51.07254300379451,376.5321346783129,38
1091.8,7,1040.8691683501388,4.8999999999999995,51.09163106834832,376.3955373441302,38
1091.9,7,1040.8691683501388,4.8999999999999995,51.112844673417435,376.24624555663274,38
1092.0,7,1040.8691683501388,4.8999999999999995,51.124944483626635,376.1620325350678,38
1092.1,7,1040.8691683501388,4.8999999999999995,51.14717283435101,375.9948159815883,38
1092.2,7,1040.8691683501388,4.8999999999999995,51.15585244668623,375.933335119407,38
1092.3,7,1040.8691683501388,4.8999999999999995,51.16136754535428,375.8937995416386,38
1092.4,7,1040.8691683501388,4.8999999999999995,51.047809982607404,376.6555238151749,38
1092.5,8,1040.8691683501388,4.8999999999999995,51.06384505784,376.5440760917022,38
1092.6,7,1040.8012011227436,4.199999999999999,51.086278439883266,376.3746837440541,38
1092.7,7,1040.8012011227436,5.6,51.09878219034787,376.2927739561122,38
1092.8,7,1040.8012011227436,5.6,51.11406291896436,376.1847515535611,38
1092.9,7,1040.8012011227436,5.6,51.14002048419832,375.9909281039771,38
1093.0,7,1040.8012011227436,5.6,51.14693567451903,375.9422739250255,38
1093.1,7,1040.8012011227436,5.6,51.16139012729923,375.84516600617496,38
1093.2,7,1040.8012011227436,5.6,51.27029994997518,374.989438747061,38
1093.3,7,1040.8012011227436,5.6,51.26468704967415,375.04376931027167,38
1093.4,7,1040.8012011227436,5.6,51.27697262104492,374.95894792800027,38
1093.5,7,1040.8012011227436,5.6,51.2927987649003,374.84142244676036,38
1093.6,7,1040.8012011227436,5.6,51.29157612768316,374.8623743101924,38
1093.7,7,1040.8012011227436,5.6,51.30193878103118,374.7954705776641,38
1093.8,7,1040.8012011227436,5.6,51.316781848668384,374.6910167895396,38
1093.9,7,1040.8012011227436,5.6,51.32664605130506,374.6290505748717,38
1094.0,7,1040.8012011227436,5.6,51.33173057051724,374.6004834481588,38
1094.1,7,1040.8012011227436,5.6,51.51752790797998,373.3470589180548,38
1094.2,7,1040.8012011227436,5.6,51.51129215164721,373.402549378516,38
1094.3,7,1040.8012011227436,5.6,51.523548476141755,373.3162692250552,38
1094.4,7,1040.8012011227436,5.6,51.51608180949874,373.3810663944388,38
1094.5,7,1040.8012011227436,5.6,51.51363080325105,373.40618663181317,38
1094.6,7,1040.8012011227436,5.6,51.52250409139704,373.340848346009,38
1094.7,7,1040.8012011227436,5.6,51.5243231494573,373.33090067974257,38
1094.8,7,1040.8012011227436,5.6,51.527131694656234,373.3185591454221,38
1094.9,7,1040.8012011227436,5.6,51.52354101159378,373.3534029896755,38
1095.0,7,1040.8012011227436,5.6,51.520322586975965,373.3812538048969,38
1095.1,7,1040.8012011227436,5.6,51.53159623477973,373.3012222516702,38
1095.2,7,1040.8012011227436,5.6,51.532878797084365,373.3042430518688,38
1095.3,7,1040.8012011227436,5.6,51.53692790486342,373.2879735872284,38
1095.4,7,1040.8012011227436,5.6,51.539279812981334,373.27205071045324,38
1095.5,7,1040.8012011227436,5.6,51.650488223611305,372.54470363062177,38
1095.6,7,1040.7304776701023,5.6,51.648507217167044,372.5731795843798,38
1095.7,7,1040.7304776701023,6.3,51.64339595167896,372.61576947749165,38
1095.8,7,1040.7304776701023,6.3,51.71952599503005,372.0189164392825,38
1095.9,7,1040.7304776701023,6.3,51.72178524102411,372.0133690066867,38
1096.0,7,1040.7304776701023,6.3,51.72478826327992,372.00655357284586,38
1096.1,7,1040.7304776701023,6.3,51.72793208532512,371.9871766653512,38
1096.2,7,1040.7304776701023,5.6,51.53193914649941,373.29587943536455,38
1096.3,7,1040.7304776701023,5.6,51.53139089340795,373.3058615737305,38
1096.4,7,1040.7304776701023,5.6,51.53259048909091,373.3047083988688,38
1096.5,7,1040.7304776701023,5.6,51.519738770106464,373.4101507684361,38
1096.6,7,1040.7304776701023,5.6,51.52791404334172,373.3537776281393,38
1096.7,7,1040.7304776701023,5.6,51.396378844466355,374.4006144037001,38
1096.8,7,1040.7304776701023,5.6,51.392631978064465,374.4348782728321,38
1096.9,7,1040.7304776701023,5.6,51.39328311298017,374.4416945229896,38
1097.0,7,1040.7304776701023,5.6,51.40526313284971,374.3575248017839,38
1097.1,7,1040.7304776701023,5.6,51.40663741054482,374.36413461602706,38
1097.2,7,1040.7304776701023,5.6,51.40480019051088,374.38237811302633,38
1097.3,7,1040.7304776701023,5.6,51.40377447660643,374.40131353541324,38
1097.4,7,1040.7304776701023,5.6,51.40680397912902,374.38031927058597,38
1097.5,8,1040.7713283683092,5.6,51.41583791236032,374.3241804849089,38
1097.6,7,1040.7713283683092,4.8999999999999995,51.42779494661936,374.23944297959554,38
1097.7,7,1040.7713283683092,5.6,51.432367930703904,374.214161791623,38
1097.8,7,1040.7713283683092,5.6,51.53367967071462,373.5353406627716,38
1097.9,7,1040.7713283683092,5.6,51.53682352925773,373.512985525437,38
1098.0,8,1040.7589805765126,4.8999999999999995,51.54502073999333,373.44454992057916,38
1098.1,8,1040.7589805765126,4.8999999999999995,51.540840776775255,373.4763630154576,38
1098.2,8,1040.7589805765126,4.8999999999999995,51.54091784204568,373.48240591302044,38
1098.3,8,1040.6894920069649,4.8999999999999995,51.549438259971744,373.4183869788429,38
1098.4,8,1040.6894920069649,5.6,51.6291424646735,372.7887587865861,38
1098.5,8,1040.6894920069649,5.6,51.62104712479483,372.8501239917533,38
1098.6,8,1040.6894920069649,5.6,51.676408152587,372.47808583087385,38
1098.7,8,1040.6894920069649,5.6,51.673147855310376,372.50460588643546,38
1098.8,8,1040.6894920069649,5.6,51.67687756467336,372.47191671494716,38
1098.9,8,1040.6894920069649,5.6,51.66262927632256,372.5833459732873,38
1099.0,8,1040.6894920069649,5.6,51.663220298064445,372.57280778762083,38
1099.1,8,1040.6894920069649,5.6,51.65138806100888,372.66564538101085,38
1099.2,9,1040.6894920069649,4.8999999999999995,51.653584504593056,372.6427439144319,38
1099.3,9,1040.6894920069649,4.800000000000001,51.64491753462735,372.712163532918,38
1099.4,8,1040.6894920069649,4.0,51.641790246655454,372.73690778822436,38
1099.5,8,1040.6894920069649,4.8999999999999995,51.63428984178164,372.7915270059454,38
1099.6,8,1040.6894920069649,4.8999999999999995,51.63108087221051,372.8103208113737,38
1099.7,8,1040.6894920069649,4.8999999999999995,51.63863756547434,372.7546408950055,38
1099.8,8,1040.6894920069649,4.8999999999999995,51.630656926830696,372.8134785052107,38
1099.9,8,1040.6894920069649,4.8999999999999995,51.615916616740435,372.92565218613987,38
1100.0,8,1040.6894920069649,4.8999999999999995,51.62094057844842,372.889894618713,38
1100.1,8,1040.6894920069649,4.8999999999999995,51.62378891010617,372.8738369680679,38
1100.2,8,1040.6894920069649,4.8999999999999995,51.61979249918275,372.8983036834031,38
1100.3,9,1040.6894920069649,4.8999999999999995,51.612799898044514,372.9490575309996,38
1100.4,9,1040.6894920069649,4.800000000000001,51.598288195291595,373.04960759450654,38
1100.5,9,1040.6894920069649,4.800000000000001,51.581771798423844,373.16490383710106,38
1100.6,9,1040.6894920069649,4.800000000000001,51.57819493905045,373.1911433126801,38
1100.7,9,1040.6894920069649,4.800000000000001,51.575793017804884,373.20398389679156,38
1100.8,9,1040.6894920069649,4.800000000000001,51.57299283010869,373.23085478904306,38
1100.9,8,1040.6224902758888,4.800000000000001,51.56415431075253,373.2909721766804,38
1101.0,8,1040.6224902758888,5.6,51.56520231404666,373.2759439076401,38
1101.1,8,1040.6224902758888,5.6,51.62021249025733,372.83631772244917,38
1101.2,8,1040.6224902758888,5.6,51.650220855659,372.3276767415625,38
1101.3,9,1040.6224902758888,4.8999999999999995,51.6472371740247,372.3528931639588,38
1101.4,9,1040.6224902758888,4.800000000000001,51.656099100126895,372.2814450845886,38
1101.5,9,1040.6224902758888,4.0,51.64737232930277,372.3400535238714,38
1101.6,9,1040.6224902758888,4.0,51.64498397736598,372.35725554883106,38
1101.7,9,1040.6224902758888,4.0,51.633623662937396,372.43814063720623,38
1101.8,9,1040.6224902758888,4.0,51.63060903612695,372.4509775204087,38
1101.9,9,1040.6224902758888,4.0,51.62734152020724,372.4773223089136,38
1102.0,9,1040.6224902758888,4.0,51.63412633556858,372.42516066222345,38
1102.1,9,1040.6224902758888,4.800000000000001,51.62669599313142,372.48107774340565,38
1102.2,9,1040.6224902758888,4.800000000000001,51.499613908464106,373.2897697157033,38
1102.3,9,1040.6224902758888,4.800000000000001,51.502310897055274,373.2697380025339,38
1102.4,9,1040.6224902758888,4.800000000000001,51.49409410351778,373.33017956703105,38
1102.5,9,1040.6224902758888,4.800000000000001,51.48459995002794,373.39884023298555,38
1102.6,9,1040.6224902758888,4.800000000000001,51.476067024754016,373.4641276444578,38
1102.7,9,1040.6224902758888,4.800000000000001,51.46606729242285,373.5337767765086,38
1102.8,9,1040.6224902758888,4.800000000000001,51.461884634052396,373.5510741529133,38
1102.9,9,1040.6224902758888,4.800000000000001,51.44880421515025,373.64660945071915,38
1103.0,9,1040.6224902758888,4.800000000000001,51.4476291431732,373.65520950883683,38
1103.1,9,1040.6224902758888,4.800000000000001,51.43262057614987,373.7658118242662,38
1103.2,9,1040.6224902758888,4.800000000000001,51.426912449721264,373.804327752757,38
1103.3,9,1040.6224902758888,4.800000000000001,51.41808178041913,373.86946475332314,38
1103.4,9,1040.6224902758888,4.0,51.410938666459316,373.9234767611812,38
1103.5,8,1040.5564948811823,4.0,51.41471794443152,373.8944327727287,38
1103.6,8,1040.5564948811823,5.6,51.41742663819038,373.87599025734573,38
1103.7,8,1040.5564948811823,5.6,51.46062606407049,373.5969361516387,38
1103.8,8,1040.5564948811823,5.6,51.37631327414165,374.1644607663939,38
1103.9,8,1040.5564948811823,5.6,51.413794755115745,373.87452761169715,38
1104.0,8,1040.5564948811823,5.6,51.41986462541247,373.83239641880846,38
1104.1,8,1040.5564948811823,5.6,51.42399384429995,373.80385668025514,38
1104.2,8,1040.5564948811823,5.6,51.422044413023045,373.8153238569106,38
1104.3,8,1040.5564948811823,4.8999999999999995,51.43032622325183,373.7550289252026,38
1104.4,8,1040.5564948811823,4.8999999999999995,51.425669136736275,373.78644385817574,38
1104.5,8,1040.5564948811823,4.8999999999999995,51.41707742464478,373.86036317330036,38
1104.6,8,1040.5564948811823,4.8999999999999995,51.406705708661434,373.94431035149523,38
1104.7,8,1040.5564948811823,4.8999999999999995,51.414354822814516,373.88897514078474,38
1104.8,8,1040.5564948811823,4.8999999999999995,51.40821734343637,373.9373073586385,38
1104.9,8,1040.5564948811823,4.8999999999999995,51.400556224748456,373.9945808815452,38
1105.0,8,1040.5564948811823,4.8999999999999995,51.29907059549568,374.68974861977074,38
1105.1,8,1040.5564948811823,4.8999999999999995,51.13298227612932,375.98963797630233,38
1105.2,8,1040.5564948811823,4.8999999999999995,51.15804969171767,375.8339893538249,38
1105.3,8,1040.5564948811823,4.8999999999999995,51.139830545488806,375.9682950802726,38
1105.4,8,1040.5564948811823,4.8999999999999995,51.12986821280737,376.0435843393344,38
1105.5,8,1040.5564948811823,4.8999999999999995,51.12336778276494,376.0888290732188,38
1105.6,8,1040.5564948811823,4.8999999999999995,51.1218286156516,376.0963280915416,38
1105.7,8,1040.5564948811823,4.8999999999999995,51.10738598947448,376.1951054110084,38
1105.8,8,1040.5564948811823,4.8999999999999995,51.09767608657708,376.2671074032206,38
1105.9,8,1040.487709218634,4.8999999999999995,51.09100753636048,376.3151372105257,38
1106.0,8,1040.487709218634,5.6,51.06984456420366,376.4736216560738,38
1106.1,8,1040.487709218634,5.6,51.06187107142419,376.529496978448,38
1106.2,8,1040.487709218634,5.6,51.051094096262574,376.61350717203345,38
1106.3,8,1040.487709218634,5.6,51.04403413527312,376.668297186009,38
1106.4,8,1040.487709218634,5.6,51.01730074337298,376.87233009116693,38
1106.5,8,1040.487709218634,5.6,50.9985550340855,377.008787589597,38
1106.6,8,1040.487709218634,5.6,50.98517611502653,377.1085616094243,38
1106.7,8,1040.487709218634,5.6,50.96486835298785,377.2579940082186,38
1106.8,8,1040.487709218634,5.6,50.94587843863569,377.39810242498646,38
1106.9,8,1040.487709218634,5.6,50.950930531121244,377.34978901023226,38
1107.0,8,1040.487709218634,5.6,50.932761544683075,377.4869055838643,38
1107.1,8,1040.487709218634,5.6,50.72177539822084,379.1735572103719,38
1107.2,8,1040.487709218634,5.6,50.700905032458266,379.3252484177609,38
1107.3,8,1040.487709218634,5.6,50.662383939085444,379.6260841438377,38
1107.4,8,1040.487709218634,5.6,50.64247090962844,379.7816053906191,38
1107.5,8,1040.487709218634,5.6,50.62067857141491,379.9481056468168,38
1107.6,8,1040.487709218634,5.6,50.63941956252585,379.8361036429005,38
1107.7,8,1040.487709218634,5.6,50.616095439525196,380.02003669907856,38
1107.8,8,1040.487709218634,5.6,50.585519801261924,380.2503893724074,38
1107.9,8,1040.487709218634,5.6,50.44574339256539,381.24358502373605,38
1108.0,8,1040.487709218634,5.6,50.43685443832963,381.302874015085,38
1108.1,8,1040.487709218634,5.6,50.40839170492567,381.5138007047383,38
1108.2,8,1040.487709218634,5.6,50.38380674256169,381.7030973461622,38
1108.3,8,1040.487709218634,5.6,50.37026344645214,381.8010599178559,38
1108.4,8,1040.487709218634,5.6,50.355836481005376,381.90937301210204,38
1108.5,8,1040.487709218634,5.6,50.3327205991491,382.0904439683975,38
1108.6,8,1040.487709218634,5.6,50.32077547327328,382.1753200227399,38
1108.7,8,1040.487709218634,5.6,50.30418224971257,382.3023394801811,38
1108.8,8,1040.487709218634,5.6,50.28930612676919,382.4165776878664,38
1108.9,8,1040.487709218634,5.6,50.280956400074224,382.47905636527526,38
1109.0,8,1040.487709218634,5.6,50.265000954618,382.5972495155909,38
1109.1,8,1040.487709218634,5.6,50.24340158019006,382.7625868486617,38
1109.2,8,1040.487709218634,5.6,50.22743713617683,382.88952245972774,38
1109.3,8,1040.487709218634,5.6,50.213552079491784,382.9975494074821,38
1109.4,8,1040.487709218634,5.6,50.191505937816615,383.1680126031195,38
1109.5,8,1040.487709218634,5.6,50.163820911639974,383.39209581941407,38
1109.6,8,1040.487709218634,5.6,50.150194648866716,383.49418975099707,38
1109.7,8,1040.487709218634,5.6,50.132039428865525,383.6348474652809,38
1109.8,8,1040.487709218634,5.6,50.15009094928331,383.4744616614978,38
1109.9,8,1040.4185593426835,5.6,50.12804607982727,383.6443963838892,38
1110.0,8,1040.4185593426835,6.3,50.14736613621797,383.5143584972928,38
1110.1,8,1040.4185593426835,6.3,50.136517707385806,383.5896341558065,38
1110.2,8,1040.4185593426835,6.3,50.13003358918704,383.63576606213894,38
1110.3,8,1040.4185593426835,6.3,50.11204464583368,383.7818749977305,38
1110.4,8,1040.4185593426835,6.3,50.111093876329164,383.77873543709984,38
1110.5,8,1040.4185593426835,5.6,50.09453419799516,383.8929863367838,38
1110.6,8,1040.4185593426835,5.6,50.09896957393893,383.8550716201601,38
1110.7,8,1040.4185593426835,5.6,50.09791586364106,383.85979736240967,38
1110.8,8,1040.4185593426835,5.6,50.088708047463726,383.92606194717735,38
1110.9,8,1040.4185593426835,5.6,50.09099035738441,383.9091661573957,38
1111.0,8,1040.4185593426835,5.6,50.0184429410517,384.4191620392518,38
1111.1,8,1040.4185593426835,5.6,50.02267561653068,384.38109812869277,38
1111.2,8,1040.4185593426835,5.6,50.02406803567176,384.36445071769367,38
1111.3,8,1040.4185593426835,5.6,50.02299846028414,384.36566597930164,38
1111.4,8,1040.4185593426835,5.6,50.025950522453996,384.3449843670717,38
1111.5,8,1040.4185593426835,5.6,50.01189449697267,384.4630528486334,38
1111.6,8,1040.4185593426835,5.6,50.00984041879474,384.4732645723294,38
1111.7,8,1040.4185593426835,5.6,50.01062131533974,384.4646471702845,38
1111.8,8,1040.4185593426835,5.6,50.0195061556192,384.39101245839004,38
1111.9,8,1040.4185593426835,5.6,49.92826099841804,385.0437496727623,38
1112.0,8,1040.4185593426835,5.6,49.922762445613,385.082084585915,38
1112.1,8,1040.4185593426835,5.6,49.91247239292088,385.15712368380105,38
1112.2,8,1040.4185593426835,5.6,49.781225546470594,386.23794380351126,38
1112.3,8,1040.4185593426835,5.6,49.774349527008205,386.29096297763215,38
1112.4,8,1040.4185593426835,5.6,49.76382516156423,386.3716796255161,38
1112.5,8,1040.4185593426835,5.6,49.76012435462111,386.39514918325017,38
1112.6,8,1040.4185593426835,5.6,49.75299623223583,386.4469026087646,38
1112.7,8,1040.4185593426835,5.6,49.75142988298935,386.45781116542673,38
1112.8,8,1040.4185593426835,5.6,49.58390462086044,388.11996827328664,38
1112.9,8,1040.4185593426835,5.6,49.583712172080446,388.1176719382819,38
1113.0,8,1040.4185593426835,4.8999999999999995,49.62208033528472,387.78162969491416,38
1113.1,8,1040.4185593426835,4.8999999999999995,49.618464551526884,387.8128706858121,38
1113.2,8,1040.4185593426835,4.8999999999999995,49.62775587528273,387.74353094993256,38
1113.3,8,1040.4185593426835,4.8999999999999995,49.67492252338147,387.2994756853648,38
1113.4,8,1040.3504632762435,4.8999999999999995,49.679510825159404,387.2572296752305,38
1113.5,8,1040.3504632762435,5.6,49.705458656267965,387.06671947430954,38
1113.6,8,1040.3504632762435,5.6,49.71293644092026,387.0048484975165,38
1113.7,8,1040.3504632762435,5.6,49.713788816285216,386.99961455869584,38
1113.8,8,1040.3504632762435,5.6,49.75804119303355,386.6323655631726,38
1113.9,8,1040.3504632762435,4.8999999999999995,49.76603264938085,386.5729628228299,38
1114.0,8,1040.3504632762435,4.8999999999999995,49.84803144379575,385.7631879296458,38
1114.1,8,1040.3504632762435,4.8999999999999995,49.859635208551154,385.6721580984116,38
1114.2,8,1040.3504632762435,4.8999999999999995,49.87879316207092,385.522980348602,38
1114.3,8,1040.3504632762435,4.8999999999999995,49.889244286608594,385.44002260716263,38
1114.4,8,1040.3504632762435,4.8999999999999995,49.91388780090574,385.2503684476669,38
1114.5,8,1040.3504632762435,4.8999999999999995,49.930415223642456,385.1213867232245,38
1114.6,8,1040.3504632762435,4.8999999999999995,49.95175853604793,384.9551557789438,38
1114.7,8,1040.3504632762435,4.8999999999999995,49.80448621448302,385.9936362764026,38
1114.8,8,1040.3504632762435,4.8999999999999995,49.81188296207908,385.9384144209625,38
1114.9,8,1040.3504632762435,4.8999999999999995,49.83229938760661,385.77535782378095,38
1115.0,8,1040.3504632762435,4.8999999999999995,49.85797023746097,385.57656218225895,38
1115.1,8,1040.3504632762435,4.8999999999999995,49.871276099352045,385.4750189587244,38
1115.2,8,1040.3504632762435,4.8999999999999995,49.90849348862987,385.18558766366255,38
1115.3,8,1040.3504632762435,4.8999999999999995,49.933709717630926,384.98775233771846,38
1115.4,8,1040.3504632762435,4.8999999999999995,49.950886876888106,384.85985678002834,38
1115.5,8,1040.3504632762435,4.8999999999999995,49.764065277123365,386.4284499533541,38
1115.6,8,1040.3504632762435,4.8999999999999995,49.78130306615737,386.3072070108258,38
1115.7,8,1040.3504632762435,4.8999999999999995,49.801796393982514,386.14907662341955,38
1115.8,8,1040.3504632762435,4.8999999999999995,49.8244518106184,385.97628012327624,38
1115.9,8,1040.3504632762435,4.8999999999999995,49.85869297512228,385.7309788375687,38
1116.0,8,1040.3504632762435,4.8999999999999995,49.886246030075895,385.5158091150558,38
1116.1,8,1040.3504632762435,4.8999999999999995,49.911899771366144,385.3184804023381,38
1116.2,8,1040.3504632762435,4.8999999999999995,49.782003066525775,386.2392665328656,38
1116.3,8,1040.3504632762435,4.8999999999999995,49.81022771903775,386.0201269552597,38
1116.4,8,1040.3504632762435,4.8999999999999995,49.831814795642984,385.8510912432064,38
1116.5,8,1040.3504632762435,4.8999999999999995,49.85831161515414,385.6512616596631,38
1116.6,8,1040.3504632762435,4.8999999999999995,49.886778210101234,385.4321986390839,38
1116.7,8,1040.3504632762435,4.8999999999999995,49.91081148775672,385.25786792242695,38
1116.8,8,1040.3504632762435,4.8999999999999995,49.9422225763883,385.015293737404,38
1116.9,8,1040.3504632762435,4.8999999999999995,49.773586225411094,386.4537664450572,38
1117.0,8,1040.3504632762435,4.8999999999999995,49.80552316773786,386.2031507519789,38
1117.1,8,1040.3504632762435,4.8999999999999995,49.83377739569996,385.9813411952748,38
1117.2,8,1040.3504632762435,4.8999999999999995,49.68500550503838,387.03640538085534,38
1117.3,8,1040.3504632762435,4.8999999999999995,49.70129301006256,386.9111215928296,38
1117.4,8,1040.2824156566137,4.8999999999999995,49.72803048033008,386.6985640581866,38
1117.5,8,1040.2824156566137,5.6,49.75053183927517,386.5232725024807,38
1117.6,8,1040.2824156566137,5.6,49.774578968632156,386.3359168964039,38
1117.7,8,1040.2824156566137,5.6,49.790371161774004,386.2082084646468,38
1117.8,8,1040.2824156566137,5.6,49.81497334799258,386.0181500596956,38
1117.9,8,1040.2824156566137,5.6,49.82564827309175,385.9343971149158,38
1118.0,8,1040.2824156566137,5.6,49.841721391486274,385.8119102463011,38
1118.1,8,1040.2824156566137,5.6,49.868829251656436,385.6048882630723,38
1118.2,8,1040.2824156566137,5.6,49.72540820588411,386.62461737213823,38
1118.3,8,1040.2824156566137,5.6,49.74870044620465,386.44866434281266,38
1118.4,8,1040.2824156566137,5.6,49.76863676124209,386.2938582551979,38
1118.5,8,1040.2824156566137,5.6,49.55342447960872,388.11173744716564,38
1118.6,8,1040.2824156566137,5.6,49.567711042740285,388.00408600317576,38
1118.7,8,1040.2824156566137,5.6,49.57084170095345,387.98279739843906,38
1118.8,8,1040.2824156566137,5.6,49.58447125335597,387.87755963609163,38
1118.9,8,1040.2824156566137,5.6,49.59308631692872,387.8139246732944,38
1119.0,8,1040.2824156566137,5.6,49.60694205969702,387.7046691697265,38
1119.1,8,1040.2824156566137,5.6,49.61172182237375,387.670001272264,38
1119.2,8,1040.2824156566137,5.6,49.453210162089675,388.81304319941745,38
1119.3,8,1040.2824156566137,5.6,49.45562747132297,388.7970915141465,38
1119.4,8,1040.2824156566137,5.6,49.467407749254846,388.70372318920363,38
1119.5,8,1040.2824156566137,5.6,49.47431669380734,388.6479036062626,38
1119.6,8,1040.2824156566137,5.6,49.47539517371152,388.6392228805102,38
1119.7,8,1040.2824156566137,5.6,49.471416325539664,388.679277438713,38
1119.8,8,1040.2824156566137,5.6,49.48317933317625,388.58379347304265,38
1119.9,8,1040.2824156566137,5.6,49.265102211468744,390.4463435594537,38
1120.0,8,1040.2824156566137,5.6,49.28137561398832,390.3163473358403,38
1120.1,8,1040.2824156566137,5.6,49.28342150260771,390.2998279834266,38
1120.2,8,1040.2824156566137,5.6,49.28498263969154,390.2874449037163,38
1120.3,8,1040.2824156566137,5.6,49.28033172526554,390.3294884142483,38
1120.4,8,1040.2824156566137,5.6,49.27202696926634,390.401700157969,38
1120.5,8,1040.2824156566137,5.6,49.26633704220357,390.4573095403474,38
1120.6,8,1040.2824156566137,5.6,49.27258439486067,390.41434124913405,38
1120.7,8,1040.2824156566137,5.6,49.26231733972981,390.497490015464,38
1120.8,8,1040.2824156566137,5.6,49.26310884605509,390.4964658850854,38
1120.9,8,1040.2141139415742,5.6,49.14156884592131,391.39226470770444,38
1121.0,8,1040.2141139415742,6.3,49.1396497957575,391.4106358062382,38
1121.1,8,1040.2141139415742,6.3,49.134680523885635,391.4540992274593,38
1121.2,8,1040.2141139415742,6.3,49.12721046381323,391.52568349037017,38
1121.3,8,1040.2141139415742,6.3,49.155438672926564,391.32485671767125,38
1121.4,8,1040.2141139415742,6.3,49.15865987844218,391.31161801689814,38
1121.5,8,1040.2141139415742,6.3,49.16031483656175,391.3039223124715,38
1121.6,8,1040.2141139415742,6.3,49.15705268034951,391.3488118908281,38
1121.7,8,1040.2141139415742,6.3,49.14857863866891,391.4204938231421,38
1121.8,8,1040.2141139415742,6.3,49.13924564897256,391.5120074806795,38
1121.9,8,1040.2141139415742,6.3,49.13270759585377,391.5734381225943,38
1122.0,8,1040.2141139415742,6.3,49.12506216747453,391.6456535092427,38
1122.1,8,1040.2141139415742,6.3,49.11809889701202,391.70759212210174,38
1122.2,8,1040.2141139415742,6.3,49.12486257013643,391.6651017494851,38
1122.3,8,1040.2141139415742,6.3,49.123037298209766,391.6885655793827,38
1122.4,8,1040.2141139415742,6.3,49.12676321512847,391.66810792962315,38
1122.5,8,1040.2141139415742,6.3,49.121429728398475,391.7159889491718,38
1122.6,8,1040.2141139415742,6.3,49.12554142078379,391.6928990284123,38
1122.7,8,1040.2141139415742,6.3,49.12241273189532,391.72616860385136,38
1122.8,8,1040.2141139415742,6.3,49.125457581521374,391.70982296491013,38
1122.9,8,1040.2141139415742,6.3,49.125443271746875,391.7157151414872,38
1123.0,8,1040.2141139415742,6.3,49.132486547851414,391.6596800231199,38
1123.1,8,1040.2141139415742,6.3,49.13110363061256,391.6802812664272,38
1123.2,8,1040.2141139415742,6.3,48.936057328384635,393.4149089295446,38
1123.3,8,1040.2141139415742,6.3,48.76450949539591,394.67311178989024,38
1123.4,8,1040.2141139415742,6.3,48.77704032643741,394.5730741334537,38
1123.5,8,1040.2141139415742,6.3,48.76479486143714,394.67318184581495,38
1123.6,8,1040.2141139415742,6.3,48.76830185921032,394.64592311232354,38
1123.7,8,1040.2141139415742,6.3,48.76947026961494,394.6336138554565,38
1123.8,8,1040.2141139415742,6.3,48.77195757681432,394.6241207013543,38
1123.9,8,1040.2141139415742,6.3,48.772898824761576,394.6191991008309,38
1124.0,8,1040.2141139415742,6.3,48.77368345922339,394.6111336635653,38
1124.1,8,1040.2141139415742,6.3,48.79086647105546,394.49464470633404,38
1124.2,8,1040.2141139415742,6.3,48.78621953912723,394.52796743839355,38
1124.3,8,1040.2141139415742,6.3,48.776597416944384,394.6053584867647,38
1124.4,8,1040.2141139415742,6.3,48.77115167070079,394.6529178740747,38
1124.5,8,1040.2141139415742,6.3,48.765629164151534,394.69228903670285,38
1124.6,8,1040.2141139415742,6.3,48.76219805376966,394.73252521321865,38
1124.7,8,1040.2141139415742,6.3,48.770023322114405,394.671030130509,38
1124.8,8,1040.2141139415742,6.3,48.77534606671327,394.630687805248,38
1124.9,8,1040.2141139415742,6.3,48.773242232992416,394.656047524292,38
1125.0,8,1040.2141139415742,5.6,48.77787658199273,394.6216646596255,38
1125.1,8,1040.2141139415742,5.6,48.78555894442138,394.56353366679605,38
1125.2,8,1040.2141139415742,5.6,48.79164491364095,394.5141586627844,38
1125.3,8,1040.2141139415742,5.6,48.79280046254543,394.5091721870755,38
1125.4,8,1040.2141139415742,5.6,48.806019221073775,394.40355314181085,38
1125.5,8,1040.2141139415742,5.6,48.802212473342294,394.4401884863163,38
1125.6,8,1040.2141139415742,5.6,48.807555832833344,394.3987401242073,38
1125.7,8,1040.1459970900055,5.6,48.79924143067454,394.4723816294801,38
1125.8,8,1040.1459970900055,6.3,48.78835227055513,394.5740553141618,38
1125.9,8,1040.1459970900055,6.3,48.7757066304664,394.6917582871564,38
1126.0,8,1040.1459970900055,6.3,48.787022124445215,394.59461891922456,38
1126.1,8,1040.1459970900055,6.3,48.7774066877363,394.67546191522035,38
1126.2,8,1040.1459970900055,6.3,48.773248514654725,394.7136960878945,38
1126.3,8,1040.1459970900055,6.3,48.77529942672531,394.7097436406259,38
1126.4,8,1040.1459970900055,6.3,48.77228299106824,394.7389688921353,38
1126.5,8,1040.1459970900055,6.3,48.77016608008285,394.75781817525103,38
1126.6,8,1040.1459970900055,6.3,48.78031037581571,394.69456032489796,38
1126.7,8,1040.1459970900055,6.3,48.77589282075533,394.7308191324636,38
1126.8,8,1040.1459970900055,6.3,48.78940705900677,394.6290674280176,38
1126.9,8,1040.1459970900055,6.3,48.79072054155618,394.6188086544013,38
1127.0,8,1040.1459970900055,6.3,48.78266357105695,394.6979027527588,38
1127.1,8,1040.1459970900055,6.3,48.78357169236175,394.6989602960196,38
1127.2,8,1040.1459970900055,6.3,48.79076820156054,394.6485443644684,38
1127.3,8,1040.1459970900055,6.3,48.7906480800643,394.65238846759746,38
1127.4,8,1040.1459970900055,6.3,48.80527640653187,394.54069390578707,38
1127.5,8,1040.1459970900055,6.3,48.80908774483801,394.51669602343657,38
1127.6,8,1040.1459970900055,6.3,48.81696970565149,394.44787554212667,38
1127.7,8,1040.1459970900055,6.3,48.81744929059678,394.4523039421898,38
1127.8,8,1040.1459970900055,6.3,48.81561215845692,394.4629805704883,38
1127.9,8,1040.1459970900055,6.3,48.814516516826714,394.4754735353621,38
1128.0,8,1040.1459970900055,6.3,48.82149574206457,394.41528576329233,38
1128.1,8,1040.1459970900055,6.3,48.8114087101633,394.5013765022842,38
1128.2,8,1040.1459970900055,5.6,48.80706215069482,394.54660178975644,38
1128.3,8,1040.1459970900055,5.6,48.815471835238725,394.4883115369286,38
1128.4,8,1040.1459970900055,5.6,48.81884407843954,394.46354921519264,38
1128.5,8,1040.1459970900055,5.6,48.81274675888393,394.523723005001,38
1128.6,8,1040.1459970900055,5.6,48.796903414022694,394.65787091213167,38
1128.7,8,1040.1459970900055,5.6,48.78315844728568,394.7804886443271,38
1128.8,8,1040.1459970900055,5.6,48.78246187562159,394.7812489382171,38
1128.9,8,1040.1459970900055,5.6,48.77789854025055,394.8235556037231,38
1129.0,8,1040.1459970900055,5.6,48.77707361710276,394.8277206665481,38
1129.1,8,1040.1459970900055,5.6,48.76651884274689,394.929051503329,38
1129.2,8,1040.1459970900055,5.6,48.79720650904467,394.6640215148509,38
1129.3,8,1040.1459970900055,5.6,48.79803273428351,394.6614180168455,38
1129.4,8,1040.1459970900055,5.6,48.81253136695574,394.5688096586937,38
1129.5,8,1040.1459970900055,5.6,48.806488337948366,394.6204534017197,38
1129.6,8,1040.1459970900055,4.8999999999999995,48.80195577842426,394.673870210378,38
1129.7,8,1040.1459970900055,4.8999999999999995,48.795217775264504,394.74206843676745,38
1129.8,8,1040.1459970900055,4.8999999999999995,48.79577621554155,394.73534900557877,38
1129.9,8,1040.1459970900055,4.8999999999999995,48.793763112834824,394.7536950307235,38
1130.0,8,1040.1459970900055,4.8999999999999995,48.78366561261395,394.84016446440796,38
1130.1,8,1040.1459970900055,4.8999999999999995,48.78557314128783,394.8255922463078,38
1130.2,8,1040.1459970900055,4.8999999999999995,48.78880225741514,394.7948051997689,38
1130.3,10,1040.1459970900055,4.8999999999999995,48.7859289161029,394.8272997240002,38
1130.4,10,1040.1459970900055,2.4000000000000004,48.78764158379086,394.8239900029763,38
1130.5,8,1040.1459970900055,2.4000000000000004,48.78530885670351,394.85388873669353,38
1130.6,10,1040.1459970900055,4.199999999999999,48.779087720730985,394.9116569223454,38
1130.7,10,1040.1459970900055,3.2,48.787261820430615,394.8410283144532,38
1130.8,10,1040.1459970900055,3.2,48.791326398213215,394.806369460187,38
1130.9,10,1040.1459970900055,3.2,48.838945177436756,394.45484770271116,38
1131.0,10,1040.1459970900055,3.2,48.83450514451742,394.4909888425629,38
1131.1,10,1040.1459970900055,3.2,48.83150672457299,394.51652428568593,38
1131.2,10,1040.1459970900055,3.2,48.83271361779474,394.5097224058144,38
1131.3,10,1040.1459970900055,3.2,48.82557846892437,394.564321742611,38
1131.4,10,1040.1459970900055,3.2,48.83938915264817,394.45654285916817,38
1131.5,10,1040.1459970900055,3.2,48.837609481238005,394.46945354233065,38
1131.6,10,1040.1459970900055,3.2,48.82748183872305,394.547424029197,38
1131.7,10,1040.1459970900055,3.2,48.819022912706075,394.62058283011226,38
1131.8,7,1041.1121433126814,3.2,48.82442653586358,394.57122315478443,38
1131.9,10,1041.1121433126814,6.3,48.82023007876046,394.6139633728491,38
1132.0,10,1041.1121433126814,3.2,48.80974989234727,394.6947387430492,38
1132.1,10,1041.1121433126814,3.2,48.80342380069453,394.7465843317503,38
1132.2,6,1038.6704039341982,3.2,48.80582848492267,394.73585695570523,38
1132.3,6,1037.7791690419024,5.5,48.807204670993144,394.7270261258592,38
1132.4,6,1037.7791690419024,5.5,48.82741485068692,394.5612328125411,38
1132.5,6,1037.7791690419024,5.5,48.83649944093668,394.4803295480453,38
1132.6,6,1037.7791690419024,5.5,48.87381160570857,394.1427277577162,38
1132.7,6,1037.7791690419024,5.5,48.86591254588852,394.2125463468832,38
1132.8,6,1037.7791690419024,5.5,48.860057526180015,394.25644952370055,38
1132.9,6,1037.7791690419024,5.5,48.850139182115015,394.3283551777017,38
1133.0,6,1037.1390667048474,5.5,48.85022431974572,394.32883137594047,38
1133.1,6,1037.1390667048474,6.0,48.843321354508916,394.389655605906,38
1133.2,6,1037.1390667048474,6.0,48.83231862887021,394.4724940695578,38
1133.3,6,1037.1390667048474,6.0,48.81876135027194,394.5901554577888,38
1133.4,6,1037.1390667048474,6.0,48.80326849144954,394.7147854039288,38
1133.5,6,1037.1390667048474,6.0,48.78780421218142,394.8560473566306,38
1133.6,6,1037.1390667048474,6.0,48.778304753593176,394.93349668002406,38
1133.7,6,1037.1390667048474,6.0,48.67885787289573,395.6625567459326,38
1133.8,6,1037.1390667048474,6.0,48.65378974462506,395.89748954564925,38
1133.9,6,1037.1390667048474,6.0,48.65051475200447,395.92563692459606,38
1134.0,6,1037.1390667048474,6.0,48.62124136288686,396.18370533785674,38
1134.1,6,1037.1390667048474,6.0,48.58747613317307,396.4589714246496,38
1134.2,6,1037.1390667048474,6.0,48.55999414027097,396.70899000196437,38
1134.3,6,1037.1390667048474,6.0,48.53077204275232,396.96919182529535,38
1134.4,6,1037.1390667048474,6.0,48.50561409661731,397.1955565689027,38
1134.5,10,1037.1390667048474,6.0,48.487344775279794,397.35369329189587,38
1134.6,10,1037.1390667048474,4.800000000000001,48.4570644580233,397.6269327862742,38
1134.7,10,1037.1390667048474,4.800000000000001,48.4303583295893,397.8531347678019,38
1134.8,10,1037.1390667048474,4.800000000000001,48.39247101490475,398.18992669815793,38
1134.9,10,1037.1390667048474,4.800000000000001,48.26285177632876,399.1848722007022,38
1135.0,10,1037.1390667048474,4.800000000000001,48.232729555825784,399.47131387870155,38
1135.1,7,1037.8362236831797,4.800000000000001,48.214730112755475,399.64899154793676,38
1135.2,7,1038.179229607582,6.3,48.18791460005545,399.8957956979308,38
1135.3,7,1038.135091666815,6.3,48.16273746664768,400.1338747746892,38
1135.4,7,1038.135091666815,6.3,48.14127200775074,400.33437863611186,38
1135.5,7,1038.135091666815,6.3,48.21241088643545,399.84809834448254,38
1135.6,7,1038.135091666815,6.3,48.19767479765716,399.99809285801985,38
1135.7,6,1038.135091666815,6.3,48.15693368700268,400.36910715096593,38
1135.8,6,1038.135091666815,5.5,48.12405966269705,400.6724218822489,38
1135.9,6,1038.135091666815,5.5,48.17078331179244,400.06145638052726,38
1136.0,6,1038.135091666815,5.5,48.1481506395803,400.2758478869288,38
1136.1,6,1038.135091666815,5.5,48.12918197824115,400.4551459314972,38
1136.2,6,1038.135091666815,5.5,48.16224842326879,399.91318120141693,38
1136.3,6,1038.135091666815,5.5,48.167208435863785,399.89605561308554,38
1136.4,6,1038.135091666815,5.5,48.17301941584493,399.8550274142184,38
1136.5,6,1038.135091666815,5.5,48.15517304626222,400.0281429989084,38
1136.6,6,1037.5008316328328,5.5,48.15186003599172,400.07531619473195,38
1136.7,6,1037.5008316328328,6.0,48.132152497548134,400.2687606423286,38
1136.8,10,1037.5008316328328,6.0,48.11412812772657,400.4497837219842,38
1136.9,10,1037.5008316328328,4.800000000000001,48.091279795486585,400.66769969579184,38
1137.0,6,1037.5008316328328,4.800000000000001,48.07966808996366,400.7940601732091,38
1137.1,6,1037.5008316328328,6.0,48.06776230301136,400.9125252266183,38
1137.2,6,1037.5008316328328,6.0,48.05352396340006,401.05263738055396,38
1137.3,10,1037.5008316328328,6.0,48.03980603525713,401.1992932018799,38
1137.4,10,1037.5008316328328,4.800000000000001,47.91195781121769,402.42489155807755,38
1137.5,10,1037.5008316328328,4.800000000000001,47.886086285725135,402.65743104302146,38
1137.6,10,1037.5008316328328,4.800000000000001,47.861100744529324,402.8785108057875,38
1137.7,10,1037.5008316328328,4.800000000000001,47.85177160100895,402.9620166869786,38
1137.8,10,1037.5008316328328,4.800000000000001,47.835892808882235,403.09887437367775,38
1137.9,10,1037.5008316328328,4.800000000000001,47.64630465795348,404.53625024589087,38
1138.0,10,1037.5008316328328,4.800000000000001,47.61712562370284,404.7894517500983,38
1138.1,10,1037.5008316328328,4.800000000000001,47.60238265664951,404.9086832939852,38
1138.2,10,1037.5008316328328,4.800000000000001,47.461039204428886,406.26421411710237,38
1138.3,10,1037.5008316328328,4.800000000000001,47.43754839939436,406.4662157140841,38
1138.4,10,1037.5008316328328,4.800000000000001,47.41285108743982,406.70068483149817,38
1138.5,10,1037.5008316328328,4.800000000000001,47.39353958326008,406.872416471189,38
1138.6,10,1037.5008316328328,4.800000000000001,47.37207594902513,407.0529486060444,38
1138.7,6,1037.5008316328328,4.800000000000001,47.343774705407256,407.31062305988405,38
1138.8,6,1037.5008316328328,6.0,47.325676552598026,407.4732194848045,38
1138.9,6,1037.5008316328328,6.0,47.09730155738171,409.2473590898396,38
1139.0,10,1037.5008316328328,6.0,47.06704872610632,409.50917956183315,38
1139.1,10,1037.5008316328328,4.800000000000001,47.05121193658742,409.6526107406771,38
1139.2,10,1037.5008316328328,4.800000000000001,47.03514133495395,409.7956184999524,38
1139.3,10,1037.5008316328328,4.800000000000001,47.005439793407064,410.0594437106804,38
1139.4,10,1037.5008316328328,4.800000000000001,46.99004451509599,410.1741249801252,38
1139.5,10,1037.5008316328328,4.800000000000001,46.972900720368415,410.31827830048024,38
1139.6,10,1037.5008316328328,4.800000000000001,46.996727341265284,410.05322865742346,38
1139.7,10,1037.5008316328328,4.800000000000001,47.02909645571991,409.4548447477554,38
1139.8,10,1037.5008316328328,4.800000000000001,47.19966176004621,408.1389986676503,38
1139.9,10,1037.5008316328328,4.800000000000001,47.17443338083035,408.3565812968536,38
1140.0,10,1037.5008316328328,4.800000000000001,47.15808153313286,408.482356129269,38
1140.1,10,1037.5008316328328,4.0,47.13514144739226,408.67971536554705,38
1140.2,10,1037.5008316328328,4.0,47.12434952552081,408.760805167427,38
1140.3,10,1037.5008316328328,4.0,47.10095817823267,408.95094591211705,38
1140.4,10,1037.5008316328328,4.0,47.07024929411912,409.2179375545119,38
1140.5,10,1037.5008316328328,4.0,47.00781874570639,409.9713781951079,38
1140.6,10,1037.5008316328328,4.0,46.9888273763017,410.1359941562895,38
1140.7,10,1037.5008316328328,4.0,46.98190111872272,410.1997795294227,38
1140.8,10,1037.5008316328328,4.0,46.95903306630515,410.4001440154643,38
1140.9,10,1037.5008316328328,4.0,46.93853779883602,410.5692388909976,38
1141.0,10,1037.5008316328328,4.0,46.92473982339767,410.6870657229205,38
1141.1,10,1037.5008316328328,4.0,46.91216396973381,410.80417603324645,38
1141.2,10,1037.5008316328328,4.0,46.89491226894397,410.9798049664315,38
1141.3,10,1037.5008316328328,4.0,46.89993970400165,410.93599700956685,38
1141.4,10,1037.5008316328328,4.0,46.89495822493167,410.98744953959624,38
1141.5,10,1037.5008316328328,4.0,46.888503196882425,411.03951270020207,38
1141.6,10,1037.5008316328328,4.0,46.881020016513865,411.11698101644185,38
1141.7,10,1037.5008316328328,4.0,46.71455701680097,412.4117873919224,38
1141.8,10,1037.5008316328328,3.2,46.718332015653246,412.39455501116004,38
1141.9,10,1037.5008316328328,3.2,46.68785137133676,412.5530561783057,38
1142.0,10,1037.5008316328328,2.4000000000000004,46.68576770995167,412.5834190026769,38
1142.1,10,1037.5008316328328,2.4000000000000004,46.6750867057263,412.690828731049,38
1142.2,10,1037.5008316328328,2.4000000000000004,46.66940781169724,412.75045683786004,38
1142.3,10,1037.5008316328328,2.4000000000000004,46.711551223781456,412.3501070214941,38
1142.4,10,1037.5008316328328,2.4000000000000004,46.70463081233751,412.424063833113,38
1142.5,10,1037.5008316328328,2.4000000000000004,46.714461141997454,412.35576180586463,38
1142.6,10,1037.5008316328328,2.4000000000000004,46.71390140952704,412.36662152286533,38
1142.7,10,1037.5008316328328,2.4000000000000004,46.73216968848298,412.2189503375455,38
1142.8,10,1037.5008316328328,1.6,46.741270875035156,412.1581571016519,38
1142.9,6,1036.9169742990953,1.6,46.761468497874986,411.98699650485435,38
1143.0,6,1036.9169742990953,6.5,46.792078556284345,411.7217119242181,38
1143.1,6,1036.9169742990953,6.5,46.85946651854691,411.19563242279764,38
1143.2,6,1036.9169742990953,6.5,46.87154541577897,411.0928902010295,38
1143.3,6,1036.9169742990953,6.5,46.89531554405578,410.877477449219,38
1143.4,10,1036.9169742990953,6.5,46.91196993507559,410.72515464865114,38
1143.5,10,1036.9169742990953,1.6,46.94603871554076,410.42367567627025,38
1143.6,10,1036.9169742990953,1.6,46.77856510104424,411.7057288223763,38
1143.7,10,1036.9169742990953,1.6,46.79692060918573,411.5356125772653,38
1143.8,10,1036.9169742990953,1.6,46.82132961114088,411.3244190623567,38
1143.9,10,1036.9169742990953,1.6,46.861965361313054,410.96169432649253,38
1144.0,10,1036.9169742990953,1.6,46.89067980393993,410.68648522069293,38
1144.1,10,1036.9169742990953,1.6,46.91477864515858,410.4585783069515,38
1144.2,10,1036.9169742990953,1.6,46.93039000147417,410.32032181665886,38
1144.3,10,1036.9169742990953,1.6,46.95307072866322,410.12646490166725,38
1144.4,10,1036.9169742990953,1.6,46.76116561788348,412.04237182455233,38
1144.5,10,1036.9169742990953,1.6,46.78475662681328,411.83446205542407,38
1144.6,10,1036.9169742990953,1.6,46.819650159339275,411.51042716355346,38
1144.7,10,1036.9169742990953,1.6,46.85490716542595,411.182096662092,38
1144.8,10,1036.9169742990953,1.6,46.883566594235745,410.9304191520299,38
1144.9,10,1036.9169742990953,1.6,46.90470613658846,410.72073301043963,38
1145.0,10,1036.9169742990953,2.4000000000000004,46.92556861893516,410.52906548933265,38
1145.1,10,1036.9169742990953,2.4000000000000004,46.95784211915567,410.2280216530818,38
1145.2,10,1036.9169742990953,2.4000000000000004,46.98443375162266,409.9868555942619,38
1145.3,10,1036.9169742990953,2.4000000000000004,47.02048567642136,409.66632115076845,38
1145.4,10,1036.9169742990953,2.4000000000000004,47.04559936520341,409.42073623718517,38
1145.5,10,1036.9169742990953,2.4000000000000004,47.08111964272062,409.09364620254473,38
1145.6,10,1036.9169742990953,2.4000000000000004,47.113232749805974,408.7988096607578,38
1145.7,6,1036.3164185519122,2.4000000000000004,47.25216309688777,407.60087429479927,38
1145.8,6,1036.3164185519122,7.0,47.28846746981879,407.287218741198,38
1145.9,10,1036.3164185519122,7.0,47.32197656415582,406.9972922801611,38
1146.0,10,1036.3164185519122,2.4000000000000004,47.35490321161207,406.7166755120768,38
1146.1,10,1036.3164185519122,2.4000000000000004,47.379420523026724,406.5094408072638,38
1146.2,6,1036.3164185519122,2.4000000000000004,47.177523857405816,408.0449921623118,38
1146.3,6,1036.3164185519122,7.0,47.221954521154345,407.6447987957889,38
1146.4,6,1036.3164185519122,7.0,47.24542998246285,407.449393914181,38
1146.5,6,1036.3164185519122,6.5,47.27328249836627,407.1973371304437,38
1146.6,6,1036.3164185519122,6.5,47.311846935476865,406.85558064116157,38
1146.7,6,1036.3164185519122,6.5,47.34964245917635,406.51718953137885,38
1146.8,6,1036.3164185519122,6.5,47.37470887005654,406.2943652187326,38
1146.9,6,1036.3164185519122,6.5,47.4099045960714,405.9865891006783,38
1147.0,6,1036.3164185519122,6.5,47.43626188433892,405.7604368108642,38
1147.1,6,1036.3164185519122,6.5,47.46300079658272,405.53650255252103,38
1147.2,6,1036.3164185519122,6.5,47.486623668083965,405.3319991614862,38
1147.3,6,1036.3164185519122,6.5,47.33500073945106,406.4822377912893,38
1147.4,6,1036.3164185519122,6.5,47.357255930253544,406.2947846156811,38
1147.5,6,1036.3164185519122,6.5,47.3930608982794,405.980705804432,38
1147.6,6,1036.3164185519122,6.5,47.42397787459505,405.7079426221886,38
1147.7,6,1035.6871190196005,6.5,47.45451346930558,405.4516031101049,38
1147.8,6,1035.6871190196005,7.0,47.485132565448325,405.19813358462886,38
1147.9,6,1035.6871190196005,7.0,47.50271996265984,405.04087077709784,38
1148.0,6,1035.6871190196005,6.5,47.53901666825399,404.7302866521567,38
1148.1,6,1035.6871190196005,6.5,47.43736673698448,405.5063542928183,38
1148.2,6,1035.6871190196005,6.5,47.45662719519889,405.35084525607,38
1148.3,6,1035.6871190196005,6.5,47.4849566310389,405.11309495156326,38
1148.4,6,1035.6871190196005,6.5,47.51283955896792,404.879850547165,38
1148.5,6,1035.6871190196005,6.5,47.52708074430762,404.76425500334426,38
1148.6,6,1035.6871190196005,6.5,47.53755379012681,404.68081004147683,38
1148.7,6,1035.6871190196005,6.5,47.4771539352205,405.26209569574286,38
1148.8,6,1035.6871190196005,6.5,47.50430985026648,405.03227121891393,38
1148.9,6,1035.6871190196005,6.5,47.29135136590645,406.69570399753104,38
1149.0,6,1035.6871190196005,6.5,47.356112667810436,406.1118057130559,38
1149.1,6,1035.6871190196005,6.5,47.371437533120606,405.9773076594222,38
1149.2,6,1035.6871190196005,6.5,47.39681288721883,405.7575710313587,38
1149.3,6,1035.6871190196005,6.5,47.41333468876684,405.61991903089233,38
1149.4,6,1035.6871190196005,6.5,47.42103061826428,405.5622444998861,38
1149.5,6,1035.6871190196005,6.5,47.432373857161565,405.4636111096943,38
1149.6,6,1035.6871190196005,6.5,47.45831379118239,405.2390813132016,38
1149.7,6,1035.6871190196005,6.5,47.43974418388899,405.51804328683147,38
1149.8,6,1035.6871190196005,6.0,47.46302668403456,405.31814928707524,38
1149.9,6,1035.6871190196005,6.0,47.47707911380152,405.20009888226167,38
1150.0,6,1035.6871190196005,6.0,47.50210549614653,404.98394732328575,38
1150.1,6,1035.6871190196005,6.0,47.51598347004746,404.8593114830746,38
1150.2,6,1035.6871190196005,6.0,47.53308415014823,404.7094304344731,38
1150.3,6,1035.6871190196005,6.0,47.56282611864749,404.4654940077037,38
1150.4,6,1035.6871190196005,6.0,47.57405609667776,404.3747442128909,38
1150.5,6,1035.6871190196005,6.0,47.60200538320284,404.1376334117907,38
1150.6,6,1035.6871190196005,6.0,47.61962580556514,403.98702912287104,38
1150.7,6,1035.6871190196005,6.0,47.63881859111475,403.82774202534887,38
1150.8,6,1035.6871190196005,6.0,47.73292385196022,403.0870329365541,38
1150.9,6,1035.6871190196005,6.0,47.7514549051746,402.922206607225,38
1151.0,6,1035.6871190196005,6.0,47.77251459705498,402.7355376762258,38
1151.1,6,1035.6871190196005,6.0,47.78732823302856,402.6126247439111,38
1151.2,6,1035.6871190196005,6.0,47.807270628256575,402.4431701245662,38
1151.3,6,1035.6871190196005,6.0,47.82625424981903,402.2761710156028,38
1151.4,6,1035.6871190196005,6.0,47.62117652057592,403.85634391616793,38
1151.5,6,1035.6871190196005,6.0,47.64039193790617,403.6902666217409,38
1151.6,6,1035.6871190196005,6.0,47.66189225643936,403.2315125752615,38
1151.7,6,1035.6871190196005,6.0,47.546498569192664,404.28591004805526,38
1151.8,6,1035.6871190196005,6.0,47.55259695029697,404.23623418136026,38
1151.9,6,1035.6871190196005,6.0,47.57324058223959,404.05406422397,38
1152.0,6,1035.6871190196005,6.0,47.62430562727074,403.598496615303,38
1152.1,6,1035.6871190196005,6.0,47.643532225112125,403.4287657923205,38
1152.2,6,1035.6871190196005,6.0,47.659113953969424,403.2920109400899,38
1152.3,6,1035.6871190196005,6.0,47.667743043574845,403.22608944371405,38
1152.4,6,1035.6871190196005,6.0,47.69458410604967,402.99523154287544,38
1152.5,6,1035.6871190196005,6.0,47.70264868910489,402.93103296052357,38
1152.6,6,1035.6871190196005,6.0,47.570806639104816,404.13726842188197,38
1152.7,6,1035.6871190196005,6.0,47.584261061338275,404.0301780186751,38
1152.8,6,1035.6871190196005,6.0,47.60627515624921,403.8483560705464,38
1152.9,6,1035.6871190196005,6.0,47.62465371911108,403.69843615027946,38
1153.0,6,1035.6871190196005,6.0,47.63637347229924,403.6028279547543,38
1153.1,6,1035.6871190196005,6.0,47.473861566807,404.8885885039491,38
1153.2,6,1035.6871190196005,6.0,47.491916282584114,404.7315884612251,38
1153.3,8,1035.6871190196005,5.5,47.57808010390376,404.03972114088685,38
1153.4,8,1035.6871190196005,4.8999999999999995,47.59080079921321,403.9381595964643,38
1153.5,8,1035.6871190196005,4.8999999999999995,47.61259765381375,403.7540817090629,38
1153.6,8,1035.6871190196005,4.8999999999999995,47.6238743479811,403.6718599228525,38
1153.7,6,1035.6871190196005,4.8999999999999995,47.639180805847275,403.54343804749203,38
1153.8,6,1035.6871190196005,5.5,47.590821529137166,404.1311762850195,38
1153.9,6,1035.059632172894,5.5,47.62106993454498,403.8774026610149,38
1154.0,6,1035.059632172894,6.0,47.63694257532575,403.7540483734585,38
1154.1,8,1035.059632172894,6.0,47.63871382314723,403.75627683078096,38
1154.2,8,1035.059632172894,4.8999999999999995,47.65798294608989,403.5949226153114,38
1154.3,8,1035.059632172894,4.8999999999999995,47.67570145955142,403.4499737548776,38
1154.4,8,1035.059632172894,4.8999999999999995,47.51288788186535,404.9794703193375,38
1154.5,8,1035.059632172894,4.8999999999999995,47.53314139874106,404.8118741890954,38
1154.6,8,1035.059632172894,4.8999999999999995,47.550699133384526,404.67362581304667,38
1154.7,8,1035.059632172894,4.8999999999999995,47.56964384446315,404.5228456012795,38
1154.8,8,1035.059632172894,4.8999999999999995,47.59256631342597,404.33332318430877,38
1154.9,8,1035.059632172894,4.8999999999999995,47.59958888667895,404.2995463451487,38
1155.0,8,1035.059632172894,4.8999999999999995,47.62418445393547,404.09336034628114,38
1155.1,8,1035.059632172894,4.8999999999999995,47.64233597770904,403.9552708687844,38
1155.2,8,1035.059632172894,4.8999999999999995,47.50328654268996,405.0152371959156,38
1155.3,8,1035.059632172894,4.8999999999999995,47.52715170151828,404.8220349550075,38
1155.4,8,1035.059632172894,4.8999999999999995,47.53922261159612,404.7186352269825,38
1155.5,6,1035.059632172894,4.8999999999999995,47.55608194042933,404.5819607380971,38
1155.6,8,1035.059632172894,6.0,47.56864862905611,404.49457840723204,38
1155.7,8,1035.059632172894,4.8999999999999995,47.59455519742281,404.28692101755354,38
1155.8,8,1035.059632172894,4.8999999999999995,47.616994877876465,404.1014286299485,38
1155.9,8,1035.059632172894,5.6,47.70028139380625,403.450649975113,38
1156.0,8,1035.059632172894,5.6,47.72728959217257,403.2272807610391,38
1156.1,8,1035.059632172894,5.6,47.74436790528331,403.0901233646226,38
1156.2,8,1035.059632172894,5.6,47.763717299724775,402.940675447055,38
1156.3,8,1035.059632172894,5.6,47.782514944935905,402.78138982984956,38
1156.4,8,1035.059632172894,5.6,47.81071955198992,402.5438104416353,38
1156.5,8,1035.059632172894,5.6,47.828382423723035,402.40468785747044,38
1156.6,8,1035.059632172894,5.6,47.96150275135143,401.2142173846891,38
1156.7,8,1035.059632172894,5.6,47.9857550743838,401.0122050620223,38
1156.8,8,1035.059632172894,5.6,48.005608519268065,400.8514343132227,38
1156.9,8,1035.059632172894,6.3,48.01978112673102,400.7406405249463,38
1157.0,8,1035.059632172894,6.3,48.02777309599619,400.6926655887089,38
1157.1,8,1035.059632172894,6.3,48.0491177717245,400.5210165742423,38
1157.2,8,1035.059632172894,6.3,47.78280209546606,403.0349999839891,38
1157.3,8,1035.059632172894,6.3,47.81016883824877,402.80937998424736,38
1157.4,8,1035.059632172894,6.3,47.886438028685,401.9212318268404,38
1157.5,8,1035.059632172894,6.3,47.90114143273064,401.8216220024549,38
1157.6,8,1035.059632172894,6.3,47.92564489683401,401.6145699642846,38
1157.7,8,1035.059632172894,6.3,47.95825156684903,401.3482325997553,38
1157.8,8,1035.059632172894,6.3,47.990684883486736,401.0841787811831,38
1157.9,8,1035.059632172894,6.3,48.00647923991771,400.97232185208895,38
1158.0,8,1035.059632172894,6.3,48.023626701100355,400.83440587019595,38
1158.1,8,1035.059632172894,6.3,48.04322255627719,400.68590976544397,38
1158.2,8,1035.059632172894,6.3,48.06944077022297,400.4789756358416,38
1158.3,8,1035.059632172894,5.6,48.0942873572624,400.2977991806943,38
1158.4,8,1035.059632172894,5.6,48.131263408104125,399.9937694997637,38
1158.5,8,1035.059632172894,5.6,48.14855629310233,399.86574940582403,38
1158.6,8,1035.059632172894,5.6,48.18119412101501,399.5984160468616,38
1158.7,8,1035.059632172894,5.6,48.21795307974983,399.29933938292254,38
1158.8,8,1035.059632172894,6.3,48.229008494589515,399.21660221318433,38
1158.9,8,1035.059632172894,6.3,48.147973679011,399.8054940768102,38
1159.0,8,1035.059632172894,6.3,48.176699669520275,399.57785247566244,38
1159.1,8,1035.059632172894,6.3,48.19271549133279,399.4631308950972,38
1159.2,8,1035.059632172894,6.3,48.22972020546632,399.1710247821284,38
1159.3,8,1035.059632172894,6.3,48.35870174595934,398.04534533784295,38
1159.4,8,1035.059632172894,6.3,48.39185996701791,397.79463201165726,38
1159.5,8,1035.059632172894,6.3,48.41659671096355,397.60426495991214,38
1159.6,8,1035.059632172894,6.3,48.46108822686485,397.24604010722487,38
1159.7,8,1035.059632172894,6.3,48.49362480320853,396.9898045062523,38
1159.8,8,1035.059632172894,6.3,48.372952781436354,397.87415149669664,38
1159.9,8,1035.059632172894,6.3,48.40723562329705,397.60487538234327,38
1160.0,8,1035.059632172894,6.3,48.43629572780612,397.37675210288126,38
1160.1,8,1035.059632172894,6.3,48.474635441754586,397.0754661308707,38
1160.2,8,1035.059632172894,7.0,48.51593827721189,396.74282727181094,38
1160.3,8,1035.059632172894,7.0,48.55089077229961,396.4811178463506,38
1160.4,8,1035.059632172894,7.0,48.58679345972291,396.19852902098023,38
1160.5,8,1035.059632172894,7.0,48.61638256201111,395.9709468549363,38
1160.6,8,1035.059632172894,7.0,48.655949094230365,395.651402669248,38
1160.7,8,1035.059632172894,6.3,48.68306798299396,395.4425145854933,38
1160.8,8,1035.059632172894,6.3,48.716097673306024,395.19354019019465,38
1160.9,8,1035.059632172894,6.3,48.73646881769642,395.03219916372143,38
1161.0,8,1035.059632172894,6.3,48.78447173385766,394.6438890573328,38
1161.1,8,1035.059632172894,6.3,48.796928977255426,394.56900139944713,38
1161.2,8,1035.059632172894,6.3,48.672166918905326,395.45991089949484,38
1161.3,8,1035.059632172894,6.3,48.69711713495894,395.27287116048,38
1161.4,8,1035.059632172894,6.3,48.77013664677026,394.4757689321623,38
1161.5,8,1035.059632172894,6.3,48.797275780234656,394.27231214025323,38
1161.6,8,1035.059632172894,7.0,48.84238019936983,393.91630614630344,38
1161.7,8,1035.059632172894,7.0,48.86675601058829,393.74179581832254,38
1161.8,8,1035.059632172894,6.3,48.981764449916085,392.7749427892805,38
1161.9,8,1035.059632172894,6.3,49.020881510705074,392.4617734997521,38
1162.0,8,1035.059632172894,6.3,49.0516905151529,392.2331547065852,38
1162.1,8,1035.059632172894,6.3,48.92263199601061,393.15250412702665,38
1162.2,8,1035.059632172894,6.3,48.95085126446945,392.9399975361624,38
1162.3,8,1035.059632172894,6.3,48.830868134717115,394.0418789429525,38
1162.4,8,1035.059632172894,6.3,48.87551108434141,393.69626462096363,38
1162.5,8,1035.059632172894,6.3,48.91043369932085,393.4314277600718,38
1162.6,8,1035.059632172894,6.3,48.955419607305195,393.0779091603879,38
1162.7,8,1035.059632172894,6.3,48.99930921406888,392.7366663756357,38
1162.8,8,1035.059632172894,6.3,49.03346935680776,392.47640040192687,38
1162.9,8,1035.059632172894,6.3,49.07667307607646,392.1428329296671,38
1163.0,8,1035.059632172894,6.3,49.11845371531081,391.8159519216291,38
1163.1,8,1035.059632172894,6.3,49.16714105833965,391.4509214163736,38
1163.2,8,1035.059632172894,6.3,49.213612741987376,391.09399873805364,38
1163.3,8,1035.059632172894,6.3,49.3912763392958,389.7904908687224,38
1163.4,8,1035.059632172894,6.3,49.23754150007194,391.19776946441,38
1163.5,8,1035.059632172894,6.3,49.28718121045685,390.8210860906886,38
1163.6,8,1035.059632172894,6.3,49.32868952880163,390.50843438732863,38
1163.7,8,1035.059632172894,6.3,49.37101321810038,390.18929863899825,38
1163.8,8,1035.059632172894,6.3,49.41808792467437,389.8253289277606,38
1163.9,8,1035.059632172894,6.3,49.46442347969766,389.4729402174594,38
1164.0,8,1035.059632172894,6.3,49.50681465896973,389.1635274183426,38
1164.1,8,1035.059632172894,6.3,49.55788249870057,388.7701515755882,38
1164.2,8,1035.059632172894,6.3,49.60583831687029,388.40118262398977,38
1164.3,8,1035.059632172894,6.3,49.70074406749448,387.6335777337345,38
1164.4,8,1035.059632172894,6.3,49.749892702548976,387.2653814508425,38
1164.5,8,1035.059632172894,6.3,49.80250251237107,386.8553881357944,38
1164.6,8,1035.059632172894,6.3,49.836632622640124,386.60622842934595,38
1164.7,8,1035.059632172894,7.0,49.8376264193297,386.83990063754004,38
1164.8,8,1035.059632172894,7.0,49.8876338358262,386.4575333457927,38
1164.9,8,1035.059632172894,7.0,49.927216944386615,386.1700654828935,38
1165.0,8,1035.059632172894,7.0,49.980873094127965,385.75770336228345,38
1165.1,8,1035.059632172894,7.0,50.02464049684413,385.43193725789894,38
1165.2,8,1035.059632172894,7.0,50.06469854617774,385.1371608444639,38
1165.3,8,1035.059632172894,7.0,50.11623807899674,384.7412913263586,38
1165.4,8,1035.059632172894,7.0,50.28646226424684,383.556573843872,38
1165.5,8,1035.059632172894,7.0,50.32017053101213,383.31533553144834,38
1165.6,8,1035.059632172894,7.0,50.368496848897706,382.95726353661746,38
1165.7,8,1035.059632172894,7.0,50.42002312326915,382.56287300982234,38
1165.8,8,1035.059632172894,7.0,50.45025977486668,382.3436603239498,38
1165.9,8,1035.059632172894,7.0,50.444528575790955,382.50372950569147,38
1166.0,8,1035.059632172894,6.3,50.49007283740664,382.1584455274167,38
1166.1,8,1035.059632172894,7.0,50.529479835640856,381.8787709077785,38
1166.2,8,1035.059632172894,7.0,50.568086786721004,381.58450057827463,38
1166.3,8,1035.059632172894,7.0,50.60836590032667,381.28351815387737,38
1166.4,8,1035.059632172894,7.0,50.6502409417833,380.9693792942951,38
1166.5,8,1035.059632172894,7.0,50.69603692738731,380.62044627768057,38
1166.6,8,1035.059632172894,7.0,50.73285296295259,380.35001534803484,38
1166.7,8,1035.059632172894,7.0,50.768232881654036,380.10031251144216,38
1166.8,8,1035.059632172894,7.0,50.81773076943085,379.7214385751481,38
1166.9,8,1035.059632172894,6.3,50.69798090552211,380.50087333078653,38
1167.0,8,1035.059632172894,6.3,50.749221821374995,380.12110810075205,38
1167.1,8,1035.059632172894,6.3,50.795116167627555,379.7946493562042,38
1167.2,8,1035.059632172894,6.3,50.83558212162522,379.51321527584787,38
1167.3,8,1035.059632172894,7.0,50.88301797279158,379.1712473126197,38
1167.4,8,1035.059632172894,7.0,50.9323090852227,378.80995308204604,38
1167.5,8,1035.059632172894,7.0,51.02178846965745,378.10501201213367,38
1167.6,8,1035.059632172894,7.0,51.17035920204121,377.09958289974554,38
1167.7,8,1035.059632172894,7.0,51.217314472167914,376.76505665264654,38
1167.8,8,1035.059632172894,7.0,51.25756560894915,376.4896453770268,38
1167.9,8,1035.059632172894,7.0,51.06220211742713,378.21715253035177,38
1168.0,8,1035.059632172894,7.0,50.94121869085191,378.9497754951108,38
1168.1,8,1035.059632172894,7.0,50.97302581767035,378.7360667286172,38
1168.2,8,1035.059632172894,7.0,51.024428179446446,378.36102318518294,38
1168.3,8,1035.059632172894,7.0,51.05788367356716,378.1207085239778,38
1168.4,8,1035.059632172894,6.3,51.09380886622125,377.8519211872423,38
1168.5,8,1035.059632172894,6.3,51.14712409229422,377.4673983722722,38
1168.6,8,1035.059632172894,6.3,51.18330691302707,377.2084610571953,38
1168.7,8,1035.059632172894,6.3,51.22469993714702,376.919374204899,38
1168.8,8,1035.059632172894,6.3,51.09639031920607,377.6765497022916,38
1168.9,8,1035.059632172894,6.3,51.15407444466971,377.29694346575013,38
1169.0,8,1035.059632172894,6.3,51.19379200483369,376.9935660515723,38
1169.1,8,1035.059632172894,6.3,51.245116450734045,376.62275979493785,38
1169.2,8,1035.059632172894,6.3,51.272455846201396,376.42602385055784,38
1169.3,8,1035.059632172894,6.3,51.32773947141092,376.0209968050202,38
1169.4,8,1035.059632172894,6.3,51.36621838390076,375.73673451046204,38
1169.5,8,1035.059632172894,7.0,51.388513333228744,375.5833887449594,38
1169.6,8,1035.059632172894,7.0,51.244274831743475,376.4377216537232,38
1169.7,8,1035.059632172894,7.0,51.26750854681222,376.2788555907496,38
1169.8,8,1035.059632172894,7.0,51.295818484027535,376.06648416263545,38
1169.9,8,1035.059632172894,7.0,51.335744507907435,375.7622650615459,38
1170.0,8,1035.059632172894,7.0,51.342640323644815,375.7120803555831,38
1170.1,8,1035.059632172894,7.0,51.38465219422008,375.4072368940276,38
1170.2,8,1035.059632172894,7.0,51.411471745657494,375.19789299581635,38
1170.3,8,1035.059632172894,7.0,51.42477415433672,375.1105256922817,38
1170.4,8,1035.059632172894,7.0,51.46330846401308,374.8222717339981,38
1170.5,8,1035.059632172894,7.0,51.51476881338483,374.4117031002668,38
1170.6,8,1035.059632172894,7.0,51.54688906085917,374.1813745244177,38
1170.7,8,1035.059632172894,7.0,51.58328092911886,373.8994513325631,38
1170.8,8,1035.059632172894,6.3,51.600922571229944,373.7704835995968,38
1170.9,8,1035.059632172894,6.3,51.62441256810111,373.60930035766705,38
1171.0,8,1035.059632172894,6.3,51.65556525641429,373.3798589006809,38
1171.1,8,1035.059632172894,6.3,51.685746024049806,373.15060281190904,38
1171.2,8,1035.059632172894,6.3,51.52364835151363,374.1910535675969,38
1171.3,8,1035.059632172894,6.3,51.560304807855374,373.9173952937866,38
1171.4,8,1035.059632172894,6.3,51.57770503558991,373.79099736060505,38
1171.5,8,1035.059632172894,6.3,51.60219946887226,373.60635471427486,38
1171.6,8,1035.059632172894,6.3,51.63646336458708,373.3473709524675,38
1171.7,8,1035.059632172894,6.3,51.68780303921477,372.98493199712516,38
1171.8,8,1035.059632172894,6.3,51.6927141051919,372.9602706830823,38
1171.9,8,1035.059632172894,6.3,51.721407814545245,372.74183147850937,38
1172.0,8,1035.059632172894,6.3,51.74669197451992,372.5563151173925,38
1172.1,8,1035.059632172894,6.3,51.77826476501303,372.31990728517053,38
1172.2,8,1035.059632172894,6.3,51.79833468534994,372.16837328189393,38
1172.3,8,1035.059632172894,6.3,51.811710265697016,372.06789634919295,38
1172.4,8,1035.059632172894,6.3,51.83732953679238,371.8850396337135,38
1172.5,8,1035.059632172894,7.0,51.86459268310675,371.6744171889744,38
1172.6,8,1035.059632172894,7.0,51.880606332461326,371.5558292066065,38
1172.7,8,1035.059632172894,7.0,51.90694649510006,371.3633060148617,38
1172.8,8,1035.059632172894,7.0,51.92420595252324,371.23895966236444,38
1172.9,8,1035.059632172894,7.0,51.76405614825856,372.2173240234591,38
1173.0,8,1035.059632172894,7.0,51.78329837024093,372.0786033850794,38
1173.1,8,1035.059632172894,7.0,51.8085901084565,371.88727251309683,38
1173.2,8,1035.059632172894,7.0,51.82750401976925,371.74539393981553,38
1173.3,8,1035.059632172894,7.0,51.85511996189433,371.53902330315304,38
1173.4,8,1035.059632172894,7.0,51.86338569931254,371.48417707205056,38
1173.5,8,1035.059632172894,7.0,51.88408739881215,371.33028264868227,38
1173.6,8,1035.059632172894,7.0,51.89550116372244,371.2483256060696,38
1173.7,8,1035.059632172894,7.0,51.90966482609519,371.15977309886733,38
1173.8,8,1035.059632172894,6.3,51.942436254730296,370.91279557731025,38
1173.9,8,1035.059632172894,6.3,51.9704944651803,370.7025896314658,38
1174.0,8,1035.059632172894,6.3,51.972105667259854,370.69427482288376,38
1174.1,8,1035.059632172894,6.3,51.98370569681167,370.6042802519215,38
1174.2,8,1035.059632172894,6.3,52.00233184964074,370.46329765086307,38
1174.3,8,1035.059632172894,6.3,52.04583631311543,370.1685669435385,38
1174.4,8,1035.059632172894,6.3,52.0536642031182,370.1066543461709,38
1174.5,8,1035.059632172894,6.3,52.067343603361174,370.01180603130763,38
1174.6,8,1035.059632172894,6.3,51.9714701313459,370.78162274139925,38
1174.7,8,1035.059632172894,6.3,51.98652182550228,370.67026261720207,38
1174.8,8,1035.059632172894,6.3,52.01298932369723,370.4679572251526,38
1174.9,8,1035.059632172894,6.3,52.02728371149474,370.36095957256816,38
1175.0,8,1035.059632172894,6.3,52.043082394267756,370.2347924780368,38
1175.1,8,1035.059632172894,6.3,52.064267773225524,370.0751169323913,38
1175.2,8,1035.059632172894,6.3,51.89497438873673,371.1311213651263,38
1175.3,8,1035.059632172894,6.3,51.92750335160674,370.8845085263892,38
1175.4,8,1035.059632172894,6.3,51.94290012199678,370.77652839400184,38
1175.5,10,1035.059632172894,5.6,51.96820676901724,370.57977546840584,38
1175.6,10,1035.059632172894,5.6000000000000005,51.99506064488907,370.37888874148956,38
1175.7,8,1035.059632172894,5.6000000000000005,52.01171073700785,370.2487796293375,38
1175.8,10,1035.059632172894,5.6,52.02849704571361,370.1252420408888,38
1175.9,10,1035.059632172894,5.6000000000000005,52.05891707168437,369.8960578797918,38
1176.0,10,1035.059632172894,5.6000000000000005,51.93656082364659,370.88389249875377,38
1176.1,10,1035.059632172894,5.6000000000000005,51.9584981265623,370.7188702536447,38
1176.2,10,1035.059632172894,5.6000000000000005,51.972540366334925,370.60664916095993,38
1176.3,8,1035.059632172894,4.800000000000001,51.987207927116074,370.50446059537944,38
1176.4,8,1035.059632172894,5.6,52.015300977184566,370.29629680846836,38
1176.5,8,1035.059632172894,5.6,52.09579926791295,369.48594085686756,38
1176.6,8,1035.059632172894,5.6,52.122599527698966,369.2840771376994,38
1176.7,8,1035.059632172894,5.6,52.14020378655947,369.1624648405292,38
1176.8,8,1035.059632172894,5.6,52.1587638499994,369.0283393369823,38
1176.9,8,1035.059632172894,5.6,52.19630523472772,368.7729413781103,38
1177.0,8,1035.059632172894,5.6,52.21494042524325,368.63341342870893,38
1177.1,8,1035.059632172894,5.6,52.09519938304899,369.58568979733604,38
1177.2,8,1035.059632172894,5.6,52.11258585662369,369.46230257813215,38
1177.3,10,1035.059632172894,4.8999999999999995,52.1278337491583,369.35192377187775,38
1177.4,10,1035.059632172894,5.6000000000000005,52.15190082842504,369.1695607680059,38
1177.5,10,1035.059632172894,5.6000000000000005,52.163762047437885,369.08558865467046,38
1177.6,10,1035.059632172894,5.6000000000000005,52.18744709554839,368.9081283303583,38
1177.7,10,1035.059632172894,5.6000000000000005,52.20051187677697,368.8135444596457,38
1177.8,10,1035.059632172894,5.6000000000000005,52.21575063867686,368.702597597116,38
1177.9,10,1035.059632172894,5.6000000000000005,52.22871936642899,368.6091477224398,38
1178.0,10,1035.059632172894,5.6000000000000005,52.249082325060236,368.46210047285336,38
1178.1,10,1035.059632172894,5.6000000000000005,52.26469661749171,368.34680582867315,38
1178.2,10,1035.059632172894,5.6000000000000005,52.28269209705789,368.21832951082314,38
1178.3,10,1035.059632172894,5.6000000000000005,52.30437885234703,368.06730763235214,38
1178.4,10,1035.059632172894,5.6000000000000005,52.32249814963969,367.93099359501304,38
1178.5,10,1035.059632172894,5.6000000000000005,52.224208181506704,368.7048136039273,38
1178.6,10,1035.059632172894,6.4,52.240981845192906,368.5757576099519,38
1178.7,10,1035.059632172894,6.4,52.269115143808946,368.3716954165085,38
1178.8,10,1035.059632172894,6.4,52.28980469122749,368.2232882408497,38
1178.9,10,1035.059632172894,5.6000000000000005,52.31337409139773,368.0509632015451,38
1179.0,10,1035.059632172894,5.6000000000000005,52.32638857721764,367.9546609814174,38
1179.1,10,1035.059632172894,5.6000000000000005,52.33886523719555,367.86390186913286,38
1179.2,10,1035.059632172894,5.6000000000000005,52.364528731514596,367.6819861222266,38
1179.3,10,1035.059632172894,5.6000000000000005,52.28197023162121,368.19415134316114,38
1179.4,10,1035.059632172894,5.6000000000000005,52.29695715746334,368.0829003613155,38
1179.5,10,1036.6308387254805,5.6000000000000005,52.318995519696,367.9245807090949,39
1179.6,10,1036.6308387254805,-100.0,52.33270762790376,367.8275322408326,39
1179.7,10,1036.6308387254805,6.4,52.353157162665845,367.6733065176329,39
1179.8,10,1036.6308387254805,6.4,52.386252405217725,367.45183300783316,39
1179.9,10,1036.6308387254805,5.6000000000000005,52.40557444854892,367.3098153949738,39
1180.0,10,1036.6308387254805,5.6000000000000005,52.416412747073224,367.2344543381497,39
1180.1,10,1036.6308387254805,5.6000000000000005,52.431816726479276,367.120741239019,39
1180.2,10,1036.6308387254805,5.6000000000000005,52.450574349675264,366.9845543536078,39
1180.3,10,1036.6308387254805,5.6000000000000005,52.46678239239701,366.87442993092543,39
1180.4,10,1036.6308387254805,5.6000000000000005,52.48786593659622,366.71377563773797,39
1180.5,10,1036.6308387254805,5.6000000000000005,52.50161483371329,366.6209961610108,39
1180.6,10,1036.6308387254805,5.6000000000000005,52.51966421774275,366.4926775245124,39
1180.7,10,1036.6308387254805,5.6000000000000005,52.5325253450271,366.4061382295604,39
1180.8,10,1036.6308387254805,5.6000000000000005,52.55104078571037,366.2750178425757,39
1180.9,10,1036.6308387254805,5.6000000000000005,52.56312742480881,366.1918167447908,39
1181.0,10,1036.6308387254805,5.6000000000000005,52.571611916665944,366.13509683282814,39
1181.1,10,1036.6308387254805,5.6000000000000005,52.59197552314578,365.9927231263257,39
1181.2,10,1036.6308387254805,5.6000000000000005,52.60026961291592,365.9324319396634,39
1181.3,10,1036.6308387254805,5.6000000000000005,52.61545887733671,365.8278370380544,39
1181.4,12,1036.6308387254805,4.800000000000001,52.62804293827835,365.7418864247245,39
1181.5,12,1036.6308387254805,5.4,52.638223973217116,365.6717730879171,39
1181.6,12,1038.1961608726617,5.4,52.65850128498091,365.5264725105612,40
1181.7,12,1038.1961608726617,-100.0,52.665713181261566,365.4810311959013,40
1181.8,12,1038.1961608726617,5.4,52.70483513337254,365.2046445847883,40
1181.9,12,1038.1961608726617,5.4,52.71910952417402,365.0993762666849,40
1182.0,12,1038.1961608726617,5.4,52.73762159711905,364.96425477945786,40
1182.1,12,1038.1961608726617,5.4,52.76908171172052,364.74013709235976,40
1182.2,12,1038.1961608726617,5.4,52.60899228980456,365.98302870550367,40
1182.3,8,1038.1961608726617,4.5,52.62683177452,365.8541329828404,40
1182.4,8,1038.1961608726617,4.8999999999999995,52.637404260139846,365.7878028759243,40
1182.5,8,1038.1961608726617,4.8999999999999995,52.668484249223,365.58394387067335,40
1182.6,9,1039.880292195474,4.8999999999999995,52.54380000233,366.34178970685105,40
1182.7,12,1039.880292195474,3.2,52.55914767760284,366.23333535233223,40
1182.8,12,1039.880292195474,4.5,52.581546637109696,366.07598105506105,40
1182.9,12,1039.880292195474,4.5,52.58854115018778,366.0362373889059,40
1183.0,12,1039.880292195474,4.5,52.60114072291324,365.94446428582035,40
1183.1,12,1039.880292195474,4.5,52.61447926445585,365.84638382804684,40
1183.2,12,1039.880292195474,4.5,52.61809873082953,365.82888481249074,40
1183.3,12,1039.880292195474,4.5,52.6183941813298,365.8305072015803,40
1183.4,10,1039.880292195474,4.5,52.63897987373134,365.6912128289358,40
1183.5,10,1039.880292195474,5.6000000000000005,52.64419039991742,365.6628809407639,40
1183.6,10,1039.880292195474,5.6000000000000005,52.668664743466394,365.48811717018475,40
1183.7,10,1039.880292195474,5.6000000000000005,52.674891002346165,365.4471992969159,40
1183.8,12,1039.880292195474,4.800000000000001,52.6915715692921,365.3278710544354,40
1183.9,12,1039.880292195474,5.4,52.710268825613355,365.204626208277,40
1184.0,12,1039.880292195474,5.4,52.715892254331536,365.16566271842737,40
1184.1,12,1039.880292195474,5.4,52.72942223729173,365.0748460674639,40
1184.2,12,1039.880292195474,5.4,52.74575056681101,364.96314802326845,40
1184.3,12,1039.880292195474,5.4,52.766879167063294,364.81863483252323,40
1184.4,12,1039.880292195474,5.4,52.76937757254821,364.80708077027595,40
1184.5,12,1039.880292195474,5.4,52.78746626584508,364.67743444971455,40
1184.6,12,1039.880292195474,5.4,52.792261859605446,364.64765013755095,40
1184.7,12,1039.880292195474,5.4,52.81269218069555,364.50677046893077,40
1184.8,12,1039.880292195474,5.4,52.825224687829476,364.4162192217595,40
1184.9,12,1039.880292195474,5.4,52.850729606014525,364.24271821745924,40
1185.0,10,1039.880292195474,4.5,52.86653506295214,364.12224007000884,40
1185.1,10,1039.880292195474,5.6000000000000005,52.89179292102547,363.951281173266,40
1185.2,10,1039.880292195474,5.6000000000000005,52.900662300359,363.8805607995853,40
1185.3,10,1039.880292195474,5.6000000000000005,52.92381700830036,363.7228420584674,40
1185.4,10,1039.880292195474,5.6000000000000005,52.949031066193825,363.5360716544588,40
1185.5,10,1039.880292195474,5.6000000000000005,52.970981799998384,363.3843494401509,40
1185.6,10,1041.435460914793,5.6000000000000005,52.98656259012073,363.26960624949504,41
1185.7,10,1041.435460914793,-100.0,53.004854218648624,363.1445514420802,41
1185.8,10,1041.435460914793,6.4,53.01646795475894,363.0597663597285,41
1185.9,10,1041.435460914793,6.4,53.02609504438982,362.99612698233375,41
1186.0,10,1041.435460914793,6.4,52.99395504960752,363.2621947445511,41
1186.1,10,1041.435460914793,6.4,53.0096008719244,363.151124372657,41
1186.2,10,1041.435460914793,6.4,53.02553842830052,363.0363052225838,41
1186.3,10,1041.435460914793,6.4,53.03364848650442,362.9747687867069,41
1186.4,10,1041.435460914793,6.4,53.036196661723146,362.9596667437946,41
1186.5,10,1041.435460914793,6.4,53.20173194967489,361.9255281597279,41
1186.6,10,1041.435460914793,6.4,53.20715842229686,361.8859653430301,41
1186.7,10,1041.435460914793,6.4,53.214075107439925,361.8399739453223,41
1186.8,10,1041.435460914793,6.4,53.20482031282467,361.9096526182011,41
1186.9,10,1041.435460914793,6.4,53.219288798994,361.80030337585276,41
1187.0,10,1041.435460914793,6.4,53.231078030653066,361.7259073297813,41
1187.1,10,1041.435460914793,6.4,53.24377593685406,361.6378952273452,41
1187.2,10,1041.435460914793,6.4,53.2521064822716,361.57925100805636,41
1187.3,12,1041.435460914793,5.6000000000000005,53.26099019759985,361.5148165271056,41
1187.4,12,1041.435460914793,4.5,53.26246433647254,361.5049921243465,41
1187.5,12,1041.435460914793,4.5,53.260541385046444,361.5186878439413,41
1187.6,10,1041.435460914793,4.5,53.44516085984324,360.13018690344325,41
1187.7,12,1041.435460914793,5.6000000000000005,53.4380207920495,360.18553857991793,41
1187.8,12,1041.435460914793,4.5,53.4212439033231,360.311910915707,41
1187.9,12,1041.435460914793,4.5,53.42414644879656,360.29846939761893,41
1188.0,12,1041.435460914793,4.5,53.4122038141159,360.3861357646192,41
1188.1,10,1041.435460914793,4.5,53.397961017889564,360.49581174053685,41
1188.2,10,1041.435460914793,6.4,53.39629692192493,360.513713210415,41
1188.3,10,1041.435460914793,6.4,53.38287247456559,360.61518492755863,41
1188.4,10,1041.435460914793,6.4,53.379655015887685,360.64518213257315,41
1188.5,10,1041.435460914793,6.4,53.419494420313036,360.2289619111847,41
1188.6,12,1041.435460914793,5.6000000000000005,53.413438119112605,360.278235873571,41
1188.7,12,1041.435460914793,5.4,53.52042297105136,359.6361547574962,41
1188.8,12,1041.435460914793,5.4,53.50860099032741,359.7173903072825,41
1188.9,12,1041.435460914793,5.4,53.500955850287035,359.7743508422316,41
1189.0,12,1041.435460914793,5.4,53.34131016218699,360.96041142566474,41
1189.1,12,1041.435460914793,5.4,53.33972396570309,360.9709036553995,41
1189.2,12,1041.435460914793,5.4,53.33219348936153,361.030394224136,41
1189.3,10,1041.435460914793,5.4,53.33845972042677,360.9821009614901,41
1189.4,10,1041.435460914793,6.4,53.33802910604567,360.9863003261187,41
1189.5,10,1041.435460914793,6.4,53.33426156746844,361.0182478151189,41
1189.6,10,1041.435460914793,6.4,53.330575632688884,361.04870576707685,41
1189.7,10,1041.435460914793,6.4,53.426583019334146,360.3260325371127,41
1189.8,10,1041.435460914793,6.4,53.205641699510174,361.7044485761513,41
1189.9,10,1041.435460914793,6.4,53.19986922519516,361.74359292775523,41
1190.0,10,1041.435460914793,6.4,53.19407561752501,361.7834891208356,41
1190.1,10,1041.435460914793,6.4,53.18120095759767,361.8763061443028,41
1190.2,10,1041.435460914793,6.4,53.21588688615651,361.5150663639239,41
1190.3,10,1041.435460914793,6.4,53.202558141043454,361.60606243367516,41
1190.4,10,1041.435460914793,6.4,53.18578700201991,361.72124584268386,41
1190.5,10,1041.435460914793,6.4,53.16494495236514,361.8698966691629,41
1190.6,12,1041.435460914793,5.6000000000000005,53.15251499663131,361.959134589184,41
1190.7,12,1041.435460914793,5.4,53.13799965376312,362.05823726668643,41
1190.8,12,1041.435460914793,5.4,53.12784372917908,362.13455550612184,41
1190.9,12,1041.435460914793,5.4,53.11107228935535,362.254762452309,41
1191.0,10,1041.435460914793,4.5,53.20748556027883,361.661348673568,41
1191.1,10,1041.435460914793,5.6000000000000005,53.19069397420908,361.7716832320689,41
1191.2,10,1041.435460914793,5.6000000000000005,53.176769651060134,361.8730689974071,41
1191.3,10,1041.435460914793,5.6000000000000005,53.17121645035536,361.9133795785307,41
1191.4,10,1041.435460914793,5.6000000000000005,53.15568255026351,362.01719826736405,41
1191.5,10,1041.435460914793,5.6000000000000005,53.14083344802346,362.12045337769837,41
1191.6,10,1041.435460914793,5.6000000000000005,53.111313745141594,362.3238761052297,41
1191.7,10,1041.435460914793,5.6000000000000005,53.10587457329066,362.3557756019817,41
1191.8,10,1041.435460914793,5.6000000000000005,53.087702082190376,362.4823488319032,41
1191.9,10,1041.435460914793,5.6000000000000005,52.871210490951185,363.8452215012537,41
1192.0,10,1041.435460914793,5.6000000000000005,52.86107173868835,363.92026029682086,41
1192.1,10,1041.435460914793,5.6000000000000005,52.897481233828735,363.6335043614342,41
1192.2,10,1041.435460914793,5.6000000000000005,52.88468131088817,363.722935692434,41
1192.3,10,1041.435460914793,5.6000000000000005,52.87651129891033,363.78434867234137,41
1192.4,10,1041.435460914793,5.6000000000000005,52.86317000872991,363.87744021351796,41
1192.5,10,1041.435460914793,5.6000000000000005,52.853175393071595,363.949781542369,41
1192.6,10,1041.435460914793,5.6000000000000005,52.8475515445824,363.9883402672166,41
1192.7,10,1041.435460914793,5.6000000000000005,52.843235729333706,364.0120166521218,41
1192.8,10,1041.435460914793,5.6000000000000005,52.84551652139181,363.9978084367693,41
1192.9,10,1041.435460914793,5.6000000000000005,52.833356661709225,364.078958219778,41
1193.0,10,1041.435460914793,5.6000000000000005,52.82209507810771,364.15924614405225,41
1193.1,12,1041.435460914793,4.800000000000001,52.82127435916887,364.15794245032544,41
1193.2,12,1041.435460914793,4.5,52.80677674193395,364.26194399349805,41
1193.3,12,1041.435460914793,4.5,52.802343746624096,364.2938025683736,41
1193.4,12,1041.435460914793,4.5,52.89524330675208,363.7067132396569,41
1193.5,12,1041.435460914793,4.5,52.88788290184553,363.75822828308594,41
1193.6,8,1041.8604934078855,4.5,52.88586225676187,363.7756581753469,41
1193.7,9,1044.043694206266,4.8999999999999995,52.89555086513383,363.7068769734062,41
1193.8,12,1044.043694206266,4.0,52.89475592307991,363.71114853415804,41
1193.9,12,1044.043694206266,4.5,52.76427104177411,364.70410558583274,41
1194.0,12,1044.043694206266,4.5,52.75737159256217,364.7434252040758,41
1194.1,12,1044.043694206266,4.5,52.75986510563273,364.7146412329896,41
1194.2,12,1044.043694206266,4.5,52.75451562372618,364.744790410086,41
1194.3,12,1044.043694206266,4.5,52.76068148797552,364.69167809960754,41
1194.4,12,1044.043694206266,4.5,52.76985047548276,364.61624789708264,41
1194.5,12,1044.043694206266,4.5,52.76953369303105,364.61943387374004,41
1194.6,12,1044.043694206266,4.5,52.76381141806934,364.6560324414735,41
1194.7,12,1044.043694206266,4.5,52.712469606940104,365.2023913092273,41
1194.8,12,1044.043694206266,4.5,52.696634652324505,365.31209375775813,41
1194.9,8,1044.043694206266,3.6,52.649138983819014,365.66045150419495,41
1195.0,8,1044.043694206266,4.8999999999999995,52.642147906673216,365.7084314862153,41
1195.1,8,1044.043694206266,4.8999999999999995,52.6374980398144,365.7399550207434,41
1195.2,12,1044.043694206266,4.8999999999999995,52.631507685813474,365.7775850456702,41
1195.3,12,1044.043694206266,3.6,52.6277792677336,365.8112384501094,41
1195.4,8,1044.043694206266,3.6,52.620118472123835,365.8587425980462,41
1195.5,8,1044.043694206266,4.8999999999999995,52.61933751037031,365.8564690974304,41
1195.6,8,1044.043694206266,4.8999999999999995,52.55436372349618,366.43024973689165,41
1195.7,8,1044.043694206266,4.8999999999999995,52.54124988175926,366.5298896203766,41
1195.8,12,1044.043694206266,4.199999999999999,52.59976235847395,366.17968852372985,41
1195.9,10,1044.043694206266,3.6,52.59831231342457,366.1883802486325,41
1196.0,10,1044.043694206266,4.800000000000001,52.589764400733344,366.24818108288576,41
1196.1,10,1044.043694206266,4.800000000000001,52.58529991074185,366.27813869153465,41
1196.2,10,1044.043694206266,4.800000000000001,52.45920164586319,367.25499083945834,41
1196.3,10,1044.043694206266,4.800000000000001,52.386279816655545,367.8986542526543,41
1196.4,10,1044.043694206266,4.800000000000001,52.37366118435773,367.99751706602353,41
1196.5,10,1044.043694206266,4.800000000000001,52.36569548368665,368.05378174894577,41
1196.6,12,1044.043694206266,4.800000000000001,52.363116797245624,368.0778311523818,41
1196.7,10,1044.043694206266,3.6,52.353472389387264,368.1513500852717,41
1196.8,10,1044.043694206266,4.800000000000001,52.3562310907638,368.12515485622384,41
1196.9,10,1044.043694206266,4.800000000000001,52.34599952790454,368.1993023875777,41
1197.0,10,1044.043694206266,4.800000000000001,52.33035393307162,368.31140512276806,41
1197.1,10,1044.043694206266,4.800000000000001,52.31569885248818,368.4291708294372,41
1197.2,12,1044.043694206266,4.800000000000001,52.31194304928282,368.45255452821584,41
1197.3,12,1044.043694206266,3.6,52.21277424876453,369.16449330291397,41
1197.4,12,1044.043694206266,3.6,52.23707508184053,369.08448027957525,41
1197.5,12,1044.043694206266,3.6,52.124239667946256,369.80240565411805,41
1197.6,12,1044.043694206266,3.6,52.10410121222441,369.945379538854,41
1197.7,10,1044.043694206266,3.6,52.08140677336004,370.1176666458046,41
1197.8,10,1044.043694206266,4.800000000000001,52.0687439598367,370.2140646673371,41
1197.9,10,1044.043694206266,4.800000000000001,52.05259580665626,370.33620784493195,41
1198.0,10,1044.043694206266,4.800000000000001,52.03816297923862,370.44445284323956,41
1198.1,10,1045.568593973726,4.800000000000001,52.02366933095455,370.5548255537879,42
1198.2,10,1045.568593973726,-100.0,51.87587505527046,371.51086494517585,42
1198.3,10,1045.568593973726,5.6000000000000005,51.86124927371051,371.6225920804638,42
1198.4,10,1045.568593973726,5.6000000000000005,51.99299917824918,370.6635128161523,42
1198.5,10,1045.568593973726,5.6000000000000005,51.97774788077089,370.7813567861724,42
1198.6,10,1045.568593973726,5.6000000000000005,51.97701112461988,370.7978011470726,42
1198.7,10,1045.568593973726,5.6000000000000005,51.96098171102224,370.9209072617127,42
1198.8,10,1045.568593973726,5.6000000000000005,51.94455834628431,371.0591950445953,42
1198.9,10,1045.568593973726,5.6000000000000005,51.9325498539895,371.1493735275973,42
1199.0,10,1045.568593973726,5.6000000000000005,51.9223205697912,371.238675837759,42
1199.1,10,1045.568593973726,5.6000000000000005,51.90800780504378,371.35543744026177,42
1199.2,10,1045.568593973726,5.6000000000000005,51.88849973237478,371.4990363173365,42
1199.3,10,1045.568593973726,5.6000000000000005,51.87392769955606,371.6126697361925,42
1199.4,10,1045.568593973726,5.6000000000000005,51.858637449871125,371.74926948464235,42
1199.5,10,1045.568593973726,5.6000000000000005,51.847744352891,371.8351713051866,42
1199.6,10,1045.568593973726,5.6000000000000005,51.8426513916566,371.8730952071387,42
1199.7,10,1045.568593973726,4.800000000000001,51.82344461631659,372.0249212030035,42
1199.8,10,1045.568593973726,4.800000000000001,51.81565827802137,372.076211289723,42
1199.9,10,1045.568593973726,4.800000000000001,51.79964002623967,372.1989961412141,42
1200.0,10,1045.568593973726,4.800000000000001,51.782559197425975,372.3255595159507,42
1200.1,10,1045.568593973726,4.800000000000001,51.76537109348505,372.4561600571841,42
1200.2,10,1045.568593973726,4.800000000000001,51.58889934620905,373.57115513045807,42
1200.3,10,1045.568593973726,4.800000000000001,51.57588100845766,373.6739325004402,42
1200.4,10,1045.568593973726,4.800000000000001,51.56890395274674,373.7219578632622,42
1200.5,10,1045.568593973726,4.800000000000001,51.558547656556286,373.7985506512009,42
1200.6,10,1045.568593973726,5.6000000000000005,51.541686507461456,373.9359358870611,42
1200.7,10,1045.568593973726,5.6000000000000005,51.612052091104815,373.36371571957625,42
1200.8,10,1045.568593973726,5.6000000000000005,51.65935885451832,373.06606357873494,42
1200.9,10,1045.568593973726,5.6000000000000005,51.64007503351877,373.20983245318666,42
1201.0,10,1045.568593973726,5.6000000000000005,51.62331374997066,373.33334574294327,42
1201.1,10,1045.568593973726,5.6000000000000005,51.60711573810901,373.4616203700685,42
1201.2,10,1045.568593973726,5.6000000000000005,51.58886128332644,373.59511840323114,42
1201.3,10,1045.568593973726,5.6000000000000005,51.568427631973464,373.751146308997,42
1201.4,10,1045.568593973726,5.6000000000000005,51.55084904199124,373.88963530119065,42
1201.5,9,1047.1047544682692,4.800000000000001,51.494749320549346,374.2653473759568,42
1201.6,10,1047.1047544682692,4.800000000000001,51.4762786192243,374.4063279915121,42
1201.7,10,1047.1047544682692,4.800000000000001,51.25983810954649,375.83833244125583,42
1201.8,10,1047.1047544682692,4.800000000000001,51.24526082003001,375.9425259414823,42
1201.9,10,1047.1047544682692,4.800000000000001,51.22672142672731,376.0920688750667,42
1202.0,10,1047.1047544682692,4.800000000000001,51.206984641041586,376.24049334617655,42
1202.1,10,1047.1047544682692,4.800000000000001,51.197887872823216,376.29886934039547,42
1202.2,10,1047.1047544682692,4.800000000000001,51.166327645368476,376.54823164811444,42
1202.3,10,1047.1047544682692,4.800000000000001,51.16087408044131,376.5902767635582,42
1202.4,10,1047.1047544682692,4.800000000000001,51.14769682332054,376.6863009732339,42
1202.5,10,1047.1047544682692,4.800000000000001,51.11972642250379,376.9048407753429,42
1202.6,10,1047.1047544682692,4.800000000000001,51.11506261698264,376.94615768480423,42
1202.7,10,1047.1047544682692,4.800000000000001,51.098129464127,377.0725311006855,42
1202.8,10,1047.1047544682692,5.6000000000000005,51.08080542681169,377.2070679226092,42
1202.9,10,1047.1047544682692,4.800000000000001,51.0664776356885,377.3219845547868,42
1203.0,10,1047.1047544682692,4.800000000000001,51.04801044277136,377.4630886736712,42
1203.1,10,1047.1047544682692,4.800000000000001,51.11953745901843,376.87291734744406,42
1203.2,10,1047.1047544682692,4.800000000000001,51.10078358557543,377.01759958814546,42
1203.3,10,1047.1047544682692,4.800000000000001,50.95072061488091,378.2542766798409,42
1203.4,10,1047.1047544682692,4.800000000000001,50.947959882774924,378.26757305918215,42
1203.5,10,1047.1047544682692,4.800000000000001,50.99218954574653,377.9897610899747,42
1203.6,8,1047.165289298063,4.800000000000001,50.97440765743514,378.12464349332754,42
1203.7,9,1048.4213726450898,4.8999999999999995,50.96967099432212,378.1545178830537,42
1203.8,10,1048.4213726450898,4.800000000000001,50.96147793498935,378.2152915314757,42
1203.9,10,1048.4213726450898,4.800000000000001,50.77524216400397,379.4414466499648,42
1204.0,10,1048.4213726450898,4.800000000000001,50.75955738722896,379.5653982448623,42
1204.1,10,1048.4213726450898,4.800000000000001,50.60627943202261,380.8422906712206,42
1204.2,10,1048.4213726450898,4.800000000000001,50.5928669877196,380.9479253039028,42
1204.3,10,1048.4213726450898,4.800000000000001,50.591157129057954,380.9626061440012,42
1204.4,10,1048.4213726450898,4.800000000000001,50.59079465367718,380.95751064578144,42
1204.5,10,1048.4213726450898,4.800000000000001,50.57373075223359,381.08626934673737,42
1204.6,10,1048.4213726450898,4.800000000000001,50.57037847908754,381.10738522605175,42
1204.7,10,1048.4213726450898,4.800000000000001,50.56109255109868,381.16914591143507,42
1204.8,10,1048.4213726450898,4.800000000000001,50.56830044626918,381.102406979001,42
1204.9,10,1048.4213726450898,4.800000000000001,50.55604801766899,381.2014340293193,42
1205.0,10,1048.4213726450898,4.800000000000001,50.5587012649421,381.1629900073061,42
1205.1,10,1048.4213726450898,4.800000000000001,50.36934319283141,382.4288124250761,42
1205.2,10,1048.4213726450898,4.800000000000001,50.37159719950452,382.39841731954857,42
1205.3,10,1048.4213726450898,4.800000000000001,50.37808647064942,382.34677597533334,42
1205.4,10,1048.4213726450898,4.800000000000001,50.38512335660777,382.2824980277066,42
1205.5,8,1048.5384416146026,4.0,50.37627927594795,382.3474097902205,42
1205.6,8,1048.5384416146026,4.8999999999999995,50.376627981989294,382.3368943608434,42
1205.7,8,1048.5384416146026,4.8999999999999995,50.440852204345674,381.78963032107566,42
1205.8,9,1049.1927198025976,4.8999999999999995,50.44282606226825,381.7718634659485,42
1205.9,12,1049.1927198025976,4.800000000000001,50.44895687948231,381.7173443325954,42
1206.0,12,1049.1927198025976,3.6,50.45489956171201,381.67258223055666,42
1206.1,8,1049.1207667434046,3.6,50.431798125988514,381.8588772436307,42
1206.2,8,1049.1207667434046,5.6,50.42209015779062,381.9376858247281,42
1206.3,8,1049.1207667434046,5.6,50.480356289033345,381.54399974409205,42
1206.4,8,1049.1207667434046,5.6,50.47029684273528,381.61391161958556,42
1206.5,8,1049.1207667434046,5.6,50.470722305020004,381.6120227758019,42
1206.6,8,1049.1207667434046,5.6,50.43123488716593,381.69284197191536,42
1206.7,11,1050.3605938349526,5.6,50.4154790519934,381.80341651239024,42
1206.8,11,1050.3605938349526,5.4,50.399915908862305,381.92004134669617,42
1206.9,11,1050.3605938349526,5.4,50.38330638735629,382.04380563258974,42
1207.0,8,1050.3605938349526,5.4,50.37391744956099,382.10539473633816,42
1207.1,8,1050.3605938349526,5.6,50.35212950977651,382.2689639862492,42
1207.2,8,1050.3605938349526,5.6,50.331569066166914,382.42342909529475,42
1207.3,8,1050.3605938349526,5.6,50.32215352087919,382.4963780713066,42
1207.4,12,1050.3605938349526,5.6,50.298182153276834,382.6678391136453,42
1207.5,8,1050.3605938349526,3.6,50.274584527751244,382.85256101551295,42
1207.6,8,1050.3605938349526,5.6,50.23473233711546,383.0048046380267,42
1207.7,8,1050.3605938349526,5.6,50.214402108025666,383.1699418045613,42
1207.8,8,1050.3605938349526,5.6,50.18866403822568,383.3639398736378,42
1207.9,8,1050.3605938349526,5.6,50.16348976921498,383.5684814590164,42
1208.0,8,1050.3605938349526,5.6,50.141092959330955,383.7404967803541,42
1208.1,8,1050.3605938349526,5.6,50.12427424242676,383.8727021409969,42
1208.2,8,1050.3605938349526,5.6,49.84516538337927,386.2342730023571,42
1208.3,8,1050.3605938349526,5.6,49.82422211669471,386.39448160988957,42
1208.4,8,1050.2845380272731,5.6,49.807213208261814,386.52796060167543,42
1208.5,8,1050.2845380272731,6.3,49.7993914011819,386.59213771872555,42
1208.6,8,1050.2845380272731,6.3,49.81966787108358,386.4922510876535,42
1208.7,8,1050.2845380272731,6.3,49.807358364531424,386.58820464063217,42
1208.8,8,1050.2845380272731,6.3,49.797948863967214,386.66202546268516,42
1208.9,8,1050.2845380272731,6.3,49.807894551669065,386.3110883994287,42
1209.0,8,1050.2845380272731,6.3,49.766851602763,386.64663982539236,42
1209.1,8,1050.2845380272731,5.6,49.744318081768625,386.82535693686333,42
1209.2,8,1050.2845380272731,5.6,49.72679904227259,386.95948535536485,42
1209.3,8,1050.2845380272731,5.6,49.7787219764315,386.49840288480954,42
1209.4,8,1050.2845380272731,5.6,49.75522851687707,386.6917593774604,42
1209.5,8,1050.2845380272731,5.6,49.725268781272476,386.92102960588517,42
1209.6,8,1050.2845380272731,5.6,49.70947880051946,387.04968507951287,42
1209.7,8,1050.2845380272731,5.6,49.686676443039076,387.2224026056657,42
1209.8,8,1050.2845380272731,5.6,49.66847928279809,387.3811052169717,42
1209.9,8,1050.2845380272731,5.6,49.65024548726661,387.5276793204178,42
1210.0,8,1050.2845380272731,5.6,49.62679086530508,387.71076485256356,42
1210.1,8,1050.2845380272731,5.6,49.595778397142624,387.9566329118109,42
1210.2,8,1050.2845380272731,5.6,49.56945836292193,388.1636148043034,42
1210.3,8,1050.2845380272731,5.6,49.538569789055245,388.4141422481821,42
1210.4,8,1050.2845380272731,5.6,49.52455090568529,388.51357923929163,42
1210.5,8,1050.2845380272731,5.6,49.49131870068041,388.79060521904444,42
1210.6,8,1050.2845380272731,5.6,49.465420266517725,388.9918703570339,42
1210.7,8,1050.2845380272731,5.6,49.44546198712452,389.1512525464067,42
1210.8,8,1050.2845380272731,5.6,49.43161746807684,389.263303350063,42
1210.9,8,1050.2845380272731,5.6,49.42303193135443,389.33689309302895,42
1211.0,8,1050.2845380272731,5.6,49.41685242576149,389.37886567705016,42
1211.1,10,1050.2845380272731,4.8999999999999995,49.28138501137428,390.38103466349537,42
1211.2,10,1050.2845380272731,4.800000000000001,49.255908896518726,390.58935747668846,42
1211.3,10,1050.2845380272731,4.800000000000001,49.236150242177615,390.75948616639,42
1211.4,10,1050.2845380272731,4.800000000000001,49.20961299502679,390.97421087713076,42
1211.5,10,1050.2845380272731,4.800000000000001,49.19315501286434,391.10761971491127,42
1211.6,10,1050.2845380272731,4.800000000000001,49.006978970434375,392.72608902671175,42
1211.7,10,1050.2845380272731,4.800000000000001,48.966640499028145,393.06143295786944,42
1211.8,10,1050.2845380272731,4.800000000000001,48.947097508796475,393.2211918800086,42
1211.9,10,1050.2845380272731,4.800000000000001,48.919857206925265,393.447295285259,42
1212.0,10,1050.2845380272731,4.800000000000001,48.911708491380736,393.50370832723365,42
1212.1,10,1050.2845380272731,4.800000000000001,48.895510624530324,393.63525119038866,42
1212.2,9,1051.4098787652727,4.800000000000001,48.87479955622158,393.8093535607087,42
1212.3,10,1051.4098787652727,6.4,48.87009484729062,393.8413804337052,42
1212.4,10,1051.4098787652727,4.800000000000001,48.860055286794186,393.91454782969737,42
1212.5,10,1051.4098787652727,4.800000000000001,48.83653024508237,394.1063365134077,42
1212.6,10,1051.4098787652727,4.800000000000001,48.870421920058035,393.79756007552277,42
1212.7,10,1051.4098787652727,5.6000000000000005,48.855619274457425,393.91179924654534,42
1212.8,10,1051.4098787652727,5.6000000000000005,48.85217363561786,393.9362178650161,42
1212.9,10,1051.4098787652727,5.6000000000000005,48.84412038728141,393.98406218739467,42
1213.0,10,1051.4098787652727,5.6000000000000005,48.829484361542704,394.10866701768884,42
1213.1,10,1051.4098787652727,5.6000000000000005,48.81798004898926,394.20455456965266,42
1213.2,10,1051.4098787652727,5.6000000000000005,48.794272356744,394.3949059394005,42
1213.3,10,1051.4098787652727,5.6000000000000005,48.72831793086621,395.0607868183376,42
1213.4,10,1051.4098787652727,5.6000000000000005,48.71719621022351,395.14194469003496,42
1213.5,10,1051.4098787652727,5.6000000000000005,48.70480207147472,395.23962295529657,42
1213.6,10,1051.4098787652727,5.6000000000000005,48.69470454044999,395.3130777064517,42
1213.7,10,1051.4098787652727,5.6000000000000005,48.67465460784079,395.46924306225446,42
1213.8,10,1051.4098787652727,5.6000000000000005,48.666270580603516,395.5343525178839,42
1213.9,10,1051.4098787652727,5.6000000000000005,48.651897127625304,395.6554190062393,42
1214.0,10,1051.4098787652727,5.6000000000000005,48.70630037855519,395.2637943470379,42
1214.1,10,1051.4098787652727,5.6000000000000005,48.70458852640252,395.2732302812567,42
1214.2,10,1051.4098787652727,4.800000000000001,48.7015542609556,395.2930050921938,42
1214.3,10,1051.4098787652727,4.800000000000001,48.6956881233179,395.34389060972126,42
1214.4,10,1051.4098787652727,4.800000000000001,48.68946856380044,395.4015862842016,42
1214.5,9,1052.0055749881635,4.800000000000001,48.68629146325955,395.4254543682969,42
1214.6,9,1052.4748599991613,6.4,48.69333447659312,395.3642015428792,42
1214.7,8,1052.4496207842444,6.4,48.67440121314044,395.5274193559251,42
1214.8,9,1052.4496207842444,4.8999999999999995,48.66176727061023,395.6386966407861,42
1214.9,9,1052.4496207842444,6.4,48.669628616124676,395.56696014083724,42
1215.0,9,1052.4496207842444,6.4,48.656595517411866,395.68540132643716,42
1215.1,8,1052.3727014107906,6.4,48.659911247430415,395.65493910949135,42
1215.2,8,1052.3727014107906,5.6,48.6600983930862,395.6569943461675,42
1215.3,8,1052.3727014107906,5.6,48.69414328067682,395.3393478938916,42
1215.4,8,1052.3727014107906,5.6,48.6831134922231,395.4364983027131,42
1215.5,8,1052.3727014107906,5.6,48.69552104330509,395.32703611353406,42
1215.6,8,1052.3727014107906,5.6,48.68178913610779,395.4481647858519,42
1215.7,8,1052.3727014107906,5.6,48.68800761044333,395.39434821752826,42
1215.8,8,1052.3727014107906,5.6,48.70376140282543,395.25700602573386,42
1215.9,8,1052.3727014107906,5.6,48.709108145915366,395.20812824323184,42
1216.0,8,1052.3727014107906,5.6,48.717253237686904,395.14737437950987,42
1216.1,8,1052.3727014107906,5.6,48.77669674255809,394.486658549877,42
1216.2,8,1052.3727014107906,5.6,48.792917119269376,394.3513099221349,42
1216.3,8,1052.3727014107906,5.6,48.79842549931668,394.2992437019416,42
1216.4,8,1052.3727014107906,5.6,48.641119696288825,395.7064778781422,42
1216.5,8,1052.3727014107906,5.6,48.651402896150465,395.62576593947614,42
1216.6,8,1052.3727014107906,5.6,48.65786870991701,395.5688960410756,42
1216.7,8,1052.3727014107906,5.6,48.67904837140088,395.3903894754672,42
1216.8,9,1052.8357968087219,5.6,48.69724981929187,395.23393772615213,42
1216.9,8,1052.8357968087219,6.4,48.70928070741577,395.1367540864685,42
1217.0,8,1052.8357968087219,5.6,48.70936094747982,395.14848670344566,42
1217.1,8,1052.8357968087219,5.6,48.72887923370259,394.98621409045404,42
1217.2,8,1052.8357968087219,5.6,48.73736555964812,394.9268684322591,42
1217.3,8,1052.8357968087219,5.6,48.75969055454941,394.73908835400897,42
1217.4,8,1052.8357968087219,5.6,48.77817588500609,394.59116751652476,42
1217.5,8,1052.7544411929086,5.6,48.7881289319192,394.52483976517294,42
1217.6,8,1052.7544411929086,6.3,48.82065850534215,394.2543631080015,42
1217.7,8,1052.7544411929086,6.3,48.84240668202442,394.07436967634675,42
1217.8,8,1052.7544411929086,6.3,49.00579803532146,392.8942967809836,42
1217.9,8,1052.7544411929086,6.3,49.04534539686871,392.5653810349748,42
1218.0,8,1052.7544411929086,6.3,49.21384542759334,391.0930783199301,42
1218.1,8,1052.7544411929086,6.3,49.228673370038635,390.9833524354642,42
1218.2,8,1052.7544411929086,6.3,49.24837148762446,390.8221832865852,42
1218.3,8,1052.7544411929086,6.3,49.27882815700251,390.5780859932334,42
1218.4,8,1052.7544411929086,6.3,49.29696400147354,390.4479452530623,42
1218.5,8,1052.7544411929086,6.3,49.32090804841661,390.2589123066281,42
1218.6,8,1052.7544411929086,6.3,49.33777786430918,390.1204799449552,42
1218.7,8,1052.7544411929086,6.3,49.34261839047623,390.09586111894464,42
1218.8,8,1052.7544411929086,6.3,49.366016419839475,389.906504284017,42
1218.9,8,1052.7544411929086,6.3,49.39901465756111,389.64768967979785,42
1219.0,8,1052.7544411929086,6.3,49.411104307860654,389.56147081560704,42
1219.1,8,1052.7544411929086,6.3,49.41913032410369,389.5003924804841,42
1219.2,8,1052.7544411929086,6.3,49.437371834433506,389.3647442927613,42
1219.3,8,1052.7544411929086,6.3,49.284550204982054,390.7329845586047,42
1219.4,8,1052.7544411929086,6.3,49.28778636384404,390.7228349687754,42
1219.5,8,1052.7544411929086,6.3,49.134464503736226,391.80002598212747,42
1219.6,8,1052.7544411929086,6.3,49.14470772711663,391.7250284070323,42
1219.7,8,1052.7544411929086,6.3,49.15798437481395,391.628836546348,42
1219.8,8,1052.7544411929086,6.3,49.170546237339195,391.533027167519,42
1219.9,8,1052.7544411929086,6.3,49.18966631929814,391.3882823662334,42
1220.0,8,1052.7544411929086,6.3,49.20228392439574,391.29554583302274,42
1220.1,8,1052.7544411929086,6.3,49.35301908243328,390.22083251898005,42
1220.2,8,1052.7544411929086,6.3,49.36556558352807,390.1376383582751,42
1220.3,8,1052.7544411929086,6.3,49.37298826672357,390.08875457799246,42
1220.4,8,1052.7544411929086,6.3,49.39418699814993,389.9305856799509,42
1220.5,8,1052.7544411929086,6.3,49.41245795165668,389.7884704099786,42
1220.6,8,1052.6739139592892,5.6,49.40149792488539,389.89613232942077,42
1220.7,8,1052.6739139592892,6.3,49.556926378759314,388.5557339631651,42
1220.8,8,1052.6739139592892,6.3,49.55455453383138,388.589070922072,42
1220.9,8,1052.6739139592892,6.3,49.56251718406243,388.5412666778423,42
1221.0,8,1052.6739139592892,6.3,49.57742879357047,388.4345247186498,42
1221.1,8,1052.6739139592892,6.3,49.58353059231202,388.40541447306197,42
1221.2,8,1052.6739139592892,6.3,49.57997210033721,388.44976116917024,42
1221.3,8,1052.6739139592892,6.3,49.5942734188541,388.342635158147,42
1221.4,8,1052.6739139592892,6.3,49.599237561461436,388.31704206417146,42
1221.5,8,1052.6739139592892,6.3,49.59006365235463,388.41569615609785,42
1221.6,8,1052.6739139592892,6.3,49.600263024662326,388.333139497934,42
1221.7,8,1052.6739139592892,6.3,49.60747888103376,388.2910626693012,42
1221.8,8,1052.6739139592892,6.3,49.611617867429025,388.27166735169675,42
1221.9,8,1052.6739139592892,6.3,49.62761829056528,388.1524478784795,42
1222.0,8,1052.6739139592892,6.3,49.624204488007194,388.19305208638013,42
1222.1,8,1052.6739139592892,6.3,49.616731299906625,388.26610875423404,42
1222.2,8,1052.6739139592892,6.3,49.620645911712174,388.24205618850567,42
1222.3,8,1052.6739139592892,6.3,49.7433020662057,387.40508097400175,42
1222.4,8,1052.6739139592892,6.3,49.75478205855993,387.3289373291477,42
1222.5,8,1052.6739139592892,6.3,49.752135150800285,387.3737456119274,42
1222.6,8,1052.6739139592892,6.3,49.75481922902934,387.3537316528805,42
1222.7,8,1052.6739139592892,6.3,49.75403834803271,387.37339264956586,42
1222.8,8,1052.6739139592892,5.6,49.76583900371281,387.29246334863444,42
1222.9,8,1052.6739139592892,5.6,49.768565839323585,387.2824524623211,42
1223.0,8,1052.6739139592892,5.6,49.76630822548995,387.32875102651553,42
1223.1,8,1052.6739139592892,5.6,49.77022749167811,387.31331719922,42
1223.2,8,1052.6739139592892,5.6,49.77714296700679,387.2723675767942,42
1223.3,8,1052.5940895984254,5.6,49.78808414189823,387.19139780856483,42
1223.4,8,1052.5940895984254,6.3,49.783806519674464,387.2366376017171,42
1223.5,8,1052.5940895984254,6.3,49.795973148680346,387.13985632379536,42
1223.6,8,1052.5940895984254,6.3,49.80914797280117,387.04336562494166,42
1223.7,8,1052.5940895984254,6.3,49.81520071068023,387.0140491062609,42
1223.8,8,1052.5940895984254,6.3,49.81875690356012,386.99837826840064,42
1223.9,8,1052.5940895984254,6.3,49.83339300783844,386.89677488425303,42
1224.0,8,1052.5940895984254,6.3,49.852765015313636,386.7508515054948,42
1224.1,8,1052.5940895984254,6.3,49.87573553603865,386.57503654242623,42
1224.2,8,1052.5940895984254,6.3,49.90647044034003,386.33697271500466,42
1224.3,8,1052.5940895984254,6.3,49.90971064159093,386.3254953301674,42
1224.4,8,1052.5940895984254,5.6,49.94028124593797,386.0780402647425,42
1224.5,8,1052.5940895984254,5.6,49.964234869307475,385.88869753205574,42
1224.6,8,1052.5940895984254,5.6,49.98575671531753,385.7331342602515,42
1224.7,8,1052.5940895984254,5.6,50.01227144773772,385.5264968986906,42
1224.8,8,1052.5940895984254,5.6,50.033519759568314,385.36237048051373,42
1224.9,8,1052.5940895984254,5.6,50.15052011314107,384.55674554943647,42
1225.0,8,1052.5940895984254,5.6,50.1806665463522,384.3182597461319,42
1225.1,8,1052.5940895984254,5.6,50.19988372007669,384.16237094610415,42
1225.2,8,1052.5940895984254,5.6,50.12483281988882,384.66113839348293,42
1225.3,8,1052.5940895984254,5.6,50.15669618113238,384.4129112715318,42
1225.4,8,1052.5940895984254,5.6,50.340903232423926,382.8330149308757,42
1225.5,8,1052.5940895984254,5.6,50.371352079902735,382.59488343490045,42
1225.6,8,1052.5940895984254,5.6,50.4002482987981,382.3642046730151,42
1225.7,8,1052.5940895984254,5.6,50.41472274486421,382.25389891399186,42
1225.8,8,1052.5940895984254,5.6,50.43318170690215,382.10981719437143,42
1225.9,8,1052.5940895984254,5.6,50.46320912839205,381.88176536106334,42
1226.0,8,1052.5940895984254,5.6,50.38803063513611,382.5511950263259,42
1226.1,8,1052.513558226658,5.6,50.34588990176598,383.12018313062094,42
1226.2,8,1052.513558226658,6.3,50.372227211589475,382.91524611598214,42
1226.3,8,1052.513558226658,6.3,50.395454143860654,382.74321260849086,42
1226.4,8,1052.513558226658,6.3,50.32262803218907,383.19002306564914,42
1226.5,8,1052.513558226658,6.3,50.349303410856095,382.98808169532003,42
1226.6,8,1052.513558226658,6.3,50.35759976067504,382.9204440265129,42
1226.7,10,1052.513558226658,5.6,50.43284883808636,382.33952573482276,42
1226.8,10,1052.513558226658,5.6000000000000005,50.45601534116755,382.1465712646998,42
1226.9,10,1052.513558226658,5.6000000000000005,50.418052935596165,382.514877002823,42
1227.0,10,1052.513558226658,5.6000000000000005,50.42225017368034,382.47952795888784,42
1227.1,10,1052.513558226658,5.6000000000000005,50.443925812488914,382.2986706618962,42
1227.2,10,1052.513558226658,5.6000000000000005,50.54019930028259,381.6455491679014,42
1227.3,10,1052.513558226658,5.6000000000000005,50.561076019136046,381.47863126618233,42
1227.4,10,1052.513558226658,5.6000000000000005,50.58775044862807,381.2629590319301,42
1227.5,10,1052.513558226658,5.6000000000000005,50.60836790697232,381.0962890546368,42
1227.6,10,1052.513558226658,5.6000000000000005,50.620928048966675,380.99702167676213,42
1227.7,10,1052.513558226658,5.6000000000000005,50.64587794046738,380.80438285753996,42
1227.8,10,1052.513558226658,5.6000000000000005,50.81343411183293,379.30873049670436,42
1227.9,10,1052.513558226658,5.6000000000000005,50.83114880199677,379.1694250200402,42
1228.0,10,1052.513558226658,5.6000000000000005,50.85359628296066,378.99769186926403,42
1228.1,10,1052.513558226658,5.6000000000000005,50.88148002561911,378.77744536089364,42
1228.2,10,1052.513558226658,5.6000000000000005,50.90838220990816,378.5566532096225,42
1228.3,10,1052.513558226658,5.6000000000000005,50.91129816944305,378.5415791047772,42
1228.4,8,1052.513558226658,5.6000000000000005,50.91881752736828,378.48453340335095,42
1228.5,8,1052.513558226658,5.6,50.94634702649118,378.26828892221897,42
1228.6,10,1052.513558226658,5.6,50.98206947430997,377.9776627398475,42
1228.7,8,1052.434136943837,5.6000000000000005,51.00261996315129,377.8216155933633,42
1228.8,10,1052.434136943837,5.6,51.03765246215772,377.54762987569904,42
1228.9,10,1052.434136943837,6.4,51.04681260679241,377.3135983231974,42
1229.0,8,1052.434136943837,5.6000000000000005,51.0852850004418,377.0028575142173,42
1229.1,10,1052.434136943837,5.6,51.107082974730844,376.8320908441985,42
1229.2,10,1052.434136943837,5.6000000000000005,51.13471982554536,376.6122940357609,42
1229.3,10,1052.434136943837,5.6000000000000005,51.24742324224395,375.8248063041391,42
1229.4,10,1052.434136943837,5.6000000000000005,51.278839890495405,375.5691130886304,42
1229.5,10,1052.434136943837,5.6000000000000005,51.307690809540716,375.3398973312551,42
1229.6,8,1052.434136943837,5.6000000000000005,51.330424218579495,375.1592665409312,42
1229.7,8,1052.434136943837,5.6,51.3643732725581,374.8887001336742,42
1229.8,8,1052.434136943837,5.6,51.3895372818629,374.6903953161992,42
1229.9,8,1052.434136943837,5.6,51.5270702084709,373.5814768732572,42
1230.0,10,1052.434136943837,5.6,51.5456721953085,373.4396826079095,42
1230.1,10,1052.434136943837,5.6000000000000005,51.55780382009377,373.341457025413,42
1230.2,10,1052.434136943837,5.6000000000000005,51.58419619501021,373.137153355843,42
1230.3,10,1052.434136943837,5.6000000000000005,51.60359767930707,372.9887818340416,42
1230.4,10,1052.434136943837,6.4,51.62593931924155,372.81392677916926,42
1230.5,10,1052.434136943837,6.4,51.63406115629823,372.74709379456397,42
1230.6,10,1052.434136943837,6.4,51.66158106166625,372.5380363719372,42
1230.7,10,1052.434136943837,6.4,51.53259001443543,373.57258248107553,42
1230.8,10,1052.434136943837,6.4,51.5472034315505,373.4609868915431,42
1230.9,10,1052.434136943837,6.4,51.56578921926207,373.30857023342253,42
1231.0,10,1052.434136943837,6.4,51.582394425801866,373.1769073432031,42
1231.1,10,1052.434136943837,6.4,51.60280065221095,373.01998731438795,42
1231.2,10,1052.434136943837,6.4,51.609547093860314,372.9641429170413,42
1231.3,10,1052.434136943837,6.4,51.6217582826099,372.86860790183295,42
1231.4,10,1052.434136943837,6.4,51.63223026278247,372.7849402518375,42
1231.5,10,1052.434136943837,6.4,51.64711661690114,372.6723677082475,42
1231.6,10,1052.434136943837,6.4,51.71709394797919,372.2152442906431,42
1231.7,10,1052.434136943837,6.4,51.73280247618841,372.0925503297346,42
1231.8,10,1052.434136943837,6.4,51.73688614269712,372.05306754244396,42
1231.9,10,1052.434136943837,6.4,51.75603026348942,371.9043388571144,42
1232.0,8,1052.38025923867,5.6000000000000005,51.75548202499593,371.9058021937424,42
1232.1,8,1052.38025923867,5.6,51.765220477034276,371.8232541704036,42
1232.2,8,1052.38025923867,5.6,51.77364512422134,371.7586840935363,42
1232.3,8,1052.38025923867,5.6,51.782570769690096,371.6889252955142,42
1232.4,8,1052.38025923867,5.6,51.77811660878731,371.7216437498256,42
1232.5,8,1052.38025923867,5.6,51.896768805834604,370.7809660613824,42
1232.6,8,1052.38025923867,5.6,51.894674214387045,370.79242087185685,42
1232.7,8,1052.38025923867,5.6,51.83171728811605,371.38982223354117,42
1232.8,8,1052.38025923867,5.6,51.82442568846374,371.4498850132454,42
1232.9,8,1052.38025923867,5.6,51.83166276151023,371.3922411451141,42
1233.0,8,1052.38025923867,5.6,51.83674688908353,371.35036064615946,42
1233.1,8,1052.38025923867,5.6,51.82943742435987,371.40225962387876,42
1233.2,8,1052.38025923867,5.6,51.830048061319545,371.40362936970064,42
1233.3,10,1052.38025923867,5.6,51.82322511025043,371.45707234606266,42
1233.4,10,1052.38025923867,5.6000000000000005,51.82477252063532,371.4376446577501,42
1233.5,8,1052.38025923867,4.800000000000001,51.708354686592585,372.3730791785661,42
1233.6,8,1052.3001828636307,5.6,51.70407562588288,372.39397684267794,42
1233.7,8,1052.3001828636307,6.3,51.686087442592225,372.5374670037886,42
1233.8,8,1052.3001828636307,6.3,51.688402351939246,372.51360129102517,42
1233.9,8,1052.3001828636307,6.3,51.689862795005695,372.5015264716927,42
1234.0,8,1052.3001828636307,6.3,51.670629911412355,372.6420433606898,42
1234.1,8,1052.3001828636307,6.3,51.725566524456404,372.28902427344946,42
1234.2,8,1052.3001828636307,6.3,51.71177994804607,372.3963414521106,42
1234.3,8,1052.3001828636307,6.3,51.71345229429106,372.3786268868513,42
1234.4,8,1052.3001828636307,6.3,51.710735138109314,372.3955199123486,42
1234.5,8,1052.3001828636307,6.3,51.7049633647616,372.4304119800054,42
1234.6,8,1052.3001828636307,6.3,51.70208427196853,372.45358409252884,42
1234.7,8,1052.3001828636307,6.3,51.70278619232709,372.4433291467139,42
1234.8,8,1052.3001828636307,6.3,51.80423057721966,371.6334647674273,42
1234.9,8,1052.3001828636307,6.3,51.806265182102635,371.6088739310413,42
1235.0,8,1052.3001828636307,6.3,51.78609952040438,371.7639570476656,42
1235.1,8,1052.3001828636307,6.3,51.78938583141833,371.7399347639075,42
1235.2,8,1052.3001828636307,6.3,51.79321694651644,371.7079237520262,42
1235.3,8,1052.3001828636307,6.3,51.79668427204828,371.67285353165585,42
1235.4,8,1052.3001828636307,6.3,51.78288426260694,371.7754659655734,42
1235.5,8,1052.3001828636307,6.3,51.78585420816722,371.7481164482142,42
1235.6,8,1052.3001828636307,6.3,51.77487958028664,371.83273463744405,42
1235.7,8,1052.3001828636307,6.3,51.780978332269,371.77985494802454,42
1235.8,8,1052.3001828636307,6.3,51.78049428062613,371.7872261237384,42
1235.9,8,1052.3001828636307,6.3,51.782297722788456,371.75958168973284,42
1236.0,8,1052.3001828636307,6.3,51.77426951636938,371.830540043537,42
1236.1,8,1052.3001828636307,6.3,51.76128184485104,371.9163176832599,42
1236.2,8,1052.3001828636307,6.3,51.761458998566205,371.9180528214024,42
1236.3,8,1052.221447723791,6.3,51.76044661732557,371.9254324173294,42
1236.4,8,1052.221447723791,7.0,51.79536944637263,371.54780473084566,42
1236.5,8,1052.221447723791,7.0,51.79011874463059,371.58711714982417,42
1236.6,8,1052.221447723791,7.0,51.82996463561697,371.1577472385901,42
1236.7,8,1052.221447723791,7.0,51.89786569204804,370.7109934420513,42
1236.8,8,1052.221447723791,7.0,51.89140702263541,370.7582624245931,42
1236.9,8,1052.221447723791,7.0,51.89022790710183,370.77072356348856,42
1237.0,8,1052.221447723791,7.0,51.86434591756195,370.96147551149363,42
1237.1,8,1052.221447723791,7.0,51.955048009942544,370.2512257217771,42
1237.2,8,1052.221447723791,7.0,51.94078724791282,370.3576227703237,42
1237.3,8,1052.221447723791,7.0,51.94211132783856,370.3517741597361,42
1237.4,8,1052.221447723791,7.0,51.93552346432179,370.40270814256155,42
1237.5,8,1052.221447723791,7.0,51.92750909360012,370.4656729663141,42
1237.6,8,1052.221447723791,6.3,51.91971207168591,370.52740675069066,42
1237.7,8,1052.221447723791,6.3,51.79938858200856,371.4714809884965,42
1237.8,8,1052.221447723791,6.3,51.797257757017476,371.488586916086,42
1237.9,8,1052.221447723791,6.3,51.803677264862706,371.4457336217028,42
1238.0,8,1052.221447723791,6.3,51.77444081839468,371.67207561114446,42
1238.1,8,1052.221447723791,6.3,51.755940480434184,371.82152835778663,42
1238.2,8,1052.221447723791,6.3,51.75679228304288,371.82288614020524,42
1238.3,8,1052.221447723791,6.3,51.755315427097095,371.8338041430191,42
1238.4,8,1052.221447723791,6.3,51.75160734363688,371.86409611736974,42
1238.5,8,1052.221447723791,6.3,51.748687823734656,371.88987537313,42
1238.6,8,1052.221447723791,6.3,51.731735304578606,372.0253525002519,42
1238.7,8,1052.1433060421546,6.3,51.72640375815392,372.06949976942985,42
1238.8,8,1052.1433060421546,7.0,51.72284695652022,372.10139635880034,42
1238.9,8,1052.1433060421546,7.0,51.69570434332595,372.2760357598498,42
1239.0,8,1052.1433060421546,7.0,51.68124904192568,372.3871789132153,42
1239.1,8,1052.1433060421546,7.0,51.67594124404145,372.42845428870237,42
1239.2,8,1052.1433060421546,6.3,51.82527300863062,371.18414361958537,42
1239.3,8,1052.1433060421546,6.3,51.81817248132444,371.2383928799434,42
1239.4,8,1052.1433060421546,6.3,51.80065993789216,371.3812646212768,42
1239.5,8,1052.1433060421546,6.3,51.79563936421032,371.4182262178268,42
1239.6,8,1052.1433060421546,6.3,51.783252973169645,371.51359926486447,42
1239.7,8,1052.1433060421546,6.3,51.784265664509576,371.5063925071079,42
1239.8,8,1052.1433060421546,6.3,51.80624057271119,371.3260757252457,42
1239.9,8,1052.1433060421546,6.3,51.80084034303427,371.36060975540727,42
1240.0,8,1052.1433060421546,6.3,51.788133426307965,371.45954716474716,42
1240.1,8,1052.1433060421546,6.3,51.78426244063306,371.49205946230813,42
1240.2,8,1052.1433060421546,6.3,51.765975601502,371.6347400786979,42
1240.3,8,1052.1433060421546,6.3,51.76240763548999,371.66292042710654,42
1240.4,8,1052.1433060421546,6.3,51.7560637953073,371.7163311888836,42
1240.5,8,1052.1433060421546,6.3,51.69713912730937,372.09240708910215,42
1240.6,8,1052.1433060421546,6.3,51.69228153983717,372.1481006108099,42
1240.7,8,1052.1433060421546,6.3,51.69417009786396,372.14151989290406,42
1240.8,8,1052.1433060421546,5.6,51.68960196457435,372.19382402164945,42
1240.9,8,1052.1433060421546,5.6,51.69779554170713,372.1446630851742,42
1241.0,8,1052.1433060421546,5.6,51.689893953158986,372.21583703384835,42
1241.1,8,1052.1433060421546,5.6,51.687408851275976,372.2494230790744,42
1241.2,8,1052.1433060421546,5.6,51.6964417449051,372.1975885919162,42
1241.3,8,1052.1433060421546,5.6,51.599797471290984,372.9742178299002,42
1241.4,8,1052.0655249800996,5.6,51.60003950253176,372.98792543307434,42
1241.5,8,1052.0655249800996,6.3,51.60495925830367,372.96579110076937,42
1241.6,8,1052.0655249800996,6.3,51.70708124456385,372.1821551145896,42
1241.7,8,1052.0655249800996,6.3,51.72079526228887,372.09891297362617,42
1241.8,8,1052.0655249800996,6.3,51.73275744101865,372.02792628198347,42
1241.9,8,1052.0655249800996,6.3,51.804936930404985,371.56870495335454,42
1242.0,8,1052.0655249800996,6.3,51.812376404171346,371.53013570263755,42
1242.1,8,1052.0655249800996,6.3,51.82042184622935,371.4905351391602,42
1242.2,8,1052.0655249800996,6.3,51.83674063415865,371.38504685159415,42
1242.3,8,1052.0655249800996,6.3,51.84045200954249,371.3830916262132,42
1242.4,8,1052.0655249800996,6.3,51.71481809287857,372.2202405453165,42
1242.5,8,1052.0655249800996,6.3,51.73764698703867,372.0757821445718,42
1242.6,8,1052.0655249800996,6.3,51.746149056891156,372.0353335750977,42
1242.7,8,1052.0655249800996,6.3,51.77308392307438,371.8536791544156,42
1242.8,8,1052.0655249800996,6.3,51.78098885715125,371.8199730885063,42
1242.9,8,1052.0655249800996,6.3,51.80308872775046,371.6777647631262,42
1243.0,8,1052.0655249800996,6.3,51.817144695518174,371.59446997585894,42
1243.1,8,1052.0655249800996,6.3,51.83360796473822,371.49723999371736,42
1243.2,8,1052.0655249800996,6.3,51.833571256446724,371.529624078049,42
1243.3,8,1052.0655249800996,6.3,51.867443216646876,371.2968145944226,42
1243.4,8,1052.0655249800996,5.6,51.875835978432555,371.2627143145654,42
1243.5,8,1052.0655249800996,5.6,51.842264668610866,371.3261932746704,42
1243.6,8,1052.0655249800996,5.6,51.86345614367089,371.1989735704709,42
1243.7,8,1052.0655249800996,5.6,51.89544013676826,370.98218517465773,42
1243.8,8,1052.0655249800996,5.6,51.91597758031351,370.8541153527667,42
1243.9,8,1051.9878992666825,5.6,51.935220136679405,370.727690752772,42
1244.0,8,1051.9878992666825,6.3,51.95694101120601,370.5875377094815,42
1244.1,8,1051.9878992666825,6.3,51.97770141896268,370.4544199117185,42
1244.2,8,1051.9878992666825,6.3,51.99443104673006,370.3558812672669,42
1244.3,8,1051.9878992666825,6.3,52.02062430786155,370.1794351933257,42
1244.4,8,1051.9878992666825,6.3,52.09258900154653,369.7224627246919,42
1244.5,8,1051.9878992666825,6.3,52.10662917340088,369.6390203935996,42
1244.6,8,1051.9878992666825,6.3,52.129834641248564,369.48062521146653,42
1244.7,8,1051.9878992666825,6.3,52.14438516113353,369.3945118286352,42
1244.8,8,1051.9878992666825,6.3,52.16038965627669,369.29230407750254,42
1244.9,8,1051.9878992666825,6.3,52.18366010761627,369.1338986169793,42
1245.0,8,1051.9878992666825,6.3,52.08455060206905,369.94172740242465,42
1245.1,8,1051.9878992666825,6.3,52.0993370725762,369.8448592885744,42
1245.2,8,1051.9878992666825,6.3,52.119730949887895,369.70940649002796,42
1245.3,10,1051.9878992666825,5.6,52.13351834991386,369.6274289861557,42
1245.4,10,1051.9878992666825,6.4,52.157158617578816,369.46467273249834,42
1245.5,10,1051.9878992666825,6.4,52.032853134666155,370.25719600458865,42
1245.6,10,1051.9878992666825,6.4,52.05385353402168,370.11227785404355,42
1245.7,10,1051.9878992666825,6.4,52.05798871597186,370.0915604092361,42
1245.8,10,1051.9878992666825,6.4,52.076571095395465,369.96593267290086,42
1245.9,8,1051.9878992666825,5.6000000000000005,52.08168917836484,369.9264913443682,42
1246.0,8,1051.9878992666825,5.6,52.18892685081555,369.0887541724703,42
1246.1,8,1051.9878992666825,5.6,52.190919265534035,369.0838257587511,42
1246.2,8,1051.9878992666825,5.6,52.20302259246755,368.99753167213544,42
1246.3,10,1051.9878992666825,5.6,52.21310550792603,368.92809316887997,42
1246.4,9,1054.1975527103345,5.6000000000000005,52.213188799367316,368.9402830497045,42
1246.5,9,1055.4809441637547,4.800000000000001,52.21572351718669,368.9260502804091,42
1246.6,8,1055.4809441637547,4.800000000000001,52.22448708559733,368.86509028661715,42
1246.7,10,1055.4809441637547,5.6,52.2626305527078,368.6359413285685,42
1246.8,10,1055.4809441637547,5.6000000000000005,52.26331188781707,368.63660656383837,42
1246.9,10,1055.4809441637547,5.6000000000000005,52.10537797406066,369.6245126016555,42
1247.0,10,1055.4809441637547,6.4,52.09685674593298,369.69109059095115,42
1247.1,10,1055.4809441637547,6.4,52.092592128500094,369.72224436459624,42
1247.2,10,1055.4809441637547,6.4,52.08739605947876,369.7547739237093,42
1247.3,10,1055.4809441637547,6.4,52.08265942352243,369.7847269707685,42
1247.4,10,1055.4809441637547,6.4,52.079731432515786,369.80027192257774,42
1247.5,10,1055.4809441637547,6.4,52.07205130858023,369.8505185475185,42
1247.6,10,1055.4809441637547,6.4,52.069790975639464,369.8645956750074,42
1247.7,10,1055.4809441637547,6.4,51.984886468706875,370.52703357932353,42
1247.8,10,1055.4809441637547,6.4,51.97973046713652,370.5597840479122,42
1247.9,7,1056.474197697666,5.6000000000000005,51.97736312138927,370.56605629904834,42
1248.0,8,1056.4013015533478,4.8999999999999995,51.981763719373234,370.51099429461823,42
1248.1,9,1057.0789142753868,5.6,51.97047317299616,370.57132314076796,42
1248.2,9,1057.0789142753868,5.6000000000000005,51.95220367367119,370.694390563661,42
1248.3,10,1057.0789142753868,4.800000000000001,51.79786200546868,371.67944871548195,42
1248.4,10,1057.0789142753868,5.6000000000000005,51.78234548365762,371.7816163440614,42
1248.5,10,1057.0789142753868,5.6000000000000005,51.76430298810792,371.90346179037425,42
1248.6,10,1057.0789142753868,5.6000000000000005,51.74300699898367,372.0476970131988,42
1248.7,10,1057.0789142753868,6.4,51.718454031540205,372.2183871962002,42
1248.8,10,1057.0789142753868,6.4,51.832910092547685,371.21158949319886,42
1248.9,10,1057.0789142753868,6.4,51.80061460411449,371.43982460038217,42
1249.0,10,1057.0789142753868,6.4,51.76080995876562,371.7253066982016,42
1249.1,10,1057.0789142753868,6.4,51.73403724001557,371.9160769433893,42
1249.2,10,1057.0789142753868,5.6000000000000005,51.7033395311792,372.14064433250485,42
1249.3,10,1057.0789142753868,5.6000000000000005,51.66906993479512,372.3821859105203,42
1249.4,10,1057.0789142753868,5.6000000000000005,51.632711741159184,372.6518371860592,42
1249.5,10,1057.0789142753868,5.6000000000000005,51.425890053665036,374.0394443565251,42
1249.6,10,1057.0789142753868,5.6000000000000005,51.3825584902861,374.3523477164247,42
1249.7,10,1057.0789142753868,5.6000000000000005,51.34974405251886,374.590251725889,42
1249.8,10,1057.0789142753868,5.6000000000000005,51.306131227869194,374.90534295472895,42
1249.9,10,1057.0789142753868,5.6000000000000005,51.266756893004285,375.1878355340966,42
1250.0,10,1057.0789142753868,5.6000000000000005,51.23196664333409,375.4410661604027,42
1250.1,10,1057.0789142753868,5.6000000000000005,51.19044381245387,375.73330477595334,42
1250.2,10,1057.0789142753868,5.6000000000000005,51.05158107018708,376.8226921097612,42
1250.3,10,1057.0789142753868,5.6000000000000005,51.02281970613343,377.0193563248438,42
1250.4,10,1057.0789142753868,6.4,50.9749749449489,377.3662646909572,42
1250.5,10,1057.0789142753868,6.4,50.93580386633445,377.64820757614575,42
1250.6,10,1057.0789142753868,6.4,50.89863479639713,377.9202578226217,42
1250.7,10,1057.0789142753868,6.4,50.868235530314756,378.13077906349747,42
1250.8,10,1057.0789142753868,6.4,50.824867324475505,378.44255641871587,42
1250.9,10,1057.0789142753868,6.4,50.796690459688804,378.64169764855467,42
1251.0,10,1057.0789142753868,6.4,50.85317793188902,378.2527717106654,42
1251.1,10,1057.0789142753868,6.4,50.839595494985346,378.330539806193,42
1251.2,10,1057.0789142753868,6.4,50.78716732818979,378.7259876683162,42
1251.3,10,1057.0789142753868,6.4,50.77451713126641,378.8001539696379,42
1251.4,10,1057.0789142753868,6.4,50.576104105909266,380.34188096887,42
1251.5,10,1057.0789142753868,6.4,50.6331893160841,379.8466065077342,42
1251.6,10,1057.0789142753868,6.4,50.653151928268,379.5756341619419,42
1251.7,10,1057.0789142753868,6.4,50.62744044772269,379.75317753863965,42
1251.8,10,1057.0789142753868,6.4,50.59374453406363,380.00351393424256,42
1251.9,10,1057.0789142753868,6.4,50.55012312401938,380.32411068644814,42
1252.0,10,1058.4873388067003,6.4,50.51053324884688,380.6205042791751,43
1252.1,10,1058.4873388067003,-100.0,50.47924320299359,380.8478176730591,43
1252.2,10,1058.4873388067003,6.4,50.45089522432497,381.0583504038513,43
1252.3,10,1058.4873388067003,6.4,50.41622239391829,381.30951017551473,43
1252.4,10,1058.4873388067003,6.4,50.394262845160355,381.4683054162008,43
1252.5,10,1058.4873388067003,6.4,50.381430751443894,381.5529812676765,43
1252.6,10,1058.4873388067003,6.4,50.31369478487987,382.0781723222492,43
1252.7,10,1058.4873388067003,6.4,50.292834614919144,382.2273375835665,43
1252.8,10,1058.4873388067003,6.4,50.266426245667745,382.4246649143855,43
1252.9,10,1058.4873388067003,6.4,50.235489118215725,382.65395922417747,43
1253.0,10,1058.4873388067003,6.4,50.188618105693195,383.01200622858005,43
1253.1,10,1058.4873388067003,6.4,50.16646398903725,383.1731684629584,43
1253.2,10,1058.4873388067003,6.4,50.17063149801132,383.17357472548423,43
1253.3,9,1058.9864498830411,6.4,50.1520063189854,383.3115068918722,43
1253.4,9,1058.9864498830411,5.6000000000000005,49.95041985080546,384.77194523103435,43
1253.5,9,1058.9864498830411,5.6000000000000005,49.92034889153743,385.0023397161318,43
1253.6,9,1058.9864498830411,5.6000000000000005,49.65037340307259,387.2256079167905,43
1253.7,9,1058.9864498830411,5.6000000000000005,49.63110130586487,387.3660385619841,43
1253.8,9,1058.9864498830411,5.6000000000000005,49.59423980616116,387.65963057064687,43
1253.9,9,1058.9864498830411,5.6000000000000005,49.56711332810571,387.86962468330285,43
1254.0,9,1058.9864498830411,5.6000000000000005,49.53700713565917,388.10315399283866,43
1254.1,9,1058.9864498830411,4.800000000000001,49.49625780708669,388.43003570781417,43
1254.2,9,1060.3884554135989,5.6000000000000005,49.46592141158571,388.6627783686656,44
1254.3,8,1060.3737250151737,-100.0,49.44808138807373,388.8046658536041,44
1254.4,9,1060.3737250151737,5.6,49.421968889871316,389.0038542404498,44
1254.5,9,1060.3737250151737,5.6000000000000005,49.39424316064681,389.2225777184717,44
1254.6,9,1060.3737250151737,5.6000000000000005,49.39424734552479,389.2098411963271,44
1254.7,9,1060.3737250151737,5.6000000000000005,49.37635020785643,389.35079935673923,44
1254.8,9,1060.3737250151737,5.6000000000000005,49.35602315167676,389.5171275275022,44
1254.9,9,1060.3737250151737,5.6000000000000005,49.33907702796131,389.65107964409367,44
1255.0,9,1060.3737250151737,5.6000000000000005,49.32760753195825,389.7422005595691,44
1255.1,8,1060.3200310109264,5.6000000000000005,49.299357419006455,389.97227950876174,44
1255.2,9,1060.3200310109264,5.6,49.30023860678311,389.9533846254053,44
1255.3,9,1060.3200310109264,5.6000000000000005,49.270331035722435,390.1985771963732,44
1255.4,9,1060.3200310109264,5.6000000000000005,49.251606548991845,390.35999418076403,44
1255.5,9,1060.3200310109264,5.6000000000000005,49.25266951581199,390.3505371065478,44
1255.6,9,1060.3200310109264,5.6000000000000005,49.231386659418995,390.52664028410345,44
1255.7,9,1060.3200310109264,5.6000000000000005,49.21029704076315,390.704472965641,44
1255.8,9,1060.3200310109264,5.6000000000000005,49.18903590053425,390.87965369411916,44
1255.9,9,1060.3200310109264,5.6000000000000005,49.25164356085005,390.4253235113838,44
1256.0,9,1060.3200310109264,5.6000000000000005,49.223639430791565,390.6671388644063,44
1256.1,9,1060.3200310109264,5.6000000000000005,49.213670796220896,390.7516539839951,44
1256.2,8,1060.3200310109264,5.6000000000000005,49.19591118233492,390.898428471789,44
1256.3,8,1060.3200310109264,5.6,49.177066264843624,391.05774592565024,44
1256.4,8,1060.3200310109264,5.6,49.140205074588906,391.3710837345925,44
1256.5,8,1060.3200310109264,5.6,49.132748012590085,391.42885735749087,44
1256.6,8,1060.3200310109264,5.6,49.08530761718583,391.83169424874905,44
1256.7,8,1060.3200310109264,5.6,49.066426152156396,391.9879123978544,44
1256.8,8,1060.3200310109264,5.6,49.05122755025993,392.1089021029034,44
1256.9,8,1060.3200310109264,5.6,49.019451833423396,392.3853326517803,44
1257.0,8,1060.3200310109264,5.6,49.003961306774215,392.512688944543,44
1257.1,8,1060.3200310109264,5.6,48.984716816382836,392.67908848589764,44
1257.2,8,1060.3200310109264,5.6,48.961816272580606,392.8749453117272,44
1257.3,8,1060.3200310109264,5.6,48.849289881655466,393.7226452022214,44
1257.4,8,1060.3200310109264,5.6,48.840213530746084,393.798810637659,44
1257.5,8,1060.3200310109264,5.6,48.82389040538338,393.9406830504063,44
1257.6,10,1060.3200310109264,4.8999999999999995,48.79696692429536,394.174363113417,44
1257.7,10,1060.3200310109264,6.4,48.7522934960565,394.5604248651106,44
1257.8,10,1060.3200310109264,6.4,48.747752294342334,394.60491893877514,44
1257.9,10,1060.3200310109264,6.4,48.73050761839393,394.7568285217311,44
1258.0,10,1060.3200310109264,6.4,48.69501451000829,395.06948295734986,44
1258.1,10,1060.3200310109264,6.4,48.68949535830376,395.12119200235344,44
1258.2,10,1060.3200310109264,6.4,48.664559866969775,395.33700171773285,44
1258.3,10,1060.3200310109264,6.4,48.710687126701686,395.0278252289778,44
1258.4,10,1060.3200310109264,6.4,48.677618740705775,395.3234283293406,44
1258.5,10,1060.3200310109264,6.4,48.66721329120695,395.4169394028623,44
1258.6,10,1060.3200310109264,6.4,48.63890320246651,395.6724566556499,44
1258.7,9,1060.7780392696716,6.4,48.63573630343127,395.70275312672504,44
1258.8,9,1060.7780392696716,6.4,48.62735221682574,395.77325534753663,44
1258.9,9,1060.7780392696716,6.4,48.62062356372693,395.83968876366737,44
1259.0,9,1060.7780392696716,6.4,48.61020266539599,395.92973972326945,44
1259.1,9,1060.7780392696716,6.4,48.43425542733176,397.25711604579135,44
1259.2,8,1060.6992199155331,6.4,48.53499688542894,396.3473037547122,44
1259.3,8,1060.6992199155331,5.6,48.54618703444652,396.25584816708727,44
1259.4,10,1060.6992199155331,4.8999999999999995,48.327300167145204,398.22713541161096,44
1259.5,10,1060.6992199155331,6.4,48.344912449422196,398.0592342592182,44
1259.6,10,1060.6992199155331,6.4,48.32146146747863,398.27369243925455,44
1259.7,10,1060.6992199155331,6.4,48.32473080127477,398.24600814489,44
1259.8,10,1060.6992199155331,6.4,48.32364506062882,398.2556948125423,44
1259.9,10,1060.6992199155331,6.4,48.325470689967496,398.2507900581418,44
1260.0,10,1060.6992199155331,6.4,48.43090387004702,397.3046580153443,44
1260.1,10,1060.6992199155331,6.4,48.43650729395674,397.2625453862479,44
1260.2,10,1060.6992199155331,6.4,48.4463510814999,397.1697990270569,44
1260.3,10,1060.6992199155331,6.4,48.44727221664541,397.1613773397072,44
1260.4,10,1060.6992199155331,6.4,48.46404049924901,397.024077166359,44
1260.5,10,1060.6992199155331,6.4,48.29118698048663,398.31751197948296,44
1260.6,10,1060.6992199155331,6.4,48.29884425335594,398.2465750068409,44
1260.7,10,1060.6992199155331,6.4,48.28718236901197,398.21610956684685,44
1260.8,9,1060.6992199155331,5.6000000000000005,48.27530222931961,398.30859318951536,44
1260.9,9,1060.6992199155331,6.4,48.2803013242966,398.2670109339638,44
1261.0,10,1060.6992199155331,6.4,48.23527355239981,398.753482358713,44
1261.1,7,1060.9653124891622,4.800000000000001,48.23871997582097,398.7258033290917,44
1261.2,10,1060.9653124891622,5.6,48.237381417962865,398.7321508697636,44
1261.3,10,1060.9653124891622,5.6000000000000005,48.020042093319645,400.7061452290134,44
1261.4,10,1060.9653124891622,5.6000000000000005,48.03209954697305,400.5982624807006,44
1261.5,10,1060.9653124891622,5.6000000000000005,48.03675004959585,400.55818249996685,44
1261.6,10,1060.9653124891622,5.6000000000000005,48.049785155145344,400.43356968717694,44
1261.7,10,1060.9653124891622,5.6000000000000005,48.04468048000457,400.4842231237358,44
1261.8,9,1060.9653124891622,5.6000000000000005,48.05332065713111,400.3999747067314,44
1261.9,9,1060.9653124891622,6.4,48.060536893142086,400.3366838121154,44
1262.0,9,1060.9653124891622,5.6000000000000005,48.076585747673455,400.1885432627936,44
1262.1,9,1060.9653124891622,5.6000000000000005,48.15433149752503,399.3256509620827,44
1262.2,9,1060.9653124891622,5.6000000000000005,47.96774377967188,400.7665533524811,44
1262.3,9,1060.9653124891622,5.6000000000000005,47.97037254603441,400.738890986374,44
1262.4,9,1060.9653124891622,5.6000000000000005,47.97646007227219,400.6855429809692,44
1262.5,9,1060.9653124891622,5.6000000000000005,47.98331248587732,400.6188533137752,44
1262.6,9,1060.9653124891622,5.6000000000000005,47.96916587335799,400.7420352485699,44
1262.7,9,1060.9653124891622,5.6000000000000005,47.97404342224769,400.68851720791525,44
1262.8,9,1060.9653124891622,5.6000000000000005,47.97128624619596,400.70753703432854,44
1262.9,9,1060.9653124891622,5.6000000000000005,47.96597220603514,400.75430875204313,44
1263.0,9,1060.9653124891622,5.6000000000000005,47.963452663240915,400.77729520668163,44
1263.1,10,1060.9653124891622,5.6000000000000005,47.95791429723397,400.8214354213104,44
1263.2,10,1060.9653124891622,6.4,47.96706672851721,400.7434624178046,44
1263.3,10,1060.9653124891622,6.4,47.959516293635524,400.8078774792666,44
1263.4,10,1060.9653124891622,6.4,47.97711993057929,400.6538185163241,44
1263.5,10,1060.9653124891622,6.4,48.07115711015816,400.0610517324649,44
1263.6,9,1060.9653124891622,6.4,47.832440459678935,402.2330632357423,44
1263.7,9,1060.9653124891622,6.4,47.831299577938665,402.23763225034344,44
1263.8,9,1060.9653124891622,5.6000000000000005,48.01763554056784,400.53023147779055,44
1263.9,9,1060.9653124891622,5.6000000000000005,48.01412657043824,400.55583083020684,44
1264.0,9,1060.9653124891622,5.6000000000000005,48.01045265971416,400.59511611065375,44
1264.1,9,1060.9653124891622,5.6000000000000005,48.12474737406946,399.71823224781394,44
1264.2,9,1060.9653124891622,5.6000000000000005,48.09953669992137,399.9353761272766,44
1264.3,9,1060.9653124891622,5.6000000000000005,47.91404349474745,401.3695977309011,44
1264.4,9,1060.9653124891622,5.6000000000000005,47.8975150406681,401.50788180265624,44
1264.5,9,1060.9653124891622,5.6000000000000005,47.88464286372083,401.61175832338944,44
1264.6,9,1060.9653124891622,5.6000000000000005,47.866885713371595,401.76458393803756,44
1264.7,10,1060.9653124891622,5.6000000000000005,47.83683706630542,402.01569836792487,44
1264.8,10,1060.9653124891622,5.6000000000000005,47.82211642926728,402.135233582293,44
1264.9,10,1060.9653124891622,5.6000000000000005,47.97401891825797,400.75579175540236,44
1265.0,10,1060.9653124891622,5.6000000000000005,47.95688093741831,400.90049481525693,44
1265.1,10,1060.9653124891622,5.6000000000000005,47.942096055279386,401.021289117822,44
1265.2,10,1060.9653124891622,5.6000000000000005,47.924122065998425,401.17547364352265,44
1265.3,10,1060.9653124891622,5.6000000000000005,47.904009806581286,401.3496075562763,44
1265.4,10,1060.9653124891622,5.6000000000000005,47.87516355348832,401.60299793139114,44
1265.5,10,1060.9653124891622,5.6000000000000005,47.86892604326441,401.649255535331,44
1265.6,10,1060.9653124891622,5.6000000000000005,47.85788565236572,401.7402384245107,44
1265.7,10,1060.9653124891622,4.800000000000001,47.837078981567345,401.913255770746,44
1265.8,10,1060.9653124891622,4.800000000000001,47.81178180240863,402.12787760852007,44
1265.9,10,1060.9653124891622,4.800000000000001,47.78264114711324,402.37730094315,44
1266.0,10,1060.9653124891622,4.800000000000001,47.779626927700136,402.4025272992449,44
1266.1,10,1060.9653124891622,4.800000000000001,47.765683988828826,402.5153300023851,44
1266.2,9,1060.9653124891622,5.6000000000000005,47.75145891464696,402.6301414946555,44
1266.3,9,1060.9653124891622,5.6000000000000005,47.73544946806153,402.7632819501616,44
1266.4,9,1060.9653124891622,5.6000000000000005,47.8360111885517,401.98325431859325,44
1266.5,9,1060.9653124891622,5.6000000000000005,47.797419990477735,402.32450712111796,44
1266.6,9,1060.9653124891622,5.6000000000000005,47.78216230566551,402.44720881164824,44
1266.7,9,1060.9653124891622,5.6000000000000005,47.76576666107402,402.58465476828127,44
1266.8,10,1060.9653124891622,5.6000000000000005,47.74778914817211,402.7441459822515,44
1266.9,10,1060.9653124891622,5.6000000000000005,47.72644231050713,402.92823376379886,44
1267.0,10,1060.9653124891622,5.6000000000000005,47.723889895557335,402.94420026627665,44
1267.1,10,1060.9653124891622,5.6000000000000005,47.7025647472245,403.13079256918553,44
1267.2,10,1060.9653124891622,5.6000000000000005,47.693840984604556,403.20405077899807,44
1267.3,10,1060.9653124891622,5.6000000000000005,47.83927705239211,401.87738863959623,44
1267.4,10,1060.9653124891622,5.6000000000000005,47.81919217788307,402.05167616427605,44
1267.5,10,1060.9653124891622,5.6000000000000005,47.81198560294003,402.1163394013132,44
1267.6,10,1060.9653124891622,5.6000000000000005,47.79648599882182,402.2521343026475,44
1267.7,7,1061.2483031197844,4.800000000000001,47.78130602227641,402.3785438450987,44
1267.8,9,1061.2483031197844,5.6,47.77909994378749,402.3905665038583,44
1267.9,9,1061.2483031197844,5.6000000000000005,47.749037257928286,402.6535473362703,44
1268.0,9,1061.2483031197844,5.6000000000000005,47.73368015705795,402.78075011009014,44
1268.1,9,1061.2483031197844,5.6000000000000005,47.70374287803891,403.0399291411503,44
1268.2,9,1061.2483031197844,5.6000000000000005,47.68887414793113,403.16102989449115,44
1268.3,9,1061.2483031197844,5.6000000000000005,47.671929872970175,403.30598755491815,44
1268.4,9,1061.2483031197844,5.6000000000000005,47.6704308554881,403.3121463440435,44
1268.5,9,1061.2483031197844,5.6000000000000005,47.65907325202744,403.4034885009065,44
1268.6,9,1061.2483031197844,5.6000000000000005,47.75973692740732,402.6116670353575,44
1268.7,9,1061.2483031197844,5.6000000000000005,47.77750354211969,402.1887431558097,44
1268.8,9,1061.2483031197844,5.6000000000000005,47.777490592656676,402.18577667511124,44
1268.9,9,1061.2483031197844,5.6000000000000005,47.75752529011723,402.3497718646714,44
1269.0,9,1061.2483031197844,5.6000000000000005,47.73958163396537,402.4990187604161,44
1269.1,9,1061.2483031197844,6.4,47.721322589883684,402.64186112237275,44
1269.2,9,1061.2483031197844,6.4,47.69966629014074,402.8264838398578,44
1269.3,9,1061.2483031197844,6.4,47.68580352408992,402.9413698782647,44
1269.4,9,1061.2483031197844,6.4,47.666286256008185,403.1002184418501,44
1269.5,9,1061.2483031197844,5.6000000000000005,47.63999779202805,403.32353354857025,44
1269.6,9,1061.2483031197844,5.6000000000000005,47.62924644647072,403.4074691639667,44
1269.7,9,1061.2483031197844,5.6000000000000005,47.76919216076935,402.15429478076396,44
1269.8,9,1061.2483031197844,5.6000000000000005,47.7554967789185,402.2662538507674,44
1269.9,9,1061.2483031197844,5.6000000000000005,47.73134291755942,402.4696780832493,44
1270.0,9,1061.2483031197844,5.6000000000000005,47.70927673744286,402.6541283519408,44
1270.1,9,1061.2483031197844,5.6000000000000005,47.68145510900985,402.88608843037093,44
1270.2,9,1061.2483031197844,5.6000000000000005,47.66919503510322,402.98486569907107,44
1270.3,9,1061.2483031197844,5.6000000000000005,47.63078565180417,403.31089436521813,44
1270.4,9,1061.2483031197844,5.6000000000000005,47.60779209688151,403.5035704034071,44
1270.5,7,1061.4371965424173,5.6000000000000005,47.58417696054666,403.7015084526476,44
1270.6,9,1061.4371965424173,5.6,47.576871883353846,403.75529254480466,44
1270.7,9,1061.4371965424173,5.6000000000000005,47.66666614284038,403.0322143962275,44
1270.8,9,1061.4371965424173,5.6000000000000005,47.640904411209874,403.2467448580493,44
1270.9,9,1061.4371965424173,5.6000000000000005,47.620161745826394,403.4191230140032,44
1271.0,9,1061.4371965424173,5.6000000000000005,47.61218580125605,403.4789665901363,44
1271.1,9,1061.4371965424173,5.6000000000000005,47.587035170619714,403.68773291082994,44
1271.2,8,1061.4769567182173,5.6000000000000005,47.58263515833886,403.71617525429696,44
1271.3,8,1061.4521426716783,4.199999999999999,47.57405851530603,403.78335708338636,44
1271.4,8,1061.4521426716783,4.199999999999999,47.560658536546775,403.8894213337172,44
1271.5,8,1061.4521426716783,4.199999999999999,47.54204135528806,404.043591277031,44
1271.6,8,1061.4521426716783,4.199999999999999,47.53860486430255,404.0624914302175,44
1271.7,8,1061.4521426716783,4.199999999999999,47.508280082033764,404.31462930934265,44
1271.8,8,1061.4521426716783,4.199999999999999,47.49401442761605,404.4284809116173,44
1271.9,8,1061.4521426716783,4.199999999999999,47.46934099725581,404.63651946523055,44
1272.0,8,1061.4521426716783,4.199999999999999,47.45686165370712,404.73546276136625,44
1272.1,8,1061.4521426716783,4.199999999999999,47.57064496012934,403.7213440199449,44
1272.2,8,1061.4521426716783,4.199999999999999,47.53986246914029,403.9800818579499,44
1272.3,8,1061.4521426716783,4.199999999999999,47.518879513447565,404.1514013996096,44
1272.4,8,1061.363731543411,4.199999999999999,47.49967648821243,404.3093349045123,44
1272.5,9,1061.363731543411,4.8999999999999995,47.471063042808446,404.54955626057097,44
1272.6,8,1061.363731543411,5.6000000000000005,47.45843512759956,404.65206556414313,44
1272.7,8,1061.363731543411,4.8999999999999995,47.42736571053543,404.91217504317467,44
1272.8,8,1061.363731543411,4.8999999999999995,47.41397436532915,405.02216443632676,44
1272.9,8,1061.363731543411,4.8999999999999995,47.39479732276686,405.18316263162455,44
1273.0,8,1061.363731543411,4.8999999999999995,47.48348204409551,404.44254755589964,44
1273.1,8,1061.363731543411,4.8999999999999995,47.45246443548672,404.70493827380665,44
1273.2,8,1061.363731543411,4.8999999999999995,47.43597070243547,404.83887322046894,44
1273.3,9,1061.363731543411,4.8999999999999995,47.403028760758644,405.11870100632746,44
1273.4,9,1061.363731543411,5.6000000000000005,47.38575141489104,405.2599034275404,44
1273.5,8,1061.363731543411,5.6000000000000005,47.34939637794915,405.57068969833847,44
1273.6,8,1061.363731543411,4.8999999999999995,47.34712053810727,405.58131879690256,44
1273.7,9,1061.363731543411,4.8999999999999995,47.30723153024479,405.9223152713315,44
1273.8,9,1061.363731543411,5.6000000000000005,47.30382232515213,405.9426255609684,44
1273.9,9,1061.363731543411,6.4,47.27389168649623,406.19818754679045,44
1274.0,9,1061.363731543411,6.4,47.26824070778603,406.2428324737066,44
1274.1,9,1061.363731543411,6.4,47.25196682848505,406.3786201428022,44
1274.2,9,1061.363731543411,6.4,47.235865425797016,406.51508661144135,44
1274.3,9,1061.363731543411,6.4,47.204143661756575,406.78722521491386,44
1274.4,9,1061.363731543411,6.4,47.197294331544576,406.8419581646828,44
1274.5,9,1061.363731543411,6.4,47.295415800943175,405.96420297356775,44
1274.6,9,1061.363731543411,6.4,47.285641994917924,406.0468839364182,44
1274.7,9,1061.363731543411,6.4,47.26153857096682,406.25419394816964,44
1274.8,11,1061.363731543411,5.6000000000000005,47.256837026460246,406.29356451313026,44
1274.9,11,1061.363731543411,6.3,47.22868097805345,406.53556178772635,44
1275.0,11,1061.363731543411,6.3,47.22804944039298,406.5399466887368,44
1275.1,11,1061.363731543411,6.3,47.195793230988535,406.817855558743,44
1275.2,11,1061.363731543411,6.3,47.19586494644581,406.81663082227465,44
1275.3,11,1061.363731543411,6.3,47.18093052408465,406.9449295631459,44
1275.4,11,1061.363731543411,6.3,47.17696698666102,406.9788224096933,44
1275.5,11,1061.363731543411,6.3,47.154608618845586,407.1718339753396,44
1275.6,11,1061.363731543411,6.3,47.05459667769907,408.03735086025335,44
1275.7,11,1061.363731543411,6.3,47.051397429157035,408.06506527028967,44
1275.8,11,1061.363731543411,6.3,47.05800203868455,408.00788431123544,44
1275.9,11,1061.363731543411,6.3,47.22246331378709,406.58802834459505,44
1276.0,11,1061.363731543411,6.3,47.20797445250247,406.71253861616714,44
1276.1,11,1061.363731543411,6.3,47.19958676281966,406.78542279591,44
1276.2,11,1061.363731543411,6.3,47.20445304085563,406.7432277625222,44
1276.3,11,1061.363731543411,6.3,47.19502259999149,406.8246130783971,44
1276.4,11,1061.363731543411,6.3,46.96363614946857,408.8280949219527,44
1276.5,11,1061.363731543411,6.3,46.96254816899857,408.8374225154205,44
1276.6,7,1061.284114321939,6.3,46.96564860097446,408.8099835956146,44
1276.7,11,1061.284114321939,6.3,46.9616559988382,408.8448150072961,44
1276.8,11,1061.284114321939,6.3,46.97527595590394,408.72625641106345,44
1276.9,11,1061.284114321939,6.3,46.97719382027584,408.70960299243535,44
1277.0,11,1061.284114321939,6.3,47.12675031103335,407.4195074831807,44
1277.1,11,1061.284114321939,6.3,47.11291580855103,407.537889065013,44
1277.2,11,1061.284114321939,6.3,47.12995388653385,407.3913146827342,44
1277.3,11,1061.284114321939,6.3,47.13331046073634,407.36159461537363,44
1277.4,11,1061.284114321939,6.3,47.00234064396829,408.49085515281786,44
1277.5,11,1061.284114321939,7.2,46.99808937262844,408.5274946485889,44
1277.6,11,1061.284114321939,7.2,47.01338491333394,408.39480484952395,44
1277.7,11,1061.284114321939,7.2,46.885910073260014,409.51089675814404,44
1277.8,11,1061.284114321939,7.2,46.89034361923659,409.4720010983301,44
1277.9,11,1061.284114321939,7.2,46.89601796664237,409.4227782504988,44
1278.0,11,1061.284114321939,7.2,46.89754758719375,409.4090730745165,44
1278.1,11,1061.284114321939,7.2,47.068971938218866,407.912174046059,44
1278.2,11,1061.284114321939,7.2,47.07507573838156,407.85927834904,44
1278.3,11,1061.284114321939,7.2,47.09908261003663,407.6515238872812,44
1278.4,11,1061.284114321939,7.2,47.1140480752741,407.5221124058444,44
1278.5,11,1061.284114321939,7.2,47.12334585515141,407.4417303640861,44
1278.6,11,1061.284114321939,7.2,47.1453598970721,407.25163107426897,44
1278.7,11,1061.284114321939,7.2,47.147685551131914,407.2314761555631,44
1278.8,11,1061.284114321939,7.2,47.168548622177596,407.0515120102218,44
1278.9,7,1061.2758498383553,6.3,47.17973331015327,406.95483933149444,44
1279.0,9,1061.2758498383553,5.6,47.2028438903596,406.7558775564221,44
1279.1,11,1061.2758498383553,4.800000000000001,47.19590472971433,406.8153725484217,44
1279.2,11,1061.2758498383553,6.3,47.32644985270689,405.69813033467113,44
1279.3,11,1061.2758498383553,6.3,47.17288461771291,407.03596798186857,44
1279.4,11,1061.2758498383553,7.2,46.99330022116532,408.5738754190031,44
1279.5,11,1061.2758498383553,7.2,47.00053191658991,408.5108486598886,44
1279.6,11,1061.2758498383553,7.2,47.01891365533019,408.3513085917052,44
1279.7,7,1061.1895550083289,6.3,47.03482322615005,408.2131337336742,44
1279.8,11,1061.1895550083289,6.3,47.057837776825664,408.0138791264933,44
1279.9,11,1061.1895550083289,6.3,47.067333716272046,407.93113214354673,44
1280.0,11,1061.1895550083289,6.3,47.086684752362956,407.7638243744549,44
1280.1,7,1061.1895550083289,6.3,47.08587809049484,407.77038604384563,44
1280.2,7,1061.1895550083289,6.3,47.110889476670536,407.55458479177855,44
1280.3,7,1061.1895550083289,6.3,47.25964000144194,406.26637121721643,44
1280.4,7,1061.1895550083289,6.3,47.08293629539898,407.79683290844514,44
1280.5,7,1061.1895550083289,6.3,47.07839433467377,407.837523611159,44
1280.6,11,1061.1895550083289,6.3,47.102280662548885,407.6296748994587,44
1280.7,11,1061.1895550083289,6.3,47.10804513387019,407.58102589012157,44
1280.8,7,1061.1895550083289,6.3,47.129229538117926,407.39746626435476,44
1280.9,7,1061.1895550083289,6.3,47.143089855313534,407.27816938874173,44
1281.0,7,1061.1895550083289,6.3,47.15557169463896,407.16998470726463,44
1281.1,7,1061.1895550083289,6.3,47.164915249488935,407.08952152687664,44
1281.2,7,1061.1895550083289,6.3,47.18359133318269,406.9280856534615,44
1281.3,7,1061.1895550083289,6.3,47.1790115284377,406.96847195662974,44
1281.4,7,1061.1895550083289,6.3,47.193350243822096,406.8439527864633,44
1281.5,7,1061.1895550083289,6.3,47.214102921997295,406.66594471348077,44
1281.6,7,1061.1895550083289,6.3,47.32698155825664,405.6899639499825,44
1281.7,7,1061.1895550083289,6.3,47.32532196587891,405.70458457330056,44
1281.8,7,1061.1895550083289,6.3,47.3446458879538,405.5382752730263,44
1281.9,7,1061.1895550083289,6.3,47.122658743541734,407.4508817365834,44
1282.0,7,1061.1895550083289,6.3,47.14816809743545,407.23207906831146,44
1282.1,7,1061.1895550083289,6.3,47.14443786045524,407.2644991245902,44
1282.2,7,1061.1895550083289,6.3,47.160162666342856,407.1300103260077,44
1282.3,7,1061.1895550083289,6.3,47.15920436906888,407.1381585422207,44
1282.4,7,1061.1895550083289,6.3,47.1742697438298,407.00973793257515,44
1282.5,7,1061.1895550083289,6.3,47.165917545046256,407.0820782609988,44
1282.6,7,1061.1895550083289,6.3,47.16988387465444,407.0485197760505,44
1282.7,7,1061.1895550083289,6.3,47.171971192871766,407.03115471116627,44
1282.8,7,1061.1895550083289,6.3,47.18754869451584,406.8989540376156,44
1282.9,7,1061.1895550083289,6.3,47.33064166871389,405.66018955620825,44
1283.0,7,1061.1012506269146,6.3,47.30802292570855,405.8508736178742,44
1283.1,7,1061.1012506269146,7.0,47.13425523729628,407.3533857016713,44
1283.2,7,1061.1012506269146,7.0,47.14394394987633,407.2703168669093,44
1283.3,7,1061.1012506269146,7.0,47.15853599795609,407.1440110773167,44
1283.4,7,1061.1012506269146,7.0,47.18443315870529,406.92181360955175,44
1283.5,7,1061.1012506269146,7.0,47.19750615739088,406.8084410192701,44
1283.6,7,1061.1012506269146,7.0,47.213736209004495,406.668754171967,44
1283.7,7,1061.1012506269146,6.3,47.22531445972115,406.5677452148825,44
1283.8,7,1061.1012506269146,6.3,47.26098726650187,406.2613594464501,44
1283.9,7,1061.1012506269146,6.3,47.2850803258694,406.0546474839026,44
1284.0,7,1061.1012506269146,6.3,47.398756823501245,405.0883882421724,44
1284.1,7,1061.1012506269146,6.3,47.42418937462568,404.8707870896175,44
1284.2,7,1061.1012506269146,6.3,47.25525483512989,406.34675082667206,44
1284.3,7,1061.1012506269146,6.3,47.271954341432064,406.2011147683728,44
1284.4,7,1061.1012506269146,6.3,47.18126110559443,406.9652690696369,44
1284.5,7,1061.1012506269146,6.3,47.202100939278054,406.78350074099683,44
1284.6,7,1061.1012506269146,6.3,47.22960730095549,406.54804933155896,44
1284.7,7,1061.1012506269146,6.3,47.24321673864756,406.42860364267625,44
1284.8,7,1061.1012506269146,6.3,47.26761189161738,406.21886501667257,44
1284.9,7,1061.1012506269146,6.3,47.28716384794943,406.0502143478443,44
1285.0,7,1061.1012506269146,6.3,47.32271374817351,405.7447455523187,44
1285.1,7,1061.1012506269146,6.3,47.476460325777715,404.41812717244466,44
1285.2,7,1061.1012506269146,6.3,47.5036427450236,404.18751621096976,44
1285.3,7,1061.1012506269146,6.3,47.512993470863194,404.10756882576504,44
1285.4,7,1061.1012506269146,6.3,47.53761183704517,403.89910830598524,44
1285.5,7,1061.1012506269146,6.3,47.55426946471229,403.7572639697984,44
1285.6,7,1061.1012506269146,6.3,47.57296859443289,403.59838593917357,44
1285.7,7,1061.1012506269146,6.3,47.58964191306441,403.45691148719357,44
1285.8,7,1061.1012506269146,6.3,47.61160662558665,403.27124636451697,44
1285.9,7,1061.1012506269146,6.3,47.619689063253105,403.20214608655726,44
1286.0,7,1061.0144944010322,6.3,47.64570419374556,402.9829152547057,44
1286.1,7,1061.0144944010322,7.0,47.65849068466372,402.87328905004614,44
1286.2,7,1061.0144944010322,7.0,47.68207283350578,402.6744713694143,44
1286.3,7,1061.0144944010322,7.0,47.77624577524894,401.88681016086,44
1286.4,7,1061.0144944010322,7.0,47.7985347131352,401.69987305220127,44
1286.5,7,1061.0144944010322,7.0,47.810203718314085,401.6002401127221,44
1286.6,7,1061.0144944010322,7.0,47.82383768326383,401.48633779287474,44
1286.7,7,1061.0144944010322,7.0,47.83102485623481,401.4254625089943,44
1286.8,7,1061.0144944010322,7.0,47.85247198122586,401.245773438891,44
1286.9,7,1061.0144944010322,7.0,47.86680435363023,401.12516486252616,44
1287.0,7,1061.0144944010322,7.0,47.89074279157905,400.9243031218069,44
1287.1,7,1061.0144944010322,7.0,47.90410366379734,400.8117725897995,44
1287.2,7,1061.0144944010322,7.0,47.91982051035204,400.67931100714145,44
1287.3,7,1061.0144944010322,7.0,48.05492404472716,399.54540877843476,44
1287.4,7,1061.0144944010322,7.0,48.076278309960436,399.3679669947402,44
1287.5,7,1061.0144944010322,7.0,48.07692399935526,399.3619345144474,44
1287.6,7,1061.0144944010322,7.0,48.09511753873032,399.21096720435173,44
1287.7,7,1061.0144944010322,7.0,48.107676120227566,399.1062985416605,44
1287.8,7,1061.0144944010322,7.0,48.12796312979761,398.9380198167619,44
1287.9,7,1061.0144944010322,7.0,48.1400441701782,398.8377702000438,44
1288.0,7,1061.0144944010322,7.0,48.16517924867448,398.62943039037566,44
1288.1,7,1061.0144944010322,7.0,48.179261422286814,398.51282047867824,44
1288.2,7,1061.0144944010322,7.0,48.19868039732508,398.352234452773,44
1288.3,7,1061.0144944010322,7.0,48.20706769775213,398.28257856982776,44
1288.4,7,1061.0144944010322,7.0,48.22285804715685,398.15208029346445,44
1288.5,7,1061.0144944010322,7.0,48.23742646839534,398.0316164571856,44
1288.6,7,1061.0144944010322,7.0,48.32344698993636,397.32416059195816,44
1288.7,7,1061.0144944010322,7.0,48.20752525509511,398.2864940106682,44
1288.8,7,1061.0144944010322,7.0,48.22482589659087,398.1430767872284,44
1288.9,7,1061.0144944010322,7.0,48.24036746568112,398.0147476516291,44
1289.0,7,1061.0144944010322,7.0,48.2587623899884,397.8627216569217,44
1289.1,7,1061.0144944010322,7.0,48.26178223179859,397.8370762434443,44
1289.2,7,1061.0144944010322,7.0,48.29431016717088,397.5693111792265,44
1289.3,7,1060.92745146261,7.0,48.30385505901833,397.4897360305531,44
1289.4,7,1060.92745146261,7.699999999999999,48.32403203799684,397.32297924832693,44
1289.5,7,1060.92745146261,7.699999999999999,48.43763611005383,396.3865169045141,44
1289.6,7,1060.92745146261,7.699999999999999,48.44204369253067,396.3503852409857,44
1289.7,7,1060.92745146261,7.699999999999999,48.45619509733628,396.234528301074,44
1289.8,7,1060.92745146261,7.699999999999999,48.471770602502886,396.107289225679,44
1289.9,7,1060.92745146261,7.699999999999999,48.4867800822129,395.98447442764905,44
1290.0,7,1060.92745146261,7.699999999999999,48.495167545885344,395.9158696814807,44
1290.1,7,1060.92745146261,7.699999999999999,48.50253173344247,395.8556580446739,44
1290.2,7,1060.92745146261,7.699999999999999,48.52853596434888,395.6435446578648,44
1290.3,7,1060.92745146261,7.699999999999999,48.535310883254155,395.5882833350104,44
1290.4,7,1060.92745146261,7.699999999999999,48.55654231740807,395.41530638571066,44
1290.5,7,1060.92745146261,7.699999999999999,48.55421602740527,395.43430869802734,44
1290.6,7,1060.92745146261,7.0,48.583909579713385,395.19261155997583,44
1290.7,7,1060.92745146261,7.0,48.59663658029115,395.0892762416265,44
1290.8,7,1060.92745146261,7.0,48.617267783581255,394.92161034701496,44
1290.9,7,1060.92745146261,7.0,48.64243559379889,394.71722527098916,44
1291.0,7,1060.92745146261,7.0,48.64872627481404,394.6664553694911,44
1291.1,7,1060.92745146261,7.0,48.665915735225425,394.52711950352864,44
1291.2,7,1060.92745146261,7.0,48.67553635315956,394.4493442479545,44
1291.3,7,1060.92745146261,7.0,48.68987391270361,394.33319522118654,44
1291.4,7,1060.92745146261,7.0,48.698433732275475,394.2642250530215,44
1291.5,7,1060.92745146261,7.0,48.71443965260745,394.1348491921983,44
1291.6,7,1060.92745146261,7.0,48.802658749987586,393.4213117650453,44
1291.7,7,1060.92745146261,7.0,48.9005284115197,392.6364619075391,44
1291.8,7,1060.92745146261,7.0,48.91102970318363,392.55282309510727,44
1291.9,7,1060.92745146261,7.0,48.914191977187166,392.5278736531551,44
1292.0,7,1060.92745146261,7.0,48.920714524289,392.4764626400737,44
1292.1,7,1060.92745146261,7.0,48.93073953209641,392.39587918086556,44
1292.2,7,1060.92745146261,7.0,48.93790354758445,392.33977360673566,44
1292.3,7,1060.92745146261,7.0,48.9539545272546,392.21153802494,44
1292.4,7,1060.92745146261,7.0,48.96340962015472,392.1365461554411,44
1292.5,7,1060.92745146261,7.0,48.97272418954558,392.062716960187,44
1292.6,7,1060.92745146261,7.0,48.97388872324935,392.05471642600776,44
1292.7,7,1060.92745146261,7.0,48.98355962941167,391.97876770947573,44
1292.8,7,1060.92745146261,7.0,48.984412898984864,391.9734398482648,44
1292.9,7,1060.8401347945785,7.0,48.99936381847229,391.85401223276597,44
1293.0,7,1060.8401347945785,7.699999999999999,48.992163486761825,391.91398523807754,44
1293.1,7,1060.8401347945785,7.699999999999999,48.99513619389184,391.89152422922905,44
1293.2,7,1060.8401347945785,7.699999999999999,48.98983832169868,391.9365269034696,44
1293.3,7,1060.8401347945785,7.699999999999999,48.99080180176627,391.93014437731426,44
1293.4,7,1060.8401347945785,7.699999999999999,48.990999669307875,391.93046659304264,44
1293.5,7,1060.8401347945785,7.699999999999999,48.992182093052364,391.9219782695591,44
1293.6,7,1060.8401347945785,7.699999999999999,48.94188234552174,392.33475135846345,44
1293.7,7,1060.8401347945785,7.699999999999999,48.960891224556285,392.1831624252966,44
1293.8,7,1060.8401347945785,7.699999999999999,49.014474089807365,391.74894528186337,44
1293.9,7,1060.8401347945785,7.699999999999999,49.027387064168195,391.6471277626645,44
1294.0,7,1060.8401347945785,7.699999999999999,49.09498544776691,391.12169836099326,44
1294.1,7,1060.8401347945785,7.699999999999999,49.09577872164252,391.11579524470056,44
1294.2,7,1060.8401347945785,7.699999999999999,49.002889320318516,391.8455278177446,44
1294.3,7,1060.8401347945785,7.699999999999999,48.99740117320604,391.8905427029661,44
1294.4,7,1060.8401347945785,7.699999999999999,49.02474605876661,391.65585488011754,44
1294.5,7,1060.8401347945785,7.699999999999999,48.97197777389637,392.08613645594147,44
1294.6,7,1060.8401347945785,7.699999999999999,48.96968017377786,392.10733551097826,44
1294.7,7,1060.8401347945785,7.699999999999999,48.97400186645048,392.0724653270719,44
1294.8,7,1060.8401347945785,7.699999999999999,48.973920723272485,392.07439185414523,44
1294.9,7,1060.8401347945785,7.699999999999999,48.995328333429015,391.90244810696765,44
1295.0,7,1060.8401347945785,7.699999999999999,48.98773754470666,391.9646572183227,44
1295.1,7,1060.8401347945785,7.0,48.99389073053215,391.9154846023016,44
1295.2,7,1060.8401347945785,7.0,48.99942118441661,391.8811471442848,44
1295.3,7,1060.8401347945785,7.0,49.00450522531264,391.8419855174093,44
1295.4,7,1060.8401347945785,7.0,49.01355133001159,391.77160068125784,44
1295.5,7,1060.8401347945785,7.0,49.03476139278496,391.6024100358435,44
1295.6,7,1060.8401347945785,7.0,49.046603617882056,391.5078591930028,44
1295.7,7,1060.8401347945785,7.0,49.06363967641046,391.3724832015381,44
1295.8,7,1060.8401347945785,7.0,48.967961248635206,392.1211878185171,44
1295.9,7,1060.8401347945785,7.0,48.98006619380459,392.02436895483464,44
1296.0,7,1060.8401347945785,7.0,48.894684780264654,392.7246907877699,44
1296.1,7,1060.8401347945785,7.0,48.90377702273805,392.6516187144364,44
1296.2,7,1060.8401347945785,6.3,48.91011888267069,392.6034383525184,44
1296.3,7,1060.8401347945785,6.3,48.93368260700909,392.41530255134705,44
1296.4,7,1060.8401347945785,6.3,49.004006267889665,391.84614903932925,44
1296.5,7,1060.8401347945785,6.3,49.01258971279879,391.78034198236924,44
1296.6,7,1060.7532436051758,6.3,49.02932226121008,391.6478172369807,44
1296.7,7,1060.7532436051758,7.0,49.03533240414161,391.60266399643353,44
1296.8,7,1060.7532436051758,7.0,49.04420973082121,391.5344369755675,44
1296.9,7,1060.7532436051758,7.0,49.0568666685879,391.4344926270383,44
1297.0,7,1060.7532436051758,7.0,49.055874098609934,391.44694464184784,44
1297.1,7,1060.7532436051758,7.0,49.07502630971811,391.2955256271635,44
1297.2,7,1060.7532436051758,7.0,49.07500198962664,391.29887718543773,44
1297.3,7,1060.7532436051758,7.0,49.095364191255,391.1352372918009,44
1297.4,7,1060.7532436051758,7.0,49.095655054511866,391.1364885559922,44
1297.5,7,1060.7532436051758,7.0,49.10518476937395,391.0633805603194,44
1297.6,7,1060.7532436051758,7.0,49.12271213631659,390.92530593107006,44
1297.7,7,1060.7532436051758,7.0,49.12988980368809,390.8705685446989,44
1297.8,7,1060.7532436051758,7.0,49.13918025672005,390.7995356645699,44
1297.9,7,1060.7532436051758,7.0,49.2814876048723,389.70767535111077,44
1298.0,7,1060.7532436051758,7.0,49.29172807033771,389.63080397781647,44
1298.1,7,1060.7532436051758,7.0,49.31075306763337,389.480691894394,44
1298.2,7,1060.7532436051758,7.0,49.20883398028616,390.3231148683591,44
1298.3,7,1060.7532436051758,7.0,49.21092109119615,390.30884367952865,44
1298.4,7,1060.7532436051758,7.0,49.22984166342658,390.16112628457756,44
1298.5,7,1060.7532436051758,7.0,49.24630646864305,390.031312100632,44
1298.6,7,1060.7532436051758,7.0,49.253266935134846,389.97778461727694,44
1298.7,7,1060.7532436051758,7.0,49.257407347510835,389.9465328092899,44
1298.8,7,1060.7532436051758,7.0,49.25781016379864,389.94603112203055,44
1298.9,7,1060.7532436051758,7.0,49.27139757853976,389.83824388639516,44
1299.0,7,1060.7532436051758,7.0,49.28183710851313,389.75829840751106,44
1299.1,7,1060.7532436051758,7.0,49.27459344714749,389.8193744733399,44
1299.2,7,1060.7532436051758,7.0,49.327418223387895,389.3878646422764,44
1299.3,7,1060.7532436051758,7.0,49.35006265691197,389.2092952265477,44
1299.4,7,1060.7532436051758,7.0,49.34727931105365,389.2332012668828,44
1299.5,7,1060.7532436051758,6.3,49.35881438039654,389.14192862644785,44
1299.6,7,1060.7532436051758,6.3,49.36847620142347,389.0673698735106,44
1299.7,7,1060.7532436051758,6.3,49.379842322448,388.9768249838554,44
1299.8,7,1060.7532436051758,6.3,49.38156546776558,388.9600090329309,44
1299.9,7,1060.7532436051758,6.3,49.3984955877825,388.8260759398694,44
1300.0,7,1060.7532436051758,6.3,49.40846170258635,388.74660393984425,44
1300.1,7,1060.7532436051758,6.3,49.42578361813414,388.61076373507524,44
1300.2,7,1060.7532436051758,6.3,49.42690620049778,388.6006593168571,44
1300.3,7,1060.7532436051758,6.3,49.44260822378186,388.4781034341772,44
1300.4,7,1060.7532436051758,6.3,49.44596009828852,388.45533532305575,44
1300.5,7,1060.7532436051758,6.3,49.45305063931211,388.3991177743799,44
1300.6,7,1060.7532436051758,6.3,49.45502562727765,388.3820115873199,44
1300.7,7,1060.7532436051758,6.3,49.46790943243698,388.28438893763223,44
1300.8,7,1060.7532436051758,6.3,49.47447698876094,388.23287005875585,44
1300.9,7,1060.7532436051758,6.3,49.48989853296831,388.10905845472837,44
1301.0,7,1060.7532436051758,6.3,49.49430170647914,388.07240294566105,44
1301.1,7,1060.7532436051758,6.3,49.496457531409774,388.05294466846533,44
1301.2,7,1060.7532436051758,6.3,49.4961410384169,388.0562834211938,44
1301.3,7,1060.7532436051758,6.3,49.5084064256342,387.9573180623696,44
1301.4,7,1060.7532436051758,6.3,49.49324620250039,388.0817938777586,44
1301.5,7,1060.7532436051758,6.3,49.505218361828256,387.9863336661798,44
1301.6,7,1060.7532436051758,6.3,49.39372035870609,388.9015707452777,44
1301.7,7,1060.7532436051758,6.3,49.39242735442184,388.90957940688304,44
1301.8,7,1060.7532436051758,6.3,49.54369526320926,387.7720121737203,44
1301.9,7,1060.7532436051758,6.3,49.55637756191446,387.667712215138,44
1302.0,7,1060.7532436051758,6.3,49.56147339926595,387.63030650194673,44
1302.1,7,1060.7532436051758,6.3,49.57219182363086,387.54002175311496,44
1302.2,7,1060.7532436051758,6.3,49.6116569257307,387.21518958899435,44
1302.3,7,1060.7532436051758,6.3,49.619333469115375,387.1542527314241,44
1302.4,7,1060.7532436051758,6.3,49.365968348570085,389.15682998550625,44
1302.5,7,1060.7532436051758,6.3,49.36619574323028,389.1524534093427,44
1302.6,7,1060.7532436051758,6.3,49.37602968231181,389.07224003696956,44
1302.7,8,1061.622417465667,5.6,49.3762950369354,389.06742965491594,44
1302.8,7,1061.622417465667,4.8999999999999995,49.380460430692274,389.03261513307666,44
1302.9,7,1061.622417465667,5.6,49.384284840095894,389.00081868881523,44
1303.0,7,1061.622417465667,5.6,49.38149000020409,389.0256836265038,44
1303.1,7,1061.622417465667,5.6,49.36622921553491,389.14655857603066,44
1303.2,7,1061.5347034360855,5.6,49.35999803971191,389.19948965220874,44
1303.3,7,1061.5347034360855,6.3,49.51512082618308,387.95999637085106,44
1303.4,7,1061.5347034360855,6.3,49.510663030468244,387.99760817959054,44
1303.5,7,1061.5347034360855,6.3,49.3841844576429,388.9582194943349,44
1303.6,7,1061.5347034360855,6.3,49.384083343408896,388.9609442949427,44
1303.7,7,1061.5347034360855,6.3,49.382122592660906,388.98259549811735,44
1303.8,7,1061.5347034360855,6.3,49.38675016669138,388.94635491484587,44
1303.9,7,1061.5347034360855,6.3,49.393267332616546,388.8991427733283,44
1304.0,7,1061.5347034360855,6.3,49.390584329942044,388.9233014670317,44
1304.1,7,1061.5347034360855,6.3,49.397447340734026,388.8724905005223,44
1304.2,7,1061.5347034360855,5.6,49.401848427216386,388.84296196972605,44
1304.3,7,1061.5347034360855,5.6,49.40364747533968,388.8322568921743,44
1304.4,7,1061.5347034360855,5.6,49.28591423120365,389.72139647833166,44
1304.5,7,1061.5347034360855,5.6,49.2826221294882,389.7541265573342,44
1304.6,7,1061.5347034360855,5.6,49.277516240918516,389.8024166254209,44
1304.7,7,1061.6615302666287,5.6,49.27909620925806,389.72668314976295,44
1304.8,7,1061.6615302666287,6.3,49.28572665187336,389.68026670663795,44
1304.9,7,1061.6615302666287,6.3,49.287797382456716,389.66570507890714,44
1305.0,7,1061.6615302666287,6.3,49.29081430369263,389.64587348823295,44
1305.1,7,1061.6615302666287,6.3,49.33542107616728,389.2865851076134,44
1305.2,7,1061.6615302666287,6.3,49.345533103444474,389.20992787179955,44
1305.3,7,1061.6615302666287,6.3,49.1905656800938,390.4028796277326,44
1305.4,9,1061.6615302666287,5.6,49.19217098419853,390.3947816035351,44
1305.5,9,1061.6615302666287,4.800000000000001,49.1869564879499,390.4404814380854,44
1305.6,9,1061.6615302666287,4.800000000000001,49.17843904060227,390.5144327454549,44
1305.7,9,1061.6615302666287,4.800000000000001,49.18737292638956,390.44548952400845,44
1305.8,9,1061.6615302666287,4.800000000000001,49.19396818117242,390.39669542686113,44
1305.9,9,1061.6615302666287,4.800000000000001,49.24660571420992,389.9975272367929,44
1306.0,9,1061.6615302666287,4.800000000000001,49.25533996701006,389.93298996111133,44
1306.1,9,1061.6615302666287,4.800000000000001,49.26091473461389,389.89422913711655,44
1306.2,9,1061.6615302666287,4.800000000000001,49.256265189359496,389.9373675088803,44
1306.3,9,1061.6615302666287,4.800000000000001,49.26479011905093,389.86939358656247,44
1306.4,9,1061.6615302666287,4.800000000000001,49.07539013003536,391.4438707931321,44
1306.5,9,1061.6615302666287,4.800000000000001,49.073456514409976,391.46754159900024,44
1306.6,9,1061.6615302666287,4.800000000000001,49.06021489657502,391.587313126004,44
1306.7,9,1061.6615302666287,5.6000000000000005,49.06949633637298,391.5170334781411,44
1306.8,9,1061.6615302666287,5.6000000000000005,49.07917282079775,391.44741063348226,44
1306.9,9,1061.6615302666287,5.6000000000000005,49.080155058980594,391.44680734370843,44
1307.0,9,1061.6615302666287,5.6000000000000005,49.07827553034403,391.47146253148424,44
1307.1,9,1061.6615302666287,5.6000000000000005,49.08024016611035,391.4615796392417,44
1307.2,9,1061.6615302666287,5.6000000000000005,49.06596424867138,391.5899332778463,44
1307.3,9,1061.6615302666287,5.6000000000000005,49.073945438774786,391.5339822210503,44
1307.4,9,1061.6615302666287,5.6000000000000005,49.067708619638,391.5913303264714,44
1307.5,9,1061.6615302666287,5.6000000000000005,49.07729783101687,391.5216212738392,44
1307.6,9,1061.6615302666287,5.6000000000000005,49.109784927730324,391.25623193446586,44
1307.7,9,1061.6615302666287,5.6000000000000005,49.11226099822929,391.2354280395811,44
1307.8,9,1061.6615302666287,5.6000000000000005,49.1087714687855,391.2715511828435,44
1307.9,9,1061.6615302666287,5.6000000000000005,48.950008249097905,392.626166264505,44
1308.0,9,1061.6615302666287,6.4,48.946770635155104,392.65728240319817,44
1308.1,9,1061.6615302666287,6.4,48.95484664720831,392.5992411830697,44
1308.2,9,1061.6615302666287,6.4,48.957930142345205,392.58438405637423,44
1308.3,9,1061.6615302666287,6.4,48.94636772997292,392.6914781778406,44
1308.4,9,1061.6615302666287,6.4,48.94770666537957,392.67935474559795,44
1308.5,9,1061.6615302666287,6.4,48.798562073020285,393.8286365018898,44
1308.6,9,1061.6615302666287,6.4,48.85982514990181,393.361949164351,44
1308.7,9,1061.6615302666287,6.4,48.85657932996739,393.3903020507932,44
1308.8,9,1061.6615302666287,6.4,48.86129467198157,393.20782929041684,44
1308.9,9,1061.6615302666287,6.4,48.8546008027397,393.2634436798954,44
1309.0,9,1061.6615302666287,6.4,48.84931660157575,393.3103313162271,44
1309.1,9,1061.6615302666287,6.4,48.84656482075496,393.3299439627118,44
1309.2,9,1061.6615302666287,6.4,48.85626488506311,393.2465446711403,44
1309.3,9,1061.6615302666287,6.4,48.8396053071241,393.3864192842649,44
1309.4,9,1061.6615302666287,6.4,48.677233038973824,394.7432488905213,44
1309.5,9,1061.6615302666287,6.4,48.66446450271962,394.8539990727737,44
1309.6,9,1061.6615302666287,6.4,48.671054227167915,394.79666510845334,44
1309.7,9,1061.6615302666287,6.4,48.66751789964178,394.82775608922225,44
1309.8,9,1061.6615302666287,6.4,48.68398000446418,394.68732516589915,44
1309.9,9,1061.6615302666287,6.4,48.68506784700115,394.67583098710077,44
1310.0,9,1061.6615302666287,6.4,48.68971469013714,394.6358558310794,44
1310.1,9,1061.6615302666287,7.2,48.69983520295961,394.55978352431816,44
1310.2,9,1061.6615302666287,7.2,48.7084160017001,394.49101731615053,44
1310.3,9,1061.6615302666287,7.2,48.721612235202045,394.38480965843354,44
1310.4,9,1061.6615302666287,7.2,48.73415302005468,394.28865783931275,44
1310.5,9,1061.6615302666287,7.2,48.78023984983575,393.9009686635293,44
1310.6,9,1061.6615302666287,7.2,48.803708887750844,393.7082605191133,44
1310.7,9,1061.6615302666287,7.2,48.824885960353335,393.53561040902724,44
1310.8,9,1061.6615302666287,7.2,48.85121685922986,393.3204450110577,44
1310.9,9,1061.6615302666287,7.2,48.863392586079414,393.22053373079785,44
1311.0,9,1061.6615302666287,6.4,48.89678762281035,392.94615102418487,44
1311.1,9,1061.6615302666287,6.4,48.96171959866694,392.35136902262434,44
1311.2,9,1061.6615302666287,6.4,48.99467026757653,392.0843391133204,44
1311.3,9,1061.6615302666287,6.4,49.010755301075044,391.95362812152916,44
1311.4,9,1061.6615302666287,6.4,49.03207234895552,391.7828206896228,44
1311.5,9,1061.6615302666287,6.4,49.04562817624968,391.6700183997114,44
1311.6,9,1061.6615302666287,6.4,49.06955144186696,391.47922179335814,44
1311.7,9,1061.6615302666287,6.4,49.132037461553026,390.9672224294575,44
1311.8,10,1063.0145265123958,5.6000000000000005,49.151143365342676,390.81414831317466,44
1311.9,9,1063.0145265123958,5.6000000000000005,49.181916924275214,390.56532251357856,44
1312.0,10,1063.759696450112,5.6000000000000005,49.197020506199294,390.44811743897515,44
1312.1,9,1063.759696450112,4.800000000000001,49.21835855267197,390.2751859290746,44
1312.2,9,1063.759696450112,5.6000000000000005,49.23172671374517,390.16916569051625,44
1312.3,9,1063.759696450112,5.6000000000000005,49.253277106700835,389.9964415224707,44
1312.4,9,1063.759696450112,5.6000000000000005,49.27671401570841,389.8081559864283,44
1312.5,9,1063.759696450112,5.6000000000000005,49.27757903817857,389.8060617363582,44
1312.6,9,1063.759696450112,5.6000000000000005,49.30884972119533,389.55775382257957,44
1312.7,9,1063.759696450112,5.6000000000000005,49.31589633576026,389.50579982655654,44
1312.8,9,1063.759696450112,5.6000000000000005,49.32903334259874,389.40505449801765,44
1312.9,9,1063.759696450112,5.6000000000000005,49.34935344241549,389.2445493718721,44
1313.0,9,1063.759696450112,5.6000000000000005,49.368545385393325,389.0932989900185,44
1313.1,9,1063.759696450112,5.6000000000000005,49.39749586654736,388.859939472559,44
1313.2,9,1063.759696450112,5.6000000000000005,49.41713900782341,388.7071841866115,44
1313.3,9,1063.759696450112,5.6000000000000005,49.44415102554479,388.49001525394004,44
1313.4,9,1063.759696450112,5.6000000000000005,49.457302062679574,388.3930361333118,44
1313.5,9,1063.759696450112,5.6000000000000005,49.45965649296275,388.3806297155571,44
1313.6,9,1063.759696450112,5.6000000000000005,49.479562206661086,388.22694716155854,44
1313.7,9,1063.759696450112,5.6000000000000005,49.53730872108712,387.71171459734956,44
1313.8,9,1063.759696450112,5.6000000000000005,49.55567323754907,387.5695336414409,44
1313.9,9,1063.759696450112,5.6000000000000005,49.581036859133164,387.3727654029736,44
1314.0,9,1063.759696450112,5.6000000000000005,49.60076236533412,387.21744706640436,44
1314.1,9,1063.759696450112,5.6000000000000005,49.67850944126633,386.63126931704926,44
1314.2,9,1063.759696450112,5.6000000000000005,49.707911942693976,386.40224336674385,44
1314.3,9,1063.759696450112,5.6000000000000005,49.73026170391637,386.2291070483776,44
1314.4,9,1063.759696450112,5.6000000000000005,49.74901618741783,386.0839967312904,44
1314.5,9,1063.759696450112,5.6000000000000005,49.759746103940515,386.0067768457892,44
1314.6,9,1063.759696450112,6.4,49.77932723970842,385.8549394728714,44
1314.7,9,1063.759696450112,6.4,49.79165194079964,385.76178218208986,44
1314.8,9,1063.759696450112,6.4,49.81617593579365,385.57181490977905,44
1314.9,9,1063.759696450112,6.4,49.87888710613658,385.0778561464359,44
1315.0,9,1063.759696450112,6.4,49.904647461098506,384.88044146265275,44
1315.1,9,1063.759696450112,6.4,49.919488535558315,384.76883893471995,44
1315.2,9,1063.759696450112,5.6000000000000005,49.95094737986924,384.5243912725847,44
1315.3,9,1063.759696450112,5.6000000000000005,49.96337501790249,384.43014997100255,44
1315.4,9,1063.759696450112,5.6000000000000005,49.96914313436457,384.39094705579504,44
1315.5,9,1063.759696450112,5.6000000000000005,49.97212766014448,384.3725958454413,44
1315.6,9,1063.759696450112,5.6000000000000005,49.98956914150999,384.2377782726488,44
1315.7,9,1063.759696450112,5.6000000000000005,50.00321864232413,384.1383560161014,44
1315.8,9,1063.759696450112,5.6000000000000005,50.02555812704678,383.9708470527055,44
1315.9,9,1063.759696450112,5.6000000000000005,50.028076501497125,383.9586572739408,44
1316.0,9,1063.759696450112,5.6000000000000005,50.0275334871215,383.9674145162036,44
1316.1,9,1063.759696450112,5.6000000000000005,50.033977857965056,383.92151360880143,44
1316.2,9,1063.759696450112,5.6000000000000005,50.03460328891674,383.92295383388785,44
1316.3,9,1063.759696450112,5.6000000000000005,50.048367692954926,383.8276897551143,44
1316.4,9,1063.759696450112,5.6000000000000005,50.06711132745444,383.6142557423284,44
1316.5,9,1063.759696450112,5.6000000000000005,50.06404182459377,383.6471668610732,44
1316.6,9,1063.759696450112,5.6000000000000005,50.11019974822933,383.31840490962054,44
1316.7,9,1063.759696450112,5.6000000000000005,50.11601526919269,383.27752166751964,44
1316.8,9,1063.759696450112,5.6000000000000005,50.12539016231855,383.21240108521994,44
1316.9,9,1063.759696450112,5.6000000000000005,50.1316537638515,383.1703140310519,44
1317.0,9,1063.759696450112,5.6000000000000005,50.09533812486481,383.6473027244,44
1317.1,9,1063.759696450112,5.6000000000000005,50.09977203070683,383.618033737388,44
1317.2,9,1063.759696450112,4.800000000000001,50.11864277099197,383.47847947111114,44
1317.3,9,1063.759696450112,4.800000000000001,50.14666971518106,383.26628460704643,44
1317.4,9,1063.759696450112,4.800000000000001,50.164362017027074,383.13399524268027,44
1317.5,10,1064.2851627308607,4.800000000000001,50.20734074824265,382.79463678504453,44
1317.6,9,1064.2851627308607,4.0,50.212858135229695,382.7603046462223,44
1317.7,9,1064.2851627308607,4.800000000000001,50.22150946454005,382.69495292054944,44
1317.8,9,1064.2851627308607,4.800000000000001,50.24154888722459,382.5444861944234,44
1317.9,9,1064.2851627308607,4.800000000000001,50.24846341563973,382.49862730774146,44
1318.0,9,1064.2851627308607,4.800000000000001,50.260337081476735,382.4135198001393,44
1318.1,9,1064.2851627308607,5.6000000000000005,50.28907690232673,382.192820677438,44
1318.2,9,1064.2851627308607,4.800000000000001,50.28103646690103,382.26822969975643,44
1318.3,9,1064.2851627308607,4.800000000000001,50.307135062756274,382.0710100050029,44
1318.4,9,1064.2851627308607,4.800000000000001,50.3040154326076,382.10612704796824,44
1318.5,9,1064.2851627308607,4.800000000000001,50.330688162288425,381.90288474721746,44
1318.6,10,1064.2851627308607,4.800000000000001,50.327747312344044,381.9335273354459,44
1318.7,10,1064.2851627308607,4.0,50.35790843037953,381.70627353443183,44
1318.8,10,1064.2851627308607,4.0,50.36843543768978,381.63161254694796,44
1318.9,10,1064.2851627308607,4.0,50.321959455728404,381.965265123108,44
1319.0,10,1064.2851627308607,4.0,50.35248714240351,381.73482443045305,44
1319.1,10,1064.2851627308607,4.0,50.40180583211391,381.39135113364614,44
1319.2,11,1064.2851627308607,4.0,50.420398526998525,381.2512222376414,44
1319.3,11,1064.2851627308607,5.4,50.431069171141445,381.1788372612632,44
1319.4,11,1064.2851627308607,5.4,50.45272867151024,381.0210267323407,44
1319.5,11,1064.2851627308607,5.4,50.46096822688294,380.96634520669795,44
1319.6,11,1064.2851627308607,5.4,50.47595419620838,380.860891152235,44
1319.7,11,1064.2851627308607,5.4,50.493911850330875,380.7297741139469,44
1319.8,11,1064.2851627308607,5.4,50.427903666947074,381.19366249696816,44
1319.9,10,1064.2851627308607,4.5,50.436303757281465,381.1335328514189,44
1320.0,10,1064.2851627308607,4.0,50.446745194833326,381.06252339104145,44
1320.1,10,1064.2851627308607,4.0,50.46018153671074,380.9640242578555,44
1320.2,10,1064.2851627308607,4.0,50.4784700558905,380.82547453986433,44
1320.3,11,1064.2851627308607,4.0,50.48040426935822,380.8205762413102,44
1320.4,11,1064.2851627308607,5.4,50.448396463486844,381.0899138834201,44
1320.5,11,1064.2851627308607,5.4,50.49447203952758,380.72096742709914,44
1320.6,11,1064.2851627308607,5.4,50.50070723817588,380.6798758148442,44
1320.7,10,1064.2851627308607,4.5,50.50185692813128,380.6797327030823,44
1320.8,10,1064.2851627308607,4.800000000000001,50.50767361370073,380.6357701451779,44
1320.9,10,1064.2851627308607,4.800000000000001,50.51314377303724,380.59125673420067,44
1321.0,10,1064.2851627308607,4.800000000000001,50.527348078500225,380.48610807371756,44
1321.1,10,1064.2851627308607,4.800000000000001,50.5474681594649,380.33286879031675,44
1321.2,10,1064.2851627308607,4.800000000000001,50.54864436689499,380.3339138491667,44
1321.3,10,1064.2851627308607,4.800000000000001,50.56642895432151,380.2001791109557,44
1321.4,10,1064.2851627308607,4.800000000000001,50.584461991168446,380.0666467414038,44
1321.5,10,1064.2851627308607,4.800000000000001,50.59327640604421,380.00225778043136,44
1321.6,10,1064.2851627308607,4.800000000000001,50.65649716795646,379.54672843575776,44
1321.7,10,1064.2851627308607,4.800000000000001,50.66846347351161,379.46055386805284,44
1321.8,10,1064.2851627308607,4.800000000000001,50.672517337891634,379.4308185495671,44
1321.9,11,1064.2851627308607,4.800000000000001,50.68180366832636,379.3642978990074,44
1322.0,11,1064.2851627308607,5.4,50.70006944339974,379.22858824149125,44
1322.1,10,1064.2851627308607,5.4,50.73048126074915,378.9979997182622,44
1322.2,10,1064.2851627308607,4.800000000000001,50.73587579298443,378.9647019252229,44
1322.3,11,1064.2851627308607,4.0,50.747845187831516,378.87240121062814,44
1322.4,11,1064.2851627308607,5.4,50.76346269583881,378.760876141323,44
1322.5,11,1064.2851627308607,5.4,50.76791283020533,378.73068612499776,44
1322.6,11,1064.2851627308607,5.4,50.67090576023355,379.41078204612,44
1322.7,11,1064.2851627308607,5.4,50.69113831959,379.2522252422157,44
1322.8,11,1064.2851627308607,5.4,50.705793574560076,379.13981363455287,44
1322.9,11,1064.2851627308607,5.4,50.70302792717541,379.1680623794198,44
1323.0,11,1064.2851627308607,5.4,50.71388801080559,379.0840336717389,44
1323.1,11,1064.2851627308607,5.4,50.72942664558248,378.9654085130829,44
1323.2,11,1064.2851627308607,5.4,50.74746999572275,378.8281007319125,44
1323.3,11,1064.2851627308607,5.4,50.74778688865164,378.8279353047063,44
1323.4,11,1064.2851627308607,5.4,50.75543455071676,378.77747837148655,44
1323.5,11,1064.2851627308607,5.4,50.75291971226328,378.79833929649965,44
1323.6,10,1064.2851627308607,5.4,50.65829587007636,379.56440063333474,44
1323.7,11,1064.2851627308607,4.0,50.662827104855715,379.53181422893186,44
1323.8,11,1064.2851627308607,6.3,50.6828842633513,379.3790985358214,44
1323.9,11,1064.2851627308607,6.3,50.69615246719381,379.27921807578156,44
1324.0,11,1064.2851627308607,6.3,50.6976853379681,379.27353874463097,44
1324.1,11,1064.2851627308607,6.3,50.70470507303162,379.2193702548905,44
1324.2,11,1064.2851627308607,6.3,50.7613938121633,378.80489854979106,44
1324.3,11,1064.2851627308607,6.3,50.76095134382401,378.8133062470579,44
1324.4,11,1064.2851627308607,6.3,50.769758333671604,378.74382556527826,44
1324.5,11,1064.2851627308607,6.3,50.77527585522664,378.70711835740406,44
1324.6,11,1064.2851627308607,6.3,50.77802763703382,378.68829591570614,44
1324.7,11,1064.2851627308607,5.4,50.78981997980835,378.604892944806,44
1324.8,11,1064.2851627308607,5.4,50.80351656106687,378.5004807960821,44
1324.9,11,1064.2851627308607,5.4,50.87694154228382,377.9154058734539,44
1325.0,8,1064.4636895123897,5.4,50.883003584889366,377.8737793061424,44
1325.1,6,1062.2064460403217,2.0999999999999996,50.74269381705379,378.8403566306477,44
1325.2,6,1062.0474156837602,4.0,50.75018169912681,378.78711428458456,44
1325.3,6,1062.0474156837602,4.0,50.76470965154222,378.6745270657335,44
1325.4,6,1062.0474156837602,4.0,50.79064602587376,378.4766197241283,44
1325.5,6,1062.0474156837602,4.0,50.803517519179664,378.3766200352684,44
1325.6,6,1062.0474156837602,4.0,50.81901200241046,378.2649696644927,44
1325.7,6,1062.0474156837602,4.0,50.833055716900034,378.1599213759291,44
1325.8,6,1062.0474156837602,4.0,50.86749674199925,377.89362705859423,44
1325.9,6,1061.4744162792908,4.0,50.870458783917904,377.8767562711372,44
1326.0,6,1061.4744162792908,4.5,50.900283183068396,377.6517676915098,44
1326.1,6,1061.4744162792908,4.5,50.923480950654174,377.47797699567934,44
1326.2,6,1061.4744162792908,4.5,50.94410913204227,377.3174807641667,44
1326.3,6,1061.4744162792908,4.5,50.95827544397261,377.21033175911055,44
1326.4,6,1061.4744162792908,4.5,50.9750160075045,377.0795375390137,44
1326.5,6,1061.4744162792908,4.5,50.98544426195805,377.003018891029,44
1326.6,6,1061.4744162792908,4.5,50.99770047206397,376.9083822634838,44
1326.7,6,1061.4744162792908,4.0,51.003302242178584,376.8685961453265,44
1326.8,6,1061.4744162792908,4.0,51.05649678962094,376.37834014028425,44
1326.9,6,1061.4744162792908,4.0,51.065820141776484,376.3068946801825,44
1327.0,6,1061.4744162792908,4.0,51.081515562707324,376.18911656234775,44
1327.1,6,1061.4744162792908,4.0,50.890636020664374,377.5206052599647,44
1327.2,6,1061.4744162792908,4.0,50.90849959083807,377.3860789170876,44
1327.3,6,1061.4744162792908,4.0,51.02230530199357,376.5359935923907,44
1327.4,6,1061.4744162792908,4.0,51.01768383730931,376.57534771436826,44
1327.5,6,1061.4744162792908,4.0,51.010094828782606,376.6348409820487,44
1327.6,6,1061.4744162792908,4.0,51.01704083566986,376.58605421533355,44
1327.7,6,1061.4744162792908,4.0,51.03593108777552,376.49509356166914,44
1327.8,6,1061.4744162792908,4.0,51.033623849095775,376.51677100726124,44
1327.9,6,1061.4744162792908,4.0,51.04523576538661,376.42917002967715,44
1328.0,6,1061.4744162792908,4.0,51.04737438601357,376.4156692420144,44
1328.1,6,1061.4744162792908,4.0,51.04715035748098,376.42040091618946,44
1328.2,6,1061.4744162792908,4.0,50.94830385031668,377.19459387947853,44
1328.3,6,1061.4744162792908,4.0,50.9434052128031,377.2373557013496,44
1328.4,6,1061.4744162792908,4.0,50.93950066870068,377.2710875072497,44
1328.5,6,1061.4744162792908,4.0,50.938952477520836,377.2840293958198,44
1328.6,6,1061.4744162792908,4.0,50.953460442296496,377.1808808313497,44
1328.7,6,1060.9042549604305,4.0,50.963124882142694,377.1100178820474,44
1328.8,6,1060.9042549604305,4.5,50.96364878872883,377.11269339530605,44
1328.9,6,1060.9042549604305,4.5,50.976351275745074,377.02124047159845,44
1329.0,6,1060.9042549604305,4.5,50.98744016675444,376.93819701757883,44
1329.1,6,1060.9042549604305,4.5,50.986809285510674,376.9529347498075,44
1329.2,6,1060.9042549604305,4.0,50.989338114677366,376.9389108803443,44
1329.3,6,1060.9042549604305,4.0,50.98596787361505,376.97552426567125,44
1329.4,6,1060.9042549604305,4.0,50.781241923119076,378.4176818284817,44
1329.5,6,1060.9042549604305,4.0,50.79758907445026,378.29637084029423,44
1329.6,6,1060.9042549604305,4.0,50.78993835399359,378.36209353613486,44
1329.7,6,1060.9042549604305,4.0,50.803796364830575,378.2671650827374,44
1329.8,6,1060.9042549604305,4.0,50.80703430556615,378.24914086155474,44
1329.9,6,1060.9042549604305,4.0,50.80435755227618,378.2762811356346,44
1330.0,6,1060.9042549604305,4.0,50.80027512307338,378.3174704109359,44
1330.1,6,1060.9042549604305,4.0,50.800017051228636,378.3254531170205,44
1330.2,7,1061.2763279390479,4.0,50.800029494039116,378.33536159259296,44
1330.3,7,1061.4628659645373,5.6,50.81561551940351,378.2205714108538,44
1330.4,7,1061.5271997537166,5.6,50.81291193774891,378.2527257150156,44
1330.5,7,1061.5271997537166,5.6,50.827914286718965,378.1360326393934,44
1330.6,7,1061.5271997537166,5.6,50.81403581553382,378.256085335037,44
1330.7,7,1061.5271997537166,5.6,50.843555397204234,378.029059410438,44
1330.8,7,1061.5271997537166,5.6,50.850769543731424,377.97794191082863,44
1330.9,7,1061.5271997537166,5.6,50.850791799579454,377.98740383465304,44
1331.0,7,1061.5271997537166,5.6,50.84543697120765,378.03735513890683,44
1331.1,7,1061.5271997537166,5.6,50.86776057738378,377.87525209453577,44
1331.2,7,1061.5271997537166,5.6,50.86993479547772,377.86822827519103,44
1331.3,7,1061.5271997537166,5.6,50.8857616313228,377.74974215113605,44
1331.4,7,1061.5271997537166,5.6,50.881958174028014,377.7903762521721,44
1331.5,7,1061.5271997537166,5.6,50.89266067539706,377.71721581386635,44
1331.6,7,1061.5271997537166,5.6,50.899712914895055,377.66316849042585,44
1331.7,7,1061.5271997537166,5.6,50.91411210908407,377.5578125954363,44
1331.8,7,1061.5271997537166,5.6,50.90794612142226,377.612866585565,44
1331.9,7,1061.5271997537166,5.6,50.7906899347598,378.42146403985726,44
1332.0,7,1061.5271997537166,5.6,50.78154163386998,378.4988663661909,44
1332.1,7,1061.5271997537166,5.6,50.815055039209184,378.1560496720349,44
1332.2,7,1061.5271997537166,5.6,50.82691887592055,378.0676929587589,44
1332.3,7,1061.5271997537166,5.6,50.80373829036347,378.24470995272725,44
1332.4,7,1061.5271997537166,5.6,50.808924951082346,378.20484751571814,44
1332.5,7,1061.5271997537166,5.6,50.82750606797913,378.0697511804617,44
1332.6,7,1061.5271997537166,5.6,50.83306642414714,378.0276300391057,44
1332.7,7,1061.5271997537166,5.6,50.82791592093298,378.0711507477173,44
1332.8,7,1061.5271997537166,5.6,50.81491781636146,378.17286038584825,44
1332.9,7,1061.5271997537166,4.8999999999999995,50.817097898168846,378.15949668869507,44
1333.0,7,1061.5271997537166,4.8999999999999995,50.81499859805143,378.1791412022859,44
1333.1,7,1061.5271997537166,4.8999999999999995,50.80941789150643,378.2276202406224,44
1333.2,7,1061.5271997537166,4.8999999999999995,50.80452839689421,378.2672808845882,44
1333.3,7,1061.5271997537166,4.8999999999999995,50.81513137823822,378.1891510267578,44
1333.4,7,1061.5271997537166,4.8999999999999995,50.82207773496681,378.1367497613205,44
1333.5,7,1061.5271997537166,4.8999999999999995,50.801358792700796,378.2999478922891,44
1333.6,7,1061.5271997537166,4.8999999999999995,50.801378419826136,378.3032208557969,44
1333.7,7,1061.5271997537166,4.8999999999999995,50.7992185368696,378.31838608262404,44
1333.8,7,1061.5271997537166,4.8999999999999995,50.797647712184144,378.33034872684414,44
1333.9,7,1061.4442851718882,4.8999999999999995,50.7845528654419,378.4298139281487,44
1334.0,7,1061.4442851718882,5.6,50.768815109076485,378.55423571625,44
1334.1,7,1061.4442851718882,5.6,50.75389796423573,378.6622416801599,44
1334.2,7,1061.4442851718882,5.6,50.731130019135705,378.8348181421976,44
1334.3,7,1061.4442851718882,5.6,50.7182441423699,378.93204849439155,44
1334.4,7,1061.4442851718882,5.6,50.72276760679186,378.89080538918404,44
1334.5,7,1061.4442851718882,5.6,50.69610786416649,379.09432532949427,44
1334.6,7,1061.4442851718882,5.6,50.69984460416512,379.06330735276134,44
1334.7,7,1061.4442851718882,5.6,50.682661385222815,379.1894185814516,44
1334.8,7,1061.4442851718882,5.6,50.73255183319649,378.8292462071697,44
1334.9,7,1061.4442851718882,5.6,50.71412023565222,378.9689275041312,44
1335.0,7,1061.4442851718882,5.6,50.69882058926788,379.08403316462784,44
1335.1,7,1061.4442851718882,5.6,50.660511869671154,379.37626299374983,44
1335.2,7,1061.4442851718882,5.6,50.65707981432709,379.3916532457673,44
1335.3,7,1061.4442851718882,5.6,50.64756436262256,379.4616339484396,44
1335.4,7,1061.4442851718882,5.6,50.62631513572548,379.6199821218896,44
1335.5,7,1061.4442851718882,5.6,50.62272747896597,379.6414945522823,44
1335.6,7,1061.4442851718882,5.6,50.59008103307998,379.88798251950743,44
1335.7,7,1061.4442851718882,5.6,50.58153994556979,379.946595795555,44
1335.8,7,1061.4442851718882,5.6,50.553083282102364,380.16327023763415,44
1335.9,7,1061.4442851718882,5.6,50.52375173273546,380.3859097415523,44
1336.0,7,1061.4442851718882,5.6,50.520712083416164,380.3984427172674,44
1336.1,7,1061.4442851718882,5.6,50.50044081487287,380.5509377536615,44
1336.2,7,1061.4442851718882,5.6,50.499291890972415,380.5522545589819,44
1336.3,7,1061.3611507279525,5.6,50.49865719786417,380.5535303736663,44
1336.4,7,1061.3611507279525,6.3,50.48009369490003,380.76876690882716,44
1336.5,7,1061.3611507279525,6.3,50.370653257733615,381.54698646933326,44
1336.6,7,1061.3611507279525,6.3,50.3693763555722,381.5603602899098,44
1336.7,7,1061.3611507279525,6.3,50.38194448967355,381.4581478872614,44
1336.8,7,1061.3611507279525,5.6,50.38725759612989,381.4169428460973,44
1336.9,7,1061.3611507279525,5.6,50.39500565453753,381.35833078483796,44
1337.0,7,1061.3611507279525,5.6,50.437189585703365,381.05462086912416,44
1337.1,7,1061.3611507279525,5.6,50.43280958810521,381.0920487246027,44
1337.2,7,1061.3611507279525,5.6,50.44280597447915,381.0111706778098,44
1337.3,7,1061.3611507279525,5.6,50.45115232549815,380.9439880845895,44
1337.4,7,1061.3611507279525,5.6,50.47548663530229,380.75580832727826,44
1337.5,7,1061.3611507279525,5.6,50.45969083410965,380.88515777428216,44
1337.6,7,1061.3611507279525,5.6,50.46092507879675,380.87527656395764,44
1337.7,7,1061.3611507279525,5.6,50.45218064003608,380.94560505891366,44
1337.8,7,1061.3611507279525,5.6,50.46790438340521,380.8207748081924,44
1337.9,7,1061.3611507279525,5.6,50.486439106972526,380.67103645758283,44
1338.0,7,1061.3611507279525,5.6,50.48194007140467,380.7075688654588,44
1338.1,7,1061.3611507279525,5.6,50.28064832544442,382.2024972747063,44
1338.2,7,1061.3611507279525,5.6,50.280667569187145,382.19729346767366,44
1338.3,7,1061.3611507279525,5.6,50.269758196908676,382.28364173457794,44
1338.4,7,1061.3611507279525,5.6,50.276313321624414,382.22431696717695,44
1338.5,7,1061.3611507279525,5.6,50.28803721255951,382.1303496895942,44
1338.6,7,1061.3611507279525,5.6,50.27007466805533,382.27373952077073,44
1338.7,7,1061.3611507279525,5.6,50.27341616674618,382.242625140258,44
1338.8,7,1061.3611507279525,5.6,50.26406644906858,382.2886924252246,44
1338.9,7,1061.2781722462805,5.6,50.24439249713329,382.448037668859,44
1339.0,7,1061.2781722462805,6.3,50.23823827986806,382.49601002538816,44
1339.1,7,1061.2781722462805,6.3,50.18035357728944,382.96245748571556,44
1339.2,7,1061.2781722462805,6.3,50.178264832093404,382.9748451324639,44
1339.3,7,1061.2781722462805,6.3,50.17984746027976,382.9611980953158,44
1339.4,7,1061.2781722462805,6.3,50.18325585665845,382.9352897277877,44
1339.5,7,1061.2781722462805,6.3,50.18849772446383,382.8915188007803,44
1339.6,7,1061.2781722462805,6.3,50.20557834357463,382.77753508015263,44
1339.7,7,1061.2781722462805,6.3,50.20557674345788,382.77512721223815,44
1339.8,7,1061.2781722462805,6.3,50.20568860772933,382.7724824947528,44
1339.9,7,1061.2781722462805,6.3,50.08051902580813,383.6758256662384,44
1340.0,7,1061.2781722462805,6.3,50.087142861497796,383.62462704095026,44
1340.1,7,1061.2781722462805,6.3,50.09755197538507,383.5460688716486,44
1340.2,7,1061.2781722462805,6.3,50.09856441777973,383.54234078390715,44
1340.3,7,1061.2781722462805,6.3,50.0931658065265,383.5895797355172,44
1340.4,7,1061.2781722462805,6.3,50.09272985874311,383.59548436699515,44
1340.5,7,1061.2781722462805,6.3,50.10253276195607,383.5179260290929,44
1340.6,7,1061.2781722462805,6.3,50.02095455593134,384.182041473912,44
1340.7,7,1061.2781722462805,6.3,50.02965379965921,384.1143740699074,44
1340.8,7,1061.2781722462805,6.3,50.02894579923175,384.1236264861788,44
1340.9,7,1061.2781722462805,6.3,50.02940084865682,384.12497533018995,44
1341.0,7,1061.2781722462805,6.3,50.022167568348316,384.189086019363,44
1341.1,7,1061.2781722462805,6.3,50.03942854195346,384.0519370021776,44
1341.2,7,1061.2781722462805,6.3,50.025316773299,384.17884288932953,44
1341.3,7,1061.2781722462805,6.3,50.041414356781644,384.05287927850907,44
1341.4,7,1061.194385272896,6.3,49.92202810314011,384.91421688384474,44
1341.5,7,1061.194385272896,7.0,49.92514203766781,384.900551104044,44
1341.6,7,1061.194385272896,7.0,49.936893683209604,384.81588613407513,44
1341.7,7,1061.194385272896,7.0,49.955152769511216,384.6814576738618,44
1341.8,7,1061.194385272896,7.0,49.960500463167946,384.6485417369448,44
1341.9,7,1061.194385272896,7.0,49.992137385341806,384.40802175393776,44
1342.0,7,1061.194385272896,7.0,49.99479091982147,384.3110168882705,44
1342.1,7,1061.194385272896,6.3,50.02011122026189,384.11728916360255,44
1342.2,7,1061.194385272896,6.3,50.03431086676507,384.0091105249879,44
1342.3,7,1061.194385272896,6.3,50.05778933721018,383.846860949992,44
1342.4,7,1061.194385272896,6.3,50.066246974612,383.7851434324967,44
1342.5,7,1061.194385272896,6.3,50.08293475783616,383.65632287688084,44
1342.6,7,1061.194385272896,6.3,49.99989259086817,384.3417196149188,44
1342.7,7,1061.194385272896,6.3,50.01842377860102,384.19794959469755,44
1342.8,7,1061.194385272896,6.3,50.03131405185262,384.1035053266685,44
1342.9,7,1061.194385272896,6.3,50.030012859789736,384.1201841565511,44
1343.0,7,1061.194385272896,6.3,50.030968298364286,384.1139360432033,44
1343.1,7,1061.194385272896,6.3,50.05697716209542,383.9043805896789,44
1343.2,7,1061.194385272896,6.3,50.053764983612325,383.93261304978995,44
1343.3,7,1061.194385272896,6.3,50.05071911017572,383.9576981443354,44
1343.4,7,1061.194385272896,6.3,50.06132324128833,383.8767356273058,44
1343.5,7,1061.194385272896,6.3,50.061948598582816,383.8736697826557,44
1343.6,7,1061.194385272896,6.3,50.04869906986955,383.9760871694448,44
1343.7,7,1061.194385272896,6.3,50.04981721196344,383.96402214854857,44
1343.8,7,1061.194385272896,6.3,50.05819856113588,383.89223503016956,44
1343.9,7,1061.1118562365289,6.3,50.06049740241515,383.8738428846237,44
1344.0,7,1061.1118562365289,7.0,50.06737364842128,383.8196365529271,44
1344.1,7,1061.1118562365289,7.0,50.033596686653524,384.3019459647936,44
1344.2,7,1061.1118562365289,7.0,50.05429814674282,384.13664348205896,44
1344.3,7,1061.1118562365289,7.0,50.050175223627186,384.17773674567763,44
1344.4,7,1061.1118562365289,7.0,49.885686341439595,385.3590271870712,44
1344.5,7,1061.1118562365289,7.0,49.89883429841225,385.2567394836634,44
1344.6,7,1061.1118562365289,7.0,49.89790451163741,385.2702338904171,44
1344.7,7,1061.1118562365289,7.0,49.90239522719574,385.23739910361934,44
1344.8,7,1061.1118562365289,7.0,49.91755265287456,385.1185517333745,44
1344.9,7,1061.1118562365289,7.0,49.90818100745955,385.19734714488476,44
1345.0,7,1061.1118562365289,7.0,49.922582436942484,385.08029817473766,44
1345.1,7,1061.1118562365289,6.3,49.938836245573924,384.9531643621362,44
1345.2,7,1061.1118562365289,6.3,49.95850396576343,384.80069652880593,44
1345.3,7,1061.1118562365289,6.3,49.96945932751492,384.71386911590207,44
1345.4,7,1061.1118562365289,6.3,50.08487181264759,383.7674475203666,44
1345.5,7,1061.1118562365289,6.3,49.88919732483943,385.24762797981805,44
1345.6,7,1061.1118562365289,6.3,49.904939561631366,385.119611736131,44
1345.7,7,1061.1118562365289,6.3,49.91619020898036,385.0300519187531,44
1345.8,7,1061.1118562365289,6.3,49.90479784904535,385.12496282121595,44
1345.9,7,1061.1118562365289,6.3,49.91655792407363,385.0255453786391,44
1346.0,7,1061.1118562365289,6.3,49.92146818212727,384.99050807147563,44
1346.1,7,1061.1118562365289,6.3,49.937487198276706,384.8612862806933,44
1346.2,7,1061.1118562365289,6.3,49.92542904784324,384.9589527526939,44
1346.3,7,1061.0300343245485,6.3,49.94422659115808,384.80440608497975,44
1346.4,7,1061.0300343245485,7.0,49.9505857852855,384.7557740734291,44
1346.5,7,1061.0300343245485,7.0,49.95167388081671,384.7465694670175,44
1346.6,7,1061.0300343245485,7.0,49.94574367437187,384.79727252506046,44
1346.7,7,1061.0300343245485,7.0,49.97091158285819,384.5933753906711,44
1346.8,7,1061.0300343245485,7.0,49.86577068453823,385.34777017962136,44
1346.9,7,1061.0300343245485,7.0,49.781109915388626,386.049283906333,44
1347.0,7,1061.0300343245485,7.0,49.79923365839935,385.9044841593063,44
1347.1,7,1061.0300343245485,7.0,49.826961166717766,385.6823429356117,44
1347.2,7,1061.0300343245485,7.0,49.826313961499594,385.6943143934342,44
1347.3,7,1061.0300343245485,7.0,49.847503645419046,385.52272075233316,44
1347.4,7,1061.0300343245485,7.0,49.85857328859363,385.43769495162337,44
1347.5,7,1061.0300343245485,7.0,49.87619597984768,385.2947961114214,44
1347.6,7,1061.0300343245485,7.0,49.87939684329942,385.2701191085516,44
1347.7,7,1061.0300343245485,7.0,49.897376812227265,385.12139708932466,44
1347.8,7,1061.0300343245485,7.0,49.90300883332809,385.0782016953332,44
1347.9,7,1061.0300343245485,7.0,49.895614541717,385.13804633098187,44
1348.0,7,1061.0300343245485,7.0,49.933434793091436,384.84293910392546,44
1348.1,7,1061.0300343245485,7.0,49.98145939684214,384.45165919977376,44
1348.2,7,1061.0300343245485,7.0,49.86952040891816,385.3646971075609,44
1348.3,7,1061.0300343245485,7.0,49.745600794187425,386.2639596932631,44
1348.4,7,1061.0300343245485,7.0,49.75633580768513,386.1786216069171,44
1348.5,7,1061.0300343245485,7.0,49.75723002742009,386.17075836318384,44
1348.6,7,1061.0300343245485,7.0,49.75663805399633,386.17963533580826,44
1348.7,7,1060.9476541592558,7.0,49.75174101200455,386.21632157670973,44
1348.8,7,1060.9476541592558,7.699999999999999,49.767591267068575,386.09222349322124,44
1348.9,7,1060.9476541592558,7.699999999999999,49.77103218177804,386.06499617305906,44
1349.0,7,1060.9476541592558,7.699999999999999,49.76829997506433,386.08262643069503,44
1349.1,7,1060.9476541592558,7.699999999999999,49.78249976302956,385.96804913567536,44
1349.2,7,1060.9476541592558,7.699999999999999,49.7999259517555,385.82773535320575,44
1349.3,7,1060.9476541592558,7.699999999999999,49.79567534021803,385.85917493646923,44
1349.4,7,1060.9476541592558,7.0,49.80658130387174,385.7660108692554,44
1349.5,7,1060.9476541592558,7.0,49.80849887289724,385.75075457163973,44
1349.6,7,1060.9476541592558,7.0,49.81821543570358,385.6697222549533,44
1349.7,7,1060.9476541592558,7.0,49.79642710781438,385.9517776729906,44
1349.8,7,1060.9476541592558,6.3,49.79977423162466,385.92129528437704,44
1349.9,7,1060.9476541592558,6.3,49.64538703755475,387.0474399892585,44
1350.0,7,1060.9476541592558,6.3,49.64690423551292,387.03378304562716,44
1350.1,7,1060.9476541592558,6.3,49.64824944122168,387.01808097660205,44
1350.2,7,1060.9476541592558,6.3,49.662121025355134,386.89996728060174,44
1350.3,7,1060.9476541592558,6.3,49.65553284009868,386.9514828760956,44
1350.4,7,1060.9476541592558,6.3,49.675040647104204,386.79317327158606,44
1350.5,7,1060.9476541592558,6.3,49.68803076631424,386.68134901377323,44
1350.6,7,1060.9476541592558,6.3,49.71750155880382,386.4478098146458,44
1350.7,7,1060.9476541592558,6.3,49.73302400854497,386.3191003292965,44
1350.8,8,1060.9476541592558,5.6,49.747765700463006,386.1970078778201,44
1350.9,8,1060.9476541592558,4.8999999999999995,49.65876228743329,386.9275489937119,44
1351.0,8,1060.9476541592558,4.8999999999999995,49.67674144996174,386.7795173146634,44
1351.1,8,1060.9476541592558,4.199999999999999,49.715422593249755,386.461985372011,44
1351.2,8,1060.9476541592558,4.199999999999999,49.72963956343983,386.3482116652019,44
1351.3,8,1060.9476541592558,4.8999999999999995,49.748521253393996,386.1983126933103,44
1351.4,7,1060.8682115880376,4.8999999999999995,49.76510269236728,386.0700938847421,44
1351.5,7,1060.8682115880376,6.3,49.77897884524503,385.96342583075,44
1351.6,7,1060.8682115880376,6.3,49.79368288172961,385.84802038645074,44
1351.7,7,1060.8682115880376,6.3,49.802947367249644,385.77363560546127,44
1351.8,7,1060.8682115880376,6.3,49.82580551169415,385.5957188632283,44
1351.9,7,1060.8682115880376,6.3,49.845322798071024,385.4399845158473,44
1352.0,7,1060.8682115880376,6.3,49.87400659433732,385.21136883011695,44
1352.1,7,1060.8682115880376,6.3,49.8950682056185,385.04812046886815,44
1352.2,7,1060.8682115880376,6.3,49.913395782905496,384.9023330181941,44
1352.3,7,1060.8682115880376,6.3,49.93549089339031,384.7272471436314,44
1352.4,7,1060.8682115880376,6.3,49.94994693157362,384.61111162514237,44
1352.5,7,1060.8682115880376,6.3,49.983059815393524,384.34823158533527,44
1352.6,7,1060.8682115880376,6.3,49.883700689102234,385.07917978533544,44
1352.7,8,1060.8682115880376,5.6,49.90423008962598,384.92222377678047,44
1352.8,8,1060.8682115880376,4.8999999999999995,49.91608336995814,384.829036031716,44
1352.9,8,1060.8682115880376,4.8999999999999995,49.93808239602838,384.6597274790147,44
1353.0,8,1060.8682115880376,5.6,49.94562006470609,384.60130846852155,44
1353.1,7,1060.8682115880376,4.8999999999999995,49.97559886256336,384.36259284902474,44
1353.2,7,1060.8682115880376,5.6,49.953665911768226,384.65369284431677,44
1353.3,8,1060.8682115880376,5.6,49.980664920989256,384.44015497126554,44
1353.4,8,1060.8682115880376,4.8999999999999995,49.99090115669318,384.36059883359445,44
1353.5,8,1060.8682115880376,4.8999999999999995,49.90209492894716,385.0844695251287,44
1353.6,8,1060.8682115880376,4.8999999999999995,49.923117609937265,384.9180402534917,44
1353.7,8,1060.8682115880376,4.8999999999999995,49.93464981208693,384.823108047295,44
1353.8,8,1060.8682115880376,4.8999999999999995,49.9533214436284,384.67635893365474,44
1353.9,8,1060.8682115880376,4.8999999999999995,49.828492354994424,385.5873596964228,44
1354.0,8,1060.8682115880376,4.8999999999999995,49.836159778199956,385.523075366052,44
1354.1,8,1060.8682115880376,4.8999999999999995,49.87305315180903,385.2223831761642,44
1354.2,8,1060.8682115880376,4.8999999999999995,49.89042712809744,385.08047370794407,44
1354.3,8,1060.8682115880376,4.8999999999999995,49.906725513226576,384.9457178543097,44
1354.4,8,1060.8682115880376,4.8999999999999995,49.92181305525889,384.8189715477632,44
1354.5,8,1060.8682115880376,4.8999999999999995,49.9205875640174,384.82989134552827,44
1354.6,8,1060.8682115880376,4.8999999999999995,49.923590848624414,384.8024366396994,44
1354.7,8,1060.8682115880376,4.8999999999999995,49.950701574735966,384.58458073221414,44
1354.8,8,1060.8682115880376,4.8999999999999995,49.82469936916509,385.6047804672585,44
1354.9,8,1060.8682115880376,5.6,49.84103230703046,385.46999416940423,44
1355.0,8,1060.8682115880376,5.6,49.85279908283384,385.3734225874309,44
1355.1,8,1060.8682115880376,5.6,49.869085611979344,385.238151253885,44
1355.2,8,1060.8682115880376,5.6,49.923496156543344,384.82451884382505,44
1355.3,8,1060.8682115880376,5.6,49.928092997745864,384.7892531834285,44
1355.4,8,1060.8682115880376,5.6,49.93685813546584,384.71693640695406,44
1355.5,8,1060.8682115880376,5.6,49.95345830140272,384.5857185133877,44
1355.6,8,1060.8682115880376,5.6,49.959048053319165,384.5426703902923,44
1355.7,8,1060.8682115880376,5.6,49.97345806790707,384.4265069486869,44
1355.8,8,1060.8682115880376,5.6,49.992290846333084,384.2728600409466,44
1355.9,8,1060.8682115880376,5.6,49.99711927661105,384.1722345859017,44
1356.0,8,1060.8682115880376,4.8999999999999995,50.00998805728648,384.06975492131335,44
1356.1,8,1060.8682115880376,4.8999999999999995,50.03575282079318,383.865423834599,44
1356.2,8,1060.8682115880376,4.8999999999999995,50.03585148793718,383.86401886384283,44
1356.3,8,1060.8682115880376,4.8999999999999995,50.047983664076725,383.76586850169394,44
1356.4,8,1060.8682115880376,4.8999999999999995,50.05775218154869,383.6897730223874,44
1356.5,8,1060.8682115880376,4.8999999999999995,50.07742600565182,383.536036351761,44
1356.6,8,1060.8682115880376,4.8999999999999995,50.09113506197977,383.4305059536439,44
1356.7,8,1060.8682115880376,4.8999999999999995,50.099318533039096,383.365841258267,44
1356.8,8,1060.8682115880376,4.8999999999999995,50.12384586924807,383.17432219141637,44
1356.9,8,1060.8682115880376,4.8999999999999995,50.14746874966305,382.98923884741043,44
1357.0,8,1060.8682115880376,4.8999999999999995,50.15392612054755,382.93932713985623,44
1357.1,8,1060.8682115880376,4.8999999999999995,49.993269762571046,384.2165309202801,44
1357.2,7,1060.8682115880376,4.8999999999999995,50.018369923448645,384.0205180181098,44
1357.3,7,1060.8682115880376,5.6,50.0424588875665,383.834223828929,44
1357.4,7,1060.8682115880376,5.6,50.052306460050886,383.7574577858977,44
1357.5,7,1060.8682115880376,5.6,50.058863865560006,383.70952577268577,44
1357.6,8,1060.8682115880376,5.6,50.08598140370045,383.4953602494501,44
1357.7,8,1060.7864001228245,4.8999999999999995,50.101127739505586,383.3749996055371,44
1357.8,8,1060.7864001228245,5.6,50.115897805919914,383.25948070627487,44
1357.9,8,1060.7864001228245,5.6,50.146204247418794,383.0345029796715,44
1358.0,8,1060.7864001228245,5.6,50.165733708294084,382.8852899586318,44
1358.1,8,1060.7864001228245,5.6,50.17861344016502,382.78307644658264,44
1358.2,8,1060.7864001228245,5.6,50.18928228921101,382.69964909887983,44
1358.3,8,1060.7864001228245,5.6,50.18563105684608,382.7311003659059,44
1358.4,8,1060.7864001228245,5.6,50.21806858418507,382.4783339341441,44
1358.5,8,1060.7864001228245,5.6,50.22506523428291,382.42595880849376,44
1358.6,8,1060.7864001228245,5.6,50.16936379249183,382.8338097781005,44
1358.7,8,1060.7864001228245,5.6,50.16871592935233,382.8421281539539,44
1358.8,8,1060.7864001228245,5.6,50.177308500642624,382.77382813936356,44
1358.9,9,1060.7864001228245,5.6,50.195345861702606,382.6370046121556,44
1359.0,9,1060.7864001228245,5.6000000000000005,50.2298482537275,382.3680165418107,44
1359.1,9,1060.7864001228245,5.6000000000000005,50.229585362656806,382.3730183205602,44
1359.2,9,1060.7864001228245,5.6000000000000005,50.2377257525511,382.3076845555557,44
1359.3,9,1060.7864001228245,5.6000000000000005,50.26075236284922,382.1325913220559,44
1359.4,9,1060.7864001228245,5.6000000000000005,50.27287362841154,382.0442535990119,44
1359.5,9,1060.7864001228245,5.6000000000000005,50.28679903223053,381.93670617239894,44
1359.6,9,1060.7864001228245,5.6000000000000005,50.289237508363925,381.92601048758763,44
1359.7,9,1060.7864001228245,5.6000000000000005,50.313533572303314,381.74076780640644,44
1359.8,9,1060.7864001228245,5.6000000000000005,50.33614868765653,381.5672074784584,44
1359.9,9,1060.7864001228245,5.6000000000000005,50.33340193645576,381.59233806449305,44
1360.0,9,1060.7864001228245,5.6000000000000005,50.27376675761897,382.0672198184151,44
1360.1,9,1060.7864001228245,5.6000000000000005,50.28709617907461,381.96820476572015,44
1360.2,9,1060.7864001228245,5.6000000000000005,50.29795603137268,381.89018914982984,44
1360.3,9,1060.7864001228245,5.6000000000000005,50.32555808386604,381.6837328806063,44
1360.4,9,1060.7864001228245,5.6000000000000005,50.331110424325914,381.6504015030552,44
1360.5,9,1060.7864001228245,5.6000000000000005,50.347587493775265,381.5282850857907,44
1360.6,9,1060.7864001228245,5.6000000000000005,50.36041615736977,381.43510298489423,44
1360.7,9,1060.7864001228245,6.4,50.37892361002086,381.2993994621595,44
1360.8,9,1060.7864001228245,6.4,50.38892142438401,381.22694460945377,44
1360.9,9,1060.7864001228245,6.4,50.39847870354152,381.16060064823233,44
1361.0,9,1060.7864001228245,6.4,50.4080976986515,381.09464061655024,44
1361.1,9,1060.7864001228245,6.4,50.426529251457,380.9559444464133,44
1361.2,9,1060.7864001228245,6.4,50.317953466361786,381.7439179225303,44
1361.3,9,1060.7864001228245,6.4,50.350124407842884,381.5016101801976,44
1361.4,9,1060.7864001228245,6.4,50.273066354496834,382.12281576655846,44
1361.5,9,1060.7864001228245,6.4,50.2835226888071,382.0481813508833,44
1361.6,9,1060.7864001228245,6.4,50.2907299811972,382.0005589299088,44
1361.7,9,1060.7864001228245,5.6000000000000005,50.30676299395252,381.88348691148053,44
1361.8,9,1060.7864001228245,5.6000000000000005,50.31942476118794,381.7928047964467,44
1361.9,9,1060.7864001228245,5.6000000000000005,50.34084171955749,381.6283713206841,44
1362.0,9,1060.7864001228245,5.6000000000000005,50.202980056222174,382.64072989224144,44
1362.1,9,1060.7864001228245,5.6000000000000005,50.21129527404711,382.5742321503849,44
1362.2,9,1060.7864001228245,5.6000000000000005,50.211653431825255,382.5795610277178,44
1362.3,9,1060.7864001228245,5.6000000000000005,50.23796469947592,382.38041340197725,44
1362.4,9,1060.7864001228245,6.4,50.25973543453442,382.214765867589,44
1362.5,9,1060.7864001228245,6.4,50.2561091278819,382.25057336519706,44
1362.6,9,1060.7864001228245,6.4,50.28375050836753,382.0438190343426,44
1362.7,9,1060.7864001228245,6.4,50.309096935099504,381.849507069681,44
1362.8,9,1060.7864001228245,6.4,50.333394126131964,381.66508528036206,44
1362.9,9,1060.7864001228245,6.4,50.392506794408106,381.1431120734908,44
1363.0,9,1060.7864001228245,6.4,50.40483495237254,381.05388916849313,44
1363.1,9,1060.7864001228245,6.4,50.29156322792311,381.9563924526758,44
1363.2,9,1060.7864001228245,6.4,50.31142309534157,381.8096293856586,44
1363.3,9,1060.7864001228245,6.4,50.33286778584877,381.6509434315732,44
1363.4,9,1060.7864001228245,6.4,50.34060230492315,381.6029738030122,44
1363.5,9,1060.7864001228245,6.4,50.36328103590587,381.43348270904403,44
1363.6,9,1060.7864001228245,7.2,50.38124604603365,381.3034808684322,44
1363.7,9,1060.7864001228245,7.2,50.39948907715972,381.17758124377434,44
1363.8,9,1060.7864001228245,7.2,50.42345600191665,381.000596637674,44
1363.9,9,1060.7864001228245,6.4,50.460274125990075,380.72400716830214,44
1364.0,9,1060.7864001228245,6.4,50.483503551302015,380.5534994915089,44
1364.1,9,1060.7864001228245,6.4,50.511081447610216,380.34640207669804,44
1364.2,9,1060.7864001228245,6.4,50.52529631911629,380.25129711710554,44
1364.3,9,1060.7864001228245,6.4,50.54713413127763,380.09325277887183,44
1364.4,9,1060.7864001228245,6.4,50.57703322407387,379.87143606363145,44
1364.5,9,1060.7864001228245,6.4,50.481113827301776,380.67271369727877,44
1364.6,9,1060.7864001228245,6.4,50.37331168626959,381.4343153280156,44
1364.7,9,1060.7864001228245,6.4,50.39303534437419,381.2957223134972,44
1364.8,9,1060.7864001228245,6.4,50.419059308447544,381.0974401293347,44
1364.9,8,1060.668105387048,6.4,50.44602399337356,380.8996485879382,44
1365.0,9,1060.668105387048,6.3,50.47781356916849,380.66084587386206,44
1365.1,9,1060.668105387048,6.4,50.51113623473816,380.41130120499776,44
1365.2,9,1060.668105387048,6.4,50.54799056880341,380.13740160665503,44
1365.3,9,1060.668105387048,6.4,50.564518617664476,380.0232081664233,44
1365.4,9,1060.668105387048,7.2,50.60505137064267,379.71949386572385,44
1365.5,9,1060.668105387048,7.2,50.49797440672772,380.46002790235445,44
1365.6,9,1060.668105387048,7.2,50.544721914066734,380.10696961942847,44
1365.7,9,1060.668105387048,7.2,50.581279723829255,379.8423156031158,44
1365.8,9,1060.668105387048,7.2,50.60393528066011,379.6768944221367,44
1365.9,9,1060.668105387048,7.2,50.63413832256805,379.4517576777535,44
1366.0,9,1060.668105387048,7.2,50.67778853894069,379.12154863987496,44
1366.1,9,1060.668105387048,7.2,50.69874408389444,378.97400770340926,44
1366.2,9,1060.668105387048,7.2,50.756063961672616,378.5575043345791,44
1366.3,9,1060.668105387048,7.2,50.79307449829405,378.2820687824983,44
1366.4,9,1060.668105387048,7.2,50.8192868852117,378.0893851065292,44
1366.5,9,1060.668105387048,7.2,50.84959914279382,377.863196244606,44
1366.6,9,1060.668105387048,7.2,50.87461423801446,377.6778825884596,44
1366.7,9,1060.668105387048,7.2,50.899581486407996,377.49080248080594,44
1366.8,9,1060.668105387048,7.2,50.93386798602947,377.2352167575407,44
1366.9,9,1060.668105387048,7.2,50.94313309367122,377.16990478936896,44
1367.0,9,1060.668105387048,7.2,50.969539764151946,376.97486685529145,44
1367.1,9,1060.668105387048,6.4,50.99337050048171,376.7977680783021,44
1367.2,9,1060.668105387048,6.4,50.69547151834653,379.04036932001895,44
1367.3,9,1060.668105387048,6.4,50.70599996416357,378.96768380344986,44
1367.4,9,1060.668105387048,6.4,50.721498733549126,378.8575946901691,44
1367.5,9,1060.668105387048,6.4,50.742208331394224,378.7075926766246,44
1367.6,9,1060.668105387048,6.4,50.7618923562259,378.5626205171094,44
1367.7,9,1060.668105387048,6.4,50.78228648199121,378.41493051330076,44
1367.8,9,1060.668105387048,6.4,50.80579695133433,378.24215355505186,44
1367.9,9,1060.668105387048,6.4,50.839571778005464,377.99244417174987,44
1368.0,9,1060.668105387048,6.4,50.862711044926485,377.8190060323986,44
1368.1,9,1060.668105387048,6.4,50.87891414184874,377.7051427618829,44
1368.2,9,1060.668105387048,5.6000000000000005,50.893410640063976,377.6016604999651,44
1368.3,9,1060.668105387048,5.6000000000000005,50.90665803360167,377.508072128036,44
1368.4,9,1060.668105387048,5.6000000000000005,50.91293042352811,377.4671569135995,44
1368.5,9,1060.668105387048,5.6000000000000005,50.94238136029026,377.25269530451305,44
1368.6,9,1060.668105387048,5.6000000000000005,50.76910038087311,378.6460696585945,44
1368.7,9,1060.668105387048,5.6000000000000005,50.802033753008956,378.4819015222357,44
1368.8,8,1060.5929885147634,4.800000000000001,50.81022368664952,378.433532738856,44
1368.9,8,1060.5929885147634,5.6,50.83458984736495,378.2547914500184,44
1369.0,8,1060.5929885147634,5.6,50.854955317239,378.104712197259,44
1369.1,8,1060.5929885147634,5.6,50.87380548022625,377.9722048396301,44
1369.2,8,1060.5929885147634,5.6,50.89075582632396,377.85193942459836,44
1369.3,8,1060.5929885147634,5.6,50.93148449636301,377.5626377193866,44
1369.4,8,1060.5929885147634,5.6,50.96013202553534,377.3417083738077,44
1369.5,8,1060.5929885147634,5.6,50.98284234277628,377.1774171796246,44
1369.6,8,1060.5929885147634,5.6,50.84854709541756,378.100281416603,44
1369.7,8,1060.5929885147634,5.6,50.892869241722465,377.76608210837,44
1369.8,8,1060.5929885147634,5.6,50.930319150926806,377.49004272722493,44
1369.9,8,1060.5929885147634,5.6,50.9517528191449,377.33694962935095,44
1370.0,8,1060.5929885147634,5.6,50.98159961249842,377.12174790190574,44
1370.1,8,1060.5929885147634,5.6,50.817405793735524,378.45697107994556,44
1370.2,8,1060.5929885147634,5.6,50.83341332150566,378.3410001715689,44
1370.3,8,1060.5929885147634,5.6,50.85877850002147,378.1596441624754,44
1370.4,8,1060.5929885147634,4.8999999999999995,50.87208132495982,378.0654241206477,44
1370.5,8,1060.5929885147634,4.8999999999999995,50.89637418791458,377.8910041432832,44
1370.6,8,1060.5929885147634,4.8999999999999995,50.91569123039555,377.7561935001237,44
1370.7,8,1060.5929885147634,4.8999999999999995,50.93263360960018,377.63664628373743,44
1370.8,8,1060.5929885147634,4.8999999999999995,50.95377341503218,377.4850909987887,44
1370.9,8,1060.5929885147634,4.8999999999999995,50.98223550685768,377.2748896091212,44
1371.0,8,1060.5929885147634,4.8999999999999995,51.00502961371484,377.10624230125984,44
1371.1,8,1060.5929885147634,4.8999999999999995,51.02397497505496,376.96859385693983,44
1371.2,8,1060.5929885147634,4.8999999999999995,51.048167038057585,376.7954644397275,44
1371.3,10,1060.5929885147634,4.8999999999999995,51.06034523292126,376.7139246515392,44
1371.4,10,1060.5929885147634,4.0,51.089859147451435,376.50097269158437,44
1371.5,9,1060.5929885147634,4.0,51.103345222582284,376.4100987682752,44
1371.6,9,1060.5929885147634,6.4,51.12596439390684,376.2486846969924,44
1371.7,9,1060.5929885147634,6.4,51.15566293872027,376.0322203890065,44
1371.8,9,1060.5929885147634,6.4,50.9909915927536,377.3888554480127,44
1371.9,10,1060.5929885147634,5.6000000000000005,51.01518453227856,377.2163155801216,44
1372.0,10,1060.5929885147634,4.800000000000001,51.02906829850281,377.1144250958239,44
1372.1,10,1060.5929885147634,4.800000000000001,51.05488001512179,376.9329182799188,44
1372.2,10,1060.5929885147634,4.800000000000001,51.16190150407959,375.92109577762426,44
1372.3,10,1060.5929885147634,4.800000000000001,51.177903290339145,375.811416927265,44
1372.4,10,1060.5929885147634,4.800000000000001,51.19112569002225,375.7214744255005,44
1372.5,10,1060.5929885147634,4.800000000000001,51.208875832421114,375.5969878014346,44
1372.6,10,1060.5929885147634,4.800000000000001,51.230422268557895,375.442732713651,44
1372.7,10,1060.5929885147634,4.800000000000001,51.22799621166941,375.4796286289694,44
1372.8,10,1060.5929885147634,4.800000000000001,51.244504491656,375.35245818214287,44
1372.9,10,1060.5929885147634,4.800000000000001,51.12449047174408,376.1495277482928,44
1373.0,10,1060.5929885147634,4.800000000000001,51.15101891796807,375.95649295162,44
1373.1,10,1060.5929885147634,4.800000000000001,51.17433122872537,375.79811488173976,44
1373.2,10,1060.5929885147634,4.800000000000001,51.18530262227226,375.7289844028778,44
1373.3,10,1060.5929885147634,4.800000000000001,51.21859477783922,375.4862629928814,44
1373.4,10,1060.5929885147634,5.6000000000000005,51.24789965858984,375.2749326908323,44
1373.5,10,1060.5929885147634,5.6000000000000005,51.1451785569605,376.114507511291,44
1373.6,10,1060.5929885147634,5.6000000000000005,51.16001073726042,376.01739904803696,44
1373.7,10,1060.5929885147634,5.6000000000000005,51.018707136357335,376.9626436766513,44
1373.8,10,1060.5929885147634,5.6000000000000005,51.0418815963251,376.80009362872477,44
1373.9,10,1060.5929885147634,5.6000000000000005,51.05669013449197,376.7003743434442,44
1374.0,10,1060.5929885147634,5.6000000000000005,51.06765861767538,376.62776428602956,44
1374.1,10,1060.5929885147634,5.6000000000000005,51.08392965293142,376.5144015149949,44
1374.2,10,1060.5929885147634,5.6000000000000005,51.09367751005587,376.4517251715274,44
1374.3,10,1060.5929885147634,5.6000000000000005,51.12602635857151,376.2186959727899,44
1374.4,10,1060.5929885147634,5.6000000000000005,51.148190173474255,376.06377513659595,44
1374.5,10,1060.5929885147634,5.6000000000000005,51.2274801827418,375.3222214318664,44
1374.6,10,1060.5929885147634,5.6000000000000005,51.252340132166985,375.1410363506311,44
1374.7,10,1060.5929885147634,5.6000000000000005,51.27744340458888,374.95914146802727,44
1374.8,10,1060.5929885147634,5.6000000000000005,51.29110230445406,374.8625260822494,44
1374.9,10,1060.5929885147634,5.6000000000000005,51.31055461781119,374.72210990563633,44
1375.0,10,1060.5929885147634,5.6000000000000005,51.14488270275619,375.8396008719244,44
1375.1,10,1060.5929885147634,5.6000000000000005,51.16299825671922,375.70763013742476,44
1375.2,10,1060.5929885147634,5.6000000000000005,51.19203004666788,375.49318012743413,44
1375.3,10,1060.5929885147634,5.6000000000000005,51.23081702557563,375.20610499909606,44
1375.4,10,1060.5929885147634,5.6000000000000005,51.2543367740629,375.040742400035,44
1375.5,10,1060.5929885147634,5.6000000000000005,51.27897036474872,374.86374829874535,44
1375.6,10,1060.5929885147634,5.6000000000000005,51.305075725884436,374.67631881356783,44
1375.7,10,1060.5929885147634,6.4,51.340274475402026,374.4226703774054,44
1375.8,10,1060.5929885147634,6.4,51.35866573722487,374.29396488580744,44
1375.9,10,1060.5929885147634,6.4,51.380841400513916,374.1313219731803,44
1376.0,10,1060.5929885147634,6.4,51.41345611422736,373.900757583901,44
1376.1,10,1060.5929885147634,6.4,51.43772093685679,373.72118581470215,44
1376.2,10,1060.5929885147634,6.4,51.465800705668556,373.51933324741367,44
1376.3,10,1060.5929885147634,6.4,51.509889256673475,373.19472487483074,44
1376.4,10,1060.5929885147634,6.4,51.52938951683763,373.0576675282184,44
1376.5,10,1060.5929885147634,6.4,51.54561249461935,372.9476869195831,44
1376.6,10,1060.5929885147634,6.4,51.56775799600585,372.79104071469476,44
1376.7,10,1060.5929885147634,6.4,51.58991510341924,372.63574766032855,44
1376.8,10,1060.5929885147634,6.4,51.603633478475615,372.54344312921427,44
1376.9,10,1060.5929885147634,6.4,51.620191543578386,372.43693912656545,44
1377.0,10,1060.5929885147634,6.4,51.63537894975839,372.33761752809465,44
1377.1,10,1060.5929885147634,6.4,51.65619979797002,372.193581814853,44
1377.2,10,1060.5929885147634,6.4,51.6746395023612,372.06583377442206,44
1377.3,10,1060.5929885147634,5.6000000000000005,51.56720303217098,372.9182315637735,44
1377.4,10,1060.5929885147634,5.6000000000000005,51.57608453515139,372.8605360249127,44
1377.5,10,1060.5929885147634,5.6000000000000005,51.59463093587421,372.7312006711112,44
1377.6,10,1060.5929885147634,5.6000000000000005,51.61249405034661,372.5961127570729,44
1377.7,10,1060.5929885147634,5.6000000000000005,51.62815003274729,372.48590625228564,44
1377.8,10,1060.5929885147634,5.6000000000000005,51.649583283215364,372.3270473434486,44
1377.9,10,1060.5929885147634,5.6000000000000005,51.664438131257555,372.22295552933724,44
1378.0,10,1060.5929885147634,5.6000000000000005,51.6907241941783,372.2009197441332,44
1378.1,10,1060.5929885147634,5.6000000000000005,51.70974510590682,372.06740976977994,44
1378.2,10,1060.5929885147634,5.6000000000000005,51.742929897281655,371.82421453316226,44
1378.3,10,1060.5929885147634,5.6000000000000005,51.60832421607164,372.9028442911981,44
1378.4,10,1060.5929885147634,5.6000000000000005,51.62545547890032,372.78046744533174,44
1378.5,10,1060.5929885147634,5.6000000000000005,51.64534980383726,372.62887132213723,44
1378.6,10,1060.5929885147634,5.6000000000000005,51.67278952348727,372.42904465522685,44
1378.7,10,1060.5929885147634,5.6000000000000005,51.69054537101693,372.30627698192086,44
1378.8,10,1060.5929885147634,5.6000000000000005,51.709930840805825,372.1683394317686,44
1378.9,10,1060.5929885147634,5.6000000000000005,51.74823671116093,371.887506834334,44
1379.0,10,1060.5929885147634,5.6000000000000005,51.76198186019846,371.7832423583459,44
1379.1,10,1060.5929885147634,5.6000000000000005,51.77535843082512,371.7003820099171,44
1379.2,10,1060.5929885147634,4.800000000000001,51.80364703846445,371.4927589419366,44
1379.3,10,1060.5929885147634,4.800000000000001,51.81833627326007,371.3925706528987,44
1379.4,10,1060.5929885147634,4.800000000000001,51.839864156773295,371.23654085643847,44
1379.5,10,1060.5929885147634,4.800000000000001,51.85710492564314,371.1217578965437,44
1379.6,10,1060.5929885147634,4.800000000000001,51.87142291191036,371.0247847124501,44
1379.7,10,1060.5929885147634,4.800000000000001,51.7690615442065,371.6784516967832,44
1379.8,10,1060.5929885147634,4.800000000000001,51.77466579054967,371.6456338494732,44
1379.9,10,1060.5929885147634,5.6000000000000005,51.77648339522909,371.6291910931276,44
1380.0,10,1060.5929885147634,5.6000000000000005,51.78212577314759,371.5942836744058,44
1380.1,10,1060.5929885147634,5.6000000000000005,51.78808463344653,371.56123859142576,44
1380.2,10,1060.5929885147634,5.6000000000000005,51.80734259762484,371.43076227534266,44
1380.3,10,1060.5929885147634,5.6000000000000005,51.82254068371778,371.325939624951,44
1380.4,10,1060.5929885147634,5.6000000000000005,51.83847418979026,371.2205967294393,44
1380.5,10,1060.5929885147634,5.6000000000000005,51.85827491820875,371.0811437732325,44
1380.6,10,1060.5929885147634,5.6000000000000005,51.87381057125378,370.9714777321159,44
1380.7,10,1060.5929885147634,5.6000000000000005,51.894771784462286,370.8206494512973,44
1380.8,10,1060.5929885147634,5.6000000000000005,51.91570268387026,370.6728873768278,44
1380.9,10,1060.5929885147634,5.6000000000000005,51.7778594131899,371.78121619955874,44
1381.0,10,1060.5929885147634,5.6000000000000005,51.802136242184304,371.60908773803044,44
1381.1,10,1060.5929885147634,5.6000000000000005,51.80941142760939,371.56333626779326,44
1381.2,10,1060.5929885147634,5.6000000000000005,51.83660226757155,371.36425025644604,44
1381.3,10,1060.5929885147634,5.6000000000000005,51.85160250170179,371.26589849281777,44
1381.4,10,1060.5929885147634,5.6000000000000005,51.87036769946562,371.13133668779193,44
1381.5,10,1060.5929885147634,5.6000000000000005,51.88536289683165,371.0330892350246,44
1381.6,10,1060.5929885147634,5.6000000000000005,51.90093962637573,370.9165315761969,44
1381.7,10,1060.5929885147634,5.6000000000000005,51.91811468231589,370.79325078993895,44
1381.8,10,1060.5929885147634,5.6000000000000005,51.83303385416146,371.3303526283315,44
1381.9,10,1060.5929885147634,5.6000000000000005,51.84192778077208,371.2723774402665,44
1382.0,10,1060.5929885147634,5.6000000000000005,51.87679163703372,371.0194335502064,44
1382.1,10,1060.5929885147634,5.6000000000000005,51.902939457262704,370.8426819852188,44
1382.2,10,1060.5929885147634,5.6000000000000005,51.92679713614538,370.6698968756907,44
1382.3,10,1060.5929885147634,5.6000000000000005,51.94107590665088,370.57058818012166,44
1382.4,10,1060.5929885147634,5.6000000000000005,51.964862516466056,370.402329608777,44
1382.5,10,1060.5929885147634,5.6000000000000005,51.96816963174977,370.38759721214717,44
1382.6,10,1060.5929885147634,5.6000000000000005,51.85615870292045,371.29041765260513,44
1382.7,10,1060.5929885147634,4.800000000000001,51.84634441384253,371.35793387707145,44
1382.8,10,1060.5929885147634,4.800000000000001,51.745472140198416,371.99584668963485,44
1382.9,10,1060.5929885147634,4.800000000000001,51.776212421344056,371.77651406065814,44
1383.0,10,1060.5929885147634,4.800000000000001,51.79450616720954,371.6514922476379,44
1383.1,10,1060.5929885147634,4.800000000000001,51.86088040472229,371.0247316722554,44
1383.2,10,1060.5929885147634,4.800000000000001,51.88904750071653,370.81984286009526,44
1383.3,11,1060.5929885147634,4.800000000000001,51.9100655564012,370.669929752567,44
1383.4,11,1060.5929885147634,4.5,51.93341844722405,370.50694260749333,44
1383.5,10,1060.5929885147634,4.5,51.9496701720126,370.39295888599486,44
1383.6,10,1060.5929885147634,4.800000000000001,51.97574090661261,370.21413594007254,44
1383.7,10,1060.5929885147634,5.6000000000000005,52.00898046982515,369.9805980636409,44
1383.8,10,1060.5929885147634,5.6000000000000005,52.024863493165086,369.8702457662606,44
1383.9,10,1060.5929885147634,5.6000000000000005,51.99092127032047,370.24405513208967,44
1384.0,10,1060.5929885147634,5.6000000000000005,52.01101141381817,370.1089211600197,44
1384.1,10,1060.5929885147634,5.6000000000000005,52.02934097738053,369.9866381949822,44
1384.2,7,1061.3208050578305,4.800000000000001,52.055092985351926,369.80822717804494,44
1384.3,11,1061.3208050578305,4.8999999999999995,52.07516940876219,369.6662606570304,44
1384.4,11,1061.3208050578305,5.4,52.09933381057267,369.5017941450545,44
1384.5,11,1061.3208050578305,5.4,52.12898647465033,369.28760068954796,44
1384.6,11,1061.3208050578305,5.4,51.9832934214957,370.2285607743253,44
1384.7,11,1061.3208050578305,5.4,52.01129698157912,370.02651831071097,44
1384.8,11,1061.3208050578305,5.4,52.02818266958917,369.903804424452,44
1384.9,11,1061.3208050578305,5.4,52.04136167306693,369.8119323192183,44
1385.0,11,1061.3208050578305,6.3,52.05479931553551,369.72058924373084,44
1385.1,11,1061.3208050578305,6.3,52.067444410854435,369.6298124795467,44
1385.2,11,1061.3208050578305,6.3,52.07880252900206,369.55976668792016,44
1385.3,11,1061.3208050578305,6.3,52.09871215151951,369.4191487297768,44
1385.4,11,1061.3208050578305,6.3,52.10646822977073,369.3720835792327,44
1385.5,11,1061.3208050578305,6.3,52.13507632031863,369.1616129033108,44
1385.6,11,1061.3208050578305,6.3,52.136324874292036,369.1576499076196,44
1385.7,11,1061.3208050578305,6.3,52.143808091596746,369.1080182560429,44
1385.8,11,1061.3208050578305,6.3,52.153044212306185,369.0358389161882,44
1385.9,11,1061.3208050578305,6.3,52.164687470846424,368.95109692289424,44
1386.0,11,1061.3208050578305,6.3,52.17970692710401,368.8468605024095,44
1386.1,11,1061.3208050578305,6.3,52.18636196783161,368.79801536762255,44
1386.2,11,1061.3208050578305,6.3,52.20079276676913,368.6985797264289,44
1386.3,11,1061.3208050578305,6.3,52.21145368512229,368.6263782569096,44
1386.4,11,1061.3208050578305,5.4,52.23611038154017,368.44297358524784,44
1386.5,11,1061.3208050578305,5.4,52.25017922812573,368.3474666341659,44
1386.6,11,1061.3208050578305,5.4,52.270743401197386,368.1883540404791,44
1386.7,11,1061.3208050578305,5.4,52.2863195413655,368.0737908351396,44
1386.8,11,1061.3208050578305,5.4,52.29678703958247,367.99303188364667,44
1386.9,11,1061.3208050578305,5.4,52.31519873849585,367.85884992750675,44
1387.0,11,1061.3208050578305,5.4,52.33014739908907,367.7404657131783,44
1387.1,11,1061.3208050578305,5.4,52.342750289375516,367.6526140177443,44
1387.2,11,1061.3208050578305,5.4,52.33891912836481,367.6726632067675,44
1387.3,11,1061.3208050578305,5.4,52.34728281312913,367.6076439613088,44
1387.4,11,1061.3208050578305,5.4,52.29364442151038,368.1844350284284,44
1387.5,11,1061.3208050578305,5.4,52.30674384649673,368.0865091709599,44
1387.6,11,1061.3208050578305,5.4,52.198858637704106,368.7781176505449,44
1387.7,11,1061.3208050578305,5.4,52.21910331684907,368.6244762989396,44
1387.8,11,1061.3208050578305,4.5,52.231677016214206,368.5282313269025,44
1387.9,11,1061.3208050578305,4.5,52.230300875687625,368.54003767333916,44
1388.0,8,1061.5782759694673,4.5,52.23832373550061,368.48214764670627,44
1388.1,11,1061.5782759694673,4.8999999999999995,52.25246035467314,368.3752840079477,44
1388.2,8,1061.6512492212494,4.5,52.26487940731824,368.28245500882895,44
1388.3,8,1061.6512492212494,4.8999999999999995,52.277024009362634,368.186374215349,44
1388.4,8,1061.6512492212494,4.8999999999999995,52.28211190080616,368.1500330286824,44
1388.5,8,1061.6512492212494,4.8999999999999995,52.294397651579594,368.0561652140189,44
1388.6,8,1061.6512492212494,4.8999999999999995,52.1295285056442,369.3374768567668,44
1388.7,8,1061.6512492212494,4.8999999999999995,52.12658193018552,369.3511040150615,44
1388.8,8,1061.6512492212494,4.8999999999999995,52.11477935125104,369.4366297029595,44
1388.9,8,1061.6512492212494,4.8999999999999995,52.11549191968481,369.4269396534587,44
1389.0,8,1061.6512492212494,4.8999999999999995,52.120080419409945,369.39012303004296,44
1389.1,8,1061.6512492212494,4.8999999999999995,52.12106707505856,369.3796516357405,44
1389.2,8,1061.6512492212494,4.8999999999999995,52.11705257155654,369.4010893209464,44
1389.3,8,1061.6512492212494,4.8999999999999995,52.11658649924529,369.394778814147,44
1389.4,8,1061.6512492212494,4.8999999999999995,52.08030672593028,369.6524462953663,44
1389.5,12,1061.6512492212494,4.8999999999999995,52.068972806255616,369.72638027589267,44
1389.6,12,1061.6512492212494,5.4,52.072768067884454,369.6909536159336,44
1389.7,12,1061.6512492212494,5.4,52.06755324579477,369.7154054911118,44
1389.8,12,1061.6512492212494,5.4,52.07323077430472,369.6705543321234,44
1389.9,8,1061.571337185497,4.5,52.06761384756295,369.70621891808287,44
1390.0,8,1061.571337185497,5.6,52.06660771263654,369.7133113080887,44
1390.1,8,1061.571337185497,5.6,51.92264735551562,370.63048495108535,44
1390.2,8,1061.571337185497,5.6,51.93482441024369,370.53270251907816,44
1390.3,8,1061.571337185497,5.6,51.94095929931733,370.49427117831533,44
1390.4,8,1061.571337185497,5.6,51.941594957476894,370.4893016733622,44
1390.5,8,1061.571337185497,5.6,51.943150157675404,370.47276920621397,44
1390.6,8,1061.571337185497,5.6,51.9433397326441,370.46364204986446,44
1390.7,8,1061.571337185497,5.6,51.94942433226186,370.40712795677564,44
1390.8,8,1061.571337185497,5.6,51.95136183572612,370.3883632658818,44
1390.9,8,1061.571337185497,5.6,51.94908828814873,370.3978615261151,44
1391.0,8,1061.571337185497,5.6,51.93948111022243,370.3595218366477,44
1391.1,8,1061.571337185497,4.8999999999999995,51.921112373550216,370.4885813713752,44
1391.2,8,1061.571337185497,4.8999999999999995,51.92790854426111,370.4260618609944,44
1391.3,8,1061.571337185497,4.8999999999999995,51.783218033063605,371.361127921244,44
1391.4,8,1061.571337185497,4.8999999999999995,51.77836353611761,371.39933681101536,44
1391.5,8,1061.571337185497,4.8999999999999995,51.782459287590285,371.36483905229727,44
1391.6,7,1061.674241614983,4.199999999999999,51.78177076533083,371.3671337923654,44
1391.7,7,1061.700384056733,4.8999999999999995,51.77822320589549,371.3906660682227,44
1391.8,12,1061.700384056733,4.8999999999999995,51.77605541966145,371.3982905636951,44
1391.9,12,1061.700384056733,5.4,51.774354275728456,371.40378933468844,44
1392.0,12,1061.700384056733,5.4,51.77411993687005,371.40165569412744,44
1392.1,12,1061.700384056733,5.4,51.76260147165924,371.47518502737046,44
1392.2,12,1061.700384056733,5.4,51.74392048746115,371.6122034662957,44
1392.3,12,1061.700384056733,5.4,51.74424048506405,371.608121610416,44
1392.4,12,1061.700384056733,5.4,51.73498808127792,371.6751606851352,44
1392.5,12,1061.700384056733,5.4,51.71806114866125,371.8023886860898,44
1392.6,12,1061.700384056733,5.4,51.69515307192892,371.9710213112798,44
1392.7,12,1061.700384056733,5.4,51.664048676171305,372.207838968263,44
1392.8,12,1061.700384056733,5.4,51.771558513238446,371.36948446671806,44
1392.9,12,1061.700384056733,5.4,51.75231464354206,371.5068736405642,44
1393.0,12,1061.700384056733,5.4,51.723025964079326,371.72468609332316,44
1393.1,12,1061.700384056733,5.4,51.69780473418339,371.9053742082774,44
1393.2,12,1061.700384056733,5.4,51.67030809535609,372.1046565068034,44
1393.3,12,1061.700384056733,5.4,51.645149320625166,372.2872967593479,44
1393.4,12,1061.700384056733,5.4,51.62378869674461,372.44499061546446,44
1393.5,12,1061.700384056733,5.4,51.59563974608024,372.64923939532935,44
1393.6,8,1061.6358771803941,5.4,51.57132653740783,372.82664620922026,44
1393.7,8,1061.6358771803941,4.8999999999999995,51.52700055774834,373.0945614843788,44
1393.8,8,1061.6358771803941,4.8999999999999995,51.49323724306967,373.34643101670554,44
1393.9,8,1061.6358771803941,4.8999999999999995,51.463551802482556,373.56217635485825,44
1394.0,8,1061.6358771803941,4.8999999999999995,51.42842142585877,373.81716666337877,44
1394.1,8,1061.6358771803941,4.8999999999999995,51.34637633125557,374.47059651332074,44
1394.2,8,1061.6358771803941,4.8999999999999995,51.31900956328741,374.6701224938731,44
1394.3,8,1061.6358771803941,4.8999999999999995,51.28990045980411,374.88513184977955,44
1394.4,8,1061.6358771803941,4.8999999999999995,51.24639245373535,375.20678049906496,44
1394.5,8,1061.6358771803941,4.8999999999999995,51.20601324523308,375.50154942809127,44
1394.6,8,1061.6358771803941,4.8999999999999995,51.16852132788097,375.77867365539396,44
1394.7,8,1061.6358771803941,4.8999999999999995,51.13002247994808,376.05882020455755,44
1394.8,8,1061.6358771803941,4.8999999999999995,51.09509906190283,376.3196333012436,44
1394.9,8,1061.6358771803941,4.8999999999999995,51.06347753235458,376.5592313037307,44
1395.0,8,1061.6358771803941,4.8999999999999995,51.02873405432985,376.8177960538172,44
1395.1,8,1061.6358771803941,4.8999999999999995,50.99098790761724,377.09875560392015,44
1395.2,8,1061.6358771803941,4.8999999999999995,50.98205441040743,377.14876802602646,44
1395.3,8,1061.6358771803941,4.8999999999999995,50.96035040357258,377.31187344376514,44
1395.4,8,1061.6358771803941,4.8999999999999995,50.82990067022186,378.2347197873722,44
1395.5,9,1062.4819280081383,4.8999999999999995,50.799317675125025,378.46734236190406,44
1395.6,9,1063.0771137421896,5.6000000000000005,50.786830411149374,378.56391312585754,44
1395.7,8,1062.9973791000377,4.800000000000001,50.761917026282575,378.7477124354293,44
1395.8,8,1062.9973791000377,5.6,50.72357490881429,379.04050251483227,44
1395.9,8,1062.9973791000377,5.6,50.69638471699951,379.2416125618712,44
1396.0,8,1062.9973791000377,5.6,50.678056463054396,379.38116114480397,44
1396.1,8,1062.9973791000377,5.6,50.63813549368122,379.6936941848928,44
1396.2,8,1062.9973791000377,5.6,50.613064018707476,379.88304141637036,44
1396.3,8,1062.9973791000377,5.6,50.59150771607803,380.04265632953263,44
1396.4,8,1062.9973791000377,5.6,50.4809735165136,380.92899401121474,44
1396.5,8,1062.9973791000377,5.6,50.46003154591444,381.08999390776444,44
1396.6,8,1062.9973791000377,5.6,50.45057608843531,381.1622603326631,44
1396.7,8,1062.9973791000377,5.6,50.43469850942859,381.28198805925575,44
1396.8,8,1062.9973791000377,5.6,50.415078802346656,381.43399603919846,44
1396.9,8,1062.9973791000377,5.6,50.269514879225994,382.47047372161296,44
1397.0,8,1062.9973791000377,5.6,50.24624755081962,382.6461605533059,44
1397.1,8,1062.9973791000377,5.6,50.22518808786495,382.81267365231247,44
1397.2,8,1062.9973791000377,5.6,50.20899523735419,382.93360411399226,44
1397.3,8,1062.9973791000377,5.6,50.199934051652136,382.9979949577346,44
1397.4,8,1062.9973791000377,5.6,50.18010973194569,383.1509933471426,44
1397.5,8,1062.9973791000377,5.6,50.15258371030457,383.36662895720417,44
1397.6,8,1062.9973791000377,5.6,50.14728621266951,383.40490238826504,44
1397.7,8,1062.9973791000377,5.6,50.13406620132892,383.50210114410595,44
1397.8,8,1062.9973791000377,5.6,50.03191391883442,384.33988432442845,44
1397.9,8,1062.9973791000377,5.6,50.01589734849037,384.4566765135885,44
1398.0,8,1062.9973791000377,5.6,49.98825874833684,384.67210789025853,44
1398.1,8,1062.9973791000377,5.6,49.97598933469777,384.76528719856867,44
1398.2,8,1062.9973791000377,5.6,49.96091190535644,384.8795122657531,44
1398.3,8,1062.9973791000377,5.6,49.94837605276413,384.9728026296491,44
1398.4,8,1062.9973791000377,5.6,49.81921503255853,385.89285571420487,44
1398.5,8,1062.9973791000377,5.6,49.799220019122856,386.04775189557313,44
1398.6,8,1062.9973791000377,5.6,49.80569512649077,385.9962101987688,44
1398.7,8,1062.9973791000377,5.6,49.796728308136785,386.06279328973187,44
1398.8,8,1062.9973791000377,5.6,49.79230432066268,386.08519744209707,44
1398.9,8,1062.9973791000377,5.6,49.77965463715604,386.1867895008616,44
1399.0,8,1062.9973791000377,5.6,49.768452034926256,386.2694899801494,44
1399.1,8,1062.9973791000377,5.6,49.771725319404354,386.23801854003057,44
1399.2,8,1062.9973791000377,5.6,49.759602336992174,386.3324634606116,44
1399.3,8,1062.9973791000377,5.6,49.75868888953503,386.3415097086447,44
1399.4,8,1062.9973791000377,5.6,49.61145285413138,387.5785636216293,44
1399.5,8,1062.9973791000377,5.6,49.60409957182422,387.63513690601985,44
1399.6,8,1062.9973791000377,5.6,49.60046450134338,387.6584426839487,44
1399.7,8,1062.9973791000377,5.6,49.60281688397504,387.6364450637118,44
1399.8,8,1062.9973791000377,5.6,49.67486407410996,387.1165675983313,44
1399.9,8,1062.9973791000377,5.6,49.67780083675977,387.0946623846835,44
1400.0,8,1062.9973791000377,5.6,49.68485537787425,387.0339758892128,44
1400.1,8,1062.9973791000377,5.6,49.68522248016755,387.02705172047547,44
1400.2,8,1062.9973791000377,5.6,49.68455644131842,387.0321548948226,44
1400.3,8,1062.9973791000377,5.6,49.689484635458314,386.98404669436036,44
1400.4,8,1062.9973791000377,5.6,49.70031244856814,386.8865389151307,44
1400.5,7,1062.9942625222088,4.8999999999999995,49.71536550499256,386.75734618141905,44
1400.6,8,1062.9942625222088,5.6,49.7318916724699,386.6188319672965,44
1400.7,8,1062.9942625222088,4.8999999999999995,49.72999780472807,386.6305763028913,44
1400.8,8,1062.9942625222088,4.8999999999999995,49.73235661886721,386.6046178418611,44
1400.9,8,1062.9942625222088,4.8999999999999995,49.74147081194518,386.5312255950075,44
1401.0,9,1062.9942625222088,4.8999999999999995,49.75856226899994,386.38616999674775,44
1401.1,9,1062.9942625222088,4.800000000000001,49.75435139309816,386.4100598221321,44
1401.2,9,1062.9942625222088,4.800000000000001,49.7693282294101,386.2912707925342,44
1401.3,9,1062.9942625222088,4.800000000000001,49.77358725636918,386.2483660859094,44
1401.4,9,1062.9942625222088,4.800000000000001,49.7827744884281,386.1697499434723,44
1401.5,9,1062.9942625222088,4.800000000000001,49.85330991835111,385.42951316048834,44
1401.6,9,1062.9942625222088,4.800000000000001,49.85881630770551,385.37838111407245,44
1401.7,7,1063.016236044396,4.800000000000001,49.842535413421004,385.4952595165785,44
1401.8,8,1062.9366262199476,5.6,49.83704012422456,385.5269127079374,44
1401.9,7,1062.861246754706,5.6,49.839055184734704,385.5003939191156,44
1402.0,8,1062.861246754706,5.6,49.83829350806343,385.4950197400996,44
1402.1,9,1062.861246754706,5.6,49.841501572829564,385.45991660256004,44
1402.2,9,1062.861246754706,5.6000000000000005,49.83834999772385,385.4723740353155,44
1402.3,9,1062.861246754706,5.6000000000000005,49.689994065810396,386.56214931583906,44
1402.4,9,1062.861246754706,5.6000000000000005,49.695009784548475,386.5154775181029,44
1402.5,9,1062.861246754706,5.6000000000000005,49.80261792649841,385.64013788985005,44
1402.6,9,1062.861246754706,5.6000000000000005,49.79887042712369,385.66303688874007,44
1402.7,9,1062.861246754706,5.6000000000000005,49.80194206188599,385.63152244788864,44
1402.8,9,1062.861246754706,5.6000000000000005,49.79682250213944,385.66692045803694,44
1402.9,9,1062.861246754706,5.6000000000000005,49.806643628566285,385.5830557105509,44
1403.0,9,1062.861246754706,5.6000000000000005,49.6448012737706,386.7986808554384,44
1403.1,9,1062.861246754706,5.6000000000000005,49.650431443257204,386.7495294581935,44
1403.2,9,1062.861246754706,5.6000000000000005,49.66081684631442,386.66368754515554,44
1403.3,9,1062.861246754706,5.6000000000000005,49.49389800745507,387.997097535715,44
1403.4,9,1062.861246754706,5.6000000000000005,49.50674992188525,387.8909840120266,44
1403.5,9,1062.861246754706,5.6000000000000005,49.518557190191984,387.7945401817966,44
1403.6,9,1062.861246754706,5.6000000000000005,49.524774090573146,387.74043495113835,44
1403.7,9,1062.861246754706,5.6000000000000005,49.53266030671435,387.6759402684542,44
1403.8,9,1062.861246754706,5.6000000000000005,49.53231686920411,387.6740423968471,44
1403.9,9,1062.861246754706,5.6000000000000005,49.538762788422915,387.62088333793736,44
1404.0,9,1062.861246754706,5.6000000000000005,49.55143875273539,387.51766270320593,44
1404.1,9,1062.861246754706,5.6000000000000005,49.566930817531244,387.3947123032208,44
1404.2,9,1062.861246754706,5.6000000000000005,49.58124740618669,387.27865707004594,44
1404.3,9,1062.861246754706,6.4,49.59637396656747,387.1575569752789,44
1404.4,9,1062.861246754706,6.4,49.60409753586894,387.09577550122196,44
1404.5,9,1062.861246754706,6.4,49.61298139564159,387.0262803710041,44
1404.6,9,1062.861246754706,6.4,49.62900139387165,386.8979807694012,44
1404.7,9,1062.861246754706,6.4,49.497532249604774,387.9441658824416,44
1404.8,9,1062.861246754706,5.6000000000000005,49.49470358426821,387.96375850692743,44
1404.9,9,1062.861246754706,5.6000000000000005,49.63605230143057,386.8759636175864,44
1405.0,9,1062.861246754706,5.6000000000000005,49.64366675714055,386.8148669618288,44
1405.1,9,1062.861246754706,5.6000000000000005,49.63346356582767,386.9074190821927,44
1405.2,8,1062.7884686639397,5.6000000000000005,49.65115264427773,386.76270254581425,44
1405.3,8,1062.7884686639397,5.6,49.64977252526148,386.7693817739695,44
1405.4,8,1062.7884686639397,5.6,49.65438919393037,386.7306483418698,44
1405.5,8,1062.7884686639397,5.6,49.662803757790186,386.66080293155494,44
1405.6,9,1062.7884686639397,4.8999999999999995,49.676189465070614,386.55049758405676,44
1405.7,8,1062.7884686639397,5.6000000000000005,49.6752311170431,386.5554359873148,44
1405.8,8,1062.7884686639397,4.8999999999999995,49.47760858590395,388.0687610069435,44
1405.9,8,1062.7884686639397,4.8999999999999995,49.302628082674104,389.46319184393303,44
1406.0,8,1062.7884686639397,4.8999999999999995,49.31383862666318,389.372515332642,44
1406.1,8,1062.7884686639397,4.8999999999999995,49.29504071134775,389.5174904863774,44
1406.2,8,1062.7884686639397,4.8999999999999995,49.29074948213722,389.549670615272,44
1406.3,8,1062.7884686639397,4.8999999999999995,49.284352553210134,389.5990093332834,44
1406.4,8,1062.7884686639397,4.8999999999999995,49.27231349000043,389.69169263946924,44
1406.5,8,1062.7884686639397,4.8999999999999995,49.25711491338322,389.8111412629959,44
1406.6,8,1062.7884686639397,4.8999999999999995,49.24513325872441,389.90402233203986,44
1406.7,8,1062.7884686639397,4.8999999999999995,49.21560075131366,390.13643820094717,44
1406.8,8,1062.7884686639397,4.8999999999999995,49.21566041505466,390.1341772537745,44
1406.9,8,1062.7884686639397,4.8999999999999995,49.043461690658795,391.5211923297865,44
1407.0,8,1062.7884686639397,4.8999999999999995,49.03146269688796,391.61496389642366,44
1407.1,8,1062.7884686639397,4.8999999999999995,49.0070388781251,391.80920607235254,44
1407.2,8,1062.7884686639397,4.8999999999999995,48.996521729274825,391.89001166061337,44
1407.3,8,1062.7884686639397,4.8999999999999995,48.98479698293619,391.98224882284546,44
1407.4,8,1062.7884686639397,4.8999999999999995,48.97029050775457,392.0967621048177,44
1407.5,7,1062.7525711644475,4.8999999999999995,48.951380488716005,392.2471391597172,44
1407.6,9,1062.7525711644475,5.6,48.94365953532958,392.3060488673509,44
1407.7,9,1062.7525711644475,6.4,48.910375059265775,392.5722640379139,44
1407.8,9,1062.7525711644475,6.4,48.899687315796385,392.6564740080256,44
1407.9,9,1062.7525711644475,6.4,48.8728319989623,392.8712115827034,44
1408.0,9,1062.7525711644475,6.4,48.86007622642359,392.97151001601435,44
1408.1,9,1062.7525711644475,6.4,48.82195004759016,393.27723114092385,44
1408.2,9,1062.7525711644475,6.4,48.80364805952256,393.4227266606023,44
1408.3,9,1062.7525711644475,6.4,48.776065070325814,393.64398578793373,44
1408.4,9,1062.7525711644475,6.4,48.74967182817172,393.856537484535,44
1408.5,9,1062.7525711644475,6.4,48.58250863600052,395.20440951982937,44
1408.6,9,1062.7525711644475,6.4,48.56092495872638,395.3796311536962,44
1408.7,9,1062.7525711644475,6.4,48.5156526966674,395.74856640013195,44
1408.8,9,1062.7525711644475,6.4,48.4720367493246,396.10470542779416,44
1408.9,9,1062.7525711644475,6.4,48.45014625268786,396.28424543340435,44
1409.0,9,1062.7525711644475,6.4,48.4219587764359,396.51557841209035,44
1409.1,9,1062.7525711644475,6.4,48.38553294820772,396.8147246932973,44
1409.2,9,1062.7525711644475,6.4,48.360211843066956,397.0236453100888,44
1409.3,9,1062.7525711644475,6.4,48.328129482702096,397.2883160907718,44
1409.4,9,1062.7525711644475,6.4,48.30318367582626,397.49447548065916,44
1409.5,9,1062.7525711644475,6.4,48.111666562156095,399.0942810385674,44
1409.6,9,1062.7525711644475,6.4,48.08926018250658,399.2847297879823,44
1409.7,9,1062.7525711644475,6.4,48.09724923841485,399.2595794726273,44
1409.8,9,1062.7525711644475,6.4,48.06757845005782,399.50865812395296,44
1409.9,9,1062.7525711644475,6.4,48.05509136343591,399.61634371832866,44
1410.0,9,1062.7525711644475,6.4,48.02052306942135,399.90535395827635,44
1410.1,9,1062.7525711644475,6.4,47.992892405267504,400.138252814888,44
1410.2,10,1062.7525711644475,6.4,47.984966762646856,400.2076254436912,44
1410.3,10,1062.7525711644475,4.800000000000001,48.164364803637895,398.6756416744465,44
1410.4,10,1062.7525711644475,4.800000000000001,48.14152502668976,398.86644410782867,44
1410.5,10,1062.7525711644475,4.800000000000001,47.9578568923651,400.4344992401552,44
1410.6,10,1062.7525711644475,4.800000000000001,47.9373681678341,400.6085760186602,44
1410.7,10,1062.7525711644475,4.800000000000001,47.91280815997311,400.8153418941043,44
1410.8,9,1062.7525711644475,4.800000000000001,47.90435631432616,400.8904496650483,44
1410.9,9,1062.7525711644475,6.4,47.89230656223384,400.99684948606676,44
1411.0,9,1062.7525711644475,6.4,47.869176382037836,401.1304149851918,44
1411.1,9,1062.7525711644475,6.4,47.856990460197295,401.23646614798616,44
1411.2,9,1062.7525711644475,6.4,47.845062819078606,401.33857052657095,44
1411.3,9,1062.7525711644475,6.4,47.83100895736096,401.4582020385235,44
1411.4,9,1062.7525711644475,6.4,47.80093519471532,401.7092756182991,44
1411.5,9,1062.7525711644475,6.4,47.788330509033244,401.8195144101686,44
1411.6,9,1062.7525711644475,6.4,47.75700919087203,402.0840911771255,44
1411.7,9,1062.7525711644475,6.4,47.52697730662054,404.0765378908724,44
1411.8,9,1062.7525711644475,6.4,47.436742933498266,404.76766646008,44
1411.9,9,1062.7525711644475,6.4,47.39783453914831,405.09896734452497,44
1412.0,9,1062.7525711644475,6.4,47.36920426388923,405.34542644743317,44
1412.1,9,1062.7525711644475,6.4,47.334996602036455,405.63797735229696,44
1412.2,9,1062.7525711644475,7.2,47.32156010080284,405.7545656475168,44
1412.3,9,1062.7525711644475,7.2,47.28341244450429,406.0815569619143,44
1412.4,9,1062.7525711644475,7.2,47.266656700819794,406.2281172446969,44
1412.5,9,1062.7525711644475,7.2,47.24475955607245,406.4182173809793,44
1412.6,9,1062.7525711644475,7.2,47.224860996359126,406.59045055589695,44
1412.7,9,1062.7525711644475,7.2,47.02864384546532,408.27033737009975,44
1412.8,9,1062.7525711644475,7.2,47.037292575487704,408.213420124865,44
1412.9,9,1062.7525711644475,7.2,47.0304672801033,408.27452519629145,44
1413.0,9,1062.7525711644475,7.2,47.01189004776092,408.43775355159676,44
1413.1,9,1062.7525711644475,7.2,47.011592276931424,408.4440140758895,44
1413.2,9,1062.7525711644475,7.2,47.05607931965511,408.1524268886635,44
1413.3,9,1062.7525711644475,7.2,47.17703278488388,407.076575462183,44
1413.4,9,1062.7525711644475,7.2,47.149881463306926,407.3131934968468,44
1413.5,9,1062.7525711644475,7.2,47.29564236948447,406.1054147787704,44
1413.6,9,1062.7525711644475,8.0,47.290069679725434,406.16121910833175,44
1413.7,9,1062.7525711644475,8.0,47.264527728690624,406.3812117736059,44
1413.8,9,1062.7525711644475,8.0,47.25197830422499,406.4980634369258,44
1413.9,9,1062.7525711644475,8.0,47.22857210614177,406.70371006681034,44
1414.0,9,1062.7525711644475,8.0,47.22304547860554,406.7650321681067,44
1414.1,9,1062.7525711644475,8.0,47.198059764850896,406.97620780400746,44
1414.2,9,1062.7525711644475,8.0,47.201910548451565,406.9564336977187,44
1414.3,9,1062.7525711644475,8.0,47.189824694585425,407.06731793846023,44
1414.4,9,1062.7525711644475,8.0,47.15756465476183,407.3439535307114,44
1414.5,9,1062.7525711644475,8.0,46.98201081188205,408.9418822492616,44
1414.6,9,1062.7525711644475,8.0,47.00326912713041,408.9270285477798,44
1414.7,9,1062.7525711644475,8.0,46.99162220275209,409.0307054561274,44
1414.8,9,1062.7525711644475,8.0,46.98642050248685,409.08555717480294,44
1414.9,9,1062.7525711644475,8.0,46.991832444906656,409.0610525497634,44
1415.0,9,1062.7525711644475,8.0,46.981922003846734,409.15083543679424,44
1415.1,9,1062.7525711644475,8.0,46.97956404039668,409.18707116839914,44
1415.2,9,1062.7525711644475,8.0,46.963572054374225,409.3389736284589,44
1415.3,9,1062.7525711644475,8.0,46.956108686254964,409.41680547220756,44
1415.4,9,1062.7525711644475,8.0,46.82081298776124,410.5390426840342,44
1415.5,9,1062.7525711644475,8.0,46.794613608972796,410.7712728920842,44
1415.6,9,1062.7525711644475,8.0,46.807041025150454,410.69076976929006,44
1415.7,9,1062.7525711644475,8.0,46.79743107222228,410.78509772011125,44
1415.8,9,1062.7525711644475,8.0,46.93149093453292,409.5576268757007,44
1415.9,9,1062.7525711644475,8.0,46.916159017667155,409.70631512763106,44
1416.0,9,1062.7525711644475,8.0,46.917212291128244,409.71448221586047,44
1416.1,9,1062.7525711644475,8.0,46.89459869480684,409.9190162618014,44
1416.2,9,1062.7525711644475,8.0,46.89539184730312,409.93342699834625,44
1416.3,9,1062.7525711644475,8.0,46.88512898189737,410.0375257109343,44
1416.4,9,1062.7525711644475,8.0,46.652086623366465,412.2436541522687,44
1416.5,9,1062.7525711644475,8.0,46.65074950276274,412.2761713788457,44
1416.6,9,1062.7525711644475,8.0,46.73352715338403,411.4623491211412,44
1416.7,9,1062.7525711644475,8.0,46.72639073661351,411.5423431156712,44
1416.8,9,1062.7525711644475,8.0,46.730884610000025,411.5259654009451,44
1416.9,9,1062.7525711644475,8.0,46.714317060069035,411.6847134901225,44
1417.0,9,1062.7525711644475,8.0,46.69017696016747,411.90866881231454,44
1417.1,9,1062.7525711644475,8.0,46.61552966293079,412.3181585735054,44
1417.2,9,1062.7525711644475,8.0,46.38215858279486,414.2848573061424,44
1417.3,9,1062.7525711644475,8.0,46.35950513524985,414.49665919087596,44
1417.4,9,1062.7525711644475,8.0,46.12145238296082,416.7751035242423,44
1417.5,9,1062.7525711644475,8.0,46.11353440985561,416.8708069378422,44
1417.6,9,1062.7525711644475,8.0,46.09877567954196,417.01635929796026,44
1417.7,9,1062.7525711644475,8.0,46.08140283918118,417.1859673339468,44
1417.8,9,1062.7525711644475,8.0,46.07612909570916,417.2524554840635,44
1417.9,9,1062.7525711644475,8.0,46.049093614753424,417.4986030635024,44
1418.0,9,1062.7525711644475,8.0,46.049674997459775,417.5090588754599,44
1418.1,9,1062.7525711644475,8.0,46.04475914333028,417.57214796430185,44
1418.2,9,1062.7525711644475,8.0,46.01552245427923,417.8397077501645,44
1418.3,9,1062.7525711644475,8.0,46.003917810293615,417.95607116634926,44
1418.4,9,1062.7525711644475,8.0,45.97556285993309,418.20946530595677,44
1418.5,9,1062.7525711644475,8.0,45.94639169592861,418.4818142151913,44
1418.6,9,1062.7525711644475,8.0,45.94443651005219,418.5069393482145,44
1418.7,9,1062.7525711644475,8.0,45.99755156689707,417.9335992058313,44
1418.8,9,1062.7525711644475,8.0,45.96199968083738,418.25057025256285,44
1418.9,9,1062.7525711644475,8.0,45.94180639031355,418.43753848918755,44
1419.0,9,1062.7525711644475,8.0,45.895483495283976,418.8489849821311,44
1419.1,9,1062.7525711644475,8.0,45.64743499092532,421.2629169377998,44
1419.2,9,1062.7525711644475,8.0,45.318544248222565,423.85182847365695,44
1419.3,9,1062.7525711644475,8.0,45.287778719689726,424.137902617935,44
1419.4,9,1062.7525711644475,8.0,45.25384881038238,424.45190386757616,44
1419.5,9,1062.7525711644475,8.0,45.21231718646919,424.8302764357226,44
1419.6,9,1062.7525711644475,8.0,45.18160891397015,425.11373094607507,44
1419.7,9,1062.7525711644475,8.0,45.15167116622145,425.39468269423884,44
1419.8,9,1062.7525711644475,8.0,45.01996665680859,426.4933566403731,44
1419.9,9,1062.7525711644475,8.0,44.98560019699656,426.81756644618304,44
1420.0,9,1062.7525711644475,8.0,44.95193999645252,427.1369966564762,44
1420.1,9,1062.7525711644475,8.0,44.932523503183745,427.3209666258447,44
1420.2,9,1062.7525711644475,8.0,44.89417224027948,427.6842921882494,44
1420.3,9,1062.7525711644475,8.0,44.877414682284666,427.8443805491221,44
1420.4,9,1062.7525711644475,8.0,44.8478193911507,428.1263020431253,44
1420.5,9,1062.7525711644475,8.0,44.82103544974616,428.3808708960026,44
1420.6,9,1062.7525711644475,8.0,44.81354561596726,428.453202540612,44
1420.7,9,1062.7525711644475,8.0,44.80272305012319,428.55641129101275,44
1420.8,9,1062.7525711644475,8.0,44.94819607740507,427.19268222652,44
1420.9,9,1062.7525711644475,8.0,44.92802930420889,427.3831988041609,44
1421.0,9,1062.7525711644475,8.0,44.892617376602566,427.71707267147076,44
1421.1,9,1062.7525711644475,8.0,44.865256061917734,427.9754394784967,44
1421.2,9,1062.7525711644475,8.0,45.00018839509505,426.67378859652683,44
1421.3,9,1062.7525711644475,8.0,44.992571786670794,426.7457482280198,44
1421.4,9,1062.7525711644475,8.0,44.98217477919913,426.84508818482914,44
1421.5,9,1062.7525711644475,8.0,44.96794858861021,426.9798071916175,44
1421.6,9,1062.7525711644475,8.0,44.979447655595806,426.89772503750453,44
1421.7,9,1062.7525711644475,8.0,44.9834002928574,426.8640105066429,44
1421.8,9,1062.7525711644475,8.0,44.96351281760268,427.0501608536007,44
1421.9,9,1062.7525711644475,8.0,44.95564499409102,427.1260059826236,44
1422.0,9,1062.7525711644475,8.0,44.94893168471016,427.1889638683754,44
1422.1,9,1062.7525711644475,8.0,44.93584315820142,427.31290932735635,44
1422.2,9,1062.7525711644475,8.0,44.935389255878874,427.3185484698928,44
1422.3,9,1062.7525711644475,7.2,44.926956739199426,427.39741215874517,44
1422.4,9,1062.7525711644475,7.2,44.93143104222838,427.3550358500163,44
1422.5,9,1062.7525711644475,7.2,44.933049575747965,427.34178150025485,44
1422.6,9,1062.7525711644475,7.2,44.935053902104485,427.32322146044874,44
1422.7,9,1062.7525711644475,7.2,44.92421999939503,427.4237479346909,44
1422.8,9,1062.7525711644475,7.2,44.939308255459736,427.28291897181964,44
1422.9,9,1062.7525711644475,7.2,44.91939373606155,427.47076825249576,44
1423.0,9,1062.7525711644475,7.2,44.92825926760955,427.386697049925,44
1423.1,7,1062.7455275537507,7.2,44.91952732008872,427.4683005232791,44
1423.2,8,1063.01123179658,4.8999999999999995,44.930462137565165,427.36516347523343,44
1423.3,9,1063.01123179658,4.199999999999999,44.94636056459632,427.21593918035757,44
1423.4,8,1063.1708865072248,6.4,44.93288936674075,427.33952137878606,44
1423.5,8,1063.1724212056695,4.199999999999999,45.116254681376304,425.64044421606076,44
1423.6,8,1063.1724212056695,4.199999999999999,45.099672648825965,425.7917395232653,44
1423.7,9,1063.1724212056695,4.199999999999999,45.09481314513937,425.835228181691,44
1423.8,9,1063.1724212056695,6.4,45.25886949155135,424.2570457269778,44
1423.9,9,1063.1724212056695,6.4,45.253995601651965,424.3008451103976,44
1424.0,9,1063.1724212056695,6.4,45.24541058647756,424.37631272769545,44
1424.1,9,1063.1724212056695,6.4,45.24643247532141,424.36514261337595,44
1424.2,9,1063.1724212056695,6.4,45.24227118916447,424.4014441172019,44
1424.3,9,1063.1724212056695,6.4,45.22023865014049,424.602973277948,44
1424.4,9,1063.1724212056695,6.4,45.209867895715405,424.6989219968576,44
1424.5,9,1063.1724212056695,6.4,45.214493672322526,424.6545436649217,44
1424.6,9,1063.1724212056695,6.4,45.207140085405115,424.72190109532727,44
1424.7,9,1063.1724212056695,7.2,45.057003302239266,426.1278415695008,44
1424.8,9,1063.1724212056695,7.2,45.067475030140756,426.02893778950045,44
1424.9,9,1063.1724212056695,7.2,45.047530521843555,426.21695562898026,44
1425.0,9,1063.1724212056695,7.2,45.03192853978997,426.3642801127842,44
1425.1,9,1063.1724212056695,7.2,45.03061904662761,426.37655408572107,44
1425.2,9,1063.1724212056695,7.2,45.01842086409036,426.49211889373737,44
1425.3,9,1063.1724212056695,7.2,45.02328726251868,426.4460687735742,44
1425.4,9,1063.1724212056695,7.2,44.97017650020348,426.96774868926246,44
1425.5,9,1063.1724212056695,7.2,44.770846696796156,428.8548547780174,44
1425.6,9,1063.1724212056695,7.2,44.77032326216607,428.8610082207349,44
1425.7,9,1063.1724212056695,8.0,44.75275965242069,429.03221263673095,44
1425.8,9,1063.1724212056695,8.0,44.757393529176056,428.98901782003946,44
1425.9,9,1063.1724212056695,8.0,44.77049652481716,428.85504602861283,44
1426.0,9,1063.1724212056695,8.0,44.76741971197184,428.88515074204054,44
1426.1,9,1063.1724212056695,7.2,44.70518066696238,429.51846527234824,44
1426.2,9,1063.1724212056695,7.2,44.70434916961274,429.53086117577095,44
1426.3,9,1063.1724212056695,7.2,44.70598986714241,429.5179467486645,44
1426.4,9,1063.1724212056695,7.2,44.685840786522654,429.7189500242261,44
1426.5,9,1063.1724212056695,7.2,44.68369412110775,429.7446564157718,44
1426.6,9,1063.1724212056695,7.2,44.67077930111695,429.8716948091753,44
1426.7,9,1063.1724212056695,7.2,44.809169285468556,428.5195812882107,44
1426.8,9,1063.1724212056695,7.2,44.81656077909186,428.4524087072538,44
1426.9,9,1063.1724212056695,7.2,44.786290885757,428.75116289136326,44
1427.0,9,1063.1724212056695,7.2,44.78822474674325,428.7385959879799,44
1427.1,9,1063.1724212056695,7.2,44.79597162866493,428.6679354384472,44
1427.2,9,1063.1724212056695,7.2,44.79213606074656,428.7125371358571,44
1427.3,9,1063.1724212056695,7.2,44.80538728074802,428.58888370576585,44
1427.4,9,1063.1724212056695,7.2,44.79006502753464,428.7448175483122,44
1427.5,9,1063.1724212056695,7.2,44.7909925305978,428.7397804758963,44
1427.6,9,1063.1724212056695,7.2,44.37568436335468,432.74272545530187,44
1427.7,9,1063.1724212056695,7.2,44.370691081567486,432.8003268818171,44
1427.8,9,1063.1724212056695,7.2,44.3814032775376,432.6966451244873,44
1427.9,9,1063.1724212056695,7.2,44.357247452285264,432.9422146450637,44
1428.0,9,1063.1724212056695,7.2,44.34918974135765,433.02561140793307,44
1428.1,9,1063.1724212056695,7.2,44.332448080931925,433.19718680521294,44
1428.2,9,1063.1724212056695,7.2,44.32174637192465,433.3103797694014,44
1428.3,9,1063.1724212056695,7.2,44.32659680469821,433.2637526370965,44
1428.4,9,1063.1724212056695,8.0,44.31734968971683,433.3594354966802,44
1428.5,9,1063.1724212056695,8.0,44.3216105565095,433.31782146821627,44
1428.6,9,1063.1724212056695,8.0,44.31223086052299,433.4144888397029,44
1428.7,9,1063.1724212056695,8.0,44.30550103894433,433.48575063699946,44
1428.8,9,1063.1724212056695,8.0,44.136702484678935,435.27940398628965,44
1428.9,9,1063.1724212056695,8.0,44.12919921559207,435.36543590073836,44
1429.0,9,1063.1724212056695,8.0,44.13309441578637,435.3301087795718,44
1429.1,9,1063.1724212056695,7.2,44.117536685394,435.4946011650052,44
1429.2,9,1063.1724212056695,7.2,44.118233454394016,435.4911232581939,44
1429.3,9,1063.1724212056695,7.2,44.109578456506995,435.58509392606373,44
1429.4,9,1063.1724212056695,7.2,44.11503953240394,435.541198640248,44
1429.5,9,1063.1724212056695,7.2,44.11097445101805,435.59018154444925,44
1429.6,9,1063.1724212056695,7.2,44.1066028929166,435.6372487553248,44
1429.7,9,1063.1724212056695,7.2,44.099788476980045,435.7080642514108,44
1429.8,9,1063.1724212056695,7.2,44.11118715343133,435.60034212981816,44
1429.9,9,1063.1724212056695,7.2,44.11130277389039,435.6106541790351,44
1430.0,9,1063.1724212056695,7.2,44.125876604995234,435.4683514915299,44
1430.1,9,1063.1724212056695,7.2,44.12469740474515,435.4832538313922,44
1430.2,9,1063.1724212056695,6.4,44.273365331413885,433.9452665996797,44
1430.3,9,1063.1724212056695,6.4,44.299852156142336,433.6810890096784,44
1430.4,9,1063.1724212056695,6.4,44.30341534207824,433.65497003101245,44
1430.5,9,1063.1724212056695,6.4,44.070196274866085,436.09385427817176,44
1430.6,9,1063.1724212056695,6.4,43.881373698695604,437.8782656171927,44
1430.7,9,1063.1724212056695,6.4,43.87775392015111,437.9249445711933,44
1430.8,9,1063.1724212056695,6.4,43.89263862696798,437.77661930246205,44
1430.9,9,1063.1724212056695,6.4,43.89758664877324,437.73984362045456,44
1431.0,9,1063.1724212056695,6.4,43.89909255450132,437.72518806788753,44
1431.1,9,1063.1724212056695,6.4,43.89422675171144,437.78632030331573,44
1431.2,9,1063.1724212056695,6.4,43.9041546654267,437.6935272617904,44
1431.3,9,1063.1724212056695,6.4,43.91306928531659,437.6076591670429,44
1431.4,9,1063.1724212056695,6.4,43.99473494044425,436.8637035735891,44
1431.5,9,1063.1724212056695,6.4,44.00900416084444,436.7211280180577,44
1431.6,9,1063.1724212056695,6.4,43.99849670047249,436.8331979088736,44
1431.7,9,1063.1724212056695,6.4,44.10115478711538,435.57530812304725,44
1431.8,9,1063.1724212056695,6.4,44.11678608371969,435.416261955863,44
1431.9,9,1063.1724212056695,6.4,44.115728572976494,435.42839708211375,44
1432.0,9,1063.1724212056695,6.4,44.12478357987875,435.34291497839683,44
1432.1,9,1063.1724212056695,6.4,44.11648499416397,435.4321575915367,44
1432.2,9,1063.1724212056695,6.4,44.11288913913539,435.4725805109688,44
1432.3,9,1063.1724212056695,6.4,44.11771445269288,435.4280811524379,44
1432.4,9,1063.1724212056695,5.6000000000000005,44.114253513587286,435.4674926984226,44
1432.5,9,1063.1724212056695,5.6000000000000005,44.130554684362465,435.2625801812702,44
1432.6,9,1063.1724212056695,5.6000000000000005,44.14837069087332,435.0879328248029,44
1432.7,9,1063.1724212056695,5.6000000000000005,44.1368425802774,435.21252891636277,44
1432.8,9,1063.1724212056695,5.6000000000000005,44.14750472289769,435.1139803872104,44
1432.9,9,1063.1724212056695,5.6000000000000005,43.88897098570264,437.8236316704922,44
1433.0,9,1063.1724212056695,5.6000000000000005,43.885528226382526,437.87497101374777,44
1433.1,8,1063.08894256311,5.6000000000000005,44.01595179834176,436.5084085093422,44
1433.2,9,1063.08894256311,3.5,44.02112711510168,436.4670201837825,44
1433.3,9,1063.08894256311,6.4,44.024210314186604,436.44528539440523,44
1433.4,8,1063.08894256311,6.4,44.03590432090659,436.33601137724077,44
1433.5,8,1063.08894256311,3.5,44.046685863057135,436.2329286286185,44
1433.6,8,1063.08894256311,3.5,44.05678662385148,436.13872926933936,44
1433.7,8,1063.08894256311,3.5,44.055534168161756,436.1638368555714,44
1433.8,8,1063.08894256311,3.5,44.05397999719884,436.18986710047415,44
1433.9,8,1063.08894256311,3.5,44.07828029919942,435.9420069373995,44
1434.0,8,1063.08894256311,3.5,44.17778838143174,435.0229265749417,44
1434.1,7,1063.0816277282681,2.8,43.96459738002274,437.00794739439823,44
1434.2,8,1063.0816277282681,4.199999999999999,43.971952230290164,436.93570845193733,44
1434.3,8,1063.0816277282681,2.8,43.98661698193851,436.7944676511246,44
1434.4,7,1063.041197943107,2.8,43.99516364673606,436.71140673749716,44
1434.5,9,1063.041197943107,4.199999999999999,44.0245812029252,436.40966639183324,44
1434.6,9,1063.041197943107,7.2,44.03467173400812,436.30490102160866,44
1434.7,9,1063.041197943107,7.2,44.03234096361559,436.3310067268974,44
1434.8,9,1063.041197943107,7.2,44.04996394727489,436.1508341380297,44
1434.9,9,1063.041197943107,7.2,44.062571177995835,436.017029963653,44
1435.0,9,1063.041197943107,7.2,44.06170956390622,436.03026502872876,44
1435.1,9,1063.041197943107,7.2,44.064482112125134,436.00829597837225,44
1435.2,9,1063.041197943107,7.2,44.08441160277724,435.8023215034442,44
1435.3,9,1063.041197943107,7.2,44.07201951524284,435.9322931603464,44
1435.4,9,1063.041197943107,7.2,44.085275650760906,435.79517973351403,44
1435.5,9,1063.041197943107,7.2,44.08381966817576,435.8094570955012,44
1435.6,9,1063.041197943107,7.2,44.103546185553526,435.6087092342352,44
1435.7,9,1063.041197943107,7.2,44.103852108042936,435.60041800090755,44
1435.8,9,1063.041197943107,6.4,44.21459793975868,434.4598883067695,44
1435.9,9,1063.041197943107,6.4,44.227941618299646,434.32666609960575,44
1436.0,9,1063.041197943107,6.4,44.234425131562006,434.2599000872142,44
1436.1,9,1063.041197943107,6.4,44.23462646230118,434.2557841437391,44
1436.2,9,1063.041197943107,6.4,44.400062210660394,432.55419826222226,44
1436.3,7,1062.9858913675803,6.4,44.394185204381515,432.6102982040957,44
1436.4,7,1062.9858913675803,3.5,44.399424675772096,432.5569447242485,44
1436.5,7,1062.9858913675803,3.5,44.414085457917835,432.40964258139815,44
1436.6,7,1062.9858913675803,3.5,44.477498177253835,431.772804492595,44
1436.7,7,1062.9858913675803,3.5,44.46697802486812,431.8774632841072,44
1436.8,7,1062.9858913675803,3.5,44.47303922163124,431.8176677591691,44
1436.9,7,1062.9858913675803,3.5,44.47948319542209,431.7569777280524,44
1437.0,7,1062.9858913675803,3.5,44.4729214382936,431.81957910802487,44
1437.1,7,1062.9049047749068,3.5,44.466335407386765,431.88570438186923,44
1437.2,7,1062.9049047749068,4.199999999999999,44.472490689402946,431.82479065958853,44
1437.3,7,1062.9049047749068,4.199999999999999,44.46654477205884,431.8816988746079,44
1437.4,7,1062.9049047749068,4.199999999999999,44.4457925160404,432.08864581485466,44
1437.5,7,1062.9049047749068,4.199999999999999,44.44787145351384,432.0614220898825,44
1437.6,7,1062.9049047749068,4.199999999999999,44.27699139050617,433.68946668600427,44
1437.7,7,1062.9049047749068,4.199999999999999,44.27380581883732,433.7191324914405,44
1437.8,9,1062.9049047749068,4.199999999999999,44.07132373801076,435.7602193435413,44
1437.9,9,1062.9049047749068,7.2,44.033524725603115,436.2142581147396,44
1438.0,9,1062.9049047749068,7.2,44.01445021096481,436.4594657085381,44
1438.1,9,1062.9049047749068,7.2,44.003792727176105,436.56376195747407,44
1438.2,9,1062.9049047749068,7.2,43.98687981393151,436.73268165759333,44
1438.3,9,1062.9049047749068,7.2,43.98249819730668,436.7743272881004,44
1438.4,9,1062.9049047749068,7.2,43.98476547055242,436.74526775361824,44
1438.5,9,1062.9049047749068,7.2,43.93496448754897,437.25646899078464,44
1438.6,9,1062.9049047749068,7.2,43.94472024993233,437.1565332136712,44
1438.7,9,1062.9049047749068,7.2,43.753528791246715,438.991138623084,44
1438.8,9,1062.9049047749068,7.2,43.76926265323819,438.82419178995536,44
1438.9,9,1062.9049047749068,7.2,43.76659779137324,438.84758901469917,44
1439.0,9,1062.9049047749068,7.2,43.76581858739694,438.85208266035966,44
1439.1,9,1062.9049047749068,7.2,43.85433103758788,437.93549411881406,44
1439.2,9,1062.9049047749068,7.2,43.875606661463905,437.71168118358025,44
1439.3,9,1062.9049047749068,7.2,43.64027400373891,440.16086502434746,44
1439.4,9,1062.9049047749068,7.2,43.64290527001866,440.12862358838464,44
1439.5,9,1062.9049047749068,7.2,43.63713005434438,440.1841448567099,44
1439.6,9,1062.9049047749068,7.2,43.41918818783063,442.32111531143437,44
1439.7,9,1062.9049047749068,8.0,43.419282080008855,442.3172054157522,44
1439.8,9,1062.9049047749068,7.2,43.3983488983477,442.53491691775866,44
1439.9,9,1062.9049047749068,7.2,43.39689823689471,442.54493338379007,44
1440.0,9,1062.9049047749068,7.2,43.393113199670424,442.5816971930667,44
1440.1,9,1062.9049047749068,7.2,43.38986485233678,442.60897186874877,44
1440.2,9,1062.9049047749068,7.2,43.3582918920733,442.93140419917074,44
1440.3,9,1062.9049047749068,7.2,43.35400396446437,442.9695090967974,44
1440.4,9,1062.9049047749068,7.2,43.324849912693665,443.27121990018907,44
1440.5,9,1062.9049047749068,7.2,43.32146658980807,443.3065326532443,44
1440.6,9,1062.9049047749068,7.2,43.31780228943408,443.3409678415967,44
1440.7,9,1062.9049047749068,7.2,43.32491682338618,443.2659665299186,44
1440.8,9,1062.9049047749068,7.2,43.37164241300776,442.70106020717014,44
1440.9,9,1062.9049047749068,7.2,43.37353660236313,442.68057341238796,44
1441.0,9,1062.9049047749068,7.2,43.35629996925087,442.85602737998045,44
1441.1,9,1062.9049047749068,6.4,43.36784486491388,442.73455408081793,44
1441.2,9,1062.9049047749068,6.4,43.34663115914708,442.9512768818388,44
1441.3,9,1062.9049047749068,6.4,43.35052252909181,442.90929456568665,44
1441.4,9,1062.9049047749068,6.4,43.340292043678105,443.01410974797477,44
1441.5,9,1062.9049047749068,6.4,43.46273881284767,441.783075358222,44
1441.6,9,1062.9049047749068,6.4,43.462637064106715,441.78411804165233,44
1441.7,9,1062.9049047749068,6.4,43.473325545370514,441.67182249120367,44
1441.8,9,1062.9049047749068,6.4,43.44479767251756,441.9660829332116,44
1441.9,9,1062.9049047749068,6.4,43.45047584188515,441.90835528981876,44
1442.0,9,1062.9049047749068,6.4,43.45325193998177,441.8794790738566,44
1442.1,9,1062.9049047749068,6.4,43.5484499815212,440.90014435375105,44
1442.2,9,1062.9049047749068,6.4,43.54037274305192,440.98227233298394,44
1442.3,9,1062.9049047749068,6.4,43.524983292322176,441.13994936452127,44
1442.4,9,1062.9049047749068,6.4,43.535171805773324,441.0365030053367,44
1442.5,9,1062.9049047749068,6.4,43.53536639180798,441.0336314574424,44
1442.6,9,1062.9049047749068,6.4,43.52464805180934,441.14390470015655,44
1442.7,9,1062.9049047749068,6.4,43.534207208248276,441.04596684412354,44
1442.8,9,1062.9049047749068,6.4,43.538602432134056,441.00367039175046,44
1442.9,9,1062.9049047749068,6.4,43.54364547032462,440.9516328631872,44
1443.0,9,1062.9049047749068,6.4,43.5518367496084,440.8682168323489,44
1443.1,9,1062.9049047749068,5.6000000000000005,43.5675951809852,440.70716308992735,44
1443.2,9,1062.9049047749068,5.6000000000000005,43.55898467093228,440.7960650748116,44
1443.3,9,1062.9049047749068,5.6000000000000005,43.57881003592247,440.5948844458152,44
1443.4,9,1062.9049047749068,5.6000000000000005,43.58687449276366,440.5138713893439,44
1443.5,9,1062.9049047749068,5.6000000000000005,43.616011044139185,440.2175653451693,44
1443.6,9,1062.9049047749068,5.6000000000000005,43.610354193150656,440.27565188573266,44
1443.7,9,1062.9049047749068,5.6000000000000005,43.61034763518296,440.2744869307745,44
1443.8,7,1062.7753040959567,5.6000000000000005,43.61670389221068,440.2102551683539,44
1443.9,9,1062.7753040959567,4.8999999999999995,43.644067795494884,439.9328763969885,44
1444.0,9,1062.7753040959567,5.6000000000000005,43.63655114739379,440.0122746417177,44
1444.1,9,1062.7753040959567,5.6000000000000005,43.65605091236663,439.8148045916258,44
1444.2,9,1062.7753040959567,5.6000000000000005,43.66742645258503,439.7016676784779,44
1444.3,9,1062.7753040959567,5.6000000000000005,43.68361707669815,439.53845159042487,44
1444.4,9,1062.7753040959567,5.6000000000000005,43.6903301988861,439.47333127120305,44
1444.5,9,1062.7753040959567,5.6000000000000005,43.72076410252801,439.1669952915448,44
1444.6,9,1062.7753040959567,5.6000000000000005,43.70763772527927,439.30221555591874,44
1444.7,9,1062.7753040959567,5.6000000000000005,43.90836971876483,437.32081669155843,44
1444.8,9,1062.7753040959567,5.6000000000000005,43.90729815376265,437.33881430261164,44
1444.9,9,1062.7753040959567,5.6000000000000005,44.03548146031457,436.0449157914243,44
1445.0,9,1062.7753040959567,5.6000000000000005,44.041344646834396,435.9916073353746,44
1445.1,9,1062.7753040959567,5.6000000000000005,44.054756088748334,435.8573795388364,44
1445.2,9,1062.7753040959567,5.6000000000000005,44.07086967945042,435.7013472550807,44
1445.3,9,1062.7753040959567,5.6000000000000005,44.0871002407811,435.5405939492655,44
1445.4,9,1062.7753040959567,5.6000000000000005,44.0767550140924,435.64649772196503,44
1445.5,9,1062.7753040959567,5.6000000000000005,44.11009580183209,435.2965246066897,44
1445.6,9,1062.7753040959567,5.6000000000000005,44.11231253464545,435.277060536799,44
1445.7,9,1062.7753040959567,5.6000000000000005,44.12100296446961,435.1922327338443,44
1445.8,9,1062.7753040959567,5.6000000000000005,44.19809056725911,434.4113547623971,44
1445.9,9,1062.7753040959567,5.6000000000000005,44.192166795077135,434.46813486780593,44
1446.0,9,1062.7753040959567,5.6000000000000005,44.000937185792175,436.37565868472484,44
1446.1,9,1062.7753040959567,5.6000000000000005,44.00320189873911,436.35172054004283,44
1446.2,9,1062.7753040959567,5.6000000000000005,44.00029117973348,436.37831712272197,44
1446.3,9,1062.7753040959567,5.6000000000000005,43.995397984090374,436.42665937287165,44
1446.4,9,1062.7753040959567,5.6000000000000005,44.012272033776554,436.2587081614323,44
1446.5,9,1062.7753040959567,5.6000000000000005,43.99878315077569,436.39080756210126,44
1446.6,9,1062.7753040959567,4.800000000000001,43.98957716412214,436.4837282655349,44
1446.7,9,1062.7753040959567,4.800000000000001,43.99630605199662,436.4171489748581,44
1446.8,9,1062.7753040959567,4.800000000000001,44.17242387434398,434.66156870992086,44
1446.9,9,1062.7753040959567,4.800000000000001,44.19246431733234,434.46498812453433,44
1447.0,9,1062.7753040959567,4.800000000000001,44.18780147566319,434.5105273527629,44
1447.1,9,1062.7753040959567,4.800000000000001,44.20382551624488,434.35355951760914,44
1447.2,9,1062.7753040959567,4.800000000000001,44.1952276539764,434.43779994166607,44
1447.3,9,1062.7753040959567,4.800000000000001,44.30113462955706,433.4052723854069,44
1447.4,7,1062.7753040959567,4.800000000000001,44.2960870968093,433.45456726629715,44
1447.5,9,1062.7753040959567,5.6,44.30190650284314,433.3983731736473,44
1447.6,9,1062.7753040959567,4.800000000000001,44.29222809075812,433.4920722739207,44
1447.7,9,1062.7753040959567,4.0,44.311881954041695,433.30062266356083,44
1447.8,9,1062.7753040959567,4.0,44.30311086172979,433.3860252972527,44
1447.9,7,1062.7753040959567,4.0,44.32043460542924,433.2177025449755,44
1448.0,7,1062.7753040959567,5.6,44.321249622691724,433.209858823402,44
1448.1,7,1062.7753040959567,5.6,44.333237062813005,433.0947118390647,44
1448.2,7,1062.7753040959567,5.6,44.312965661731596,433.2912476619971,44
1448.3,7,1062.7753040959567,5.6,44.33011861284932,433.12542999330606,44
1448.4,7,1062.7753040959567,5.6,44.31760482385209,433.24711700177977,44
1448.5,7,1062.7753040959567,5.6,44.32265071923276,433.19993537465126,44
1448.6,7,1062.7753040959567,5.6,44.31036804340321,433.31894628326233,44
1448.7,7,1062.7753040959567,5.6,44.30846447017299,433.33737663637964,44
1448.8,7,1062.7753040959567,5.6,44.31483078320605,433.27571858041995,44
1448.9,7,1062.7753040959567,5.6,44.3202467172272,433.2226976021559,44
1449.0,7,1062.7753040959567,5.6,44.32395133944837,433.1856207714013,44
1449.1,7,1062.7753040959567,5.6,44.514836111831585,431.3176266072826,44
1449.2,7,1062.7753040959567,5.6,44.50198054132318,431.44215858110624,44
1449.3,7,1062.7753040959567,5.6,44.51373809993976,431.32860327035723,44
1449.4,7,1062.7753040959567,5.6,44.51034156864925,431.3613706530541,44
1449.5,7,1062.7753040959567,5.6,44.53036763028838,431.16803820845564,44
1449.6,7,1062.7753040959567,5.6,44.52793904151727,431.19173792022775,44
1449.7,7,1062.7753040959567,5.6,44.5363642872899,431.11019723524447,44
1449.8,7,1062.7753040959567,5.6,44.5197300521885,431.2707685545503,44
1449.9,7,1062.7753040959567,5.6,44.53406493833015,431.1321950482486,44
1450.0,7,1062.7753040959567,5.6,44.6058325035894,430.47180990458594,44
1450.1,7,1062.7753040959567,5.6,44.59645643809621,430.559745264448,44
1450.2,7,1062.6948564349839,5.6,44.60062846825306,430.52215860871127,44
1450.3,7,1062.6948564349839,6.3,44.597865497761134,430.54678216110995,44
1450.4,7,1062.6948564349839,6.3,44.610902930447764,430.4234012593598,44
1450.5,7,1062.6948564349839,6.3,44.72042187476386,429.3893527570664,44
1450.6,7,1062.6948564349839,6.3,44.72427601203863,429.35470488644387,44
1450.7,11,1062.6948564349839,5.6,44.724771638515165,429.34943004918364,44
1450.8,11,1062.6948564349839,6.3,44.723485263734034,429.35971029155337,44
1450.9,9,1062.6948564349839,5.4,44.48478158734459,431.6208923803233,44
1451.0,9,1062.6948564349839,4.0,44.51310905336902,431.3472624821548,44
1451.1,9,1062.6948564349839,4.0,44.53235773069638,431.1600958133814,44
1451.2,9,1062.6948564349839,4.0,44.54512149307391,431.0355545369912,44
1451.3,9,1062.6948564349839,4.0,44.55747974582722,430.91561107068236,44
1451.4,9,1062.6948564349839,4.0,44.72096178890477,429.3295188363758,44
1451.5,9,1062.6948564349839,4.0,44.74403125184112,429.1082416527511,44
1451.6,9,1062.6948564349839,4.0,44.7554211142309,428.9991238516477,44
1451.7,9,1062.6948564349839,4.0,44.77132225688699,428.8468080716492,44
1451.8,9,1062.6948564349839,4.0,44.77391517871175,428.82167788903155,44
1451.9,9,1062.6948564349839,4.0,44.78454061741088,428.71968416704544,44
1452.0,7,1062.6948564349839,4.0,44.79419510236605,428.6272195209224,44
1452.1,11,1062.6948564349839,5.6,44.812175197198854,428.45524490212574,44
1452.2,11,1062.6948564349839,6.3,44.96268987022326,427.02669898461096,44
1452.3,11,1062.6948564349839,6.3,44.972784830996986,426.93025046566714,44
1452.4,11,1062.6948564349839,6.3,44.993854838166115,426.7301217776759,44
1452.5,11,1062.6948564349839,6.3,45.003055907684015,426.6434616266139,44
1452.6,11,1062.6948564349839,6.3,44.99466641628308,426.7176598634438,44
1452.7,11,1062.6948564349839,6.3,45.055186378515025,426.1497691925856,44
1452.8,11,1062.6948564349839,6.3,44.85151742786272,428.108857653017,44
1452.9,9,1062.6948564349839,6.3,44.858201910351795,428.0455362080435,44
1453.0,11,1062.6948564349839,4.0,44.86048605901075,428.02224762383304,44
1453.1,11,1062.6948564349839,7.2,44.86278225409195,427.99937308723753,44
1453.2,11,1062.6948564349839,7.2,44.87751706874984,427.8598534023517,44
1453.3,11,1062.6948564349839,7.2,44.877755808737575,427.8571342211824,44
1453.4,11,1062.6948564349839,7.2,44.89662905642919,427.6776411591413,44
1453.5,11,1062.6948564349839,7.2,44.88477383855899,427.78684014508866,44
1453.6,11,1062.6948564349839,7.2,44.909731683689316,427.5484943493864,44
1453.7,11,1062.6948564349839,7.2,44.930765035135565,427.3477412556922,44
1453.8,11,1062.6948564349839,7.2,44.96331452629485,427.0388386145287,44
1453.9,11,1062.6948564349839,7.2,44.975836739667116,426.91755515059845,44
1454.0,11,1062.6948564349839,7.2,44.99791311021899,426.70759696830726,44
1454.1,11,1062.6948564349839,7.2,45.02373801724677,426.4625413566521,44
1454.2,11,1062.6948564349839,7.2,45.040629225477346,426.30263645075513,44
1454.3,11,1062.6948564349839,7.2,45.07282187317785,425.9980893912756,44
1454.4,11,1062.6948564349839,7.2,45.175714600102395,425.02211431307836,44
1454.5,11,1062.6948564349839,7.2,45.193277227513434,424.85680793594344,44
1454.6,11,1062.6948564349839,7.2,45.207456474556224,424.72296327593375,44
1454.7,11,1062.6948564349839,7.2,45.22565773478817,424.5528577375261,44
1454.8,11,1062.6948564349839,7.2,45.24269075567605,424.39307227274895,44
1454.9,11,1062.6948564349839,7.2,45.25320467037051,424.29435176817196,44
1455.0,11,1062.6948564349839,7.2,45.274650721392945,424.09359706490056,44
1455.1,11,1062.6948564349839,8.1,45.295725714051194,423.89596229411427,44
1455.2,11,1062.6948564349839,7.2,45.098461661607146,425.78085865401954,44
1455.3,11,1062.6948564349839,7.2,45.11174924015361,425.6540062775779,44
1455.4,11,1062.6948564349839,7.2,45.12059604292098,425.5699778715083,44
1455.5,11,1062.6948564349839,7.2,45.140804789912764,425.3807586806171,44
1455.6,11,1062.6948564349839,7.2,45.15293697565034,425.26486277509593,44
1455.7,11,1062.6948564349839,7.2,45.241233904774276,424.4511502134617,44
1455.8,11,1062.6948564349839,7.2,45.25141171975197,424.35590160948715,44
1455.9,11,1062.6948564349839,7.2,45.27567242123068,424.12996642897593,44
1456.0,11,1062.6948564349839,7.2,45.291611286886855,423.98018317405234,44
1456.1,11,1062.6948564349839,7.2,45.3004754664507,423.895660114456,44
1456.2,11,1062.6948564349839,7.2,45.312684583497216,423.78264207856176,44
1456.3,11,1062.6948564349839,7.2,45.3191760617631,423.7207723154541,44
1456.4,11,1062.6948564349839,6.3,45.33190104629029,423.6037395223638,44
1456.5,11,1062.6948564349839,6.3,45.34653418509235,423.4672384815041,44
1456.6,11,1062.6948564349839,6.3,45.37401565740077,423.213095966698,44
1456.7,11,1062.6948564349839,6.3,45.37797813877401,423.17589482928634,44
1456.8,11,1062.6948564349839,6.3,45.394945403164414,423.02016496663157,44
1456.9,11,1062.6948564349839,6.3,45.41579628945364,422.82813326716166,44
1457.0,11,1062.6948564349839,6.3,45.417108805636445,422.81678059856404,44
1457.1,11,1062.6948564349839,6.3,45.4241227298177,422.76349625738897,44
1457.2,11,1062.6948564349839,6.3,45.52735496615229,421.7836931803171,44
1457.3,11,1062.6948564349839,6.3,45.533069399244724,421.7298237552876,44
1457.4,11,1062.6948564349839,6.3,45.55361915716075,421.5423298525744,44
1457.5,11,1062.6948564349839,6.3,45.56074999570306,421.4791919207669,44
1457.6,8,1062.8274885182643,6.3,45.56628960563508,421.4296361161202,44
1457.7,11,1062.8274885182643,4.199999999999999,45.56991415665773,421.3953233748754,44
1457.8,11,1062.8274885182643,6.3,45.583045947950055,421.2734338083128,44
1457.9,11,1062.8274885182643,6.3,45.59173316801619,421.19025562967545,44
1458.0,11,1062.8274885182643,6.3,45.58931316467378,421.211332613967,44
1458.1,11,1062.8274885182643,6.3,45.6056161248019,421.0605862679246,44
1458.2,11,1062.8274885182643,6.3,45.63094437752946,420.82799218961054,44
1458.3,8,1062.9290553757091,5.4,45.46249100606572,422.4241463434846,44
1458.4,8,1062.9290553757091,4.199999999999999,45.4891394622138,422.17345399317793,44
1458.5,8,1062.849121183074,4.199999999999999,45.51327994029121,421.94999437037643,44
1458.6,11,1062.849121183074,4.8999999999999995,45.64225907410364,420.7852648509166,44
1458.7,11,1062.849121183074,6.3,45.66241201683576,420.596342827646,44
1458.8,11,1062.849121183074,6.3,45.672218053405864,420.501135163526,44
1458.9,11,1062.849121183074,6.3,45.706236958536365,420.18670401454074,44
1459.0,11,1062.849121183074,6.3,45.723729214196396,420.0205708837333,44
1459.1,11,1062.849121183074,6.3,45.7779385430377,419.5732652179021,44
1459.2,11,1062.849121183074,6.3,45.82235129018498,419.18503455694145,44
1459.3,11,1062.849121183074,6.3,45.83756935763871,419.03879121824684,44
1459.4,11,1062.849121183074,6.3,45.94411805135056,418.03018379595477,44
1459.5,11,1062.849121183074,6.3,45.95383206172137,417.93533451826517,44
1459.6,11,1062.849121183074,6.3,45.976177191857374,417.7337929927486,44
1459.7,11,1062.849121183074,6.3,45.98054865362456,417.68637677423726,44
1459.8,11,1062.849121183074,6.3,46.00004549363809,417.5082442555182,44
1459.9,11,1062.849121183074,6.3,46.01493051966169,417.3679165595805,44
1460.0,11,1062.849121183074,6.3,45.907618478161396,418.30826255968884,44
1460.1,11,1062.849121183074,6.3,45.91488162686329,418.2370221763664,44
1460.2,11,1062.849121183074,6.3,45.91604019766264,418.22187864439763,44
1460.3,11,1062.849121183074,6.3,45.94616148111019,417.984600983743,44
1460.4,11,1062.849121183074,6.3,45.96102162700737,417.84790615952465,44
1460.5,11,1062.849121183074,6.3,45.966983278069435,417.7871314739411,44
1460.6,11,1062.849121183074,6.3,45.973333562117816,417.7241139176523,44
1460.7,11,1062.849121183074,6.3,45.980778511081766,417.6529357744724,44
1460.8,11,1062.849121183074,6.3,45.99825597220703,417.49138344240146,44
1460.9,11,1062.849121183074,6.3,46.00868853560433,417.3930332612533,44
1461.0,11,1062.849121183074,6.3,46.00178966516053,417.4561702982245,44
1461.1,11,1062.849121183074,6.3,46.013379159457976,417.34700747040426,44
1461.2,11,1062.849121183074,6.3,46.01664280564154,417.31448489684436,44
1461.3,11,1062.849121183074,6.3,45.77103561463194,419.62031208209106,44
1461.4,11,1062.849121183074,6.3,45.620070577480575,420.9572104882472,44
1461.5,11,1062.849121183074,6.3,45.621220664206035,420.9450854514562,44
1461.6,11,1062.849121183074,6.3,45.74490925427517,419.8344519255579,44
1461.7,7,1062.849121183074,5.4,45.76104175135113,419.68260204721986,44
1461.8,7,1062.849121183074,4.199999999999999,45.77389600009044,419.56054531727307,44
1461.9,7,1062.849121183074,4.199999999999999,45.77863757095405,419.5100698880496,44
1462.0,7,1062.849121183074,4.199999999999999,45.79779280816129,419.3324363620884,44
1462.1,7,1062.849121183074,4.199999999999999,45.90010248471585,418.37094082417264,44
1462.2,7,1062.849121183074,4.199999999999999,45.910838172228836,418.2697681923649,44
1462.3,7,1062.849121183074,4.199999999999999,45.923111774127975,418.1534101991298,44
1462.4,7,1062.849121183074,4.199999999999999,45.933608985105096,418.0539422061179,44
1462.5,7,1062.849121183074,4.199999999999999,45.934831080507934,418.0372747080978,44
1462.6,7,1062.849121183074,4.199999999999999,45.92825780786771,418.0916573014051,44
1462.7,7,1062.849121183074,3.5,45.936186476311704,418.01568243258544,44
1462.8,7,1062.849121183074,3.5,45.950089972576905,417.8872045241436,44
1462.9,7,1062.849121183074,3.5,45.9604698230752,417.78859344098043,44
1463.0,7,1062.849121183074,3.5,45.970637964765274,417.69388472875556,44
1463.1,7,1062.7695132708784,3.5,45.964501061854776,417.74374679597526,44
1463.2,7,1062.7695132708784,4.199999999999999,45.96406611574153,417.74353164931625,44
1463.3,7,1062.7695132708784,4.199999999999999,45.95584548908481,417.8130466015861,44
1463.4,7,1062.7695132708784,4.199999999999999,45.962201985162366,417.75143592365725,44
1463.5,7,1062.7695132708784,4.199999999999999,45.767779246907445,419.5105477848216,44
1463.6,7,1062.7695132708784,4.199999999999999,45.78902180263134,419.3150458407425,44
1463.7,7,1062.7695132708784,4.199999999999999,45.780985889255945,419.3880850587419,44
1463.8,7,1062.7695132708784,4.199999999999999,45.78728470673998,419.33051286257313,44
1463.9,7,1062.7695132708784,4.199999999999999,45.7854300598248,419.3484008644624,44
1464.0,7,1062.7695132708784,4.199999999999999,45.79237491177625,419.2856686298111,44
1464.1,7,1062.7695132708784,4.199999999999999,45.79201798962404,419.2902974532266,44
1464.2,7,1062.7695132708784,4.199999999999999,45.82080611691296,419.08919177476696,44
1464.3,7,1062.7695132708784,4.199999999999999,45.82677286589522,419.0424109500848,44
1464.4,7,1062.7695132708784,4.199999999999999,45.827929181978924,419.0429323013475,44
1464.5,7,1062.7695132708784,4.199999999999999,45.674112754793825,420.42849898274875,44
1464.6,7,1062.7695132708784,4.199999999999999,45.68344941255771,420.34908147915297,44
1464.7,7,1062.7695132708784,4.199999999999999,45.69176285725016,420.27927797387963,44
1464.8,7,1062.7695132708784,4.199999999999999,45.679707874741666,420.40176325618586,44
1464.9,7,1062.7695132708784,4.199999999999999,45.68694276158734,420.3458105607549,44
1465.0,7,1062.7695132708784,4.199999999999999,45.699861107993684,420.2356429898908,44
1465.1,7,1062.7695132708784,4.199999999999999,45.73393108263653,419.9254145435406,44
1465.2,7,1062.7695132708784,4.199999999999999,45.7504235942546,419.7806070068684,44
1465.3,7,1062.7695132708784,4.199999999999999,45.76430394122228,419.6605313711171,44
1465.4,7,1062.7695132708784,4.199999999999999,45.78149870847591,419.50644753480327,44
1465.5,7,1062.7695132708784,4.199999999999999,45.794730989841995,419.3947798706074,44
1465.6,7,1062.7695132708784,4.199999999999999,45.63759923952088,420.79597591089635,44
1465.7,7,1062.7695132708784,4.199999999999999,45.65097552308427,420.67654505565577,44
1465.8,7,1062.7695132708784,4.199999999999999,45.66592744440377,420.5465725867201,44
1465.9,7,1062.7695132708784,4.199999999999999,45.67167046168821,420.50558265174743,44
1466.0,7,1062.7695132708784,4.199999999999999,45.80696946496129,419.3126477759448,44
1466.1,7,1062.7695132708784,4.199999999999999,45.8229984849142,419.1739120419085,44
1466.2,7,1062.7695132708784,4.199999999999999,45.82665435925439,419.15088974727166,44
1466.3,7,1062.7695132708784,4.199999999999999,45.833680062728476,419.0936071306512,44
1466.4,7,1062.7695132708784,4.199999999999999,45.843110402659846,419.0153186439492,44
1466.5,7,1062.6904468108287,4.199999999999999,45.84078169730769,419.04770108222385,44
1466.6,7,1062.6904468108287,4.8999999999999995,45.84066263527323,419.0588124727483,44
1466.7,7,1062.6904468108287,4.8999999999999995,45.83872765683781,419.08573569579744,44
1466.8,7,1062.6904468108287,4.8999999999999995,45.84542111738655,419.0334094580154,44
1466.9,7,1062.6904468108287,4.8999999999999995,45.86772469456373,418.83266603947914,44
1467.0,7,1062.6904468108287,4.8999999999999995,45.86428521318791,418.86711377839094,44
1467.1,7,1062.6904468108287,4.8999999999999995,45.872827786778856,418.79980319310096,44
1467.2,7,1062.6904468108287,4.8999999999999995,45.86556325270549,418.87303464685374,44
1467.3,7,1062.6904468108287,4.8999999999999995,45.8742805529929,418.80002217001004,44
1467.4,7,1062.6904468108287,4.8999999999999995,45.880048723771864,418.74730171848717,44
1467.5,7,1062.6904468108287,4.199999999999999,45.88901233341694,418.66964574803467,44
1467.6,7,1062.6904468108287,4.199999999999999,45.89020904642657,418.66560597695354,44
1467.7,7,1062.6904468108287,4.199999999999999,45.89422128673405,418.63812026400694,44
1467.8,7,1062.6904468108287,4.199999999999999,45.90307853418528,418.56410979361556,44
1467.9,7,1062.6904468108287,4.199999999999999,45.900797455965034,418.5877654882048,44
1468.0,7,1062.6904468108287,4.199999999999999,45.91075489061524,418.4976745196029,44
1468.1,7,1062.6904468108287,4.199999999999999,45.98660408080287,417.77490639873184,44
1468.2,7,1062.6904468108287,4.199999999999999,45.988280837719756,417.76279764487884,44
1468.3,7,1062.6904468108287,4.199999999999999,45.985774993395374,417.7949932974764,44
1468.4,7,1062.6904468108287,4.199999999999999,45.98809976690951,417.77584093479004,44
1468.5,7,1062.6904468108287,4.199999999999999,46.10905630593879,416.7293970207272,44
1468.6,7,1062.6904468108287,4.199999999999999,46.106679983350034,416.7510452218572,44
1468.7,7,1062.6904468108287,4.199999999999999,46.114821404122814,416.6706395242005,44
1468.8,7,1062.6904468108287,4.199999999999999,46.11327030523411,416.6837642783312,44
1468.9,7,1062.6904468108287,4.199999999999999,46.123517229670156,416.59406500882733,44
1469.0,7,1062.6904468108287,4.199999999999999,46.12979148829833,416.53385527058754,44
1469.1,7,1062.6904468108287,4.199999999999999,45.99668695734787,417.8137062699292,44
1469.2,7,1062.6904468108287,4.199999999999999,45.98526267543667,417.91947122844795,44
1469.3,7,1062.6904468108287,4.199999999999999,45.99634586650018,417.81275323801754,44
1469.4,7,1062.6904468108287,4.199999999999999,46.00463099541247,417.7343641503528,44
1469.5,7,1062.6904468108287,4.199999999999999,46.02754971292404,417.51324181406005,44
1469.6,7,1062.6904468108287,4.199999999999999,46.100852785444985,416.89805325372475,44
1469.7,7,1062.6904468108287,4.199999999999999,46.10501035785498,416.85347718908974,44
1469.8,9,1062.6904468108287,3.5,46.10724702750351,416.819943101518,44
1469.9,9,1062.6904468108287,4.0,46.112369551876014,416.7626828724042,44
1470.0,9,1062.6904468108287,4.0,45.949240508810725,418.1534978758244,44
1470.1,7,1062.611606299753,4.0,45.961810435756576,418.0321253197003,44
1470.2,7,1062.611606299753,4.199999999999999,45.78679068801226,419.7204996495124,44
1470.3,7,1062.611606299753,4.199999999999999,45.79435201869242,419.64612648776364,44
1470.4,7,1062.611606299753,4.199999999999999,45.809876122450426,419.4932935802202,44
1470.5,7,1062.611606299753,4.199999999999999,45.81060917527931,419.4815276737786,44
1470.6,7,1062.611606299753,4.199999999999999,45.814426084838274,419.44277770403505,44
1470.7,7,1062.611606299753,4.199999999999999,45.82310821922786,419.357047369826,44
1470.8,7,1062.611606299753,4.199999999999999,45.81785127195292,419.40247965193885,44
1470.9,7,1062.611606299753,4.199999999999999,45.8839053449341,418.825892327739,44
1471.0,7,1062.611606299753,4.199999999999999,45.96842825412328,418.0095250956865,44
1471.1,7,1062.611606299753,4.199999999999999,45.8037401754696,419.4286579269117,44
1471.2,7,1062.611606299753,4.199999999999999,45.81711780355059,419.3001191479875,44
1471.3,7,1062.611606299753,4.199999999999999,45.82379332076849,419.2356962312608,44
1471.4,7,1062.611606299753,4.199999999999999,45.82986523467594,419.17201862430557,44
1471.5,9,1062.611606299753,3.5,45.82356609416041,419.22473652180554,44
1471.6,9,1062.611606299753,4.0,45.83050186944459,419.15605357640334,44
1471.7,9,1062.611606299753,4.0,45.84241350309354,419.0364515008722,44
1471.8,9,1062.611606299753,4.0,45.8431176302913,419.02595139269584,44
1471.9,9,1062.611606299753,4.0,45.84341305530637,419.01898624869636,44
1472.0,9,1062.611606299753,4.0,45.84181732103509,419.0301311296832,44
1472.1,9,1062.611606299753,4.0,45.46657049917013,422.4999109420654,44
1472.2,7,1062.611606299753,4.0,45.47258852590754,422.4373028940805,44
1472.3,7,1062.611606299753,3.5,45.45372171573398,422.6122963250983,44
1472.4,7,1062.611606299753,3.5,45.446944386564745,422.67169617744,44
1472.5,9,1062.611606299753,2.8,45.44972539581511,422.64073942269306,44
1472.6,9,1062.611606299753,4.0,45.45203229813886,422.61471050493515,44
1472.7,9,1062.611606299753,4.0,45.44688618688585,422.65917527836643,44
1472.8,9,1062.611606299753,4.0,45.437797278846034,422.7397844554996,44
1472.9,9,1062.611606299753,4.0,45.438569197913154,422.7286132848676,44
1473.0,9,1062.611606299753,4.0,45.44269202056,422.6851169835368,44
1473.1,9,1062.611606299753,4.0,45.447210561238506,422.6390854818013,44
1473.2,9,1062.611606299753,4.0,45.45312038684578,422.5780120210303,44
1473.3,9,1062.611606299753,4.0,45.49997844914778,422.0152595095191,44
1473.4,7,1062.5879239622097,4.0,45.49926483346127,422.02091757359506,44
1473.5,7,1062.5879239622097,3.5,45.50452323553682,421.96855810650334,44
1473.6,7,1062.5879239622097,3.5,45.51255989215774,421.8917239666925,44
1473.7,7,1062.5879239622097,3.5,45.580473552294535,421.2741180122757,44
1473.8,7,1062.5879239622097,3.5,45.634126700681534,420.76882329715875,44
1473.9,7,1062.5879239622097,3.5,45.63976801167617,420.714638332968,44
1474.0,7,1062.5879239622097,3.5,45.651693180732735,420.6018127823129,44
1474.1,7,1062.5879239622097,3.5,45.64525951379484,420.6619868138687,44
1474.2,7,1062.5879239622097,3.5,45.63958334549625,420.7128252410391,44
1474.3,7,1062.5879239622097,3.5,45.63937328671044,420.71356909805036,44
1474.4,7,1062.5879239622097,3.5,45.64077032675367,420.7010342256095,44
1474.5,7,1062.5879239622097,3.5,45.64231481614206,420.6858093537991,44
1474.6,7,1062.5089125833622,3.5,45.64088923335592,420.69768202374155,44
1474.7,7,1062.5089125833622,4.199999999999999,45.644473540655056,420.66445393167214,44
1474.8,7,1062.5397661087081,4.199999999999999,45.68978909092087,420.2252242581462,44
1474.9,7,1062.5397661087081,4.8999999999999995,45.68496650474398,420.26954431000615,44
1475.0,7,1062.5397661087081,4.8999999999999995,45.476275751345554,422.20680072915536,44
1475.1,7,1062.5397661087081,4.8999999999999995,45.47287839021281,422.23938317134025,44
1475.2,7,1062.5397661087081,4.8999999999999995,45.48363450586601,422.14026271944135,44
1475.3,7,1062.5397661087081,4.8999999999999995,45.48736607476051,422.10543935148706,44
1475.4,7,1062.5397661087081,4.8999999999999995,45.51438895709529,421.8544296654539,44
1475.5,7,1062.5397661087081,4.8999999999999995,45.52250945658865,421.7793622702791,44
1475.6,7,1062.5397661087081,4.8999999999999995,45.592344422590095,421.12352603243227,44
1475.7,7,1062.5397661087081,5.6,45.59904716640527,421.0615681934878,44
1475.8,7,1062.5397661087081,5.6,45.62183888174118,420.85149888369875,44
1475.9,7,1062.5397661087081,5.6,45.61674150794485,420.8983449701438,44
1476.0,7,1062.5397661087081,5.6,45.41796352482629,422.74625327024324,44
1476.1,7,1062.5397661087081,5.6,45.43413942884886,422.5951466587054,44
1476.2,7,1062.5397661087081,5.6,45.44464172455946,422.49665897648606,44
1476.3,7,1062.5397661087081,5.6,45.44895100103207,422.45716832147923,44
1476.4,7,1062.5397661087081,5.6,45.542275149703904,421.5952200475624,44
1476.5,7,1062.5397661087081,5.6,45.563473618689514,421.3982231328226,44
1476.6,7,1062.5397661087081,5.6,45.62526902073759,420.82417846578835,44
1476.7,7,1062.5397661087081,5.6,45.64744046052455,420.6187986903776,44
1476.8,7,1062.5397661087081,5.6,45.64687093364184,420.6242052810261,44
1476.9,7,1062.5397661087081,5.6,45.66642028927447,420.44365372601055,44
1477.0,7,1062.5397661087081,5.6,45.68479049954239,420.27439356614116,44
1477.1,7,1062.5397661087081,4.8999999999999995,45.69310580125278,420.19775495293686,44
1477.2,7,1062.5397661087081,4.8999999999999995,45.701854619410994,420.11678555861795,44
1477.3,7,1062.5397661087081,4.8999999999999995,45.71257900443325,420.0180060514243,44
1477.4,7,1062.5397661087081,4.8999999999999995,45.696683017723956,420.16469487630434,44
1477.5,7,1062.5397661087081,4.8999999999999995,45.710063280944375,420.0415916866052,44
1477.6,7,1062.5397661087081,4.8999999999999995,45.46618398608611,422.3185939391552,44
1477.7,7,1062.5397661087081,4.8999999999999995,45.45966988963827,422.38000420395895,44
1477.8,7,1062.5397661087081,4.8999999999999995,45.47013631411822,422.2824789417601,44
1477.9,7,1062.5397661087081,4.8999999999999995,45.47431667552962,422.2418210210929,44
1478.0,7,1062.5397661087081,4.8999999999999995,45.47280571131465,422.25596250663716,44
1478.1,7,1062.5397661087081,4.8999999999999995,45.356232861092565,423.3264974937687,44
1478.2,7,1062.5397661087081,4.8999999999999995,45.36152952362561,423.277659131217,44
1478.3,7,1062.5397661087081,4.8999999999999995,45.34851904446114,423.39928850974513,44
1478.4,7,1062.5397661087081,4.8999999999999995,45.350846807366665,423.37748374008277,44
1478.5,7,1062.5397661087081,4.8999999999999995,45.362620195067656,423.26688797273516,44
1478.6,7,1062.5397661087081,4.8999999999999995,45.373231600329504,423.1673686544284,44
1478.7,7,1062.5397661087081,4.8999999999999995,45.36641055083305,423.231690714234,44
1478.8,7,1062.5397661087081,4.8999999999999995,45.36254677214026,423.2677620721923,44
1478.9,7,1062.5397661087081,4.8999999999999995,45.36514559478297,423.2432631970946,44
1479.0,7,1062.5397661087081,4.8999999999999995,45.356754239209494,423.32192316465574,44
1479.1,7,1062.5397661087081,4.8999999999999995,45.4198914100497,422.7406030511346,44
1479.2,7,1062.5397661087081,4.8999999999999995,45.424916855765886,422.69401488706046,44
1479.3,7,1062.5397661087081,4.8999999999999995,45.42851863741723,422.6612914216068,44
1479.4,7,1062.5397661087081,4.8999999999999995,45.310118136997275,423.75238679013796,44
1479.5,7,1062.5397661087081,4.8999999999999995,45.30547658027348,423.79683130030844,44
1479.6,7,1062.5397661087081,4.8999999999999995,45.30518494161329,423.79986640672695,44
1479.7,7,1062.5397661087081,4.8999999999999995,45.3153698270441,423.7039676313185,44
1479.8,7,1062.5397661087081,4.8999999999999995,45.359617346266106,423.2878614747632,44
1479.9,7,1062.5397661087081,4.8999999999999995,45.34881525002048,423.38962812634145,44
1480.0,7,1062.460972300471,4.8999999999999995,45.35544871492657,423.32778125454,44
1480.1,7,1062.460972300471,5.6,45.36955100567964,423.1950407506804,44
1480.2,7,1062.460972300471,5.6,45.41925613622813,422.73511729371563,44
1480.3,7,1062.460972300471,5.6,45.40434360139375,422.87571557301374,44
1480.4,7,1062.460972300471,5.6,45.30030472142906,423.8387106438363,44
1480.5,7,1062.460972300471,5.6,45.30835483842564,423.7635264668521,44
1480.6,7,1062.460972300471,5.6,45.31878382526092,423.6660274701102,44
1480.7,7,1062.460972300471,5.6,45.31080048276543,423.74037085912744,44
1480.8,7,1062.460972300471,4.8999999999999995,45.32168926990617,423.6384120368639,44
1480.9,7,1062.460972300471,4.8999999999999995,45.34429876737881,423.4272381215481,44
1481.0,7,1062.460972300471,4.8999999999999995,45.354378870559266,423.33307044399334,44
1481.1,7,1062.460972300471,4.8999999999999995,45.36439047896218,423.23951749447883,44
1481.2,7,1062.460972300471,4.8999999999999995,45.36173459431175,423.2642504612437,44
1481.3,7,1062.460972300471,4.8999999999999995,45.38430304467501,423.05375894172664,44
1481.4,7,1062.460972300471,4.8999999999999995,45.40150039293752,422.8935604633033,44
1481.5,7,1062.460972300471,4.8999999999999995,45.37811050872048,423.14135946008537,44
1481.6,7,1062.460972300471,4.8999999999999995,45.37766125115873,423.1488468695783,44
1481.7,7,1062.460972300471,4.8999999999999995,45.394133411006976,422.995120910794,44
1481.8,7,1062.460972300471,4.8999999999999995,45.407874070026786,422.8684018759767,44
1481.9,7,1062.460972300471,4.8999999999999995,45.41392723294207,422.81461494234,44
1482.0,7,1062.460972300471,4.8999999999999995,45.42458897203988,422.7197271940297,44
1482.1,7,1062.460972300471,4.8999999999999995,45.43962262262082,422.5814387940353,44
1482.2,7,1062.460972300471,4.8999999999999995,45.460987802112186,422.3841381688567,44
1482.3,7,1062.460972300471,4.8999999999999995,45.48667337542203,422.14578069817054,44
1482.4,7,1062.460972300471,4.8999999999999995,45.510090583705164,421.9294901659943,44
1482.5,7,1062.460972300471,4.8999999999999995,45.32547272094045,423.6956448633282,44
1482.6,7,1062.460972300471,4.8999999999999995,45.34669263972486,423.5006486610095,44
1482.7,7,1062.460972300471,4.8999999999999995,45.39961071250047,422.99905414444174,44
1482.8,7,1062.460972300471,4.8999999999999995,45.418758851998334,422.82388454123975,44
1482.9,7,1062.460972300471,4.8999999999999995,45.233977581849715,424.50523735560967,44
1483.0,7,1062.460972300471,4.8999999999999995,45.30324238183756,423.8664682464774,44
1483.1,7,1062.460972300471,4.8999999999999995,45.31576158814721,423.7499551017519,44
1483.2,7,1062.460972300471,4.8999999999999995,45.33759532523443,423.54593807446633,44
1483.3,7,1062.460972300471,4.8999999999999995,45.33611812959033,423.5609331052732,44
1483.4,7,1062.460972300471,4.8999999999999995,45.362411992773744,423.31494408625935,44
1483.5,7,1062.460972300471,4.8999999999999995,45.36579060086772,423.2894331038327,44
1483.6,7,1062.460972300471,4.8999999999999995,45.373923728273994,423.2167776351761,44
1483.7,7,1062.460972300471,4.8999999999999995,45.38773675496685,423.089568504076,44
1483.8,7,1062.460972300471,4.8999999999999995,45.40026886474613,422.9760401675352,44
1483.9,11,1062.460972300471,4.199999999999999,45.44914264900457,422.4741503263916,44
1484.0,7,1062.5127733465447,3.6,45.27650111469258,424.11958161454413,44
1484.1,7,1062.5127733465447,4.8999999999999995,45.28358373449119,424.05429732288223,44
1484.2,7,1062.5127733465447,4.8999999999999995,45.295102476388664,423.9474056662628,44
1484.3,7,1062.5127733465447,4.8999999999999995,45.24636417933588,424.54176475480085,44
1484.4,7,1062.5127733465447,4.8999999999999995,45.245228204560235,424.5580049487654,44
1484.5,7,1062.5127733465447,4.8999999999999995,45.250217092804306,424.51291004424206,44
1484.6,7,1062.5127733465447,4.8999999999999995,45.26024650961418,424.42008902344406,44
1484.7,7,1062.5127733465447,4.8999999999999995,45.27735543130602,424.2561276399267,44
1484.8,7,1062.5127733465447,4.8999999999999995,45.285933351680455,424.1768362591238,44
1484.9,7,1062.5127733465447,4.8999999999999995,45.292216504674485,424.1224678782154,44
1485.0,7,1062.5127733465447,4.8999999999999995,45.30456406205785,424.0093165794477,44
1485.1,7,1062.5127733465447,4.8999999999999995,45.327829202614154,423.7898293772031,44
1485.2,7,1062.5127733465447,4.8999999999999995,45.348212685588024,423.5953080484078,44
1485.3,7,1062.5127733465447,4.8999999999999995,45.15523522063468,425.3318635226007,44
1485.4,7,1062.5127733465447,4.8999999999999995,45.17138552384469,425.1812670266395,44
1485.5,7,1062.5127733465447,4.8999999999999995,45.22824715602937,424.66049023742653,44
1485.6,7,1062.5127733465447,4.8999999999999995,45.263562275672285,424.3232096041636,44
1485.7,7,1062.5127733465447,4.8999999999999995,45.27285063253698,424.2393640440349,44
1485.8,7,1062.5127733465447,4.8999999999999995,45.263220020135975,424.3369500275427,44
1485.9,7,1062.5127733465447,4.8999999999999995,45.26428050533411,424.330076934846,44
1486.0,7,1062.5127733465447,4.8999999999999995,45.278007092414185,424.20168816647674,44
1486.1,7,1062.5127733465447,4.8999999999999995,45.299816281043796,423.995245828297,44
1486.2,7,1062.5127733465447,4.8999999999999995,45.30881144178132,423.91031470152217,44
1486.3,7,1062.434517326433,4.8999999999999995,45.32847730985585,423.7256638021187,44
1486.4,7,1062.434517326433,5.6,45.34446109027749,423.57685973329035,44
1486.5,7,1062.434517326433,5.6,45.35313721714342,423.4961511587586,44
1486.6,7,1062.434517326433,4.8999999999999995,45.35713410991508,423.45940558749487,44
1486.7,7,1062.434517326433,4.8999999999999995,45.37111866316633,423.32596697846145,44
1486.8,7,1062.434517326433,4.8999999999999995,45.38153437508432,423.22943632203805,44
1486.9,7,1062.434517326433,4.8999999999999995,45.382632622526685,423.21790321383173,44
1487.0,7,1062.434517326433,4.8999999999999995,45.188617432527884,424.97255715793267,44
1487.1,7,1062.434517326433,4.8999999999999995,45.20317975154697,424.8327258898295,44
1487.2,7,1062.434517326433,4.8999999999999995,45.20778030822563,424.7911374209503,44
1487.3,7,1062.434517326433,4.8999999999999995,45.2064017202995,424.80172456830064,44
1487.4,7,1062.434517326433,4.8999999999999995,45.20853761753213,424.78517711018276,44
1487.5,7,1062.434517326433,4.8999999999999995,45.21546910071196,424.71944144737245,44
1487.6,7,1062.434517326433,4.8999999999999995,45.21816389041223,424.69343303551375,44
1487.7,7,1062.434517326433,4.8999999999999995,45.227640361582274,424.6035012369571,44
1487.8,7,1062.434517326433,4.8999999999999995,45.234371005764174,424.53891818837855,44
1487.9,7,1062.434517326433,4.8999999999999995,45.27600999312659,424.0989062138372,44
1488.0,7,1062.434517326433,4.8999999999999995,45.27332487390513,424.1247257838303,44
1488.1,7,1062.434517326433,4.8999999999999995,45.27373013517479,424.1218079934408,44
1488.2,7,1062.434517326433,4.8999999999999995,45.275871951801115,424.1021300709517,44
1488.3,7,1062.434517326433,4.8999999999999995,45.28354656442367,424.0274824775536,44
1488.4,7,1062.434517326433,4.8999999999999995,45.270654293707246,424.14949971663833,44
1488.5,7,1062.434517326433,4.8999999999999995,45.28129241685065,424.0482979033733,44
1488.6,7,1062.434517326433,4.8999999999999995,45.28482260138372,424.0150931866258,44
1488.7,11,1062.434517326433,4.8999999999999995,45.283938254652455,424.0235315482329,44
1488.8,11,1062.434517326433,4.5,45.28654122795969,424.00160193288673,44
1488.9,11,1062.434517326433,4.5,45.29057317578544,423.96318990224097,44
1489.0,11,1062.434517326433,4.5,45.29309589421794,423.9403588207353,44
1489.1,7,1062.434517326433,3.6,45.29910328943838,423.88546955627487,44
1489.2,7,1062.434517326433,4.8999999999999995,45.30736008473106,423.80903872900996,44
1489.3,7,1062.434517326433,4.8999999999999995,45.32466674719413,423.64650860948586,44
1489.4,7,1062.434517326433,4.8999999999999995,45.32944678224884,423.6035450080126,44
1489.5,7,1062.3562408173714,4.8999999999999995,45.32196632241686,423.674461762329,44
1489.6,7,1062.3562408173714,5.6,45.33318679520052,423.5698055258085,44
1489.7,7,1062.3562408173714,5.6,45.334727515839106,423.557277200009,44
1489.8,7,1062.3562408173714,5.6,45.340577081410714,423.50259893603794,44
1489.9,7,1062.3562408173714,5.6,45.34440952974727,423.4682374919807,44
1490.0,7,1062.3562408173714,5.6,45.354418860684255,423.3728536381011,44
1490.1,7,1062.3562408173714,5.6,45.509694482229335,421.96192219995004,44
1490.2,7,1062.3562408173714,5.6,45.51164307306609,421.9439367440507,44
1490.3,7,1062.3562408173714,4.8999999999999995,45.51931846963399,421.87168034701773,44
1490.4,7,1062.3562408173714,4.8999999999999995,45.529511646926686,421.7750475546772,44
1490.5,7,1062.3562408173714,4.8999999999999995,45.53143401140865,421.758133474567,44
1490.6,7,1062.3562408173714,4.8999999999999995,45.53821477162677,421.69345834650693,44
1490.7,7,1062.3562408173714,4.8999999999999995,45.55176639093325,421.56537064501856,44
1490.8,7,1062.3562408173714,4.8999999999999995,45.54521348923305,421.62808304210097,44
1490.9,7,1062.3562408173714,4.8999999999999995,45.556298225759576,421.52487536817637,44
1491.0,7,1062.3562408173714,4.8999999999999995,45.57758630503075,421.3261268521277,44
1491.1,7,1062.3562408173714,4.8999999999999995,45.58269121356283,421.2791645932578,44
1491.2,7,1062.3562408173714,4.8999999999999995,45.59924674896362,421.12408301646326,44
1491.3,7,1062.3562408173714,4.8999999999999995,45.60934913509727,421.0292201108676,44
1491.4,7,1062.3562408173714,4.8999999999999995,45.60791444702248,421.04466493472535,44
1491.5,7,1062.3562408173714,4.8999999999999995,45.62475456897575,420.8857851815277,44
1491.6,7,1062.3562408173714,4.8999999999999995,45.625216999678784,420.88050329476175,44
1491.7,7,1062.3562408173714,4.8999999999999995,45.63759022768014,420.7649669984171,44
1491.8,7,1062.3562408173714,4.8999999999999995,45.6424430553533,420.7203099290656,44
1491.9,7,1062.3562408173714,4.8999999999999995,45.652388685152765,420.62885893118073,44
1492.0,7,1062.3562408173714,4.8999999999999995,45.662685435665736,420.5324469769753,44
1492.1,7,1062.3562408173714,4.8999999999999995,45.66029960850082,420.5544540505687,44
1492.2,7,1062.3562408173714,4.8999999999999995,45.680869970879456,420.362120962476,44
1492.3,7,1062.3562408173714,4.8999999999999995,45.70107920729383,420.1769902416995,44
1492.4,7,1062.3562408173714,4.8999999999999995,45.877507647177545,418.533419363764,44
1492.5,7,1062.3562408173714,4.8999999999999995,45.885109524090055,418.46466975443735,44
1492.6,7,1062.3562408173714,4.8999999999999995,45.89380934283905,418.3844689280746,44
1492.7,7,1062.3562408173714,4.8999999999999995,45.89402298835131,418.3814085639966,44
1492.8,7,1062.3562408173714,4.8999999999999995,45.90925791051603,418.24146829371045,44
1492.9,7,1062.3562408173714,4.8999999999999995,45.912838550962825,418.2093726725442,44
1493.0,7,1062.3562408173714,4.8999999999999995,45.92336294477026,418.1109954390304,44
1493.1,7,1062.3562408173714,4.8999999999999995,45.93939879450069,417.9636884915528,44
1493.2,7,1062.3562408173714,4.8999999999999995,45.948748525786314,417.8774612874653,44
1493.3,7,1062.3562408173714,4.8999999999999995,45.9552810185029,417.81745784561076,44
1493.4,7,1062.3562408173714,4.8999999999999995,45.96941947131246,417.68825220447314,44
1493.5,7,1062.3562408173714,4.8999999999999995,45.98242632726311,417.5674229443235,44
1493.6,7,1062.3562408173714,4.8999999999999995,45.9938647305008,417.4630310074454,44
1493.7,7,1062.3562408173714,4.8999999999999995,46.00945424491566,417.31878235526915,44
1493.8,7,1062.3562408173714,4.8999999999999995,46.02783924599531,417.15133654398073,44
1493.9,7,1062.2780175805333,4.8999999999999995,46.038022171651676,417.05841530091016,44
1494.0,7,1062.2780175805333,5.6,46.04467846763899,416.99741129901213,44
1494.1,7,1062.2780175805333,5.6,46.0703462203928,416.76446106800506,44
1494.2,7,1062.2780175805333,5.6,46.07852057960486,416.690357862069,44
1494.3,7,1062.2780175805333,5.6,46.09256326292106,416.56292273766553,44
1494.4,7,1062.2780175805333,5.6,46.09395700171081,416.5506199919997,44
1494.5,7,1062.2780175805333,5.6,46.11909936074279,416.32274326875245,44
1494.6,7,1062.2780175805333,5.6,46.11624414212382,416.347798568039,44
1494.7,7,1062.2780175805333,5.6,46.11049093319863,416.40018653021696,44
1494.8,7,1062.2780175805333,5.6,46.12094032871551,416.3053450633161,44
1494.9,7,1062.2780175805333,5.6,46.14305670529553,416.10430328036483,44
1495.0,7,1062.2780175805333,5.6,46.25477949608526,415.1091740741206,44
1495.1,7,1062.2780175805333,5.6,46.25563066322623,415.0999410564109,44
1495.2,7,1062.2780175805333,5.6,46.27187954157293,414.95230541986416,44
1495.3,7,1062.2780175805333,5.6,46.266112312241454,415.0041554479169,44
1495.4,7,1062.2780175805333,5.6,46.28960680288459,414.7913584471664,44
1495.5,7,1062.2780175805333,5.6,45.949323831047906,417.8546961617685,44
1495.6,7,1062.2780175805333,5.6,45.9523681383731,417.8265833115658,44
1495.7,7,1062.2780175805333,5.6,45.95997041001482,417.756889029404,44
1495.8,7,1062.2780175805333,5.6,45.97297624298041,417.6377907115534,44
1495.9,7,1062.2780175805333,5.6,45.955739701041836,417.79459522660215,44
1496.0,7,1062.2780175805333,5.6,45.9723037049621,417.6435317560717,44
1496.1,7,1062.2780175805333,5.6,45.98996753407934,417.4828955478671,44
1496.2,7,1062.2780175805333,5.6,45.99384786374748,417.4475605252584,44
1496.3,7,1062.2780175805333,5.6,46.00089811021023,417.3833344924583,44
1496.4,7,1062.2780175805333,5.6,46.007858959967756,417.32009138492936,44
1496.5,7,1062.2780175805333,5.6,45.999927098314316,417.3920883740383,44
1496.6,7,1062.2780175805333,5.6,45.99479912835024,417.43854077700837,44
1496.7,7,1062.2780175805333,5.6,46.00209259499255,417.3723207501065,44
1496.8,7,1062.2780175805333,5.6,45.99220631494508,417.4620439585233,44
1496.9,7,1062.2780175805333,5.6,46.00703767664285,417.3275246215546,44
1497.0,7,1062.2780175805333,5.6,46.00151530858576,417.37773191981285,44
1497.1,7,1062.2780175805333,5.6,46.00028455451877,417.3889303758657,44
1497.2,7,1062.2780175805333,5.6,45.90844209085596,418.224126833512,44
1497.3,7,1062.2780175805333,5.6,45.999072674596455,417.40319551100606,44
1497.4,7,1062.2780175805333,5.6,46.00217407902698,417.3743394072189,44
1497.5,7,1062.2780175805333,5.6,45.957976986834524,417.8329388932457,44
1497.6,7,1062.2780175805333,5.6,45.95778869842831,417.83099648627996,44
1497.7,7,1062.2780175805333,5.6,45.95905913572251,417.81619653613546,44
1497.8,7,1062.2780175805333,4.8999999999999995,45.97057588515304,417.70773581750825,44
1497.9,7,1062.2780175805333,4.8999999999999995,45.966407258066,417.74437429967475,44
1498.0,7,1062.2780175805333,4.8999999999999995,45.73888868938256,419.78713935191195,44
1498.1,8,1062.5868676838252,4.8999999999999995,45.72962628964662,419.87198967393044,44
1498.2,7,1062.5868676838252,3.5,45.72868523443083,419.8804268028912,44
1498.3,7,1062.5868676838252,4.8999999999999995,45.70457375808995,420.10173765845155,44
1498.4,7,1062.5868676838252,4.8999999999999995,45.6909964417564,420.22612779171754,44
1498.5,7,1062.5868676838252,4.8999999999999995,45.567128597329415,421.3836679525159,44
1498.6,7,1062.5868676838252,4.8999999999999995,45.56572515364529,421.39509838599133,44
1498.7,7,1062.5868676838252,4.8999999999999995,45.542222559156386,421.613722437811,44
1498.8,7,1062.5868676838252,4.8999999999999995,45.541228338321034,421.62340894822034,44
1498.9,7,1062.5868676838252,4.8999999999999995,45.53188718680991,421.7106091400665,44
1499.0,7,1062.5868676838252,4.8999999999999995,45.3308625093289,423.55901445979435,44
1499.1,7,1062.5868676838252,4.8999999999999995,45.336257295605094,423.5087071177734,44
1499.2,7,1062.5868676838252,4.8999999999999995,45.319835051692486,423.66381069156785,44
1499.3,7,1062.5868676838252,4.8999999999999995,45.32221166615463,423.6422331198067,44
1499.4,7,1062.5868676838252,4.8999999999999995,45.316048705848885,423.7004763141728,44
1499.5,7,1062.5868676838252,4.8999999999999995,45.29007192455414,423.9732769728415,44
1499.6,7,1062.5868676838252,4.8999999999999995,45.282734458570886,424.043870186512,44
1499.7,7,1062.5868676838252,4.8999999999999995,45.17120060715017,425.1192717931234,44
1499.8,7,1062.5868676838252,4.8999999999999995,45.17242107903732,425.10965244472686,44
1499.9,7,1062.5868676838252,4.8999999999999995,45.175436988547716,425.0822343074922,44
1500.0,7,1062.5868676838252,4.8999999999999995,45.17832813556295,425.0547520186916,44
1500.1,7,1062.5868676838252,4.8999999999999995,45.16924920573048,425.1439209173966,44
1500.2,7,1062.5868676838252,4.8999999999999995,45.16796342929074,425.15645007310974,44
1500.3,7,1062.5868676838252,4.8999999999999995,45.16536290559834,425.1818558301186,44
1500.4,7,1062.5868676838252,4.8999999999999995,45.15542357426317,425.2812472250854,44
1500.5,7,1062.5868676838252,4.8999999999999995,45.14730238552223,425.3597575076111,44
1500.6,7,1062.5868676838252,4.8999999999999995,45.148476558422175,425.35225649309166,44
1500.7,7,1062.5868676838252,4.8999999999999995,45.14263717436844,425.4114594822995,44
1500.8,7,1062.5868676838252,4.8999999999999995,45.14092701240229,425.42863271456054,44
1500.9,7,1062.5868676838252,4.8999999999999995,45.14973056071577,425.348594736206,44
1501.0,7,1062.5868676838252,4.8999999999999995,45.13307904075773,425.51262545669556,44
1501.1,7,1062.5868676838252,4.8999999999999995,45.13186008199446,425.5241202594691,44
1501.2,7,1062.5868676838252,4.8999999999999995,45.11908667225675,425.64905013915296,44
1501.3,7,1062.5868676838252,4.8999999999999995,45.0999622043625,425.95703745219004,44
1501.4,7,1062.5868676838252,4.199999999999999,45.09843107990561,425.97675994716803,44
1501.5,7,1062.5868676838252,4.199999999999999,45.046329235826356,426.6035962073506,44
1501.6,7,1062.5868676838252,4.199999999999999,45.03442393397092,426.7282304400383,44
1501.7,7,1062.5868676838252,4.199999999999999,45.02753546871908,426.8040792105686,44
1501.8,7,1062.5868676838252,4.199999999999999,45.032063455616075,426.7670723314211,44
1501.9,7,1062.5868676838252,4.199999999999999,45.0288215288367,426.80610188355297,44
1502.0,7,1062.5868676838252,4.199999999999999,45.020080486546775,426.9021360961204,44
1502.1,7,1062.5868676838252,4.199999999999999,45.01565111797804,426.9574644112978,44
1502.2,7,1062.5868676838252,4.199999999999999,45.00767868310825,427.04345647784544,44
1502.3,7,1062.5868676838252,4.199999999999999,45.00571298256757,427.0714722997768,44
1502.4,7,1062.5868676838252,4.199999999999999,44.8319707853309,428.85121949475314,44
1502.5,7,1062.5868676838252,4.199999999999999,44.60051219041007,430.9532460269352,44
1502.6,7,1062.5091424371437,4.199999999999999,44.613540773812815,430.83023291143513,44
1502.7,7,1062.5091424371437,4.8999999999999995,44.60911284279352,430.87982182070056,44
1502.8,7,1062.5091424371437,4.8999999999999995,44.59437785644112,431.0353698784529,44
1502.9,7,1062.5091424371437,4.8999999999999995,44.57935140485816,431.1940133375922,44
1503.0,7,1062.5091424371437,4.8999999999999995,44.575257801533034,431.23892366928055,44
1503.1,7,1062.5091424371437,4.8999999999999995,44.55970675690024,431.4046047918696,44
1503.2,7,1062.5091424371437,4.8999999999999995,44.55867015174756,431.414738645685,44
1503.3,7,1062.5091424371437,4.199999999999999,44.56019855529077,431.4043467880159,44
1503.4,7,1062.5091424371437,4.199999999999999,44.56064246097558,431.40448732746506,44
1503.5,7,1062.5091424371437,4.199999999999999,44.557948039956145,431.4398270003922,44
1503.6,7,1062.5091424371437,4.199999999999999,44.557150231957024,431.45435739743107,44
1503.7,7,1062.5091424371437,4.199999999999999,44.555381256294524,431.4723246142904,44
1503.8,7,1062.5091424371437,4.199999999999999,44.5503308533457,431.5269615781591,44
1503.9,7,1062.5091424371437,4.199999999999999,44.41192187010614,432.97571080126664,44
1504.0,7,1062.5091424371437,4.199999999999999,44.465064795719044,432.4999486021283,44
1504.1,7,1062.5091424371437,4.199999999999999,44.46816935971914,432.4629308213871,44
1504.2,7,1062.5091424371437,3.5,44.495908103946846,431.9936552041761,44
1504.3,7,1062.5091424371437,4.199999999999999,44.4862471614467,432.0875197996827,44
1504.4,7,1062.5091424371437,4.199999999999999,44.57942032045938,431.1200446298128,44
1504.5,7,1062.5091424371437,4.199999999999999,44.578039656602805,431.13032226578326,44
1504.6,7,1062.5091424371437,4.199999999999999,44.57045220984813,431.20388720741175,44
1504.7,7,1062.5091424371437,4.199999999999999,44.560733004088675,431.2953718587636,44
1504.8,7,1062.5091424371437,4.199999999999999,44.55189205410156,431.3830622566826,44
1504.9,7,1062.5091424371437,4.199999999999999,44.54959769455533,431.41055078985863,44
1505.0,7,1062.5091424371437,4.199999999999999,44.55717103359457,431.3367067103357,44
1505.1,7,1062.5091424371437,4.199999999999999,44.55747492324933,431.3284908251952,44
1505.2,7,1062.5091424371437,4.199999999999999,44.556469840341656,431.3381327139723,44
1505.3,7,1062.5091424371437,4.199999999999999,44.554286938342905,431.3579293564287,44
1505.4,7,1062.5091424371437,4.199999999999999,44.56475725428275,431.251638438322,44
1505.5,7,1062.5091424371437,4.199999999999999,44.5649132755592,431.2476607308438,44
1505.6,7,1062.5091424371437,4.199999999999999,44.56110916884512,431.2793850759869,44
1505.7,7,1062.5091424371437,4.199999999999999,44.56661143445092,431.21966219709986,44
1505.8,7,1062.5091424371437,3.5,44.565701091171675,431.2261484279428,44
1505.9,7,1062.5091424371437,3.5,44.56418235398574,431.2339217242593,44
1506.0,7,1062.5091424371437,3.5,44.560497791602884,431.27399086962794,44
1506.1,7,1062.5091424371437,3.5,44.55322778788957,431.3433765888577,44
1506.2,7,1062.5091424371437,3.5,44.559238215189026,431.28088624682357,44
1506.3,7,1062.5091424371437,3.5,44.56415204836346,431.2265329189687,44
1506.4,7,1062.5091424371437,3.5,44.573992796905245,431.12272216464487,44
1506.5,7,1062.5091424371437,3.5,44.578781493172244,431.0678970001519,44
1506.6,7,1062.5091424371437,3.5,44.57844135441926,431.0637187707082,44
1506.7,7,1062.5091424371437,3.5,44.587413945862295,430.9692502527771,44
1506.8,7,1062.5091424371437,3.5,44.58461641078978,430.9940096569999,44
1506.9,7,1062.5091424371437,3.5,44.58620455933965,430.9744304359938,44
1507.0,7,1062.5091424371437,3.5,44.59355287751628,430.8997467577293,44
1507.1,7,1062.5091424371437,3.5,44.59229481732511,430.9015193533194,44
1507.2,7,1062.5091424371437,3.5,44.60651803502291,430.75229531951663,44
1507.3,7,1062.5091424371437,3.5,44.61098103308487,430.70368548944714,44
1507.4,7,1062.5091424371437,3.5,44.6179018329436,430.6346016388824,44
1507.5,8,1062.5252943392181,3.5,44.41261464677412,432.7355118058764,44
1507.6,7,1062.5252943392181,3.5,44.41034916796592,432.7532666398473,44
1507.7,7,1062.5252943392181,3.5,44.425839022830786,432.59072632703,44
1507.8,7,1062.5252943392181,3.5,44.42633494233243,432.58191239734697,44
1507.9,7,1062.5252943392181,3.5,44.42517673194634,432.5826130475268,44
1508.0,7,1062.5252943392181,3.5,44.4186321963679,432.6408154968409,44
1508.1,7,1062.5252943392181,3.5,44.41697874489036,432.64950938136167,44
1508.2,7,1062.5252943392181,3.5,44.41693081856428,432.6406117208806,44
1508.3,8,1062.5134878032093,3.5,44.41618989147018,432.63942168044366,44
1508.4,7,1062.5134878032093,4.199999999999999,44.41494082015978,432.64517281002,44
1508.5,7,1062.5134878032093,3.5,44.406639192366555,432.72146823276313,44
1508.6,7,1062.5134878032093,3.5,44.39470884678438,432.8430350667344,44
1508.7,7,1062.5134878032093,3.5,44.39031476794914,432.8836007601782,44
1508.8,7,1062.5134878032093,3.5,44.54242333445562,431.4929425674045,44
1508.9,7,1062.5134878032093,3.5,44.54260672078274,431.48913024256046,44
1509.0,7,1062.5134878032093,3.5,44.53371596663851,431.5751019258264,44
1509.1,7,1062.5134878032093,3.5,44.52610468747329,431.64251706726554,44
1509.2,8,1062.4499205868467,3.5,44.50728749733409,431.8277578004461,44
1509.3,7,1062.4499205868467,4.199999999999999,44.49390167753036,431.9551433678396,44
1509.4,8,1062.4499205868467,3.5,44.48754821664046,432.01433579903363,44
1509.5,8,1062.4499205868467,4.199999999999999,44.47348711374465,432.14768764723453,44
1509.6,8,1062.4499205868467,4.199999999999999,44.48269881235771,431.9568243463616,44
1509.7,8,1062.4499205868467,4.199999999999999,44.46417527896817,432.1403565105319,44
1509.8,8,1062.4499205868467,4.199999999999999,44.4519442707324,432.26133702521906,44
1509.9,8,1062.4499205868467,4.199999999999999,44.60667114509263,430.67462932942925,44
1510.0,8,1062.4499205868467,4.199999999999999,44.604307329969934,430.69840648087984,44
1510.1,8,1062.4499205868467,3.5,44.60001488949368,430.7437707743802,44
1510.2,8,1062.4499205868467,3.5,44.59203363420771,430.8227875636627,44
1510.3,8,1062.4499205868467,3.5,44.642846108524466,430.22154036804045,44
1510.4,8,1062.4499205868467,3.5,44.68312483897053,429.7528486604777,44
1510.5,8,1062.4499205868467,3.5,44.67166269396249,429.864538878438,44
1510.6,8,1062.4499205868467,3.5,44.66710551777542,429.90743869924194,44
1510.7,8,1062.4499205868467,3.5,44.66122194788346,429.96429594844574,44
1510.8,8,1062.4499205868467,3.5,44.65618189143382,430.01195629228675,44
1510.9,8,1062.4499205868467,3.5,44.654571869857804,430.0281570035921,44
1511.0,8,1062.4499205868467,3.5,44.646318617964454,430.1073139011318,44
1511.1,8,1062.4499205868467,3.5,44.65213519740301,430.0497731917763,44
1511.2,8,1062.4499205868467,3.5,44.649892002856724,430.07167720351634,44
1511.3,8,1062.4499205868467,3.5,44.65711800450108,430.0020591102974,44
1511.4,8,1062.4499205868467,3.5,44.41012083352035,432.4635950996733,44
1511.5,8,1062.4499205868467,3.5,44.41508425210168,432.4135415082703,44
1511.6,8,1062.4499205868467,3.5,44.41356207417617,432.4287668061304,44
1511.7,8,1062.4499205868467,3.5,44.408929911904906,432.45131875219215,44
1511.8,8,1062.4499205868467,3.5,44.38324585402064,432.7118697544636,44
1511.9,8,1062.4499205868467,3.5,44.37056211581675,432.8413618230811,44
1512.0,8,1062.4499205868467,3.5,44.359624018313724,432.9520966579315,44
1512.1,8,1062.4499205868467,3.5,44.36073568459224,432.94352318493327,44
1512.2,7,1062.4499205868467,3.5,44.42820002727905,432.1885370385735,44
1512.3,7,1062.4499205868467,4.199999999999999,44.41778248746508,432.29076629491726,44
1512.4,7,1062.4499205868467,4.199999999999999,44.39305752696433,432.5352781324538,44
1512.5,7,1062.4499205868467,4.199999999999999,44.51973534458891,431.330825203869,44
1512.6,7,1062.4499205868467,4.199999999999999,44.51529444268678,431.37608411318183,44
1512.7,7,1062.4499205868467,4.199999999999999,44.60844576221565,430.4125617630041,44
1512.8,7,1062.3727691362596,4.199999999999999,44.523716433403976,431.26569104420366,44
1512.9,7,1062.3727691362596,4.8999999999999995,44.51231048197998,431.37533321582123,44
1513.0,7,1062.3727691362596,4.8999999999999995,44.51307030287371,431.3664806369461,44
1513.1,7,1062.3727691362596,4.8999999999999995,44.499158842374904,431.5001909038484,44
1513.2,7,1062.3727691362596,4.8999999999999995,44.497326319962454,431.5181984985793,44
1513.3,7,1062.3727691362596,4.8999999999999995,44.47343677852474,431.7511748414509,44
1513.4,7,1062.3727691362596,4.8999999999999995,44.477424176351725,431.7118266893338,44
1513.5,7,1062.3727691362596,4.8999999999999995,44.477486960252996,431.7098858013502,44
1513.6,7,1062.3727691362596,4.8999999999999995,44.4765124364621,431.7194834030823,44
1513.7,7,1062.3727691362596,4.8999999999999995,44.48457202209704,431.64040529247575,44
1513.8,7,1062.3727691362596,4.8999999999999995,44.49149922305605,431.5719681528658,44
1513.9,7,1062.3727691362596,4.8999999999999995,44.491615170424254,431.57132322940686,44
1514.0,7,1062.3727691362596,4.8999999999999995,44.485622169218544,431.6295612766595,44
1514.1,7,1062.3727691362596,4.8999999999999995,44.49124303886068,431.5734689500243,44
1514.2,7,1062.3727691362596,4.8999999999999995,44.489570598435975,431.5898420048054,44
1514.3,7,1062.3727691362596,4.8999999999999995,44.438678208621866,432.1296907956555,44
1514.4,7,1062.3727691362596,4.8999999999999995,44.437696124830424,432.1388229197665,44
1514.5,7,1062.3727691362596,4.8999999999999995,44.44490924541195,432.065014488378,44
1514.6,7,1062.3727691362596,4.8999999999999995,44.44525068555497,432.0601348908408,44
1514.7,7,1062.3727691362596,4.8999999999999995,44.449243706160956,432.02045285057534,44
1514.8,7,1062.3727691362596,4.8999999999999995,44.55490191111103,431.0216140352962,44
1514.9,7,1062.3727691362596,4.8999999999999995,44.569820707647516,430.87657814982657,44
1515.0,7,1062.3727691362596,4.8999999999999995,44.56484798747357,430.92670140422916,44
1515.1,7,1062.3727691362596,4.8999999999999995,44.574904416725666,430.827836023125,44
1515.2,7,1062.3727691362596,4.8999999999999995,44.573292246281056,430.84445991340453,44
1515.3,7,1062.3727691362596,4.8999999999999995,44.65453856882958,429.99397218521585,44
1515.4,7,1062.3727691362596,4.8999999999999995,44.66828872544893,429.8598424678544,44
1515.5,7,1062.3727691362596,4.8999999999999995,44.66468200422411,429.89446644822374,44
1515.6,7,1062.3727691362596,4.8999999999999995,44.66818936886524,429.8629764582629,44
1515.7,7,1062.3727691362596,4.8999999999999995,44.68750389580367,429.67560755436386,44
1515.8,7,1062.3727691362596,4.199999999999999,44.69877413427835,429.5673097942662,44
1515.9,7,1062.3727691362596,4.199999999999999,44.706214402170346,429.49574461757817,44
1516.0,7,1062.3727691362596,4.199999999999999,44.7224606530351,429.33869682517246,44
1516.1,7,1062.3727691362596,4.199999999999999,44.72094223105009,429.3544086966533,44
1516.2,7,1062.3727691362596,4.199999999999999,44.727434757303584,429.29145650474464,44
1516.3,7,1062.3727691362596,4.199999999999999,44.7331006538746,429.23810320667553,44
1516.4,7,1062.3727691362596,4.199999999999999,44.74006279543656,429.1712278891842,44
1516.5,7,1062.3727691362596,4.199999999999999,44.7489349747285,429.08649572572057,44
1516.6,7,1062.3727691362596,4.199999999999999,44.75889073599755,428.9913694147634,44
1516.7,7,1062.2957296719578,4.199999999999999,44.761740763911874,428.9640530666829,44
1516.8,7,1062.2957296719578,4.8999999999999995,44.761552308087815,428.9667729176358,44
1516.9,7,1062.2957296719578,4.199999999999999,44.78096376360179,428.77897443866766,44
1517.0,7,1062.2957296719578,4.199999999999999,44.78325499375316,428.75819932017635,44
1517.1,7,1062.2957296719578,4.199999999999999,44.87502558335348,427.8951401691562,44
1517.2,7,1062.2957296719578,4.199999999999999,44.88305146426637,427.82027541371,44
1517.3,7,1062.2957296719578,4.199999999999999,44.90045740107574,427.6524352645261,44
1517.4,7,1062.2957296719578,4.199999999999999,44.89790977273621,427.67774970667296,44
1517.5,7,1062.2957296719578,4.199999999999999,44.974082099949555,426.9414407059096,44
1517.6,7,1062.2957296719578,4.199999999999999,44.98310125666875,426.85499706872747,44
1517.7,7,1062.2957296719578,4.199999999999999,44.824811583354375,428.34397994019497,44
1517.8,7,1062.2957296719578,4.199999999999999,44.83490459357606,428.24734930122816,44
1517.9,7,1062.2957296719578,4.199999999999999,44.836370433991625,428.2346455496305,44
1518.0,7,1062.2957296719578,4.199999999999999,44.84038580517376,428.1974011333389,44
1518.1,7,1062.2957296719578,4.199999999999999,44.840073644161045,428.2013793483984,44
1518.2,7,1062.2957296719578,4.199999999999999,44.842106566936366,428.183777909819,44
1518.3,7,1062.2957296719578,4.199999999999999,44.830258576972014,428.2996923660998,44
1518.4,7,1062.2957296719578,4.199999999999999,44.81843203887547,428.4160295531851,44
1518.5,7,1062.2957296719578,4.199999999999999,44.808918946510744,428.510552625444,44
1518.6,7,1062.2957296719578,3.5,44.795951807501794,428.6375606929345,44
1518.7,7,1062.2957296719578,3.5,44.60056772985536,430.4971201516682,44
1518.8,7,1062.2957296719578,3.5,44.59200651844376,430.5818254173281,44
1518.9,7,1062.2957296719578,3.5,44.576065926253094,430.73713524220693,44
1519.0,7,1062.2957296719578,3.5,44.56237847267242,430.8725267904475,44
1519.1,7,1062.2957296719578,3.5,44.551739417914604,430.9779436913293,44
1519.2,7,1062.2957296719578,3.5,44.542521177365614,431.0699513766389,44
1519.3,7,1062.2957296719578,3.5,44.53421194095402,431.15315730106374,44
1519.4,7,1062.2957296719578,3.5,44.429780002881685,432.30183731002967,44
1519.5,7,1062.2957296719578,3.5,44.34512967769439,433.3918885964376,44
1519.6,8,1062.3008395742718,3.5,44.32938131784029,433.56061108613505,44
1519.7,7,1062.2249865832632,2.8,44.32671492527277,433.59574884597845,44
1519.8,7,1062.2249865832632,4.199999999999999,44.31589419600433,433.72002791619263,44
1519.9,7,1062.2249865832632,4.199999999999999,44.49356710824203,432.0242867520341,44
1520.0,7,1062.2249865832632,4.199999999999999,44.482875139029545,432.1401155707,44
1520.1,7,1062.2249865832632,4.199999999999999,44.2317092619642,434.79113471166124,44
1520.2,7,1062.2249865832632,4.199999999999999,44.23345245604439,434.78882434631487,44
1520.3,8,1062.156793433227,4.199999999999999,44.23968224624885,434.7452372849698,44
1520.4,8,1062.156793433227,2.8,44.2437216962699,434.7129026154197,44
1520.5,8,1062.156793433227,2.8,44.24034196424279,434.75812856995526,44
1520.6,8,1062.156793433227,2.8,44.246174125278976,434.71508280352657,44
1520.7,8,1062.156793433227,2.8,44.250487924826615,434.6888225978038,44
1520.8,8,1062.156793433227,2.8,44.25808600448849,434.6177901176311,44
1520.9,8,1062.156793433227,2.8,44.26185894850069,434.60360165353984,44
1521.0,8,1062.156793433227,2.8,44.27829924929641,434.45481670169295,44
1521.1,8,1062.156793433227,2.8,44.29644026589406,434.28145923242954,44
1521.2,8,1062.156793433227,2.8,44.30191932857984,434.23904380469753,44
1521.3,8,1062.156793433227,2.8,44.30872555861272,434.1821269464619,44
1521.4,8,1062.156793433227,2.8,44.32845136113596,434.0008742695692,44
1521.5,8,1062.156793433227,2.8,44.33816408215944,433.91285242518427,44
1521.6,8,1062.156793433227,2.8,44.34995461315315,433.8098572196168,44
1521.7,8,1062.156793433227,2.8,44.360723953934766,433.7056982024035,44
1521.8,8,1062.156793433227,2.8,44.368584274410715,433.6421909948615,44
1521.9,8,1062.156793433227,2.8,44.37773115666019,433.5592410402669,44
1522.0,8,1062.156793433227,2.8,44.38429188948639,433.50963676245055,44
1522.1,8,1062.156793433227,2.8,44.39326551557376,433.4266525308174,44
1522.2,8,1062.156793433227,2.8,44.39776583418136,433.3895206537751,44
1522.3,7,1062.0813767285174,2.8,44.50408200199142,432.44338970288123,44
1522.4,7,1062.0813767285174,4.199999999999999,44.498150082458636,432.5095543505222,44
1522.5,7,1062.0813767285174,4.199999999999999,44.50438888209307,432.4504862047968,44
1522.6,7,1062.0813767285174,4.199999999999999,44.51252221663916,432.3704940399814,44
1522.7,7,1062.0813767285174,4.199999999999999,44.57791001525243,431.6731792250254,44
1522.8,7,1062.0813767285174,4.199999999999999,44.58756196114639,431.5842720351059,44
1522.9,7,1062.0813767285174,4.199999999999999,44.58713289535109,431.5859785924324,44
1523.0,7,1062.0813767285174,4.199999999999999,44.59388436922379,431.51816739666754,44
1523.1,7,1062.0813767285174,4.199999999999999,44.60029322683604,431.4568638188423,44
1523.2,7,1062.0813767285174,4.199999999999999,44.60801797782113,431.3775903384759,44
1523.3,7,1062.0813767285174,4.199999999999999,44.620010154436244,431.25697693650227,44
1523.4,7,1062.0813767285174,4.199999999999999,44.70112938536026,430.23989346484905,44
1523.5,7,1062.0813767285174,4.199999999999999,44.7012953250984,430.235943785401,44
1523.6,7,1062.0813767285174,4.199999999999999,44.71231722132619,430.1324947103004,44
1523.7,7,1062.0813767285174,4.199999999999999,44.57192694718928,431.38254606070547,44
1523.8,7,1062.0813767285174,4.199999999999999,44.36837166107074,433.5294864651037,44
1523.9,7,1062.0813767285174,4.199999999999999,44.385656468579214,433.35935523055537,44
1524.0,7,1062.0813767285174,4.199999999999999,44.39049731650534,433.3106423370943,44
1524.1,7,1062.0813767285174,4.199999999999999,44.41061658106641,433.10616559100265,44
1524.2,8,1062.0180190060762,4.199999999999999,44.41599426323267,433.0556639986064,44
1524.3,7,1062.0180190060762,3.5,44.43577692250571,432.85942821105755,44
1524.4,7,1062.0180190060762,4.199999999999999,44.457897828377675,432.64685691348586,44
1524.5,7,1062.0180190060762,4.199999999999999,44.47570775472473,432.4737312600854,44
1524.6,7,1062.0180190060762,4.199999999999999,44.48105245365758,432.4280623747905,44
1524.7,7,1062.0180190060762,4.199999999999999,44.499833783581245,432.24423144251335,44
1524.8,7,1062.0180190060762,4.199999999999999,44.52732693273138,431.9698032459974,44
1524.9,6,1060.2299849457077,4.199999999999999,44.618232814675835,431.1747674176403,44
1525.0,7,1060.2299849457077,4.0,44.65526874267236,430.7983444920028,44
1525.1,7,1060.157263118206,4.199999999999999,44.499626216898164,432.16562755018924,44
1525.2,7,1060.157263118206,4.8999999999999995,44.530245498380076,431.8646043508717,44
1525.3,7,1060.157263118206,4.8999999999999995,44.54694872393971,431.69340019378035,44
1525.4,7,1060.157263118206,4.8999999999999995,44.56503713278411,431.5162801566341,44
1525.5,7,1060.157263118206,4.8999999999999995,44.578515858391995,431.3870661718453,44
1525.6,7,1060.157263118206,4.8999999999999995,44.665261776187606,430.4969448037283,44
1525.7,7,1060.157263118206,4.8999999999999995,44.68665747567118,430.28816900434254,44
1525.8,7,1060.157263118206,4.8999999999999995,44.71481969456788,430.00350350459024,44
1525.9,5,1058.334620610653,4.8999999999999995,44.747088942176,429.68080969231875,44
1526.0,5,1057.6554396470474,6.0,44.76942970448075,429.47290586314307,44
1526.1,5,1057.0803933162485,6.0,44.79701549346496,429.20520914230883,44
1526.2,5,1056.5920700259276,6.0,44.807794608987905,429.09853567380935,44
1526.3,5,1056.5920700259276,6.5,44.84492280906278,428.7429523770793,44
1526.4,5,1056.5920700259276,6.5,44.88029219158884,428.39695997594754,44
1526.5,5,1056.5920700259276,6.5,44.89788864126694,428.22749661195104,44
1526.6,5,1056.5920700259276,6.5,44.92760890902633,427.9320353666602,44
1526.7,5,1056.5920700259276,6.5,44.93857567840158,427.83226421318716,44
1526.8,5,1056.5920700259276,6.5,44.95196702722292,427.7028634381152,44
1526.9,5,1056.5920700259276,6.5,44.96468250402845,427.5778442154417,44
1527.0,5,1056.5920700259276,6.5,44.98025665794123,427.4202980107178,44
1527.1,5,1056.5920700259276,6.5,44.98864673722746,427.3389177253715,44
1527.2,5,1056.5920700259276,6.5,44.99364820587022,427.28537247862147,44
1527.3,5,1056.5920700259276,6.5,45.064398908489494,426.66245733527546,44
1527.4,5,1056.5920700259276,6.5,45.081496814008354,426.4944838329932,44
1527.5,5,1056.5920700259276,6.5,45.09125752050409,426.3971006323187,44
1527.6,5,1056.5920700259276,6.5,45.07924096605042,426.51433945862163,44
1527.7,5,1056.5920700259276,6.5,45.07542747275019,426.5417988680647,44
1527.8,5,1056.5920700259276,6.5,45.089281674164596,426.3944646553449,44
1527.9,5,1056.5920700259276,6.5,45.073842856963566,426.5473293658307,44
1528.0,5,1056.5920700259276,6.0,45.07577170244361,426.5155923562485,44
1528.1,5,1056.5920700259276,6.0,45.062834641065,426.6395825066469,44
1528.2,5,1056.5920700259276,6.0,45.0788325535936,426.46704030443414,44
1528.3,5,1056.5920700259276,6.0,45.058914187921125,426.64993886408575,44
1528.4,5,1056.5920700259276,6.0,45.056168342123186,426.6670741216979,44
1528.5,5,1056.5920700259276,6.0,45.042467965189914,426.7909035036838,44
1528.6,5,1056.5920700259276,6.0,45.02406062104204,426.95679881428896,44
1528.7,5,1056.5920700259276,6.0,45.00750889223945,427.10419676170244,44
1528.8,5,1056.5920700259276,6.0,44.983632320761814,427.32400746310475,44
1528.9,5,1056.5920700259276,6.0,44.80137804761185,428.973119953642,44
1529.0,5,1056.5920700259276,6.0,44.80125702734218,428.96012485999483,44
1529.1,5,1056.5920700259276,6.0,44.76769427218753,429.2860748926611,44
1529.2,5,1056.5920700259276,6.0,44.74750545562014,429.4751199765282,44
1529.3,5,1056.5920700259276,6.0,44.72901020325196,429.652686350779,44
1529.4,5,1056.5920700259276,6.0,44.765474748464975,429.2625107960245,44
1529.5,5,1056.5920700259276,6.0,44.697514230560756,430.18276356794223,44
1529.6,5,1056.5920700259276,6.0,44.68263602545991,430.30300553452435,44
1529.7,5,1056.5920700259276,6.0,44.47637953193512,432.1764261860054,44
1529.8,5,1056.5920700259276,6.0,44.46403567505021,432.2845065550282,44
1529.9,5,1056.5920700259276,6.0,44.51341320189678,431.84221731337885,44
1530.0,5,1056.5920700259276,6.0,44.47180633488293,432.24752067766724,44
1530.1,5,1056.5920700259276,6.0,44.4471696999736,432.47540131362285,44
1530.2,5,1056.5920700259276,6.0,44.36009828817622,433.4815624327939,44
1530.3,5,1056.5920700259276,6.0,44.3469433696126,433.5989272013809,44
1530.4,5,1056.5920700259276,6.0,44.31269238180133,433.93051044012554,44
1530.5,5,1056.5920700259276,6.0,44.2794447266057,434.26593336469455,44
1530.6,5,1056.5920700259276,6.0,44.259752366216624,434.4419316302537,44
1530.7,5,1056.5920700259276,6.0,44.21785828932917,434.85452452340576,44
1530.8,5,1056.5920700259276,6.0,44.19280163004177,435.09153734857136,44
1530.9,5,1056.5920700259276,6.0,44.15531630312526,435.46477836720214,44
1531.0,5,1056.5920700259276,6.0,44.127728600824305,435.7277678660337,44
1531.1,5,1056.5920700259276,6.0,44.09362507293074,436.06318128586327,44
1531.2,5,1056.5920700259276,6.0,44.070220742244445,436.2865841540478,44
1531.3,5,1056.5920700259276,6.0,44.03900357396293,436.5986481416371,44
1531.4,5,1056.1039737721399,6.0,44.032645871268045,436.75987427937474,44
1531.5,5,1056.1039737721399,6.5,44.00665709277158,437.01778307585676,44
1531.6,5,1056.1039737721399,6.5,43.960267597745386,437.49202817593397,44
1531.7,5,1056.1039737721399,6.5,43.93716325923726,437.7071225413058,44
1531.8,5,1056.1039737721399,6.5,43.906953124284186,438.0073072551925,44
1531.9,5,1056.1039737721399,6.5,43.89006488997002,438.1765476310055,44
1532.0,5,1056.1039737721399,6.5,43.83288188449144,439.09501322562147,44
1532.1,5,1056.1039737721399,6.5,43.811095756820464,439.30197789576715,44
1532.2,5,1056.1039737721399,6.5,43.54976117106186,441.72605038967436,44
1532.3,5,1056.1039737721399,6.5,43.58499699241569,441.2971740620367,44
1532.4,5,1056.1039737721399,6.5,43.569008081531706,441.4416000148777,44
1532.5,5,1056.1039737721399,6.5,43.57465609744776,441.04117736268046,44
1532.6,5,1056.1039737721399,7.0,43.628718206110186,440.51022227902683,44
1532.7,5,1056.1039737721399,7.0,43.6082229028464,440.7045927328496,44
1532.8,5,1056.1039737721399,7.0,43.58362757923922,440.94501112456066,44
1532.9,5,1056.1039737721399,7.0,43.54793362035565,441.29980426412146,44
1533.0,5,1056.1039737721399,7.0,43.33201256152679,443.3698157846045,44
1533.1,5,1056.1039737721399,7.0,43.30260160505696,443.66732974129565,44
1533.2,5,1056.1039737721399,7.0,43.28183410726089,443.87242330853934,44
1533.3,5,1056.1039737721399,7.0,43.27892660374343,443.89371615980735,44
1533.4,5,1056.1039737721399,7.0,43.26435652388601,444.03768194943564,44
1533.5,5,1056.1039737721399,7.0,43.25147582044555,444.16452239539626,44
1533.6,5,1056.1039737721399,7.0,43.245798854444956,444.209350338534,44
1533.7,5,1056.1039737721399,7.0,43.23874145182881,444.27800262864304,44
1533.8,5,1056.1039737721399,7.0,43.224106295943955,444.42153361108313,44
1533.9,5,1056.1039737721399,7.0,43.19879888784423,444.6804617226709,44
1534.0,5,1056.1039737721399,7.0,43.18316848293371,444.8324816098077,44
1534.1,5,1056.1039737721399,7.0,43.18532340494916,444.7981400493578,44
1534.2,5,1056.1039737721399,7.0,43.15530258136161,445.10608189885136,44
1534.3,5,1056.1039737721399,7.0,43.1491156599419,445.15640153346,44
1534.4,5,1056.1039737721399,7.0,43.148763620830614,445.1451724265935,44
1534.5,5,1056.1039737721399,7.0,43.13170904249886,445.31612349383846,44
1534.6,5,1056.1039737721399,7.0,43.12111052051842,445.41680357748066,44
1534.7,5,1056.1039737721399,7.0,43.11817637509737,445.4407807055626,44
1534.8,5,1056.1039737721399,7.0,43.119591277495005,445.4168168924678,44
1534.9,5,1056.1039737721399,7.0,43.10919482664521,445.51877252773374,44
1535.0,5,1056.1039737721399,7.0,43.097502820957374,445.6393701499236,44
1535.1,5,1055.6174886706435,7.0,43.10275024405005,445.5809938520367,44
1535.2,5,1055.6174886706435,7.5,43.10666147979864,445.53676406330186,44
1535.3,5,1055.6174886706435,7.5,43.03335126220303,446.4998148215591,44
1535.4,5,1055.6174886706435,7.5,42.89632873950818,448.0112151868359,44
1535.5,5,1055.6174886706435,7.5,42.91521246988937,447.81088017637717,44
1535.6,5,1055.6174886706435,7.5,42.917825625644284,447.783239413648,44
1535.7,5,1055.6174886706435,7.5,43.04488944637771,446.4579640778221,44
1535.8,5,1055.6174886706435,7.5,43.0508811899443,446.40039959692274,44
1535.9,5,1055.6174886706435,7.5,43.04709284094206,446.4472823642833,44
1536.0,5,1055.6174886706435,7.5,43.05757224358934,446.33937213295627,44
1536.1,5,1055.2110033119397,7.5,43.068543048734156,446.272195356141,44
1536.2,5,1055.2110033119397,7.5,43.06566016245566,446.3088918094306,44
1536.3,5,1055.2110033119397,7.5,43.06798475323639,446.29040084115763,44
1536.4,5,1055.2110033119397,7.5,43.08506722869072,446.12387129966316,44
1536.5,5,1055.2110033119397,7.5,43.116729373100696,445.7877617354708,44
1536.6,5,1055.2110033119397,7.5,43.125609170295384,445.70798430986565,44
1536.7,5,1055.2110033119397,7.5,43.12707725156665,445.7011908263187,44
1536.8,5,1055.2110033119397,7.5,43.14887259666165,445.47382260557447,44
1536.9,5,1055.2110033119397,7.5,43.17239606993074,445.2349597174825,44
1537.0,5,1055.2110033119397,7.5,43.0438762617743,446.6831675362997,44
1537.1,5,1055.2110033119397,7.5,43.052691619948604,446.6045023415641,44
1537.2,5,1055.2110033119397,7.5,43.0991511803696,446.1116028521134,44
1537.3,5,1055.2110033119397,7.5,43.11763053783933,445.921541596733,44
1537.4,5,1055.2110033119397,7.5,43.12964541480476,445.8026927228443,44
1537.5,5,1055.2110033119397,7.5,43.16537935675867,445.30865279039256,44
1537.6,5,1055.2110033119397,7.5,43.18936744987511,445.0651555777775,44
1537.7,5,1055.2110033119397,7.5,43.23407413248758,444.59277026699823,44
1537.8,5,1055.2110033119397,7.5,43.12888279366128,445.59344941344705,44
1537.9,5,1055.2110033119397,7.5,43.17516809867452,445.1057227934965,44
1538.0,5,1055.2110033119397,7.5,43.212778766529254,444.7153450154709,44
1538.1,5,1055.2110033119397,7.5,43.24059771239763,444.42418162146555,44
1538.2,5,1055.2110033119397,7.5,43.2762650796127,444.0496448162771,44
1538.3,5,1055.2110033119397,7.0,43.3093011632633,443.7074835273457,44
1538.4,5,1055.2110033119397,7.0,43.38407095166157,442.95717024874136,44
1538.5,5,1054.7267356615898,7.0,43.22466153104105,444.7067503016375,44
1538.6,5,1054.7267356615898,7.5,43.25581599530102,444.37708537911783,44
1538.7,5,1054.7267356615898,7.5,43.27804498249415,444.14203071688917,44
1538.8,5,1054.7267356615898,7.5,43.30891544775042,443.81111298108533,44
1538.9,5,1054.7267356615898,7.5,43.331270441847806,443.5735022606927,44
1539.0,5,1054.7267356615898,7.5,43.36419461670169,443.22717810519146,44
1539.1,5,1054.7267356615898,7.5,43.4005528183437,442.8457504179519,44
1539.2,5,1054.7267356615898,7.5,43.44568361282897,442.3596716825995,44
1539.3,5,1054.7267356615898,7.5,43.458099361465244,442.2234382175592,44
1539.4,5,1054.7267356615898,7.5,43.480653186425755,441.9839757679764,44
1539.5,5,1054.7267356615898,7.5,43.50037012676708,441.7713328390701,44
1539.6,5,1054.7267356615898,7.5,43.52185063993484,441.547743688609,44
1539.7,5,1054.7267356615898,7.5,43.58046511422018,440.7739167326547,44
1539.8,5,1054.7267356615898,8.0,43.59750581715991,440.5973850211515,44
1539.9,5,1054.7267356615898,8.0,43.61270971517254,440.4380312817766,44
1540.0,5,1054.7267356615898,8.0,43.65174496630474,440.03040866067323,44
1540.1,5,1054.7267356615898,8.0,43.66226792530637,439.92119902860645,44
1540.2,5,1054.7267356615898,8.0,43.60724389524185,440.7750925594652,44
1540.3,5,1054.7267356615898,8.0,43.45205515050776,442.4717203706638,44
1540.4,5,1054.7267356615898,8.0,43.461814697894084,442.3659345073613,44
1540.5,5,1054.7267356615898,8.0,43.463488830709736,442.35340558422416,44
1540.6,5,1054.7267356615898,8.0,43.48858728481717,442.0884775192293,44
1540.7,5,1054.7267356615898,8.0,43.512678823045775,441.83646537841526,44
1540.8,5,1054.7267356615898,8.0,43.54173016633379,441.5287661019995,44
1540.9,5,1054.7267356615898,8.0,43.556679416893544,441.3728454341349,44
1541.0,5,1054.7267356615898,8.0,43.578269585116416,441.1497940362109,44
1541.1,5,1054.7267356615898,8.0,43.59633710051548,440.96542867421624,44
1541.2,5,1054.7267356615898,8.0,43.675976862113984,440.16930815217324,44
1541.3,5,1054.7267356615898,8.0,43.72054535259909,439.7032139277809,44
1541.4,5,1054.7267356615898,8.0,43.74825236386968,439.4137149498262,44
1541.5,5,1054.7267356615898,8.0,43.780898199484035,439.069623799399,44
1541.6,5,1054.7267356615898,8.0,43.796598631182064,438.91034988765216,44
1541.7,5,1054.7267356615898,8.0,43.838628421911935,438.4750224560281,44
1541.8,5,1054.7267356615898,8.0,43.87572676430891,438.09725100773744,44
1541.9,5,1054.7267356615898,8.0,43.89440619102883,437.8959303501945,44
1542.0,5,1054.7267356615898,8.0,43.921322900160575,437.6180762915709,44
1542.1,5,1054.7267356615898,8.0,43.87072210233458,438.3351970788999,44
1542.2,5,1054.7267356615898,8.0,43.90673494428984,437.95242318049196,44
1542.3,5,1054.7267356615898,7.5,43.92059706662691,437.8102054462453,44
1542.4,5,1054.7267356615898,7.5,43.943253357818335,437.57064112271814,44
1542.5,5,1054.7267356615898,7.5,43.947358596384156,437.5198342024028,44
1542.6,5,1054.7267356615898,7.5,43.95980735562844,437.38067539074814,44
1542.7,5,1054.7267356615898,7.5,43.85100711719413,438.35982389087764,44
1542.8,5,1054.7267356615898,7.5,43.842301366054734,438.44958668251866,44
1542.9,5,1054.7267356615898,7.5,43.86790061957265,438.17528262344894,44
1543.0,5,1054.7267356615898,7.5,43.891566019279374,437.9245995459095,44
1543.1,5,1054.7267356615898,7.5,43.91863776650416,437.6360701708086,44
1543.2,5,1054.7267356615898,7.5,43.947378896375454,437.3327565085049,44
1543.3,5,1054.7267356615898,7.5,43.968488952365874,437.103166953951,44
1543.4,5,1054.7267356615898,7.5,43.988870237980066,436.8926390964956,44
1543.5,5,1054.7267356615898,7.5,43.95951842944724,437.2278760419436,44
1543.6,5,1054.7267356615898,7.5,43.964188773856065,437.17415767811565,44
1543.7,5,1054.7267356615898,7.5,43.98380607205995,436.96350157671446,44
1543.8,5,1054.7267356615898,7.5,44.000255295108985,436.79245450999207,44
1543.9,5,1054.7267356615898,7.5,44.024925272796814,436.5332550788796,44
1544.0,5,1054.7267356615898,7.5,44.03237357249077,436.4573224316923,44
1544.1,5,1054.2433524105838,7.5,44.06364193001994,436.16048739330813,44
1544.2,5,1054.2433524105838,8.0,44.08744281817152,435.9072411480929,44
1544.3,5,1054.2433524105838,8.0,44.09414131914745,435.84077057818956,44
1544.4,5,1054.2433524105838,7.5,44.10927181723146,435.69004719433997,44
1544.5,5,1054.2433524105838,7.5,44.14598293312361,435.31076601464775,44
1544.6,5,1054.2433524105838,7.5,44.15899769017677,435.1715960462785,44
1544.7,5,1054.2433524105838,7.5,44.19021590367598,434.84898256644124,44
1544.8,5,1054.2433524105838,7.5,44.18373702248147,434.89652667395376,44
1544.9,5,1054.2433524105838,7.5,44.21612686738631,434.5617944446567,44
1545.0,5,1054.2433524105838,7.5,44.243259985925704,434.2876051413091,44
1545.1,5,1054.2433524105838,7.5,44.18486010695605,434.96450753234205,44
1545.2,5,1054.2433524105838,7.5,44.210682957302716,434.7014903372061,44
1545.3,5,1054.2433524105838,7.5,44.23345424505396,434.4689759141763,44
1545.4,5,1054.2433524105838,7.5,44.27804426161194,434.04226754952333,44
1545.5,5,1054.2433524105838,7.5,44.312060041345454,433.6909680675486,44
1545.6,5,1054.2433524105838,7.5,44.34412794909149,433.3687717343358,44
1545.7,5,1054.2433524105838,7.5,44.36658642216928,433.1413895100683,44
1545.8,5,1054.2433524105838,7.5,44.38201248404225,432.9871797752064,44
1545.9,5,1054.2433524105838,7.5,44.394197383997394,432.86748392615834,44
1546.0,5,1054.2433524105838,7.5,44.428304192923946,432.5251371023196,44
1546.1,5,1054.2433524105838,7.5,44.464355926924,432.1652983647623,44
1546.2,5,1054.2433524105838,7.5,44.400355601313606,432.73398135873435,44
1546.3,5,1054.2433524105838,7.5,44.430158421795014,432.4372455119927,44
1546.4,5,1054.2433524105838,7.5,44.460635500524134,432.1309729961644,44
1546.5,5,1054.2433524105838,7.5,44.47695177775257,431.9732384485468,44
1546.6,5,1054.2433524105838,7.5,44.507593457417926,431.6704527608474,44
1546.7,5,1054.2433524105838,7.0,44.52887808537829,431.4661598276033,44
1546.8,5,1054.2433524105838,7.0,44.55944307244634,431.16623650131896,44
1546.9,5,1054.2433524105838,7.0,44.58441307986317,430.9203822844595,44
1547.0,5,1054.2433524105838,7.0,44.604248243063495,430.7270850823404,44
1547.1,5,1054.2433524105838,7.0,44.63784865751438,430.39995388141466,44
1547.2,5,1054.2433524105838,7.0,44.66995332584497,430.08529801040476,44
1547.3,5,1054.2433524105838,7.0,44.44089587856212,432.29706173102636,44
1547.4,5,1054.2433524105838,7.0,44.46517070638724,432.0504996414917,44
1547.5,5,1054.2433524105838,7.0,44.492471097290995,431.77915552218724,44
1547.6,5,1054.2433524105838,7.0,44.40554370971481,432.95478423990664,44
1547.7,5,1054.2433524105838,7.0,44.426930701698694,432.74291184152946,44
1547.8,5,1054.2433524105838,7.0,44.442368474325235,432.58570283353754,44
1547.9,5,1054.2433524105838,7.0,44.47042236201687,432.3038652168706,44
1548.0,5,1054.2433524105838,7.0,44.50809099048654,431.93109218618963,44
1548.1,5,1054.2433524105838,6.5,44.53153442388028,431.69335170806085,44
1548.2,5,1054.2433524105838,6.5,44.54333478111546,431.58779908351005,44
1548.3,5,1054.2433524105838,6.5,44.580987769759886,431.2143967319914,44
1548.4,5,1054.2433524105838,6.5,44.61017380133046,430.9258330829227,44
1548.5,5,1054.2433524105838,6.5,44.63075014700699,430.71290447847093,44
1548.6,5,1054.2433524105838,6.5,44.497203311273125,432.1188052727038,44
1548.7,5,1054.2433524105838,6.5,44.553475991316944,431.58174599608014,44
1548.8,5,1054.2433524105838,6.5,44.49559579474181,432.37050475622607,44
1548.9,5,1054.2433524105838,6.5,44.513917542637145,432.1973852740204,44
1549.0,5,1054.2433524105838,6.5,44.41803552079426,433.0235324192362,44
1549.1,5,1054.2433524105838,6.5,44.438529018546305,432.82484880350194,44
1549.2,5,1054.2433524105838,6.5,44.46612574586894,432.54611056439893,44
1549.3,5,1054.2433524105838,6.5,44.50054341649336,432.20913667046887,44
1549.4,5,1054.2433524105838,6.5,44.51015321283316,432.12809734831296,44
1549.5,5,1054.2433524105838,6.0,44.54216422809283,431.8199450218625,44
1549.6,5,1054.2433524105838,6.0,44.56277484637114,431.6189554953237,44
1549.7,5,1054.2433524105838,6.0,44.57974048082625,431.4564255933815,44
1549.8,5,1054.2433524105838,6.0,44.59287355588742,431.3403337166277,44
1549.9,5,1054.2433524105838,6.0,44.44853171529832,432.9021789921999,44
1550.0,5,1054.2433524105838,6.0,44.46341243794274,432.7662561007756,44
1550.1,5,1054.2433524105838,6.0,44.47488570989692,432.6648477633408,44
1550.2,5,1054.2433524105838,6.0,44.504326679405935,432.3731223246423,44
1550.3,5,1054.2433524105838,6.0,44.52311050705511,432.20081401521196,44
1550.4,5,1054.2433524105838,6.0,44.47956575347761,433.1224357110008,44
1550.5,5,1054.2433524105838,6.0,44.476857511490294,433.18453878229934,44
1550.6,5,1054.2433524105838,6.0,44.49850245905696,432.97118469287483,44
1550.7,5,1054.2433524105838,5.5,44.515815750785166,432.83017264489627,44
1550.8,5,1054.2433524105838,5.5,44.38700630665922,433.887510452547,44
1550.9,5,1054.2433524105838,5.5,44.38877126763529,433.8880339842772,44
1551.0,5,1054.2433524105838,5.5,44.4133408289632,433.6609439574462,44
1551.1,5,1054.2433524105838,5.5,44.438391833358494,433.4217967120823,44
1551.2,5,1054.2433524105838,5.5,44.44955139064237,433.31065880097486,44
1551.3,5,1054.2433524105838,5.5,44.48167836361654,432.99636108074696,44
1551.4,5,1054.2433524105838,5.5,44.509984195643625,432.72468226414503,44
1551.5,5,1054.2433524105838,5.5,44.52885141052326,432.56697509587696,44
1551.6,5,1054.2433524105838,5.5,44.54935471726997,432.37455614993297,44
1551.7,5,1054.2433524105838,5.5,44.57037956204361,432.17235743448174,44
1551.8,5,1054.2433524105838,5.5,44.58993438035273,431.98786951298706,44
1551.9,5,1054.2433524105838,5.5,44.69473569547762,430.753869380241,44
1552.0,5,1054.2433524105838,5.5,44.72429097628925,430.45937155460626,44
1552.1,5,1054.2433524105838,5.5,44.74651962631029,430.2467655939127,44
1552.2,5,1054.2433524105838,5.5,44.75316429022969,430.2024236905947,44
1552.3,5,1054.2433524105838,5.5,44.786681606048376,429.8729211434335,44
1552.4,7,1054.2433524105838,5.0,44.80941099795875,429.67126486584914,44
1552.5,7,1054.2433524105838,6.3,44.82524703217177,429.5276356103641,44
1552.6,7,1054.2433524105838,6.3,44.898438115437116,428.7324368555361,44
1552.7,7,1054.2433524105838,6.3,44.93350524662325,428.3828431227207,44
1552.8,7,1054.2433524105838,6.3,44.79799851255022,429.55516601064903,44
1552.9,7,1054.2433524105838,6.3,44.83045050194223,429.2371110395199,44
1553.0,7,1054.2433524105838,6.3,44.860478619245,428.9422667706566,44
1553.1,7,1054.2433524105838,6.3,44.88280183778477,428.72985698198886,44
1553.2,7,1054.2433524105838,6.3,44.92586013016188,428.3069638748431,44
1553.3,7,1054.2433524105838,6.3,44.69147408196702,430.82242484425035,44
1553.4,7,1054.2433524105838,6.3,44.71170465061499,430.63599699824385,44
1553.5,7,1054.2433524105838,6.3,44.742621975967964,430.33017916561107,44
1553.6,7,1054.2433524105838,6.3,44.61262949327684,431.42282233462527,44
1553.7,7,1054.2433524105838,6.3,44.611508964323264,431.45710749142233,44
1553.8,7,1054.2433524105838,7.0,44.64286798573278,431.14506007202317,44
1553.9,7,1054.2433524105838,7.0,44.67375069926268,430.84042960333943,44
1554.0,7,1054.2433524105838,7.0,44.69371860504221,430.6594860196672,44
1554.1,7,1054.2433524105838,7.0,44.71189854957916,430.47966920348404,44
1554.2,7,1054.2433524105838,7.0,44.71785462756667,430.4371481892571,44
1554.3,7,1054.2433524105838,7.0,44.74756457846773,430.13546577809893,44
1554.4,7,1054.2433524105838,7.0,44.7756973807033,429.8527844426799,44
1554.5,7,1054.559328439097,7.0,44.75389112216034,430.15129171440446,44
1554.6,7,1054.559328439097,7.699999999999999,44.7839803517315,429.85454381754886,44
1554.7,7,1054.559328439097,7.699999999999999,44.80830673984481,429.62070844294215,44
1554.8,7,1054.559328439097,7.699999999999999,44.839106531494416,429.321750027781,44
1554.9,7,1054.559328439097,7.699999999999999,44.87007686686839,429.01734827251687,44
1555.0,7,1054.559328439097,7.699999999999999,44.879980761522305,428.9321855096358,44
1555.1,7,1054.559328439097,7.699999999999999,44.90945519738884,428.63833405263415,44
1555.2,7,1054.559328439097,7.699999999999999,44.94070986385664,428.3222422923549,44
1555.3,7,1054.559328439097,7.699999999999999,44.968328731142435,428.0553621830684,44
1555.4,7,1054.559328439097,7.699999999999999,45.00541314552362,427.69259402326986,44
1555.5,7,1054.559328439097,7.699999999999999,45.028636697072045,427.46604077215727,44
1555.6,7,1054.559328439097,7.699999999999999,45.04963499481397,427.26138180846584,44
1555.7,7,1054.559328439097,7.699999999999999,45.073584058442826,427.0224408655463,44
1555.8,7,1054.559328439097,7.699999999999999,45.1065814607336,426.70607962077224,44
1555.9,7,1054.559328439097,7.0,45.135331222568716,426.42367274977937,44
1556.0,7,1054.559328439097,7.0,45.159609457878695,426.18753357924095,44
1556.1,7,1054.559328439097,7.0,45.17823668793484,426.01419578489975,44
1556.2,7,1054.559328439097,7.0,45.21614709502876,425.6550286552151,44
1556.3,7,1054.559328439097,7.0,45.24394194706916,425.3806043243934,44
1556.4,7,1054.559328439097,7.0,45.276742043308246,425.0679699134921,44
1556.5,7,1054.559328439097,7.0,45.31635572714353,424.68774120657764,44
1556.6,7,1054.559328439097,7.699999999999999,45.340852197063825,424.45818956501313,44
1556.7,7,1054.559328439097,7.699999999999999,45.37101129272273,424.16268853450845,44
1556.8,7,1054.559328439097,7.699999999999999,45.40385871302642,423.84370374332786,44
1556.9,7,1054.559328439097,7.699999999999999,45.428744301460064,423.6141510925123,44
1557.0,7,1054.559328439097,7.699999999999999,45.47011056614687,423.20863059277343,44
1557.1,7,1054.559328439097,7.699999999999999,45.36280595469128,424.1216297665994,44
1557.2,7,1054.559328439097,7.699999999999999,45.39842695806794,423.7726457870728,44
1557.3,7,1054.559328439097,7.699999999999999,45.414627474003055,423.62582798039364,44
1557.4,7,1054.559328439097,7.699999999999999,45.44023711315826,423.3791150615061,44
1557.5,7,1054.559328439097,7.699999999999999,45.46794149661444,423.1143689134108,44
1557.6,7,1054.559328439097,8.399999999999999,45.502061021081275,422.7860253383519,44
1557.7,7,1054.559328439097,8.399999999999999,45.52305579728664,422.5872584694358,44
1557.8,7,1054.559328439097,8.399999999999999,45.538503010069945,422.4500141268859,44
1557.9,7,1054.559328439097,8.399999999999999,45.58571645664573,421.99095873245903,44
1558.0,7,1054.559328439097,8.399999999999999,45.605021192641914,421.8189037701187,44
1558.1,7,1054.559328439097,8.399999999999999,45.645471966166305,421.4296169977439,44
1558.2,7,1054.559328439097,8.399999999999999,45.684458062980326,421.05537570049523,44
1558.3,7,1054.559328439097,8.399999999999999,45.69761230888537,420.92515288226235,44
1558.4,7,1054.559328439097,8.399999999999999,45.72819354738978,420.6337601894716,44
1558.5,7,1054.559328439097,8.399999999999999,45.762305591635865,420.301409192224,44
1558.6,7,1054.559328439097,8.399999999999999,45.78084235017723,420.135166152839,44
1558.7,7,1054.559328439097,7.699999999999999,45.81776411394022,419.7787341995666,44
1558.8,7,1054.559328439097,7.699999999999999,45.85306297369368,419.43864912290303,44
1558.9,7,1054.559328439097,7.699999999999999,45.884575982265126,419.14808583666536,44
1559.0,7,1054.559328439097,7.699999999999999,45.91152214503144,418.8933585522857,44
1559.1,7,1054.559328439097,7.699999999999999,45.92352202508778,418.7874061790003,44
1559.2,7,1054.559328439097,7.699999999999999,45.955982067899086,418.4835567150492,44
1559.3,7,1054.559328439097,8.399999999999999,45.97956452652666,418.24892097634927,44
1559.4,7,1054.559328439097,8.399999999999999,46.014274782888265,417.92437608985006,44
1559.5,7,1054.559328439097,8.399999999999999,45.95674995211394,418.37668107005607,44
1559.6,7,1054.559328439097,8.399999999999999,45.97784211745369,418.1892268627781,44
1559.7,7,1054.559328439097,8.399999999999999,46.02023531723766,417.7944114665716,44
1559.8,7,1054.559328439097,8.399999999999999,46.06602507824514,417.37288182513214,44
1559.9,7,1054.559328439097,8.399999999999999,46.110285518065496,416.96372664665387,44
1560.0,7,1054.559328439097,8.399999999999999,46.150407660367215,416.5897559193166,44
1560.1,7,1054.559328439097,8.399999999999999,46.43841213598736,413.8487991511247,44
1560.2,7,1054.559328439097,8.399999999999999,46.4615255076887,413.64490815251605,44
1560.3,7,1054.559328439097,8.399999999999999,46.381684911037084,414.3036654266534,44
1560.4,7,1054.559328439097,7.699999999999999,46.419571670857366,413.96447793001005,44
1560.5,7,1054.559328439097,7.699999999999999,46.27381229954087,415.3666871862854,44
1560.6,7,1054.559328439097,7.699999999999999,46.297950052926794,415.15757279847435,44
1560.7,7,1054.559328439097,8.399999999999999,46.33323007492878,414.8395690443894,44
1560.8,7,1054.559328439097,8.399999999999999,46.35825265767063,414.6160480333046,44
1560.9,7,1054.559328439097,8.399999999999999,46.39949056782041,414.2438905667026,44
1561.0,7,1054.559328439097,8.399999999999999,46.428713481408394,413.9877733627869,44
1561.1,7,1054.559328439097,8.399999999999999,46.45620563819814,413.75569072837084,44
1561.2,7,1054.559328439097,8.399999999999999,46.474907635214166,413.5911647885336,44
1561.3,7,1054.559328439097,8.399999999999999,46.50639054774673,413.31725368177985,44
1561.4,7,1054.559328439097,8.399999999999999,46.52780988812634,413.1306471786038,44
1561.5,7,1054.559328439097,8.399999999999999,46.54738244608309,412.96710135780495,44
1561.6,7,1054.559328439097,8.399999999999999,46.64429486879032,411.957773275891,44
1561.7,7,1054.559328439097,8.399999999999999,46.69506909912681,411.50541680205555,44
1561.8,7,1054.559328439097,8.399999999999999,46.721102046160226,411.287492644125,44
1561.9,7,1054.559328439097,8.399999999999999,46.74623852630697,411.07339256671173,44
1562.0,7,1054.559328439097,8.399999999999999,46.77918540958119,410.78216357030306,44
1562.1,7,1054.559328439097,8.399999999999999,46.813562559189954,410.4886606080795,44
1562.2,7,1054.559328439097,9.1,46.69429366663154,411.62812483003523,44
1562.3,7,1054.559328439097,8.399999999999999,46.72989015639368,411.31438267461675,44
1562.4,7,1054.559328439097,8.399999999999999,46.766552382514675,410.99063167224875,44
1562.5,7,1054.559328439097,8.399999999999999,46.7770846410546,410.87968219904997,44
1562.6,7,1054.559328439097,8.399999999999999,46.7335458865758,411.18227560905655,44
1562.7,7,1054.559328439097,8.399999999999999,46.77330168632169,410.83598334099673,44
1562.8,7,1054.559328439097,8.399999999999999,46.820657781026426,410.42173209804025,44
1562.9,7,1054.559328439097,8.399999999999999,46.87315000802924,409.96321733406353,44
1563.0,7,1054.559328439097,8.399999999999999,46.9030847975889,409.7058634974694,44
1563.1,7,1054.559328439097,8.399999999999999,46.92638807534368,409.51214379036264,44
1563.2,7,1054.559328439097,8.399999999999999,46.954886120715344,409.2771940809578,44
1563.3,7,1054.559328439097,8.399999999999999,47.00166435670378,408.86802452200425,44
1563.4,7,1054.559328439097,8.399999999999999,47.04616588051228,408.47853725108433,44
1563.5,7,1054.559328439097,8.399999999999999,47.07959433621586,408.18928711261685,44
1563.6,7,1054.559328439097,9.1,47.12083673765423,407.82472149648925,44
1563.7,7,1054.559328439097,9.1,47.14868157585301,407.5889941356677,44
1563.8,7,1054.559328439097,9.1,47.06715138260449,408.2337052288624,44
1563.9,7,1054.559328439097,9.1,47.105027807515114,407.90468395483794,44
1564.0,7,1054.559328439097,9.1,47.15051690164928,407.510743637564,44
1564.1,7,1054.559328439097,9.1,47.19217101710569,407.1501212417423,44
1564.2,7,1054.559328439097,9.1,47.28165558363778,406.270110346975,44
1564.3,7,1054.559328439097,9.1,47.11898793853929,407.75595909934714,44
1564.4,7,1054.559328439097,9.1,47.16989592632352,407.31842198045086,44
1564.5,7,1054.559328439097,8.399999999999999,47.23278102058529,406.77176262336695,44
1564.6,7,1054.559328439097,8.399999999999999,47.27677918431897,406.39713477766986,44
1564.7,7,1054.559328439097,8.399999999999999,47.328384716785166,405.955036284878,44
1564.8,7,1054.559328439097,8.399999999999999,47.38960286331627,405.43014087771155,44
1564.9,7,1054.559328439097,8.399999999999999,47.427448052491656,405.11296697454054,44
1565.0,7,1054.559328439097,8.399999999999999,47.471876284046786,404.7362069208224,44
1565.1,7,1054.559328439097,8.399999999999999,47.528593924526774,404.20092324537023,44
1565.2,7,1054.559328439097,8.399999999999999,47.616311993326335,403.3538170841714,44
1565.3,7,1054.559328439097,8.399999999999999,47.66987573311293,402.9044489916208,44
1565.4,7,1054.559328439097,8.399999999999999,47.75166424736031,402.2209729635589,44
1565.5,7,1054.559328439097,8.399999999999999,47.79593204514633,401.8505582476855,44
1565.6,7,1054.559328439097,8.399999999999999,47.83958936628697,401.4863055842402,44
1565.7,7,1054.559328439097,8.399999999999999,47.888254037907814,401.08225168825777,44
1565.8,7,1054.559328439097,9.1,47.79182877781598,401.84692262309983,44
1565.9,7,1054.559328439097,8.399999999999999,47.88162691501742,401.03358394376687,44
1566.0,7,1054.559328439097,8.399999999999999,47.936184257211956,400.5763531657556,44
1566.1,7,1054.559328439097,8.399999999999999,47.97668314439797,400.2415102345948,44
1566.2,7,1054.559328439097,8.399999999999999,48.04089769433777,399.7054636447583,44
1566.3,7,1054.559328439097,8.399999999999999,48.07652707532749,399.41494275494307,44
1566.4,7,1054.559328439097,8.399999999999999,48.11927029666048,399.0622394287848,44
1566.5,7,1054.559328439097,8.399999999999999,48.17214906063667,398.62602725526443,44
1566.6,7,1054.559328439097,8.399999999999999,48.21386584416405,398.28548839753194,44
1566.7,7,1054.559328439097,8.399999999999999,48.25093157628814,397.9823589969854,44
1566.8,7,1054.559328439097,8.399999999999999,48.31817396201413,397.428114513268,44
1566.9,7,1054.559328439097,7.699999999999999,48.37956983671617,396.92506474201844,44
1567.0,7,1054.559328439097,7.699999999999999,48.4213759954021,396.5839427558986,44
1567.1,7,1054.559328439097,7.699999999999999,48.460303104200364,396.2714304295011,44
1567.2,7,1054.559328439097,7.699999999999999,48.538335346876806,395.63224796182476,44
1567.3,7,1054.559328439097,8.399999999999999,48.563190252080084,395.4355137179276,44
1567.4,7,1054.559328439097,8.399999999999999,48.62348482792041,394.94474029211926,44
1567.5,7,1054.559328439097,8.399999999999999,48.46569630882321,396.32627399876276,44
1567.6,7,1054.559328439097,8.399999999999999,48.49852072882092,396.06938315875993,44
1567.7,7,1054.559328439097,8.399999999999999,48.55077302132752,395.6432116666673,44
1567.8,7,1054.559328439097,8.399999999999999,48.61404305541617,395.12980399217724,44
1567.9,7,1054.559328439097,8.399999999999999,48.64874729298927,394.8559864315385,44
1568.0,7,1054.559328439097,7.699999999999999,48.71640722395824,394.3060067296859,44
1568.1,7,1054.559328439097,7.699999999999999,48.764686266116186,393.9260036673297,44
1568.2,7,1054.559328439097,7.699999999999999,48.824741160356396,393.4389736701765,44
1568.3,7,1054.559328439097,7.699999999999999,48.74554456978339,394.02990161735397,44
1568.4,7,1054.559328439097,7.699999999999999,48.833431587549455,393.254895893341,44
1568.5,7,1054.559328439097,7.699999999999999,48.890936044027555,392.7954193011168,44
1568.6,7,1054.559328439097,7.699999999999999,48.95973247580026,392.2429930079186,44
1568.7,7,1054.559328439097,7.699999999999999,49.05230718116708,391.4757808989409,44
1568.8,7,1054.559328439097,7.699999999999999,49.104471931894864,391.06008345765343,44
1568.9,7,1054.559328439097,7.0,49.16172138599016,390.6057994962735,44
1569.0,7,1054.559328439097,7.0,49.22481532040072,390.1052102256301,44
1569.1,7,1054.559328439097,7.0,49.27475922567159,389.71133770928463,44
1569.2,7,1054.559328439097,7.0,49.33003683070329,389.278648433773,44
1569.3,7,1054.559328439097,7.0,49.38417519101058,388.85329708205086,44
1569.4,7,1054.559328439097,7.0,49.45988616111255,388.2568527385756,44
1569.5,7,1054.559328439097,7.0,49.518388082740614,387.8016608065129,44
1569.6,7,1054.559328439097,7.0,49.566306466538634,387.43288189982377,44
1569.7,7,1054.559328439097,7.0,49.637388074805415,386.87895182328793,44
1569.8,7,1054.559328439097,7.0,49.55702866231894,387.54764766695894,44
1569.9,7,1054.559328439097,7.0,49.63062677202001,386.97122314865624,44
1570.0,7,1054.559328439097,7.0,49.74850863111374,386.0642272011006,44
1570.1,7,1054.559328439097,7.0,49.81113613232372,385.57863755907294,44
1570.2,7,1054.559328439097,7.0,49.8464215877951,385.3142777438785,44
1570.3,7,1054.559328439097,7.0,49.79150468402906,385.6584016873045,44
1570.4,9,1054.559328439097,6.3,49.85086009186226,385.2010251553837,44
1570.5,9,1054.559328439097,6.4,49.91583808590006,384.7001031919283,44
1570.6,9,1054.559328439097,6.4,49.98424031245186,384.17257737423074,44
1570.7,9,1054.559328439097,6.4,50.0539615935088,383.63702915090585,44
1570.8,9,1054.559328439097,6.4,50.10483179079448,383.250670729959,44
1570.9,9,1054.559328439097,6.4,50.16943252348548,382.75635566716653,44
1571.0,9,1054.559328439097,6.4,50.22758327887655,382.3128980329185,44
1571.1,9,1054.559328439097,6.4,50.08231284195125,383.3958892880679,44
1571.2,9,1054.559328439097,6.4,50.13811067253875,382.9683303587169,44
1571.3,9,1054.559328439097,6.4,50.152907767952684,382.8602279228751,44
1571.4,9,1054.559328439097,7.2,50.20943991980695,382.4280514116041,44
1571.5,9,1054.559328439097,7.2,50.26078714529905,382.03582723933636,44
1571.6,9,1054.559328439097,7.2,50.29264023274587,381.79553502563306,44
1571.7,9,1054.559328439097,7.2,50.42672577520101,380.77001107510364,44
1571.8,9,1054.559328439097,7.2,50.46235548042858,380.5042167241927,44
1571.9,9,1054.559328439097,6.4,50.49963632181472,380.22523223100325,44
1572.0,9,1054.559328439097,6.4,50.55459556558239,379.811933959339,44
1572.1,9,1054.559328439097,6.4,50.58257475077596,379.60489474663757,44
1572.2,9,1054.559328439097,6.4,50.63113264404594,379.2411671499201,44
1572.3,9,1054.559328439097,6.4,50.601925768830625,379.53126668239923,44
1572.4,9,1054.559328439097,6.4,50.62965382893823,379.32473803372966,44
1572.5,9,1054.559328439097,6.4,50.68093645035954,378.9385475471779,44
1572.6,9,1054.559328439097,6.4,50.5957443583705,379.5520280990844,44
1572.7,9,1054.559328439097,6.4,50.62797646492845,379.3122762224347,44
1572.8,9,1054.559328439097,6.4,50.66561982592211,379.0317668397054,44
1572.9,9,1054.559328439097,6.4,50.68522605333382,378.89075313658907,44
1573.0,9,1054.559328439097,7.2,50.737894219058695,378.4988515846999,44
1573.1,9,1054.559328439097,7.2,50.78733491875018,378.1340851691182,44
1573.2,9,1054.559328439097,7.2,50.828599000607994,377.82862063479314,44
1573.3,9,1054.559328439097,7.2,50.85606524934128,377.63186280579686,44
1573.4,9,1054.559328439097,7.2,50.89192714614757,377.3687139140544,44
1573.5,9,1054.559328439097,7.2,50.919418558202196,377.1681141485203,44
1573.6,9,1054.559328439097,7.2,50.810075386985325,377.95807592017366,44
1573.7,9,1054.559328439097,6.4,50.8570570715173,377.61038842787013,44
1573.8,9,1054.559328439097,7.2,50.867652124352986,377.55070368547877,44
1573.9,9,1054.559328439097,7.2,50.90514731078258,377.27419253984965,44
1574.0,9,1054.559328439097,7.2,50.9350201728804,377.0605272108802,44
1574.1,9,1054.559328439097,7.2,50.97716863488017,376.7493847322077,44
1574.2,9,1054.559328439097,7.2,50.99440767740832,376.6295094326566,44
1574.3,9,1054.559328439097,7.2,51.06664355895148,376.08812571926063,44
1574.4,9,1054.559328439097,7.2,51.090878389255096,375.9161843682007,44
1574.5,9,1054.559328439097,7.2,51.14436640429882,375.52964181468553,44
1574.6,9,1054.559328439097,7.2,51.17745679658958,375.28961890897153,44
1574.7,9,1054.559328439097,7.2,51.187527362738045,375.2239376736203,44
1574.8,9,1054.559328439097,7.2,51.23201763924522,374.90082995344164,44
1574.9,9,1054.559328439097,7.2,51.22410430238608,374.96825343193564,44
1575.0,9,1054.559328439097,7.2,51.218267235197935,375.02259628461013,44
1575.1,9,1054.559328439097,7.2,51.26778254744114,374.65634961812054,44
1575.2,9,1054.559328439097,7.2,51.28690060491082,374.51898903314236,44
1575.3,9,1054.559328439097,7.2,51.31527459369913,374.31452619921566,44
1575.4,9,1054.559328439097,7.2,51.334024981090245,374.1815871150113,44
1575.5,9,1054.559328439097,8.0,51.377513048021555,373.86344815405386,44
1575.6,9,1054.559328439097,8.0,51.401698586714915,373.69000240955006,44
1575.7,9,1054.559328439097,8.0,51.42582313656957,373.5227562392279,44
1575.8,9,1054.559328439097,8.0,51.45634856623987,373.3008270333998,44
1575.9,9,1054.559328439097,8.0,51.50483727908675,372.9461953210325,44
1576.0,9,1054.559328439097,8.0,51.526490802012134,372.7897597286476,44
1576.1,9,1054.559328439097,8.0,51.53153409717327,372.7609735380423,44
1576.2,9,1054.559328439097,8.0,51.56414347311726,372.52970959104346,44
1576.3,9,1054.559328439097,8.8,51.58906180096534,372.3488843676929,44
1576.4,9,1054.559328439097,8.8,51.6174062250308,372.1437793354751,44
1576.5,9,1054.559328439097,8.8,51.641684067870486,371.9727829271412,44
1576.6,9,1054.559328439097,8.8,51.67592117209849,371.72112718497544,44
1576.7,9,1054.559328439097,8.8,51.600685135565506,372.2291115718456,44
1576.8,9,1054.559328439097,8.0,51.60374712401585,372.20821812291746,44
1576.9,9,1054.559328439097,8.0,51.62129283559081,372.08568872059743,44
1577.0,9,1054.559328439097,8.0,51.64547336206402,371.9078227480396,44
1577.1,9,1054.559328439097,8.0,51.65818356031272,371.82087701077137,44
1577.2,9,1054.559328439097,8.0,51.692509823441654,371.5754639286647,44
1577.3,9,1054.559328439097,8.0,51.72145278903844,371.3693725758161,44
1577.4,9,1054.559328439097,8.0,51.744039753235,371.2107780216063,44
1577.5,9,1054.559328439097,8.8,51.76017251281614,371.09861182465954,44
1577.6,9,1054.559328439097,8.8,51.76890307916044,371.0407604524101,44
1577.7,9,1054.559328439097,8.8,51.793266356427964,370.8678064314993,44
1577.8,9,1054.559328439097,8.8,51.83011217500797,370.60479008861444,44
1577.9,9,1054.559328439097,8.8,51.83138561993592,370.6072136647474,44
1578.0,9,1054.559328439097,8.8,51.82425060387942,370.6704801651534,44
1578.1,9,1054.559328439097,8.8,51.68715775876646,371.61110453427034,44
1578.2,9,1054.559328439097,8.0,51.6941284802662,371.5682894251134,44
1578.3,9,1054.559328439097,8.0,51.7176686443279,371.39611945604634,44
1578.4,9,1054.559328439097,8.0,51.72136414915302,371.37482877324135,44
1578.5,9,1054.559328439097,8.0,51.73738999102543,371.26274667275914,44
1578.6,9,1054.559328439097,8.0,51.75782590103593,371.1180887449939,44
1578.7,9,1054.559328439097,8.8,51.76251153785182,371.0880712547184,44
1578.8,9,1054.559328439097,8.8,51.77918676735828,370.967785025265,44
1578.9,9,1054.559328439097,8.8,51.803241693323066,370.7936997512923,44
1579.0,9,1054.559328439097,8.8,51.80848463895862,370.7597429157463,44
1579.1,9,1054.559328439097,8.8,51.73995918046286,371.2288441426979,44
1579.2,9,1054.559328439097,8.0,51.76301890774447,371.06223201975894,44
1579.3,9,1054.559328439097,8.0,51.76574538245685,371.0472519080995,44
1579.4,9,1054.559328439097,8.0,51.79723016629298,370.81756950181756,44
1579.5,9,1054.559328439097,8.0,51.791183496871014,370.86776034344484,44
1579.6,9,1054.559328439097,8.0,51.82043577385561,370.65534678475024,44
1579.7,9,1054.559328439097,8.0,51.85802640074813,370.3812137695494,44
1579.8,9,1054.559328439097,8.0,51.88531212935753,370.18621365797026,44
1579.9,9,1054.559328439097,8.8,51.88107653174207,370.21876222855667,44
1580.0,9,1054.559328439097,8.8,51.909291552113146,370.01450059877055,44
1580.1,9,1054.559328439097,8.8,51.89260915155764,370.1275755193957,44
1580.2,9,1054.559328439097,8.8,51.87289878967954,370.27581694677406,44
1580.3,9,1054.559328439097,8.0,51.88117729012288,370.2190986267452,44
1580.4,9,1054.559328439097,8.0,51.921039175321695,369.93200255211957,44
1580.5,9,1054.559328439097,8.0,51.960882101550155,369.64087712670624,44
1580.6,9,1054.559328439097,8.0,51.9442102292164,369.77082295522666,44
1580.7,9,1054.559328439097,8.0,51.83651890262706,370.5767605341957,44
1580.8,9,1054.559328439097,8.0,51.861836008228096,370.39129475034616,44
1580.9,9,1054.559328439097,8.0,51.85412488033967,370.4567514388741,44
1581.0,9,1054.559328439097,8.8,51.86630777907712,370.3678264555081,44
1581.1,9,1054.559328439097,8.8,51.89679710866203,370.15082298865366,44
1581.2,9,1054.559328439097,8.0,51.90142825033951,370.12008457380347,44
1581.3,9,1054.559328439097,8.0,51.91348530660571,370.0365253726802,44
1581.4,9,1054.559328439097,8.0,51.92595977402555,369.9482763338394,44
1581.5,9,1054.559328439097,8.0,51.92809857808558,369.9377432012924,44
1581.6,9,1054.559328439097,8.0,51.929214594593205,369.9335489982881,44
1581.7,9,1054.559328439097,8.0,51.96373938649312,369.6866091778936,44
1581.8,9,1054.559328439097,8.0,51.96800393093944,369.6606269544367,44
1581.9,9,1054.559328439097,8.0,51.84598241792594,370.5770664138479,44
1582.0,9,1054.559328439097,8.0,51.834719308475115,370.66452491135124,44
1582.1,9,1054.559328439097,8.0,51.858477560452755,370.4964165990968,44
1582.2,9,1054.559328439097,8.0,51.87552162000661,370.37193022301005,44
1582.3,9,1054.559328439097,8.0,51.88459796267341,370.30349675506693,44
1582.4,9,1054.559328439097,8.0,51.89020054102036,370.2706726017211,44
1582.5,9,1054.559328439097,8.0,51.9066749891325,370.15168373459164,44
1582.6,9,1054.559328439097,8.0,51.91778450300447,370.0704443172691,44
1582.7,9,1054.559328439097,7.2,51.918856351135304,370.06823796423987,44
1582.8,9,1054.559328439097,7.2,51.931070620069534,369.9810325140701,44
1582.9,9,1054.559328439097,7.2,51.93844482682796,369.9321621927473,44
1583.0,9,1054.559328439097,7.2,51.90916738889865,370.11691709940874,44
1583.1,9,1054.559328439097,7.2,51.89395578306943,370.2421858300115,44
1583.2,9,1054.559328439097,7.2,51.89387398503307,370.24814514030385,44
1583.3,9,1054.559328439097,7.2,51.90736670987988,370.1493063173179,44
1583.4,9,1054.559328439097,7.2,51.91285225235649,370.11873431995934,44
1583.5,9,1054.559328439097,7.2,51.94913712789929,369.85610281484634,44
1583.6,9,1054.559328439097,7.2,51.9625878906335,369.7627516093937,44
1583.7,9,1054.559328439097,6.4,51.97800837226005,369.6580906776413,44
1583.8,9,1054.559328439097,6.4,51.98749796328772,369.5936446190482,44
1583.9,9,1054.559328439097,6.4,51.84361861073255,370.6274992426563,44
1584.0,9,1054.559328439097,6.4,51.85736933407564,370.5280683373423,44
1584.1,9,1054.559328439097,6.4,51.873220799852305,370.41966433904844,44
1584.2,9,1054.559328439097,6.4,51.893188044490415,370.2771623783127,44
1584.3,9,1054.559328439097,6.4,51.89788626397606,370.2511249600841,44
1584.4,9,1054.559328439097,6.4,51.91446430065186,370.1383895625162,44
1584.5,9,1054.559328439097,6.4,51.93562202223113,369.9840697818415,44
1584.6,9,1054.559328439097,6.4,51.95152808106164,369.8722809588511,44
1584.7,9,1054.559328439097,6.4,51.969310591535205,369.74359292554414,44
1584.8,9,1054.559328439097,6.4,51.97661963360616,369.6953901444573,44
1584.9,9,1054.559328439097,6.4,51.98795793741637,369.6206486478203,44
1585.0,9,1054.559328439097,6.4,51.98805474777393,369.62357562874854,44
1585.1,9,1054.559328439097,6.4,51.985523346477905,369.6596189753391,44
1585.2,11,1054.559328439097,5.6000000000000005,51.98517696998138,369.6624006626964,44
1585.3,11,1054.559328439097,7.2,51.991883684224405,369.622051584441,44
1585.4,11,1054.559328439097,7.2,52.0099013416653,369.4959054936752,44
1585.5,11,1054.559328439097,7.2,52.03821493639636,369.2878488346174,44
1585.6,11,1054.559328439097,7.2,52.05538548952161,369.1674671612139,44
1585.7,11,1054.559328439097,7.2,52.05699728910487,369.1598180964993,44
1585.8,11,1054.559328439097,7.2,52.038014406917824,369.28389772558774,44
1585.9,11,1054.559328439097,7.2,52.05982627941195,369.1337282688573,44
1586.0,11,1054.559328439097,8.1,52.06924794636555,369.0681117720361,44
1586.1,11,1054.559328439097,8.1,52.09643816467727,368.87633072962126,44
1586.2,11,1054.559328439097,8.1,52.07084726892285,369.03369768050766,44
1586.3,11,1054.559328439097,8.1,52.10849539964674,368.763484854005,44
1586.4,11,1054.559328439097,8.1,52.12594471285014,368.6456697441166,44
1586.5,11,1054.559328439097,8.1,52.16916009523553,368.33770047484046,44
1586.6,11,1054.559328439097,8.1,52.05882143885093,369.17673374989226,44
1586.7,11,1054.559328439097,8.1,52.09977580540408,368.885819836599,44
1586.8,11,1054.559328439097,8.1,52.12864434687067,368.6806128173271,44
1586.9,11,1054.559328439097,8.1,52.15045316617431,368.52791562122866,44
1587.0,11,1054.559328439097,8.1,52.18298439812399,368.29901446036274,44
1587.1,11,1054.559328439097,7.2,52.2222637944392,368.0203278183877,44
1587.2,11,1054.559328439097,7.2,52.23537311001489,367.93251825661827,44
1587.3,11,1054.559328439097,7.2,52.282041717594495,367.6020152776794,44
1587.4,11,1054.559328439097,7.2,52.29679977619868,367.50379076639604,44
1587.5,11,1054.559328439097,7.2,52.33430377240662,367.2417095735323,44
1587.6,11,1054.559328439097,7.2,52.36464613612819,367.02971178248924,44
1587.7,11,1054.559328439097,7.2,52.38520213325078,366.89268194411636,44
1587.8,11,1054.559328439097,8.1,52.40996976587927,366.7229906454729,44
1587.9,11,1054.559328439097,8.1,52.32440232992645,367.2779194635232,44
1588.0,11,1054.559328439097,8.1,52.338010144200545,367.18702789063497,44
1588.1,11,1054.559328439097,8.1,52.358826757133144,367.0476271221381,44
1588.2,11,1054.559328439097,8.1,52.36616246511085,367.0000063135607,44
1588.3,11,1054.559328439097,8.1,52.387443883215454,366.85737008110925,44
1588.4,11,1054.559328439097,8.1,52.39292844815712,366.8263362960416,44
1588.5,11,1054.559328439097,7.2,52.43356277313523,366.5404325678447,44
1588.6,11,1054.559328439097,7.2,52.45604993994094,366.38282669306886,44
1588.7,11,1054.559328439097,8.1,52.47173516399244,366.2713772848222,44
1588.8,11,1054.559328439097,8.1,52.47474067409337,366.2546526068951,44
1588.9,11,1054.559328439097,8.1,52.49068927780071,366.14404912376676,44
1589.0,11,1054.559328439097,8.1,52.51012489298368,366.0071673601716,44
1589.1,11,1054.559328439097,8.1,52.523200994336705,365.9149852731663,44
1589.2,11,1054.559328439097,8.1,52.5289379230245,365.87747097918856,44
1589.3,11,1054.559328439097,8.1,52.55466823493039,365.6947693245643,44
1589.4,11,1054.559328439097,8.1,52.41977604635112,366.7067623850493,44
1589.5,11,1054.559328439097,7.2,52.431925723562884,366.61963615941374,44
1589.6,11,1054.559328439097,7.2,52.437850110869434,366.5848025430555,44
1589.7,11,1054.559328439097,7.2,52.46489951358257,366.39385771099484,44
1589.8,11,1054.559328439097,7.2,52.4679272968386,366.3746468698687,44
1589.9,11,1054.559328439097,8.1,52.47515583453652,366.32958800479406,44
1590.0,11,1054.559328439097,8.1,52.497957474147555,366.17029022895287,44
1590.1,11,1054.559328439097,8.1,52.50175174300507,366.14503262583116,44
1590.2,11,1054.559328439097,8.1,52.51148973734898,366.077162130887,44
1590.3,11,1054.559328439097,8.1,52.535759592703414,365.90904740025405,44
1590.4,11,1054.559328439097,8.1,52.54728444555754,365.83023791675635,44
1590.5,11,1054.559328439097,8.1,52.55218759066782,365.7985463342799,44
1590.6,11,1054.559328439097,7.2,52.5693869929261,365.68345980065146,44
1590.7,11,1054.559328439097,7.2,52.58768074574061,365.55471243548186,44
1590.8,11,1054.559328439097,7.2,52.589479488199785,365.5459188120441,44
1590.9,11,1054.559328439097,7.2,52.62015690044976,365.33314423497677,44
1591.0,11,1054.559328439097,7.2,52.622271024190084,365.3253420176764,44
1591.1,11,1054.559328439097,8.1,52.65085775656951,365.1215248874053,44
1591.2,11,1054.559328439097,8.1,52.664163009536395,365.0284253784756,44
1591.3,11,1054.559328439097,8.1,52.66956836170712,364.9949076765347,44
1591.4,11,1054.559328439097,8.1,52.674610957974394,364.95983524785527,44
1591.5,11,1054.559328439097,7.2,52.68546067055257,364.8938770358724,44
1591.6,11,1054.559328439097,7.2,52.68887910960278,364.8745364215544,44
1591.7,11,1054.559328439097,7.2,52.841424840640116,363.88840996293925,44
1591.8,11,1054.559328439097,7.2,52.85625630567752,363.7905676754186,44
1591.9,11,1054.559328439097,7.2,52.87037715873659,363.69008779142007,44
1592.0,11,1054.559328439097,7.2,52.87355983621242,363.6718365243162,44
1592.1,11,1054.559328439097,7.2,52.888245003629706,363.56855430849293,44
1592.2,11,1054.559328439097,7.2,52.891042919088484,363.55429463085943,44
1592.3,11,1054.559328439097,8.1,52.90521842447889,363.4530545930821,44
1592.4,11,1054.559328439097,8.1,52.947267098281486,363.16321268765944,44
1592.5,11,1054.559328439097,8.1,52.949383278020484,363.1557157338741,44
1592.6,11,1054.559328439097,8.1,52.96574268224018,363.0420040620694,44
1592.7,11,1054.559328439097,8.1,52.982583698881754,362.92883009472393,44
1592.8,11,1054.559328439097,8.1,53.000527303677245,362.80101873967976,44
1592.9,11,1054.559328439097,8.1,53.01168499551609,362.72653983793776,44
1593.0,11,1054.559328439097,7.2,53.018597688029686,362.67684877670445,44
1593.1,11,1054.559328439097,7.2,53.02742622499962,362.61662356289435,44
1593.2,11,1054.559328439097,7.2,53.038963987501006,362.5396344474643,44
1593.3,11,1054.559328439097,7.2,53.053727417007195,362.4375926224866,44
1593.4,11,1054.559328439097,8.1,53.0772882853509,362.27031264479945,44
1593.5,11,1054.559328439097,8.1,53.07841640725154,362.26429862952193,44
1593.6,11,1054.559328439097,8.1,53.09115480325676,362.18027059676524,44
1593.7,11,1054.559328439097,8.1,53.115961082028306,362.0037733283759,44
1593.8,11,1054.559328439097,8.1,53.12317190047577,361.957134281463,44
1593.9,11,1054.559328439097,8.1,53.13595877804103,361.87277255952597,44
1594.0,11,1054.559328439097,7.2,53.15730613506673,361.7222150118906,44
1594.1,11,1054.559328439097,7.2,53.27439334095871,360.98255037087364,44
1594.2,11,1054.559328439097,7.2,53.28036411444185,360.9393305806547,44
1594.3,11,1054.559328439097,7.2,53.305197894826925,360.76773154327407,44
1594.4,11,1054.559328439097,7.2,53.321355437461534,360.6566391694075,44
1594.5,11,1054.559328439097,7.2,53.330978297509965,360.5917694814152,44
1594.6,11,1054.559328439097,7.2,53.340879145139255,360.52560186115966,44
1594.7,11,1054.559328439097,7.2,53.351048200910355,360.4567664916955,44
1594.8,11,1054.559328439097,7.2,53.36294702729742,360.3747294421113,44
1594.9,11,1054.559328439097,7.2,53.390578340268135,360.1836585900593,44
1595.0,11,1054.559328439097,7.2,53.395107114283064,360.1575661126725,44
1595.1,11,1054.559328439097,7.2,53.41357076182453,360.02671972859196,44
1595.2,11,1054.559328439097,7.2,53.428562809739994,359.92530261458825,44
1595.3,11,1054.559328439097,7.2,53.44402735418268,359.8227049001497,44
1595.4,11,1054.559328439097,7.2,53.45499968410439,359.7442120386101,44
1595.5,11,1054.559328439097,6.3,53.47258795697874,359.6318646787691,44
1595.6,11,1054.559328439097,6.3,53.478046649108876,359.5967510851521,44
1595.7,11,1054.559328439097,6.3,53.498938854031145,359.4538219681301,44
1595.8,11,1054.559328439097,6.3,53.5053367967929,359.4100699666954,44
1595.9,11,1054.559328439097,6.3,53.5081112027777,359.3905507361087,44
1596.0,11,1054.559328439097,6.3,53.520521081162364,359.30991531770303,44
1596.1,11,1054.559328439097,6.3,53.53701657761211,359.20042179061863,44
1596.2,11,1054.559328439097,6.3,53.548391776501994,359.12764335420013,44
1596.3,11,1054.559328439097,6.3,53.570664938972214,358.9728818379881,44
1596.4,11,1054.559328439097,5.4,53.575933538140006,358.9376319221197,44
1596.5,11,1054.559328439097,5.4,53.59671222367794,358.79556597986607,44
1596.6,11,1054.559328439097,5.4,53.69432893631215,358.1849681230226,44
1596.7,11,1054.559328439097,5.4,53.70138426555552,358.1359385050246,44
1596.8,11,1054.559328439097,5.4,53.71562678961487,358.04364625563517,44
1596.9,11,1054.559328439097,5.4,53.726923536676736,357.9675546613334,44
1597.0,7,1055.371888635806,5.4,53.73932547039182,357.8798974598719,44
1597.1,11,1055.371888635806,4.199999999999999,53.75924707416853,357.7422478552763,44
1597.2,11,1055.371888635806,5.4,53.81519946254316,357.3358099127044,44
1597.3,11,1055.371888635806,5.4,53.83032594339476,357.230418741679,44
1597.4,11,1055.371888635806,5.4,53.84937279712077,357.1007323787443,44
1597.5,11,1055.371888635806,5.4,53.85016362375872,357.0965947064765,44
1597.6,11,1055.371888635806,5.4,53.860824352045,357.0236993246971,44
1597.7,11,1055.371888635806,5.4,53.87153652520634,356.94929340068506,44
1597.8,11,1055.371888635806,5.4,53.89090245591997,356.8132266837282,44
1597.9,11,1055.371888635806,5.4,53.88610289846836,356.8479488704296,44
1598.0,11,1055.371888635806,5.4,53.890130793336134,356.82242462947096,44
1598.1,11,1055.371888635806,5.4,53.91028627238343,356.68142050901275,44
1598.2,7,1055.3643073155556,4.5,53.926542578678834,356.57039976681415,44
1598.3,7,1056.4847176133615,4.199999999999999,53.9353274442132,356.50717720525427,45
1598.4,7,1056.4847176133615,-100.0,53.9512787085573,356.40358835926844,45
1598.5,7,1056.4847176133615,4.199999999999999,53.96377333687042,356.318375243349,45
1598.6,9,1057.4882744134084,3.5,53.98360275296348,356.1815489123188,45
1598.7,7,1057.4261700578616,4.0,53.99600812154471,356.09738267591905,45
1598.8,7,1057.4261700578616,4.199999999999999,54.06167052720322,355.69709734967876,45
1598.9,7,1057.4261700578616,4.199999999999999,54.06661269971058,355.6576211767847,45
1599.0,7,1057.4261700578616,4.199999999999999,54.082076150592265,355.54487815323097,45
1599.1,7,1057.4261700578616,4.199999999999999,54.077584150339405,355.57366695027383,45
1599.2,7,1057.4261700578616,4.199999999999999,54.07552072230881,355.5862470145634,45
1599.3,7,1057.4261700578616,4.199999999999999,54.07759375656356,355.56573905914246,45
1599.4,7,1057.4261700578616,4.199999999999999,54.07535246834877,355.5760215136781,45
1599.5,7,1057.4261700578616,4.199999999999999,54.08151699347116,355.529961109855,45
1599.6,7,1057.4261700578616,4.199999999999999,54.070694808218875,355.5994980179485,45
1599.7,8,1057.9948428957894,4.199999999999999,54.08400470327602,355.50352017997903,45
1599.8,8,1058.2633481386774,4.8999999999999995,54.08561701505049,355.48716546808396,45
1599.9,8,1058.4094746778715,4.8999999999999995,54.076157232618186,355.55462091637423,45
1600.0,8,1058.4094746778715,4.199999999999999,54.069489267872555,355.5929305314046,45
1600.1,8,1058.4094746778715,4.199999999999999,54.056812969884575,355.6769779478859,45
1600.2,8,1058.4094746778715,4.199999999999999,54.045169961985636,355.75607669059787,45
1600.3,8,1058.4094746778715,4.199999999999999,54.04152265564856,355.7756966841481,45
1600.4,8,1058.4094746778715,4.199999999999999,54.0377512801868,355.8012726613557,45
1600.5,8,1059.511424428682,4.199999999999999,54.036182805761314,355.80615012850114,46
1600.6,8,1059.511424428682,-100.0,54.029476273247376,355.8466744317265,46
1600.7,8,1059.511424428682,4.199999999999999,54.02771300869192,355.856578179747,46
1600.8,7,1059.4462990972263,4.199999999999999,54.00862477961704,355.97763787419296,46
1600.9,7,1059.4462990972263,4.8999999999999995,53.99948073542016,356.04049186625934,46
1601.0,9,1060.015773035484,4.199999999999999,53.98223769975618,356.1540504010087,46
1601.1,9,1060.015773035484,4.800000000000001,54.03307760362972,355.8500309353645,46
1601.2,9,1060.015773035484,4.800000000000001,54.022048164777225,355.92517256321565,46
1601.3,9,1060.015773035484,4.800000000000001,53.99527360638467,356.10441981187694,46
1601.4,9,1060.015773035484,4.800000000000001,53.9694086351105,356.27628641656213,46
1601.5,9,1060.015773035484,4.800000000000001,53.95180436293515,356.39050919281374,46
1601.6,9,1060.015773035484,4.800000000000001,53.932565665386605,356.52121779567415,46
1601.7,9,1060.015773035484,4.800000000000001,53.913664438807494,356.6467993285345,46
1601.8,9,1060.015773035484,4.800000000000001,53.89992610021618,356.74014310099733,46
1601.9,9,1060.015773035484,4.800000000000001,53.876082228868285,356.9008003275918,46
1602.0,9,1060.015773035484,4.800000000000001,53.849396921948816,357.0777759360403,46
1602.1,9,1060.015773035484,4.800000000000001,53.83572946299573,357.1689630297921,46
1602.2,9,1060.015773035484,4.800000000000001,53.80980048711385,357.34787657410976,46
1602.3,8,1060.015773035484,4.0,53.787866315804166,357.49850163190587,46
1602.4,8,1060.015773035484,4.199999999999999,53.762157737901155,357.67643525917003,46
1602.5,8,1060.015773035484,4.199999999999999,53.7415184806099,357.81269828307825,46
1602.6,7,1061.1105427288342,3.5,53.72017952173089,357.95706744590353,47
1602.7,7,1061.1105427288342,-100.0,53.699744197402595,358.0997242958865,47
1602.8,7,1061.1105427288342,4.199999999999999,53.73993454462896,357.73772990887426,47
1602.9,7,1061.0420719846895,4.199999999999999,53.722330520055756,357.86159788473844,47
1603.0,7,1061.0420719846895,4.8999999999999995,53.694351935781654,358.04788761914506,47
1603.1,7,1061.0420719846895,4.8999999999999995,53.670988951807324,358.20525854505746,47
1603.2,7,1061.0420719846895,4.8999999999999995,53.64466652587622,358.3892677927779,47
1603.3,7,1061.0420719846895,4.8999999999999995,53.66740394381061,358.2682618908865,47
1603.4,7,1061.0420719846895,4.8999999999999995,53.650779907775316,358.3801949071941,47
1603.5,7,1061.0420719846895,4.8999999999999995,53.61802836545816,358.6039539948912,47
1603.6,7,1061.0420719846895,4.8999999999999995,53.58823559869822,358.8137509941944,47
1603.7,7,1061.0420719846895,4.8999999999999995,53.550697175003165,359.079374867134,47
1603.8,9,1061.0420719846895,4.199999999999999,53.51270936925313,359.3402533642095,47
1603.9,9,1061.0420719846895,4.800000000000001,53.47390061426228,359.6130115728054,47
1604.0,9,1061.0420719846895,4.800000000000001,53.44055894414791,359.8417088277008,47
1604.1,9,1061.0420719846895,4.800000000000001,53.34762956913925,360.5118561222992,47
1604.2,9,1061.0420719846895,4.800000000000001,53.32697554990014,360.65489193242263,47
1604.3,9,1061.0420719846895,4.800000000000001,53.292148304148455,360.90003006034203,47
1604.4,9,1061.0420719846895,4.800000000000001,53.2578806384074,361.1483523148321,47
1604.5,8,1060.987150183035,4.0,53.23184795815659,361.33655169193656,47
1604.6,8,1060.987150183035,4.199999999999999,53.20336995082373,361.53745327506317,47
1604.7,8,1060.987150183035,4.199999999999999,53.17533739279375,361.7361474225787,47
1604.8,8,1060.987150183035,4.199999999999999,53.146849566539714,361.93809488250747,47
1604.9,8,1060.987150183035,4.199999999999999,53.11386366472745,362.17162317391785,47
1605.0,8,1060.987150183035,4.199999999999999,53.09554530635317,362.3047037756121,47
1605.1,8,1060.987150183035,4.199999999999999,53.07927580650635,362.42763429632186,47
1605.2,7,1060.9188843346772,3.5,53.06207974373255,362.55411787753576,47
1605.3,7,1060.9188843346772,4.8999999999999995,53.04605755313021,362.6759230265619,47
1605.4,7,1060.9188843346772,4.8999999999999995,53.03041330080134,362.7890412128338,47
1605.5,7,1060.9188843346772,4.8999999999999995,53.03522169961909,362.76134932596733,47
1605.6,7,1060.9188843346772,4.8999999999999995,53.0660244691369,362.5822131952308,47
1605.7,7,1060.9188843346772,4.8999999999999995,53.05179004763032,362.69602651301244,47
1605.8,7,1060.9188843346772,4.8999999999999995,53.05053030430662,362.71091249449927,47
1605.9,7,1060.9188843346772,4.8999999999999995,53.038419190727,362.80581863054203,47
1606.0,7,1060.9188843346772,4.8999999999999995,53.02851849422434,362.8792001101325,47
1606.1,7,1060.9188843346772,4.8999999999999995,53.099889432028064,362.3499937803362,47
1606.2,7,1060.9188843346772,4.8999999999999995,53.0807660750185,362.4896447648723,47
1606.3,7,1060.9188843346772,4.8999999999999995,53.08986569843421,362.4273325038454,47
1606.4,7,1060.9188843346772,4.8999999999999995,53.08216794260835,362.4870113335438,47
1606.5,7,1060.9188843346772,4.8999999999999995,53.08539655165486,362.4729289989788,47
1606.6,7,1060.9188843346772,4.8999999999999995,53.09005547600604,362.44865369690706,47
1606.7,7,1060.9188843346772,4.8999999999999995,53.084023815204546,362.49799441908897,47
1606.8,7,1060.9188843346772,4.8999999999999995,53.081200321573135,362.3975461997714,47
1606.9,7,1060.9188843346772,4.8999999999999995,53.078559195532705,362.42617899866764,47
1607.0,7,1060.9188843346772,4.8999999999999995,53.07820046553318,362.4338114110501,47
1607.1,7,1060.9188843346772,4.8999999999999995,53.08919026627472,362.35806352384463,47
1607.2,7,1060.9188843346772,4.8999999999999995,53.09022226966968,362.354523991449,47
1607.3,7,1060.9188843346772,4.8999999999999995,53.091768768148455,362.34616039128815,47
1607.4,7,1060.8497098997357,4.8999999999999995,53.098121228549616,362.3054996879091,47
1607.5,7,1061.9380952258487,5.6,53.10272520222496,362.2749327976561,48
1607.6,7,1061.9380952258487,-100.0,53.11011073169274,362.2324001719554,48
1607.7,7,1061.9380952258487,5.6,53.13290012852805,362.07644253105735,48
1607.8,7,1061.9380952258487,5.6,53.131214434142386,362.0908293695745,48
1607.9,7,1061.9380952258487,5.6,53.17555734910032,361.81535002902336,48
1608.0,7,1061.9380952258487,5.6,53.20467742025125,361.6144385809174,48
1608.1,7,1061.9380952258487,5.6,53.21956453541438,361.51431180012514,48
1608.2,7,1061.9380952258487,5.6,53.23493074517174,361.41208753195207,48
1608.3,7,1061.9380952258487,5.6,53.25190190903987,361.2976011111258,48
1608.4,7,1061.9380952258487,5.6,53.267598652150426,361.19098018429486,48
1608.5,7,1061.9380952258487,4.8999999999999995,53.26907889784309,361.18394202358365,48
1608.6,7,1061.9380952258487,4.8999999999999995,53.28445527112646,361.08155106073895,48
1608.7,7,1061.9380952258487,4.8999999999999995,53.30862456951016,360.91861344424626,48
1608.8,7,1061.9380952258487,4.8999999999999995,53.32211893953173,360.83278681633806,48
1608.9,7,1061.9380952258487,4.8999999999999995,53.33226882172441,360.7689049697618,48
1609.0,7,1061.9380952258487,4.8999999999999995,53.35500015648431,360.6099380792208,48
1609.1,7,1061.9380952258487,4.8999999999999995,53.47148410034419,359.7626027532597,48
1609.2,7,1061.9380952258487,4.8999999999999995,53.50310518648843,359.54654229738554,48
1609.3,7,1061.9380952258487,4.8999999999999995,53.511925182893066,359.485552078737,48
1609.4,7,1061.9380952258487,4.8999999999999995,53.53402402454673,359.3352911483978,48
1609.5,7,1061.9380952258487,4.8999999999999995,53.57343595477646,359.05984211616226,48
1609.6,7,1061.9380952258487,4.8999999999999995,53.58535499128321,358.97716834216305,48
1609.7,7,1061.8684109792932,4.8999999999999995,53.59611192935708,358.90330096352943,48
1609.8,7,1061.8684109792932,5.6,53.52362844715742,359.4460835877432,48
1609.9,7,1061.8684109792932,4.8999999999999995,53.547529511082956,359.2878992455926,48
1610.0,7,1061.8684109792932,4.8999999999999995,53.57003190493974,359.132596149699,48
1610.1,7,1061.8684109792932,4.8999999999999995,53.58863078615689,359.0124758065705,48
1610.2,7,1061.8684109792932,4.8999999999999995,53.6148607710507,358.8307279953759,48
1610.3,7,1061.8684109792932,4.8999999999999995,53.62437773045653,358.76965650752913,48
1610.4,7,1061.8684109792932,4.8999999999999995,53.66865837123864,358.49075857182993,48
1610.5,7,1061.8684109792932,4.8999999999999995,53.59862510619082,358.91272227822856,48
1610.6,7,1061.8684109792932,4.8999999999999995,53.620353494305164,358.7632501854847,48
1610.7,7,1061.8684109792932,4.8999999999999995,53.639680391711394,358.62616165470985,48
1610.8,10,1062.5793022621958,4.8999999999999995,53.696009908746035,358.2242040300647,48
1610.9,7,1062.5793022621958,4.800000000000001,53.69688166915789,358.2195126313223,48
1611.0,7,1062.5793022621958,4.8999999999999995,53.7194705925215,358.0549047609152,48
1611.1,7,1062.5793022621958,4.8999999999999995,53.72703882265378,358.0001974990618,48
1611.2,7,1062.5793022621958,4.8999999999999995,53.73409364901028,357.95643404766395,48
1611.3,7,1062.5793022621958,4.8999999999999995,53.74932399498279,357.84909951523775,48
1611.4,7,1062.5793022621958,4.8999999999999995,53.77323572345654,357.6802284652634,48
1611.5,7,1062.5793022621958,4.8999999999999995,53.782294055971946,357.6149076398035,48
1611.6,7,1062.5793022621958,4.8999999999999995,53.80766868931423,357.3799054734115,48
1611.7,7,1062.5793022621958,4.8999999999999995,53.82779247571688,357.23551517141135,48
1611.8,7,1062.5793022621958,4.8999999999999995,53.82494461864282,357.2534803733431,48
1611.9,7,1062.5793022621958,4.8999999999999995,53.83339248392534,357.1944861201508,48
1612.0,7,1062.5077846829206,4.8999999999999995,53.843636148606556,357.1258916874806,48
1612.1,7,1062.5077846829206,5.6,53.88335616713048,356.85043231371674,48
1612.2,7,1062.5077846829206,5.6,53.891957190821415,356.7919623349112,48
1612.3,7,1062.5077846829206,5.6,53.922966680803356,356.58090645393656,48
1612.4,7,1062.5077846829206,5.6,53.94316807057902,356.4437940965447,48
1612.5,7,1062.5077846829206,5.6,53.9672451300347,356.28160717045694,48
1612.6,7,1062.5077846829206,4.8999999999999995,53.97806613523995,356.2175967233528,48
1612.7,7,1062.5077846829206,4.8999999999999995,53.99206263051708,356.1223150918571,48
1612.8,7,1062.5077846829206,4.8999999999999995,53.99260643289931,356.1238464636249,48
1612.9,7,1062.5077846829206,4.8999999999999995,54.091846616024085,355.51600673714717,48
1613.0,7,1062.5077846829206,4.8999999999999995,54.11494742258698,355.35723729749583,48
1613.1,7,1062.5077846829206,4.8999999999999995,54.14330146795393,355.16630996078146,48
1613.2,7,1062.5077846829206,4.8999999999999995,54.16992752578694,354.9877190769751,48
1613.3,7,1062.5077846829206,4.8999999999999995,54.19257206006564,354.8338286471785,48
1613.4,7,1062.5077846829206,4.8999999999999995,54.20021362077946,354.7889743357273,48
1613.5,7,1062.5077846829206,4.8999999999999995,54.224358866526,354.62421680935313,48
1613.6,7,1062.5077846829206,4.8999999999999995,54.22882774056202,354.5937005074376,48
1613.7,7,1062.5077846829206,4.8999999999999995,54.24747963889831,354.4703946250119,48
1613.8,7,1062.5077846829206,4.8999999999999995,54.286855992713704,354.2580289885714,48
1613.9,7,1062.5077846829206,4.8999999999999995,54.304333136071925,354.1472948741358,48
1614.0,9,1062.5077846829206,4.199999999999999,54.388275437497796,353.5609713653906,48
1614.1,9,1062.5077846829206,5.6000000000000005,54.406258690049086,353.44361958013917,48
1614.2,11,1062.5077846829206,4.800000000000001,54.43028059040329,353.28960620230123,48
1614.3,11,1062.5077846829206,4.5,54.44848554664328,353.1678568170596,48
1614.4,7,1062.4385696030233,4.5,54.46774436428359,353.0428674554257,48
1614.5,7,1062.4385696030233,4.8999999999999995,54.499053309991396,352.83743970596413,48
1614.6,7,1062.4385696030233,4.8999999999999995,54.526119515689174,352.6615683175396,48
1614.7,7,1062.4385696030233,4.8999999999999995,54.5512047936581,352.49889030159443,48
1614.8,7,1062.4385696030233,4.8999999999999995,54.57648272692311,352.3320095676311,48
1614.9,7,1062.4385696030233,4.8999999999999995,54.60512256312048,352.1407618745972,48
1615.0,7,1062.4385696030233,4.8999999999999995,54.65207027251064,351.8365942280586,48
1615.1,7,1062.4385696030233,4.8999999999999995,54.617896708534886,352.02596291271095,48
1615.2,7,1062.4385696030233,4.8999999999999995,54.70447022621846,351.49788328730494,48
1615.3,7,1062.4385696030233,4.8999999999999995,54.73220250086683,351.31955477844417,48
1615.4,7,1062.4385696030233,4.8999999999999995,54.75160201304064,351.19894783056446,48
1615.5,7,1062.4385696030233,4.8999999999999995,54.77646370521333,351.0401420322253,48
1615.6,7,1062.4385696030233,4.8999999999999995,54.80097870376383,350.88508729739544,48
1615.7,7,1062.4385696030233,4.8999999999999995,54.824174665029055,350.7357978465865,48
1615.8,7,1062.4385696030233,4.8999999999999995,54.8475131951631,350.58872687169105,48
1615.9,7,1062.4385696030233,4.8999999999999995,54.857955434170805,350.5345308077325,48
1616.0,7,1062.4385696030233,4.8999999999999995,54.88191490588582,350.3777789033669,48
1616.1,7,1062.4385696030233,4.8999999999999995,54.889051931060195,350.33838758363174,48
1616.2,7,1062.4385696030233,4.8999999999999995,54.82554911226072,350.7087848291632,48
1616.3,7,1062.4385696030233,4.8999999999999995,54.84753090107654,350.5680056723204,48
1616.4,7,1062.4385696030233,4.8999999999999995,54.87582082252642,350.3935461412302,48
1616.5,7,1062.4385696030233,4.8999999999999995,54.88504900292584,350.34103096795144,48
1616.6,7,1062.4385696030233,4.8999999999999995,54.91308006939703,350.1618193418061,48
1616.7,7,1062.4385696030233,4.8999999999999995,54.92878400655491,350.06224919902024,48
1616.8,7,1062.4385696030233,4.8999999999999995,55.00044577551455,349.5837425923375,48
1616.9,7,1062.4385696030233,4.8999999999999995,55.02694802125454,349.4150886726261,48
1617.0,7,1062.4385696030233,4.8999999999999995,55.05485254263776,349.2395862280358,48
1617.1,7,1062.4385696030233,4.8999999999999995,55.07607521701221,349.1099270016277,48
1617.2,7,1062.4385696030233,4.8999999999999995,55.102566450208144,348.94510105125346,48
1617.3,7,1062.4385696030233,4.8999999999999995,55.12958056361319,348.77822146343584,48
1617.4,7,1062.4385696030233,4.8999999999999995,55.084606009407175,349.0335878170585,48
1617.5,7,1062.4385696030233,4.8999999999999995,55.1735181925559,348.49642835764644,48
1617.6,7,1062.4385696030233,4.8999999999999995,55.196157460084144,348.354877066738,48
1617.7,7,1062.4385696030233,4.8999999999999995,55.22799138581212,348.1570861053433,48
1617.8,7,1062.4385696030233,4.8999999999999995,55.2445482878486,348.0546447622125,48
1617.9,7,1062.4385696030233,4.8999999999999995,55.2756685179033,347.85492271643307,48
1618.0,7,1062.4385696030233,4.8999999999999995,55.302583242190174,347.68732243821677,48
1618.1,7,1062.4385696030233,4.8999999999999995,55.332881972783156,347.49682723856426,48
1618.2,7,1062.4385696030233,4.8999999999999995,55.359661290236886,347.3329350217308,48
1618.3,7,1062.4385696030233,4.8999999999999995,55.38371666478548,347.1847873457284,48
1618.4,7,1062.4385696030233,4.8999999999999995,55.40046403279973,347.0870122583824,48
1618.5,7,1062.4385696030233,4.8999999999999995,55.43154328507947,346.88436247080176,48
1618.6,7,1063.5196698574107,4.8999999999999995,55.46992525215359,346.64279081085976,49
1618.7,7,1063.5196698574107,-100.0,55.500694200891076,346.45058287980544,49
1618.8,7,1063.5196698574107,4.8999999999999995,55.55052299263287,346.1375909307318,49
1618.9,7,1063.5196698574107,4.8999999999999995,55.58382545787978,345.92657957045935,49
1619.0,7,1063.5196698574107,4.8999999999999995,55.61256820296043,345.74535797625674,49
1619.1,7,1063.5196698574107,4.199999999999999,55.63227645184841,345.62154898199253,49
1619.2,7,1063.5196698574107,4.199999999999999,55.66896022607386,345.3913457551796,49
1619.3,7,1063.5196698574107,4.199999999999999,55.75031566982756,344.8653446687368,49
1619.4,7,1063.5196698574107,4.199999999999999,55.777205727249545,344.7043206018483,49
1619.5,7,1063.5196698574107,4.199999999999999,55.80538687982524,344.53089639081793,49
1619.6,7,1063.5196698574107,4.199999999999999,55.82716917972179,344.4043965662165,49
1619.7,7,1063.5196698574107,4.199999999999999,55.8965842441136,343.99953034338625,49
1619.8,7,1063.5196698574107,4.199999999999999,55.726647185592,345.1490538323601,49
1619.9,7,1063.5196698574107,4.199999999999999,55.7496096538886,345.0091952209592,49
1620.0,7,1063.5196698574107,4.199999999999999,55.76975445710131,344.8850202119501,49
1620.1,7,1063.5196698574107,4.199999999999999,55.79474241618121,344.7324243341723,49
1620.2,11,1063.5196698574107,4.199999999999999,55.821828734278114,344.5644641536749,49
1620.3,11,1063.5196698574107,4.5,55.851215703374734,344.38696105983956,49
1620.4,11,1063.5196698574107,4.5,55.8809741163874,344.20350067915535,49
1620.5,11,1063.5196698574107,4.5,55.89801307346721,344.1001601227967,49
1620.6,11,1063.5196698574107,4.5,55.92420427340186,343.94259894375153,49
1620.7,7,1063.5196698574107,3.6,55.956030629808055,343.7467433057735,49
1620.8,7,1063.5196698574107,4.199999999999999,55.97939198500612,343.6075302331501,49
1620.9,7,1063.4493448415694,4.199999999999999,55.916963477692214,343.9513685746186,49
1621.0,7,1063.4493448415694,4.8999999999999995,55.94150240960256,343.8044728722314,49
1621.1,7,1063.4493448415694,4.8999999999999995,55.96454099958228,343.66302305145456,49
1621.2,7,1063.4493448415694,4.8999999999999995,55.989436514863556,343.5083869838287,49
1621.3,7,1063.4493448415694,4.8999999999999995,56.020729016230064,343.3110239097927,49
1621.4,11,1063.4493448415694,4.199999999999999,56.04455654990029,343.1650419673776,49
1621.5,11,1063.4493448415694,4.5,56.07751697542035,342.96200556043414,49
1621.6,11,1063.4493448415694,4.5,56.098326997139615,342.83895442636765,49
1621.7,11,1063.4493448415694,4.5,56.11903882099833,342.7198533515135,49
1621.8,11,1063.4493448415694,4.5,56.189335072277856,342.27277465712956,49
1621.9,11,1063.4493448415694,4.5,56.20365813591653,342.19179690210206,49
1622.0,11,1063.4493448415694,4.5,56.231868787616776,342.02283746226664,49
1622.1,11,1063.4493448415694,4.5,56.25200127030233,341.90814148215304,49
1622.2,11,1063.4493448415694,4.5,56.27051715770128,341.80089762485375,49
1622.3,11,1063.4493448415694,4.5,56.31834292809817,341.54311014913594,49
1622.4,11,1063.4493448415694,4.5,56.33306152162192,341.4610032510073,49
1622.5,11,1063.4493448415694,4.5,56.352460947560346,341.3505738925047,49
1622.6,11,1063.4493448415694,4.5,56.36748971128888,341.2636988939445,49
1622.7,11,1063.4493448415694,4.5,56.38600602873667,341.16077884575725,49
1622.8,11,1063.4493448415694,4.5,56.40628022506962,341.0432445017872,49
1622.9,11,1063.4493448415694,4.5,56.428797211405794,340.9128093851764,49
1623.0,11,1063.4493448415694,4.5,56.45463987284404,340.7571439149182,49
1623.1,11,1063.4493448415694,4.5,56.374944678845885,341.19716562938805,49
1623.2,11,1063.4493448415694,4.5,56.400206184162045,341.0434294841227,49
1623.3,11,1063.4493448415694,4.5,56.4209626337846,340.9193256558224,49
1623.4,11,1063.4493448415694,4.5,56.44118869358853,340.79888761884877,49
1623.5,11,1063.4493448415694,4.5,56.460656979901124,340.67812245515074,49
1623.6,11,1063.4493448415694,4.5,56.48311983183365,340.5470188891039,49
1623.7,11,1063.4493448415694,4.5,56.50328374369548,340.42613748187415,49
1623.8,11,1063.4493448415694,4.5,56.53166784818656,340.25555836510716,49
1623.9,11,1063.4493448415694,4.5,56.54449223715902,340.1791736162274,49
1624.0,11,1063.4493448415694,4.5,56.55482131785112,340.1230344488601,49
1624.1,11,1063.4493448415694,5.4,56.50613003863519,340.45514549892505,49
1624.2,11,1063.4493448415694,5.4,56.523600332160534,340.3570958193558,49
1624.3,11,1063.4493448415694,5.4,56.53756898478835,340.2765686698653,49
1624.4,11,1063.4493448415694,5.4,56.55020331668835,340.20778099299326,49
1624.5,11,1063.4493448415694,4.5,56.56800931536954,340.09924999659756,49
1624.6,11,1063.4493448415694,4.5,56.4911439019139,340.52874722664893,49
1624.7,11,1063.4493448415694,4.5,56.507753647798715,340.43167865194346,49
1624.8,11,1063.4493448415694,4.5,56.524541617721866,340.3260047753604,49
1624.9,11,1063.4493448415694,4.5,56.5817477145238,339.9988004586287,49
1625.0,11,1063.4493448415694,4.5,56.57609859344629,339.99482523985887,49
1625.1,11,1063.4493448415694,4.5,56.5874344738895,339.9282720592954,49
1625.2,11,1063.4493448415694,5.4,56.60317711609737,339.83209163222386,49
1625.3,11,1063.4493448415694,5.4,56.614405620220104,339.76796474211903,49
1625.4,11,1063.4493448415694,5.4,56.635451699571036,339.6371936587291,49
1625.5,11,1063.4493448415694,5.4,56.63024005156524,339.6757266947951,49
1625.6,11,1063.4493448415694,5.4,56.637934979386195,339.6313327347009,49
1625.7,11,1063.4493448415694,5.4,56.645520814961216,339.5891384125526,49
1625.8,11,1063.4493448415694,5.4,56.653314164495455,339.54919036170054,49
1625.9,11,1063.4493448415694,5.4,56.666070760768704,339.4751727645366,49
1626.0,11,1063.4493448415694,5.4,56.67714995104892,339.4072838615406,49
1626.1,11,1063.4493448415694,5.4,56.684681351915486,339.3690735569884,49
1626.2,11,1063.4493448415694,5.4,56.69651299765299,339.2982816018058,49
1626.3,11,1063.4493448415694,4.5,56.707789046784214,339.2372580655956,49
1626.4,11,1063.4493448415694,4.5,56.719891567104106,339.1710610123474,49
1626.5,11,1063.4493448415694,4.5,56.73259471022467,339.0977987527118,49
1626.6,11,1063.4493448415694,4.5,56.73983026742152,339.0608865049194,49
1626.7,11,1063.4493448415694,4.5,56.75265966405895,338.98558450380693,49
1626.8,11,1063.4493448415694,4.5,56.81075123860662,338.5860817761986,49
1626.9,11,1063.4493448415694,4.5,56.820570275156896,338.52979120344435,49
1627.0,11,1063.4493448415694,4.5,56.729195961589284,339.03391441577355,49
1627.1,11,1063.4493448415694,4.5,56.72993695065517,339.0444880390345,49
1627.2,11,1063.4493448415694,4.5,56.73846357181017,338.9967507162251,49
1627.3,11,1063.4493448415694,4.5,56.7782664157155,338.7843755196801,49
1627.4,11,1063.4493448415694,4.5,56.786867308677316,338.73566505906797,49
1627.5,11,1063.4493448415694,4.5,56.79277719519227,338.7010449983741,49
1627.6,11,1063.4493448415694,4.5,56.64716833377136,339.66196047793323,49
1627.7,11,1063.4493448415694,4.5,56.565498867335236,340.10593804720713,49
1627.8,12,1063.4493448415694,3.6,56.57302279899987,340.0620175524124,49
1627.9,12,1063.4493448415694,4.5,56.58354254893546,340.0003228813957,49
1628.0,9,1063.4493448415694,4.5,56.58897052554117,339.97289580666575,49
1628.1,9,1063.4493448415694,4.0,56.67956293039863,339.38381073482964,49
1628.2,9,1063.4493448415694,4.0,56.69099416069166,339.31145038044974,49
1628.3,9,1063.4493448415694,4.0,56.68745515129243,339.3396988917046,49
1628.4,9,1063.4493448415694,4.0,56.684400870435944,339.3573872658426,49
1628.5,9,1063.4493448415694,4.0,56.69044652275964,339.3249533698404,49
1628.6,12,1063.4493448415694,4.800000000000001,56.69811256122007,339.2759106681624,49
1628.7,12,1063.4493448415694,4.5,56.69829514287653,339.27589452930516,49
1628.8,9,1063.4493448415694,4.5,56.697545557436236,339.28344896913393,49
1628.9,9,1063.4493448415694,4.800000000000001,56.691699963962805,339.3148464560013,49
1629.0,9,1063.4493448415694,4.800000000000001,56.689453730762864,339.33299321955667,49
1629.1,9,1063.4493448415694,4.0,56.696682758205114,339.29083575566324,49
1629.2,9,1063.4493448415694,4.0,56.68424035909799,339.37282198992125,49
1629.3,9,1063.4493448415694,4.0,56.5976875267239,339.8475037754596,49
1629.4,9,1063.4493448415694,4.0,56.590470685746965,339.8923674179606,49
1629.5,9,1063.4493448415694,4.0,56.590914766896105,339.89189424448483,49
1629.6,9,1063.4493448415694,4.0,56.58431012644475,339.9333105255975,49
1629.7,9,1063.4493448415694,4.0,56.58581168748451,339.92295847338846,49
1629.8,9,1063.4493448415694,4.0,56.5858057657792,339.92069850296366,49
1629.9,9,1063.4493448415694,4.0,56.564789050288134,340.0438897155718,49
1630.0,9,1063.4493448415694,4.0,56.4014115032398,341.10257173685284,49
1630.1,9,1063.4493448415694,4.0,56.39610729515698,341.12819574404114,49
1630.2,9,1063.4493448415694,4.0,56.38340269315296,341.19896017136676,49
1630.3,9,1063.4493448415694,4.0,56.41921610421849,340.95299322783785,49
1630.4,9,1063.4493448415694,4.0,56.398192047237266,341.08169330847045,49
1630.5,9,1063.4493448415694,4.0,56.34254719953232,341.4535218118515,49
1630.6,9,1063.4493448415694,4.0,56.32988940574479,341.5286376668827,49
1630.7,9,1063.4493448415694,4.0,56.320571719559425,341.58561604931106,49
1630.8,9,1063.4493448415694,4.800000000000001,56.31610044746391,341.61029554213053,49
1630.9,9,1063.4493448415694,4.800000000000001,56.30107182500217,341.69323695363425,49
1631.0,9,1063.4493448415694,4.800000000000001,56.29154003879417,341.7547938685942,49
1631.1,9,1063.4493448415694,4.800000000000001,56.28815915768358,341.7620676132322,49
1631.2,9,1063.4493448415694,4.800000000000001,56.27117295782797,341.8607212328481,49
1631.3,9,1063.4493448415694,4.800000000000001,56.264678558974296,341.89599525098845,49
1631.4,9,1063.4493448415694,4.800000000000001,56.253009438390066,341.9646498644396,49
1631.5,9,1063.4493448415694,4.800000000000001,56.24716648122111,341.99696828524696,49
1631.6,9,1063.4493448415694,4.800000000000001,56.24084093031746,342.030718736646,49
1631.7,9,1063.4493448415694,4.800000000000001,56.2475921764607,341.9806313764587,49
1631.8,9,1063.4493448415694,4.800000000000001,56.16640905668092,342.4425202452428,49
1631.9,9,1063.4493448415694,4.0,56.15835565700574,342.4894022723762,49
1632.0,9,1063.4493448415694,4.0,56.14976246415326,342.5346782762324,49
1632.1,9,1063.4493448415694,4.0,56.14953027251854,342.53206929799234,49
1632.2,9,1063.4493448415694,4.0,55.98414612460559,343.62284157047,49
1632.3,9,1063.4493448415694,4.0,55.98379503735815,343.6198839459348,49
1632.4,9,1063.4493448415694,4.0,55.96540094166278,343.7292789968616,49
1632.5,9,1063.4493448415694,4.0,55.96549002337318,343.72940396433967,49
1632.6,9,1063.4493448415694,4.0,55.95886325008786,343.7673237528609,49
1632.7,9,1063.4493448415694,4.0,55.95163352094882,343.8106318296782,49
1632.8,9,1063.4493448415694,4.0,55.888241878382615,344.1787673064525,49
1632.9,9,1063.4493448415694,4.0,55.89515541255581,344.1303515728807,49
1633.0,9,1063.4493448415694,4.0,55.87972735077835,344.231723037228,49
1633.1,9,1063.4493448415694,4.0,55.878688874623876,344.2392161431514,49
1633.2,9,1063.4493448415694,4.0,55.86020840078437,344.3547679007727,49
1633.3,7,1063.733675693517,3.2,55.856471995798586,344.3801709119401,49
1633.4,7,1063.733675693517,3.5,55.862286818749396,344.350018965048,49
1633.5,7,1063.733675693517,3.5,55.855838850415914,344.39356365272795,49
1633.6,7,1063.733675693517,3.5,55.845786678318376,344.46450784553264,49
1633.7,7,1063.733675693517,3.5,55.88974727807421,344.1742448168144,49
1633.8,7,1063.733675693517,3.5,55.82085894924023,344.56441365698447,49
1633.9,7,1063.733675693517,3.5,55.82499977605316,344.54410573963446,49
1634.0,7,1063.733675693517,3.5,55.82756407733528,344.5322444052184,49
1634.1,8,1064.0290271997162,3.5,55.83386078615348,344.4968319195731,49
1634.2,8,1064.1133223114236,4.199999999999999,55.82971838521049,344.5314717109054,49
1634.3,8,1064.1609986053143,4.199999999999999,55.83150842839795,344.52927476470165,49
1634.4,8,1064.1609986053143,4.199999999999999,55.82372906673173,344.58812705510866,49
1634.5,8,1064.1609986053143,4.199999999999999,55.82126348451237,344.61458290238977,49
1634.6,8,1064.1609986053143,4.199999999999999,55.809835480332495,344.69679632593056,49
1634.7,8,1064.1609986053143,4.199999999999999,55.687478139648434,345.53170015451093,49
1634.8,8,1064.1609986053143,4.199999999999999,55.674406320655216,345.6264768499309,49
1634.9,8,1064.1609986053143,4.199999999999999,55.66185772896112,345.71700711057065,49
1635.0,8,1064.1609986053143,4.199999999999999,55.65140111025278,345.79425474219795,49
1635.1,8,1064.1609986053143,4.199999999999999,55.636982418659954,345.899475914389,49
1635.2,8,1064.1609986053143,4.199999999999999,55.61943479358149,346.0255747588228,49
1635.3,8,1064.1609986053143,4.199999999999999,55.627335294823965,346.00114322407495,49
1635.4,8,1064.1609986053143,4.199999999999999,55.48931416232918,346.80543394085623,49
1635.5,8,1064.1609986053143,4.199999999999999,55.47156055623165,346.92706848338094,49
1635.6,8,1064.1609986053143,4.199999999999999,55.455746249366015,347.0343574101418,49
1635.7,8,1064.1609986053143,4.199999999999999,55.4446596962449,347.111922046503,49
1635.8,8,1064.1609986053143,4.199999999999999,55.42456780225905,347.2527434155794,49
1635.9,8,1064.1609986053143,4.199999999999999,55.41889719578362,347.2966996062372,49
1636.0,8,1064.1609986053143,4.199999999999999,55.411750594169604,347.3614551090034,49
1636.1,8,1064.1609986053143,4.199999999999999,55.39715693360645,347.46440660625797,49
1636.2,8,1064.1609986053143,4.199999999999999,55.384375177292924,347.55979301844275,49
1636.3,8,1064.1609986053143,4.199999999999999,55.368959794486884,347.67008538666494,49
1636.4,8,1064.1609986053143,4.199999999999999,55.40981177132142,347.39545815884094,49
1636.5,8,1064.1609986053143,4.199999999999999,55.387482183192404,347.5526785074318,49
1636.6,8,1064.1609986053143,4.199999999999999,55.37531165952073,347.6485681567014,49
1636.7,8,1064.1609986053143,4.199999999999999,55.35536643647242,347.79468746686086,49
1636.8,8,1064.1609986053143,4.199999999999999,55.3321434672181,347.96319060955494,49
1636.9,8,1064.0882015390007,4.199999999999999,55.30861269577474,348.1331984612206,49
1637.0,8,1064.0882015390007,4.8999999999999995,55.167197071741526,348.96699400666193,49
1637.1,8,1064.0882015390007,4.8999999999999995,55.14906524282098,349.0957459602896,49
1637.2,8,1064.0882015390007,4.8999999999999995,55.127648732149225,349.2392462759814,49
1637.3,8,1064.0882015390007,4.8999999999999995,55.12250811803797,349.283357375166,49
1637.4,8,1064.0882015390007,4.8999999999999995,54.96748803920555,350.37901726519567,49
1637.5,8,1064.0882015390007,4.8999999999999995,54.9540139952272,350.4784948578413,49
1637.6,8,1064.0882015390007,4.8999999999999995,54.92854708217092,350.65157422242567,49
1637.7,8,1064.0882015390007,4.8999999999999995,54.90662631678289,350.8073001894345,49
1637.8,8,1064.0882015390007,4.8999999999999995,54.90157493275258,350.87095063737115,49
1637.9,8,1064.0882015390007,4.8999999999999995,54.878277862317006,351.034295001381,49
1638.0,8,1064.0882015390007,4.8999999999999995,54.85549011470901,351.1918190976842,49
1638.1,8,1064.0882015390007,4.8999999999999995,54.84455299752102,351.2717171609206,49
1638.2,8,1064.0882015390007,4.8999999999999995,54.80924894146645,351.51313378963255,49
1638.3,8,1064.0882015390007,4.8999999999999995,54.7863720711087,351.6722828650859,49
1638.4,8,1064.0882015390007,4.8999999999999995,54.763720945219,351.832626616571,49
1638.5,8,1064.0882015390007,4.8999999999999995,54.74326878068751,351.96812680154994,49
1638.6,8,1064.0882015390007,4.8999999999999995,54.72164640478087,352.1215822112391,49
1638.7,8,1064.0882015390007,4.8999999999999995,54.69249631461625,352.32754474794234,49
1638.8,8,1064.0882015390007,4.8999999999999995,54.66590679453293,352.5131971324761,49
1638.9,8,1064.0882015390007,4.8999999999999995,54.63709099024258,352.71211974092546,49
1639.0,8,1064.0882015390007,4.199999999999999,54.6136782690173,352.87073119247407,49
1639.1,8,1064.0882015390007,4.199999999999999,54.590900708674056,353.02972869664336,49
1639.2,8,1064.0882015390007,4.199999999999999,54.55883994864577,353.2481226303031,49
1639.3,8,1064.0882015390007,4.199999999999999,54.53381365708586,353.4156885208215,49
1639.4,8,1064.0882015390007,4.199999999999999,54.506874325171374,353.6010742852605,49
1639.5,8,1064.0882015390007,4.199999999999999,54.48110568896863,353.7757253579099,49
1639.6,7,1064.0359592428285,4.199999999999999,54.468861096600335,353.8615015998754,49
1639.7,8,1064.0359592428285,4.199999999999999,54.45388798221386,353.9749959323764,49
1639.8,8,1063.964321999194,4.199999999999999,54.44231812953376,354.06579917846295,49
1639.9,8,1063.964321999194,4.8999999999999995,54.42205067859639,354.21132993805224,49
1640.0,8,1063.964321999194,4.8999999999999995,54.408710899145504,354.3099566916883,49
1640.1,8,1063.964321999194,4.8999999999999995,54.38990644953567,354.44535121376583,49
1640.2,8,1063.964321999194,4.8999999999999995,54.40992448008976,354.35052848539567,49
1640.3,8,1063.964321999194,4.8999999999999995,54.39741808027395,354.44983158523974,49
1640.4,8,1063.964321999194,4.8999999999999995,54.38352491056861,354.5532514678568,49
1640.5,8,1063.964321999194,4.8999999999999995,54.22672722518968,355.7102499960502,49
1640.6,8,1063.964321999194,4.8999999999999995,54.203569986173385,355.88286499204116,49
1640.7,8,1063.964321999194,4.8999999999999995,54.19141854251889,355.9834749015264,49
1640.8,8,1063.964321999194,4.8999999999999995,54.16582524782771,356.1758522632218,49
1640.9,8,1063.964321999194,4.8999999999999995,54.149346658460374,356.3015673560194,49
1641.0,8,1063.964321999194,4.8999999999999995,54.12482498865377,356.47360633208297,49
1641.1,8,1063.964321999194,4.8999999999999995,54.1089862644816,356.59549593644704,49
1641.2,8,1063.964321999194,4.8999999999999995,54.087662235441584,356.7655006322516,49
1641.3,8,1063.964321999194,4.8999999999999995,54.067725805482326,356.904778062972,49
1641.4,8,1063.964321999194,4.8999999999999995,54.03473228496733,357.14983507107956,49
1641.5,8,1063.964321999194,4.8999999999999995,54.02290062158026,357.25348498574016,49
1641.6,8,1063.964321999194,4.8999999999999995,54.00456187403785,357.40175484777905,49
1641.7,8,1063.964321999194,4.8999999999999995,53.98352543110981,357.55368694544916,49
1641.8,8,1063.964321999194,4.8999999999999995,53.947481182679155,357.81946415892526,49
1641.9,8,1063.964321999194,4.8999999999999995,53.92038920382346,358.0296769787104,49
1642.0,8,1063.964321999194,4.8999999999999995,53.8911517629932,358.25590329708734,49
1642.1,8,1063.964321999194,4.8999999999999995,53.86211782343951,358.4828986908716,49
1642.2,8,1063.964321999194,4.8999999999999995,53.8431637801407,358.63581311365976,49
1642.3,8,1063.964321999194,4.8999999999999995,53.81278095159371,358.8642092081161,49
1642.4,8,1063.964321999194,4.8999999999999995,53.78120643667468,359.1193055732448,49
1642.5,8,1063.964321999194,4.8999999999999995,53.7592488560239,359.30391853996105,49
1642.6,8,1063.8926887396683,4.8999999999999995,53.737241043264405,359.4790877922522,49
1642.7,8,1063.8926887396683,5.6,53.70410366747137,359.747882783485,49
1642.8,8,1063.8926887396683,5.6,53.67994274513259,359.95206177344255,49
1642.9,8,1063.8926887396683,5.6,53.65278426779019,360.1719724742241,49
1643.0,8,1063.8926887396683,5.6,53.67956386257052,360.0540004078251,49
1643.1,8,1063.8926887396683,5.6,53.66856022725817,360.15802100494085,49
1643.2,8,1063.8926887396683,5.6,53.737202754732465,359.6399207816388,49
1643.3,8,1063.8926887396683,5.6,53.73008250056991,359.69983144454204,49
1643.4,8,1063.8926887396683,5.6,53.700245803121845,359.92883227865116,49
1643.5,8,1063.8926887396683,5.6,53.68805712732848,360.03514342443657,49
1643.6,8,1063.8926887396683,5.6,53.676633768790374,360.13155382909866,49
1643.7,8,1063.8926887396683,5.6,53.668719763713085,360.2176787511304,49
1643.8,8,1063.8926887396683,5.6,53.649270388455015,360.3778999006165,49
1643.9,8,1063.8926887396683,5.6,53.64183412187875,360.4551507208852,49
1644.0,8,1063.8926887396683,5.6,53.63202092754506,360.53311841956383,49
1644.1,8,1063.8926887396683,5.6,53.621603932954514,360.61949998210673,49
1644.2,8,1063.8926887396683,5.6,53.610187285740516,360.71679317115877,49
1644.3,8,1063.8926887396683,5.6,53.59720955490123,360.814517966184,49
1644.4,8,1063.8926887396683,5.6,53.58334044367909,360.9254564269588,49
1644.5,8,1063.8926887396683,5.6,53.57044841434154,361.03031798022084,49
1644.6,8,1063.8926887396683,5.6,53.55077042554177,361.17630003013977,49
1644.7,8,1063.8926887396683,5.6,53.54651654369219,361.235595390928,49
1644.8,8,1063.8926887396683,5.6,53.53235184042799,361.3541579625453,49
1644.9,8,1063.8926887396683,5.6,53.52506825802933,361.4260260374158,49
1645.0,8,1063.8926887396683,5.6,53.510642614874044,361.5480185628326,49
1645.1,8,1063.8926887396683,5.6,53.50243644022745,361.63158127642157,49
1645.2,8,1063.8926887396683,5.6,53.49412967250649,361.69877713168376,49
1645.3,8,1063.8209337414644,5.6,53.47724356877397,361.8395288149035,49
1645.4,8,1063.8209337414644,6.3,53.462695999677344,361.94670864724486,49
1645.5,8,1063.8209337414644,6.3,53.439521109875145,362.13410415759193,49
1645.6,8,1063.8209337414644,6.3,53.42270501833441,362.265320761029,49
1645.7,8,1063.8209337414644,6.3,53.27974774104217,363.4360475572732,49
1645.8,8,1063.8209337414644,5.6,53.3921810171078,362.6381537559786,49
1645.9,8,1063.8209337414644,5.6,53.39718345103792,362.6026867009996,49
1646.0,8,1063.8209337414644,5.6,53.34427209007761,362.901598163069,49
1646.1,8,1063.8209337414644,5.6,53.3469213106962,362.8913689607063,49
1646.2,8,1063.8209337414644,5.6,53.35449715721951,362.84172994367236,49
1646.3,8,1063.8209337414644,5.6,53.37230775301339,362.72786332973044,49
1646.4,8,1063.8209337414644,5.6,53.38311890387892,362.6409019767527,49
1646.5,8,1063.8209337414644,5.6,53.381049299925934,362.66479080763287,49
1646.6,8,1063.8209337414644,5.6,53.39247401966054,362.59718616908344,49
1646.7,8,1063.8209337414644,5.6,53.40338841027881,362.52675974931526,49
1646.8,8,1063.8209337414644,5.6,53.415962740838054,362.43792727961556,49
1646.9,8,1063.8209337414644,5.6,53.4394466007768,362.27606043747346,49
1647.0,8,1063.8209337414644,5.6,53.46198033549733,362.12636311660333,49
1647.1,8,1063.8209337414644,5.6,53.39088876675049,362.50406247707724,49
1647.2,8,1063.8209337414644,5.6,53.38934490191248,362.5051256517188,49
1647.3,8,1063.8209337414644,5.6,53.40282372774524,362.40279843000826,49
1647.4,8,1063.8209337414644,5.6,53.41002650098081,362.34703887709884,49
1647.5,8,1063.8209337414644,5.6,53.42396514361584,362.2330129010787,49
1647.6,8,1063.8209337414644,5.6,53.42934241357982,362.1878519248137,49
1647.7,8,1063.8209337414644,5.6,53.44002293993728,362.0974937752097,49
1647.8,8,1063.8209337414644,5.6,53.441194009450214,362.085181383571,49
1647.9,8,1063.8209337414644,5.6,53.4466524306033,362.0346011139419,49
1648.0,8,1063.8209337414644,5.6,53.48822630280971,361.79819656802664,49
1648.1,8,1063.8209337414644,5.6,53.49259127413778,361.7705164457815,49
1648.2,8,1063.8209337414644,5.6,53.469738812345646,361.4980304606292,49
1648.3,8,1063.8209337414644,5.6,53.368659874225685,362.0753971973737,49
1648.4,8,1063.8209337414644,5.6,53.429797080509104,361.67554753289085,49
1648.5,8,1063.8209337414644,5.6,53.51287331493181,361.0085342819202,49
1648.6,8,1063.8209337414644,5.6,53.515489594193454,360.9680549267903,49
1648.7,8,1063.8209337414644,5.6,53.5233923346885,360.9005375596054,49
1648.8,8,1063.8209337414644,5.6,53.53354092043516,360.8220921843819,49
1648.9,8,1063.8209337414644,5.6,53.5415903532493,360.74830374692453,49
1649.0,8,1063.8209337414644,4.8999999999999995,53.547474967085975,360.69946975504683,49
1649.1,8,1064.8768729382805,4.8999999999999995,53.56418253877955,360.5589809917617,50
1649.2,8,1064.8768729382805,-100.0,53.5084346732785,360.83175930084565,50
1649.3,8,1064.8768729382805,4.8999999999999995,53.5277313870348,360.6785528903388,50
1649.4,8,1064.8768729382805,4.8999999999999995,53.54343408895701,360.5660538441884,50
1649.5,8,1064.8768729382805,4.8999999999999995,53.57152431129278,360.35311376806254,50
1649.6,8,1064.8768729382805,4.8999999999999995,53.59483709865094,360.1799724409572,50
1649.7,8,1064.8768729382805,4.8999999999999995,53.617098437478404,360.0064584514455,50
1649.8,7,1065.0013701112505,4.8999999999999995,53.640111600500084,359.8310731806233,50
1649.9,7,1065.0655696039653,5.6,53.65655661163817,359.70676461186326,50
1650.0,7,1064.998940105948,5.6,53.66964136728904,359.6002948705603,50
1650.1,7,1064.998940105948,5.6,53.778199652134006,358.95163076663187,50
1650.2,7,1064.998940105948,5.6,53.790114689880085,358.87061166382955,50
1650.3,7,1064.998940105948,5.6,53.80916008499321,358.70461644199906,50
1650.4,7,1064.998940105948,5.6,53.81820086480303,358.6282282197425,50
1650.5,7,1064.998940105948,5.6,53.82966873247185,358.55010517460255,50
1650.6,7,1064.998940105948,5.6,53.846065291859524,358.41519172730733,50
1650.7,7,1064.998940105948,5.6,53.83780865419183,358.4565391525443,50
1650.8,7,1064.998940105948,5.6,53.842809266241446,358.41342087477534,50
1650.9,8,1064.998940105948,4.8999999999999995,53.9258717156752,357.7696034200404,50
1651.0,8,1064.998940105948,4.8999999999999995,53.93448903691716,357.69734968301447,50
1651.1,7,1064.998940105948,4.199999999999999,53.931469810728274,357.7065679935138,50
1651.2,7,1064.998940105948,4.8999999999999995,53.94096388928703,357.63048783580393,50
1651.3,7,1064.998940105948,4.8999999999999995,53.94897006116483,357.5673777442896,50
1651.4,7,1066.047013191651,4.8999999999999995,53.82489385683439,358.28561772711555,51
1651.5,7,1066.047013191651,-100.0,53.83175191950866,358.23876063350804,51
1651.6,7,1066.047013191651,4.8999999999999995,53.83920109116963,358.16559478708956,51
1651.7,7,1066.047013191651,4.8999999999999995,53.83737680555555,358.17773783440003,51
1651.8,7,1066.047013191651,4.8999999999999995,53.836037539811315,358.1615577031032,51
1651.9,7,1066.047013191651,4.8999999999999995,53.84279825147459,358.11271732545265,51
1652.0,7,1066.047013191651,4.8999999999999995,53.85019474897274,358.03683219957816,51
1652.1,8,1065.9761983921474,4.199999999999999,53.85121071209505,358.02119571124706,51
1652.2,8,1065.9761983921474,4.8999999999999995,53.84718520776046,358.0398269466709,51
1652.3,8,1065.9761983921474,4.8999999999999995,53.84160449820645,358.0592147747311,51
1652.4,8,1065.9761983921474,4.8999999999999995,53.85007056469328,357.9849452349102,51
1652.5,8,1065.9761983921474,4.8999999999999995,53.906520638058595,357.530128218431,51
1652.6,8,1065.9761983921474,4.8999999999999995,53.9107271533003,357.4961705839049,51
1652.7,8,1065.9761983921474,4.8999999999999995,53.91415652617956,357.4516738608267,51
1652.8,8,1065.9761983921474,4.8999999999999995,53.911324835074424,357.46513558820766,51
1652.9,8,1065.9761983921474,4.8999999999999995,53.92137706625155,357.38428048234243,51
1653.0,8,1065.9761983921474,4.8999999999999995,53.797408103867575,358.09850067757384,51
1653.1,8,1065.9761983921474,4.8999999999999995,53.80008858429747,358.07238848067254,51
1653.2,8,1065.9761983921474,4.8999999999999995,53.8066740193173,358.0237627416487,51
1653.3,8,1065.9761983921474,4.8999999999999995,53.81451452272877,357.9589854050619,51
1653.4,8,1065.9761983921474,4.8999999999999995,53.81610617988332,357.9419625344672,51
1653.5,8,1065.9761983921474,4.8999999999999995,53.82961471434318,357.84700252173286,51
1653.6,8,1065.9761983921474,4.8999999999999995,53.84489447669111,357.7372881968638,51
1653.7,8,1065.9761983921474,4.8999999999999995,53.90680122637002,357.2754394735553,51
1653.8,8,1065.9761983921474,4.199999999999999,53.90869117171927,357.25649258643375,51
1653.9,8,1065.9761983921474,4.199999999999999,53.8999194420056,357.32451252245477,51
1654.0,8,1065.9761983921474,4.199999999999999,53.89496216705293,357.3643169935159,51
1654.1,8,1065.9761983921474,4.199999999999999,53.82581712307472,357.87695053559065,51
1654.2,8,1065.9761983921474,4.199999999999999,53.80994028711812,358.002490363793,51
1654.3,8,1067.0201092650398,4.199999999999999,53.81613831276651,357.9672570118484,52
1654.4,7,1066.95045057079,-100.0,53.811303487384734,358.0052756443457,52
1654.5,8,1066.95045057079,3.5,53.81359260064726,357.9931922547903,52
1654.6,8,1066.95045057079,4.199999999999999,53.81322873650117,357.99824842492194,52
1654.7,8,1066.95045057079,4.199999999999999,53.819304598592765,357.9616945002179,52
1654.8,8,1066.95045057079,4.199999999999999,53.81936654468856,357.9620775403957,52
1654.9,8,1066.876580267959,4.199999999999999,53.820414537759135,357.9668316162929,52
1655.0,8,1066.876580267959,4.8999999999999995,53.83945057021691,357.8370334708037,52
1655.1,8,1066.876580267959,4.8999999999999995,53.841713855366656,357.83727632098135,52
1655.2,8,1066.876580267959,4.8999999999999995,53.857618126672335,357.7371737267524,52
1655.3,8,1066.876580267959,4.8999999999999995,53.86443133103461,357.7014389422891,52
1655.4,8,1066.876580267959,4.8999999999999995,53.87524260184335,357.6459799319876,52
1655.5,8,1066.876580267959,4.8999999999999995,53.827784048505464,358.02812479615557,52
1655.6,8,1066.876580267959,4.8999999999999995,53.84347528244743,357.939444476501,52
1655.7,8,1066.876580267959,4.8999999999999995,53.86163945292442,357.8220168833857,52
1655.8,8,1066.876580267959,4.8999999999999995,53.870540205268355,357.773113962476,52
1655.9,8,1066.876580267959,4.8999999999999995,53.890183991086545,357.65345892858284,52
1656.0,8,1066.876580267959,4.8999999999999995,53.90286431154068,357.5837108670578,52
1656.1,8,1066.876580267959,4.8999999999999995,53.91978355548396,357.479061925089,52
1656.2,8,1066.876580267959,4.8999999999999995,53.92454974624066,357.45394415970543,52
1656.3,8,1066.876580267959,4.8999999999999995,53.95126023648939,357.2865035171902,52
1656.4,8,1066.876580267959,4.8999999999999995,53.972549817562566,357.1638756383556,52
1656.5,8,1066.876580267959,4.8999999999999995,53.98379054075032,357.0966083688004,52
1656.6,8,1066.876580267959,4.8999999999999995,53.99535790665077,357.03275002767384,52
1656.7,8,1066.876580267959,4.8999999999999995,54.019649511352746,356.86659486699233,52
1656.8,8,1066.876580267959,4.8999999999999995,54.040077598948685,356.73591506218634,52
1656.9,8,1066.876580267959,4.8999999999999995,54.05430152628834,356.64583474560106,52
1657.0,7,1066.8075235086408,4.199999999999999,54.06748074687469,356.5587504137252,52
1657.1,7,1066.8075235086408,4.199999999999999,54.23991233236333,355.545324597995,52
1657.2,8,1066.8075235086408,4.199999999999999,54.25381361503108,355.44306077703607,52
1657.3,8,1066.8075235086408,4.199999999999999,54.2471975104163,355.49870258461215,52
1657.4,8,1066.8075235086408,4.199999999999999,54.26124896683403,355.3984240883408,52
1657.5,8,1066.8075235086408,4.199999999999999,54.27300378462185,355.32800305825674,52
1657.6,8,1066.8075235086408,4.199999999999999,54.28398357109135,355.2535663175708,52
1657.7,8,1066.8075235086408,4.199999999999999,54.169130158693676,356.1210017586661,52
1657.8,8,1066.8075235086408,4.199999999999999,54.09881196696736,356.5054415740152,52
1657.9,7,1066.8075235086408,4.199999999999999,54.308296084952595,354.9411350828641,52
1658.0,7,1066.8075235086408,4.199999999999999,54.30810608757851,354.95162461845604,52
1658.1,7,1066.8075235086408,4.199999999999999,54.310569298637446,354.93285848921835,52
1658.2,8,1066.735999211392,4.199999999999999,54.30750793239243,354.96442506074607,52
1658.3,8,1066.735999211392,4.8999999999999995,54.316705802848155,354.90865257098994,52
1658.4,8,1066.735999211392,4.8999999999999995,54.33288838305676,354.792305548813,52
1658.5,8,1066.735999211392,4.8999999999999995,54.33719459166798,354.7651035220573,52
1658.6,8,1066.735999211392,4.8999999999999995,54.341279473198085,354.72973488990266,52
1658.7,8,1066.735999211392,4.8999999999999995,54.34138738972908,354.73718048575023,52
1658.8,8,1066.735999211392,4.8999999999999995,54.35877790362542,354.6067808332665,52
1658.9,8,1066.735999211392,4.8999999999999995,54.35510925739,354.6349353768155,52
1659.0,8,1066.735999211392,4.8999999999999995,54.37081423983989,354.53206561955267,52
1659.1,8,1066.735999211392,4.8999999999999995,54.38596337745518,354.43199466014806,52
1659.2,8,1066.735999211392,4.8999999999999995,54.281559337528215,355.2113090211052,52
1659.3,8,1066.735999211392,4.8999999999999995,54.28361035709999,355.2009942892126,52
1659.4,8,1066.735999211392,4.8999999999999995,54.29803931054754,355.1144630531279,52
1659.5,8,1066.735999211392,4.8999999999999995,54.4204882176994,354.4080002656748,52
1659.6,8,1066.735999211392,4.8999999999999995,54.43355267363366,354.320666761368,52
1659.7,8,1066.735999211392,4.8999999999999995,54.443627059655256,354.2468282505581,52
1659.8,8,1066.735999211392,4.8999999999999995,54.45294407426876,354.1888446110516,52
1659.9,8,1066.735999211392,4.8999999999999995,54.31041099537685,355.0162804401534,52
1660.0,8,1066.735999211392,4.8999999999999995,54.31985299795559,354.9421997629572,52
1660.1,8,1066.735999211392,4.8999999999999995,54.31589825805962,354.97375246255046,52
1660.2,8,1066.735999211392,4.8999999999999995,54.32576847325333,354.90714463060465,52
1660.3,8,1066.735999211392,4.8999999999999995,54.277475881785485,355.27611312886756,52
1660.4,8,1066.735999211392,4.8999999999999995,54.45078737154783,353.99016167887913,52
1660.5,8,1066.735999211392,4.8999999999999995,54.455529510212195,353.9524581065021,52
1660.6,8,1066.735999211392,4.8999999999999995,54.460441588403015,353.9204423776812,52
1660.7,8,1066.735999211392,4.8999999999999995,54.472705046075006,353.8300779949839,52
1660.8,9,1066.735999211392,4.199999999999999,54.476369844791435,353.8055141526413,52
1660.9,9,1066.735999211392,4.0,54.47320609966451,353.8114175337829,52
1661.0,9,1066.735999211392,4.0,54.47048478304143,353.82925034227105,52
1661.1,8,1066.664113117544,4.0,54.47519906527141,353.7840108295478,52
1661.2,8,1066.664113117544,4.8999999999999995,54.481198369514715,353.7334241373509,52
1661.3,8,1066.664113117544,4.8999999999999995,54.48220661895965,353.7219366088914,52
1661.4,8,1066.664113117544,4.8999999999999995,54.476089975580926,353.76343246090505,52
1661.5,8,1066.664113117544,4.8999999999999995,54.407004312248574,354.2742769215804,52
1661.6,8,1066.664113117544,4.8999999999999995,54.40242358321163,354.29698046836927,52
1661.7,8,1066.664113117544,4.8999999999999995,54.28625769560223,354.9621257047056,52
1661.8,8,1066.664113117544,4.8999999999999995,54.290445194066194,354.9198796297428,52
1661.9,8,1066.664113117544,4.8999999999999995,54.29668010355144,354.878868495088,52
1662.0,8,1066.664113117544,4.8999999999999995,54.41947414322242,354.1511836739977,52
1662.1,8,1066.664113117544,4.8999999999999995,54.41568435117594,354.1748763200371,52
1662.2,8,1066.664113117544,4.8999999999999995,54.42482511799454,354.10667527800894,52
1662.3,8,1066.664113117544,4.8999999999999995,54.43034859685365,354.05755585968154,52
1662.4,8,1066.664113117544,4.8999999999999995,54.4292122680403,354.0456653460036,52
1662.5,8,1066.664113117544,4.8999999999999995,54.422984120943326,354.07918701736577,52
1662.6,8,1066.664113117544,4.8999999999999995,54.42511983565227,354.05532159627677,52
1662.7,8,1066.664113117544,4.8999999999999995,54.43150181879601,354.0020813214304,52
1662.8,8,1066.664113117544,4.8999999999999995,54.45636265560911,353.8196150404684,52
1662.9,7,1066.5969575598542,4.199999999999999,54.45212911847565,353.8354725612785,52
1663.0,11,1066.5969575598542,4.199999999999999,54.45752656913879,353.79232868887215,52
1663.1,11,1066.5969575598542,4.5,54.46301085599343,353.74863057800724,52
1663.2,11,1066.5969575598542,4.5,54.46293919370323,353.73493413255153,52
1663.3,11,1066.5969575598542,4.5,54.45794501934034,353.760157070975,52
1663.4,11,1066.5969575598542,4.5,54.468140466564655,353.6734264232285,52
1663.5,11,1066.5969575598542,4.5,54.469386331966376,353.65220457450766,52
1663.6,11,1066.5969575598542,4.5,54.47731026369068,353.59745901116145,52
1663.7,11,1066.5969575598542,4.5,54.47900314271501,353.5733352680479,52
1663.8,11,1066.5969575598542,4.5,54.47449716738197,353.59242361740337,52
1663.9,8,1066.5969575598542,3.6,54.32691577192912,354.6702805637495,52
1664.0,8,1066.5236102085175,4.199999999999999,54.32090058832081,354.69907009981193,52
1664.1,8,1066.5236102085175,4.8999999999999995,54.325738313502214,354.6693254693745,52
1664.2,8,1066.5236102085175,4.8999999999999995,54.43252180533123,354.03568888503753,52
1664.3,8,1066.5236102085175,4.8999999999999995,54.43147787323311,354.0477105133499,52
1664.4,8,1066.5236102085175,4.8999999999999995,54.31917912442311,354.67954654355435,52
1664.5,8,1066.5236102085175,4.8999999999999995,54.31675223252684,354.6805467094248,52
1664.6,8,1066.5236102085175,4.8999999999999995,54.31350315584548,354.70219879791307,52
1664.7,8,1066.5236102085175,4.8999999999999995,54.30051355935707,354.7766785646577,52
1664.8,8,1066.5236102085175,4.8999999999999995,54.29411539790357,354.8096849398993,52
1664.9,8,1066.5236102085175,4.8999999999999995,54.28790554846981,354.84502492836265,52
1665.0,8,1066.5236102085175,4.8999999999999995,54.348165647956804,354.31573404930845,52
1665.1,8,1066.5236102085175,4.8999999999999995,54.33925980107982,354.36523399141527,52
1665.2,8,1066.5236102085175,4.8999999999999995,54.32777587771922,354.431296365762,52
1665.3,8,1066.5236102085175,4.8999999999999995,54.437367898373054,353.6206763979646,52
1665.4,8,1066.5236102085175,4.8999999999999995,54.424346695581335,353.70517795670594,52
1665.5,8,1066.5236102085175,4.8999999999999995,54.41494900032899,353.75073235747175,52
1665.6,8,1066.5236102085175,4.8999999999999995,54.40127474371596,353.83959980677855,52
1665.7,8,1066.5236102085175,4.8999999999999995,54.39526097398948,353.8726691599949,52
1665.8,8,1066.5236102085175,4.8999999999999995,54.384005485063184,353.9412776256048,52
1665.9,8,1066.5236102085175,4.8999999999999995,54.3087135186006,354.4783359297554,52
1666.0,8,1066.5236102085175,4.199999999999999,54.29939021665447,354.52532188890723,52
1666.1,8,1066.5236102085175,4.199999999999999,54.3507207640542,354.1493839562709,52
1666.2,8,1066.5236102085175,4.199999999999999,54.34142451000403,354.2006516567318,52
1666.3,8,1066.5236102085175,4.199999999999999,54.33513762465987,354.24467212130617,52
1666.4,8,1066.5236102085175,4.199999999999999,54.436560997977175,353.64417835358785,52
1666.5,8,1066.5236102085175,4.199999999999999,54.42216119724063,353.73669436408437,52
1666.6,8,1066.5236102085175,4.199999999999999,54.420085756640574,353.7421213711923,52
1666.7,8,1066.5236102085175,4.199999999999999,54.42185025862115,353.722911135671,52
1666.8,7,1066.4794709794335,4.199999999999999,54.40873119962904,353.80468262407754,52
1666.9,8,1066.4794709794335,3.5,54.45053387886547,353.49405317340955,52
1667.0,8,1066.4794709794335,4.199999999999999,54.4421189559812,353.55012459505076,52
1667.1,10,1066.4794709794335,3.5,54.43525645022359,353.59560955768626,52
1667.2,10,1066.4794709794335,4.800000000000001,54.411401338762076,353.74607394215616,52
1667.3,11,1066.4794709794335,4.0,54.40359120793313,353.7888777395907,52
1667.4,11,1066.4794709794335,3.6,54.3863325990409,353.9012428372313,52
1667.5,11,1066.4794709794335,3.6,54.38236595997407,353.9107343150521,52
1667.6,11,1066.4794709794335,3.6,54.33140666535641,354.2549486747106,52
1667.7,11,1066.4794709794335,3.6,54.320215945235155,354.31557654607127,52
1667.8,11,1066.4794709794335,3.6,54.29282420543018,354.4909518947395,52
1667.9,11,1066.4794709794335,3.6,54.288147469729196,354.50832495260704,52
1668.0,11,1066.4794709794335,3.6,54.28688123626783,354.5035687700397,52
1668.1,11,1066.4794709794335,3.6,54.27803379560633,354.55309381971176,52
1668.2,11,1066.4794709794335,3.6,54.24012472211979,354.7108549838749,52
1668.3,7,1066.413034998227,3.6,54.240557255228474,354.70089113741346,52
1668.4,7,1066.413034998227,4.8999999999999995,54.24168894068056,354.68207327976813,52
1668.5,7,1066.413034998227,4.8999999999999995,54.23658076737951,354.7097390305504,52
1668.6,7,1066.413034998227,4.8999999999999995,54.238309080577125,354.68537517891343,52
1668.7,7,1066.413034998227,4.8999999999999995,54.22013358125224,354.8021432726507,52
1668.8,7,1066.413034998227,4.8999999999999995,54.23146903704665,354.71097233566195,52
1668.9,7,1066.413034998227,4.8999999999999995,54.24558070134003,354.6008970664936,52
1669.0,7,1066.413034998227,4.8999999999999995,54.242248587428065,354.59622755187655,52
1669.1,7,1066.413034998227,4.8999999999999995,54.23703559879776,354.6199117288955,52
1669.2,7,1066.413034998227,4.8999999999999995,54.236142760159815,354.6182613374609,52
1669.3,7,1066.413034998227,4.8999999999999995,54.26387020794705,354.4121046138605,52
1669.4,7,1066.413034998227,4.8999999999999995,54.20327562719711,354.89977670810424,52
1669.5,7,1066.413034998227,4.8999999999999995,54.21368430912473,354.81678711349105,52
1669.6,7,1066.413034998227,4.8999999999999995,54.20581507442385,354.86474702929394,52
1669.7,7,1066.413034998227,4.8999999999999995,54.209294205023,354.8264746945599,52
1669.8,7,1066.413034998227,4.8999999999999995,54.20397862109161,354.8500560418656,52
1669.9,7,1066.413034998227,4.8999999999999995,54.21067587032488,354.787909207779,52
1670.0,7,1066.413034998227,4.8999999999999995,54.22734787335075,354.6628432978759,52
1670.1,7,1066.413034998227,4.8999999999999995,54.23492098896813,354.60410011583326,52
1670.2,7,1066.413034998227,4.8999999999999995,54.24727958466509,354.51193618257855,52
1670.3,7,1066.413034998227,4.8999999999999995,54.26588575223322,354.37310312730096,52
1670.4,7,1066.413034998227,4.199999999999999,54.28169014985773,354.2542645745568,52
1670.5,7,1066.413034998227,4.199999999999999,54.29583129573457,354.15175968362684,52
1670.6,7,1066.413034998227,4.199999999999999,54.30108321036209,354.1143472510048,52
1670.7,7,1066.413034998227,4.199999999999999,54.324172965167676,353.9507814160502,52
1670.8,7,1066.413034998227,4.199999999999999,54.3282958963989,353.9113080868069,52
1670.9,7,1066.413034998227,4.199999999999999,54.340898479534374,353.81956191412655,52
1671.0,7,1066.413034998227,4.199999999999999,54.329067408544866,353.88763540618316,52
1671.1,7,1066.413034998227,4.199999999999999,54.32166160411819,353.93453342364126,52
1671.2,7,1066.413034998227,4.199999999999999,54.14128429878387,355.0329654288575,52
1671.3,7,1066.413034998227,4.199999999999999,54.1414222308909,355.02828447301926,52
1671.4,7,1066.413034998227,4.199999999999999,54.1454552456282,354.9982209240752,52
1671.5,7,1066.413034998227,4.199999999999999,54.1451579094481,354.99652713777743,52
1671.6,7,1066.413034998227,4.199999999999999,54.18031009618088,354.73813649309005,52
1671.7,7,1066.413034998227,4.199999999999999,54.1694817114106,354.8062555871144,52
1671.8,7,1066.413034998227,4.199999999999999,54.17213747622924,354.78479744981064,52
1671.9,7,1066.340578620498,4.199999999999999,54.18272240922241,354.70734387174195,52
1672.0,7,1066.340578620498,4.8999999999999995,54.193226597887175,354.6305651897296,52
1672.1,7,1066.340578620498,4.8999999999999995,54.18363526410198,354.68953494597963,52
1672.2,7,1066.340578620498,4.8999999999999995,54.177126238621625,354.73153222655685,52
1672.3,7,1066.340578620498,4.8999999999999995,54.17785562099532,354.7211717189708,52
1672.4,7,1066.340578620498,4.8999999999999995,54.17585915151528,354.7310545993099,52
1672.5,7,1066.340578620498,4.8999999999999995,54.18202752722055,354.6833659018222,52
1672.6,7,1066.340578620498,4.199999999999999,54.185558355448634,354.6547153849549,52
1672.7,7,1066.340578620498,4.199999999999999,54.17640547008365,354.7163576119815,52
1672.8,7,1066.340578620498,4.199999999999999,54.173740887095434,354.7302102072942,52
1672.9,7,1066.340578620498,4.199999999999999,54.16660543018553,354.7741374759373,52
1673.0,7,1066.340578620498,4.199999999999999,54.15083989842201,354.87636569755756,52
1673.1,7,1066.340578620498,4.199999999999999,54.14153637875481,354.93962357771454,52
1673.2,7,1066.340578620498,4.199999999999999,54.16509188099676,354.74855111821,52
1673.3,7,1066.340578620498,4.199999999999999,54.16439092225721,354.748382705424,52
1673.4,7,1066.340578620498,4.199999999999999,54.16542930596902,354.7327561460081,52
1673.5,7,1066.340578620498,4.199999999999999,54.14033756110261,354.89945212172444,52
1673.6,7,1066.340578620498,4.199999999999999,54.1316263868664,354.9475778511538,52
1673.7,7,1066.340578620498,4.199999999999999,54.100849738851764,355.15257833219835,52
1673.8,7,1066.340578620498,4.199999999999999,54.09049009294429,355.22275058089156,52
1673.9,7,1066.340578620498,4.199999999999999,54.0918224578822,355.2070094905755,52
1674.0,7,1066.340578620498,4.199999999999999,54.125416761432106,354.9911312406069,52
1674.1,7,1066.340578620498,4.199999999999999,54.171879392600765,354.66686757778893,52
1674.2,7,1066.340578620498,4.199999999999999,54.16184996792313,354.7305571144491,52
1674.3,7,1066.340578620498,4.199999999999999,54.16579174496276,354.6988399173139,52
1674.4,7,1066.340578620498,4.199999999999999,54.15680296609665,354.7546523960606,52
1674.5,7,1066.340578620498,4.199999999999999,54.145622328216106,354.8233045587715,52
1674.6,7,1066.340578620498,4.199999999999999,54.139127923862276,354.86351805247364,52
1674.7,7,1066.340578620498,4.199999999999999,54.12808296279566,354.93409269984903,52
1674.8,7,1066.340578620498,4.199999999999999,54.11366787337879,355.0293148162909,52
1674.9,7,1066.340578620498,4.199999999999999,54.09911108610142,355.11975340403126,52
1675.0,7,1066.340578620498,4.199999999999999,54.101482441948725,355.1019840135981,52
1675.1,7,1066.340578620498,4.199999999999999,54.08340775442302,355.2183221754716,52
1675.2,7,1066.340578620498,4.199999999999999,54.071690881476215,355.295979734552,52
1675.3,7,1066.340578620498,4.199999999999999,54.0623222639757,355.35645876951924,52
1675.4,7,1066.340578620498,4.199999999999999,54.051402759043896,355.4250697800556,52
1675.5,7,1066.340578620498,4.199999999999999,54.044295265594755,355.470338088982,52
1675.6,7,1066.2680022931236,4.199999999999999,54.03964957526551,355.4976163775044,52
1675.7,7,1066.2680022931236,4.8999999999999995,54.01945931912683,355.6320516509271,52
1675.8,7,1066.2680022931236,4.8999999999999995,54.00890394062878,355.7057059850741,52
1675.9,7,1066.2680022931236,4.8999999999999995,54.021698105358126,355.6174588514118,52
1676.0,7,1066.2680022931236,4.8999999999999995,54.0027227718069,355.7454296574301,52
1676.1,7,1066.2680022931236,4.8999999999999995,53.9973215841549,355.7839032006215,52
1676.2,7,1066.2680022931236,4.8999999999999995,53.98329897882221,355.8775530775298,52
1676.3,7,1066.2680022931236,4.8999999999999995,53.96594808412378,355.9911646428237,52
1676.4,7,1066.2680022931236,4.8999999999999995,53.949239169479185,356.1046652786745,52
1676.5,7,1066.2680022931236,4.8999999999999995,53.948602327789686,356.1096785566675,52
1676.6,7,1066.2680022931236,4.8999999999999995,53.93907604570832,356.1765356454679,52
1676.7,7,1066.2680022931236,4.8999999999999995,54.04591543586196,355.4720080773765,52
1676.8,7,1066.2680022931236,4.8999999999999995,54.06691336695822,355.3001736551559,52
1676.9,7,1066.2680022931236,4.8999999999999995,54.04953561836885,355.4192979333817,52
1677.0,7,1066.2680022931236,4.8999999999999995,54.058764797928085,355.35805890761304,52
1677.1,7,1066.2680022931236,4.8999999999999995,54.055440073612374,355.3808207615813,52
1677.2,7,1066.2680022931236,4.8999999999999995,54.06567142701705,355.31325936825067,52
1677.3,7,1066.2680022931236,4.8999999999999995,54.05400997128935,355.3928922980307,52
1677.4,7,1066.2680022931236,4.8999999999999995,54.05869644436383,355.35958567549767,52
1677.5,7,1066.2680022931236,4.8999999999999995,54.04183024855683,355.4710504200026,52
1677.6,7,1066.2680022931236,4.8999999999999995,54.03458617585204,355.52338686197504,52
1677.7,7,1066.2680022931236,4.8999999999999995,54.04391123418759,355.45810131878864,52
1677.8,7,1066.2680022931236,4.8999999999999995,54.04231676814587,355.46733036235725,52
1677.9,7,1066.2680022931236,4.199999999999999,54.030428593413504,355.5461421309057,52
1678.0,7,1066.2680022931236,4.199999999999999,54.03780510775212,355.4968002422189,52
1678.1,7,1066.2680022931236,4.199999999999999,54.028206602985,355.5590269526869,52
1678.2,7,1066.2680022931236,4.199999999999999,54.003450605018784,355.72599599714965,52
1678.3,7,1066.2680022931236,4.199999999999999,53.988551528492195,355.8250761373325,52
1678.4,7,1066.2680022931236,4.199999999999999,53.959078634495164,356.02078230329494,52
1678.5,7,1066.2680022931236,4.199999999999999,53.93281602577122,356.19207498728485,52
1678.6,7,1066.2680022931236,4.199999999999999,53.9097281113411,356.34081979472154,52
1678.7,7,1066.2680022931236,4.199999999999999,53.88272207585158,356.51569439607346,52
1678.8,7,1066.2680022931236,4.199999999999999,53.87416590396285,356.56613859883646,52
1678.9,7,1066.195054408518,4.199999999999999,53.857077399474015,356.6766650569689,52
1679.0,7,1066.195054408518,4.8999999999999995,53.88288064678339,356.48555687054693,52
1679.1,7,1066.195054408518,4.8999999999999995,53.86062331829163,356.6301210638269,52
1679.2,7,1066.195054408518,4.8999999999999995,53.858874877395536,356.6345923047978,52
1679.3,7,1066.195054408518,4.8999999999999995,53.827750575985384,356.8408833370219,52
1679.4,7,1066.195054408518,4.8999999999999995,53.796737134110806,357.0465118495393,52
1679.5,7,1066.195054408518,4.8999999999999995,53.748746774197734,357.34755140172933,52
1679.6,7,1066.195054408518,4.8999999999999995,53.74505241932958,357.36709068070263,52
1679.7,7,1066.195054408518,4.8999999999999995,53.70712028772563,357.61922638650356,52
1679.8,7,1066.195054408518,4.8999999999999995,53.695540359426445,357.69236867048323,52
1679.9,7,1066.195054408518,4.8999999999999995,53.65154013179239,357.9852601327582,52
1680.0,7,1066.195054408518,4.8999999999999995,53.68414777439532,357.7541694539236,52
1680.1,7,1066.195054408518,4.8999999999999995,53.65854317986888,357.92198667129037,52
1680.2,7,1066.195054408518,4.8999999999999995,53.649538266558864,357.97648735667417,52
1680.3,7,1066.195054408518,4.8999999999999995,53.637341474014896,358.05843692571636,52
1680.4,7,1066.195054408518,4.199999999999999,53.60746599684309,358.25682087438963,52
1680.5,7,1066.195054408518,4.199999999999999,53.58588272660446,358.4001266316244,52
1680.6,7,1066.195054408518,4.199999999999999,53.572650755705,358.48262183486804,52
1680.7,7,1066.195054408518,4.199999999999999,53.566477893927065,358.5206094846591,52
1680.8,7,1066.195054408518,4.199999999999999,53.633203372665896,358.0865014586724,52
1680.9,7,1066.195054408518,4.199999999999999,53.59624255211088,358.335018626006,52
1681.0,7,1066.195054408518,4.199999999999999,53.57573234032285,358.4675224420541,52
1681.1,7,1066.195054408518,4.199999999999999,53.55657567776284,358.5967768902375,52
1681.2,7,1066.195054408518,4.199999999999999,53.552742592537115,358.61804153162365,52
1681.3,7,1066.195054408518,4.199999999999999,53.52565177648083,358.79806564886155,52
1681.4,7,1066.195054408518,4.199999999999999,53.48413418775107,359.07692436397093,52
1681.5,7,1066.195054408518,4.199999999999999,53.47247202548509,359.1524303536028,52
1681.6,7,1066.195054408518,4.199999999999999,53.47295549505945,359.14312621923204,52
1681.7,7,1066.195054408518,4.199999999999999,53.449692418268285,359.2993696117855,52
1681.8,7,1066.195054408518,4.199999999999999,53.45122528290047,359.2857773419273,52
1681.9,7,1066.195054408518,4.199999999999999,53.40603991139376,359.59478075394276,52
1682.0,7,1066.195054408518,4.199999999999999,53.407208743645626,359.58306288793597,52
1682.1,7,1066.195054408518,4.199999999999999,53.3860897442331,359.7241352672969,52
1682.2,7,1066.195054408518,4.199999999999999,53.372725148564854,359.8138906427981,52
1682.3,7,1066.195054408518,4.199999999999999,53.35888229597612,359.9053305526238,52
1682.4,7,1066.195054408518,4.199999999999999,53.334854602962,360.0678577910019,52
1682.5,7,1066.195054408518,4.199999999999999,53.31936344469125,360.1732604582719,52
1682.6,7,1066.195054408518,4.199999999999999,53.357715723464636,359.9017289845025,52
1682.7,7,1066.1225566144635,4.199999999999999,53.33384592742786,360.06183303412564,52
1682.8,7,1066.1225566144635,4.8999999999999995,53.32705685211279,360.10539203868206,52
1682.9,7,1066.1225566144635,4.8999999999999995,53.284689745844105,360.393724964615,52
1683.0,7,1066.1225566144635,4.8999999999999995,53.270886755658616,360.48344922145253,52
1683.1,7,1066.1225566144635,4.8999999999999995,53.273501341201765,360.4891582735596,52
1683.2,7,1066.1225566144635,4.8999999999999995,53.267846249796136,360.522474856499,52
1683.3,7,1066.1225566144635,4.8999999999999995,53.19608113931828,361.0013041222261,52
1683.4,7,1066.1225566144635,4.8999999999999995,53.17637065362449,361.13465782800324,52
1683.5,7,1066.1225566144635,4.8999999999999995,53.15824607518233,361.26074515450665,52
1683.6,7,1066.1225566144635,4.8999999999999995,53.15355264069577,361.28961447844733,52
1683.7,7,1066.1225566144635,4.8999999999999995,53.1414241386017,361.3722078665671,52
1683.8,7,1066.1225566144635,4.8999999999999995,53.1293946715026,361.4529682838835,52
1683.9,7,1066.1225566144635,4.8999999999999995,53.11129829762882,361.5761287464412,52
1684.0,7,1066.1225566144635,4.8999999999999995,53.09382989631924,361.69496011665603,52
1684.1,7,1066.1225566144635,4.199999999999999,53.0788583296897,361.7963572536487,52
1684.2,7,1066.1225566144635,4.199999999999999,53.08159521276721,361.77427532723027,52
1684.3,7,1066.1225566144635,4.199999999999999,53.02332524896974,362.15786690548265,52
1684.4,7,1066.1225566144635,4.199999999999999,53.01635102335223,362.2026666054959,52
1684.5,7,1066.1225566144635,4.199999999999999,52.996343780915325,362.3395515306495,52
1684.6,7,1066.1225566144635,4.199999999999999,52.99057760650962,362.37601132863233,52
1684.7,7,1066.1225566144635,4.199999999999999,53.06729085403507,361.86762543430393,52
1684.8,7,1066.1225566144635,4.199999999999999,53.06380178676645,361.8878392361398,52
1684.9,7,1066.1225566144635,4.199999999999999,53.06204621619624,361.89831848567655,52
1685.0,7,1066.1225566144635,4.199999999999999,53.06583248862121,361.8704167174193,52
1685.1,7,1066.1225566144635,4.199999999999999,52.949698994708186,362.6837311419829,52
1685.2,7,1066.1225566144635,4.199999999999999,52.984355207423015,362.43509543288906,52
1685.3,7,1066.1225566144635,4.199999999999999,52.97428879065526,362.50348631110364,52
1685.4,7,1066.1225566144635,4.199999999999999,52.96604396375254,362.55807016368976,52
1685.5,7,1066.1225566144635,4.199999999999999,52.945602077940784,362.6987999458754,52
1685.6,7,1066.1225566144635,4.199999999999999,52.941605214157036,362.7224510969678,52
1685.7,7,1066.1225566144635,4.199999999999999,52.93767608689279,362.74842774199,52
1685.8,7,1066.1225566144635,4.199999999999999,52.93235726498392,362.7835491809759,52
1685.9,7,1066.1225566144635,4.199999999999999,52.945139036464596,362.66593988765345,52
1686.0,7,1066.1225566144635,4.199999999999999,52.835216104610566,363.4105412381122,52
1686.1,7,1066.1225566144635,4.199999999999999,52.83957346866309,363.37979918453993,52
1686.2,7,1066.1225566144635,4.199999999999999,52.84415885753939,363.34778845983567,52
1686.3,7,1066.1225566144635,4.199999999999999,52.84913537421596,363.3119244913396,52
1686.4,7,1066.1225566144635,4.199999999999999,52.84906697030671,363.31218606398494,52
1686.5,7,1066.1225566144635,4.199999999999999,52.85099191393413,363.2988671670671,52
1686.6,7,1066.1225566144635,4.199999999999999,52.840693863339375,363.3687106998703,52
1686.7,7,1066.1225566144635,4.199999999999999,52.84659479899487,363.3274603797669,52
1686.8,7,1066.1225566144635,4.199999999999999,52.84482856260095,363.3382670618768,52
1686.9,7,1066.0499590460822,4.199999999999999,52.84267418031273,363.35245241062404,52
1687.0,7,1066.0499590460822,4.8999999999999995,52.82334898014548,363.4834455554728,52
1687.1,7,1066.0499590460822,4.8999999999999995,52.813659195872035,363.54929028422714,52
1687.2,7,1066.0499590460822,4.8999999999999995,52.8179777366604,363.51871349198285,52
1687.3,7,1066.0499590460822,4.8999999999999995,52.814973965492726,363.53926695044095,52
1687.4,7,1066.0499590460822,4.8999999999999995,52.81581779301882,363.53296372352844,52
1687.5,7,1066.0499590460822,4.8999999999999995,52.81184293042499,363.55986337376214,52
1687.6,7,1066.0499590460822,4.8999999999999995,52.83156498618406,363.42211999554934,52
1687.7,7,1066.0499590460822,4.8999999999999995,52.82740696477559,363.4501900896512,52
1687.8,7,1066.0499590460822,4.8999999999999995,52.83190595306118,363.4187814805625,52
1687.9,7,1066.0499590460822,4.8999999999999995,52.83627167622227,363.3884727869935,52
1688.0,7,1066.0499590460822,4.8999999999999995,52.82192826718846,363.48699046105196,52
1688.1,7,1066.0499590460822,4.8999999999999995,52.81756053595751,363.5169400001878,52
1688.2,7,1066.0499590460822,4.8999999999999995,52.8018611067218,363.62505523522606,52
1688.3,7,1066.0499590460822,4.199999999999999,52.80351817936112,363.613159745241,52
1688.4,7,1066.0499590460822,4.199999999999999,52.69148778017328,364.3852689007265,52
1688.5,7,1066.0499590460822,4.199999999999999,52.67516128900675,364.4982930042153,52
1688.6,7,1066.0499590460822,4.199999999999999,52.63862497585436,364.751246984893,52
1688.7,7,1066.0499590460822,4.199999999999999,52.62551404349232,364.8421899731683,52
1688.8,7,1066.0499590460822,4.199999999999999,52.61851810383393,364.890783265773,52
1688.9,7,1066.0499590460822,4.199999999999999,52.604395521997596,364.9888970611256,52
1689.0,7,1066.0499590460822,4.199999999999999,52.58379272078362,365.1318137442837,52
1689.1,7,1066.0499590460822,4.199999999999999,52.554558158169876,365.3349664949043,52
1689.2,7,1066.0499590460822,4.199999999999999,52.42138364802566,366.26651498838265,52
1689.3,7,1066.0499590460822,4.199999999999999,52.400878535702105,366.4098686943155,52
1689.4,7,1066.0499590460822,4.199999999999999,52.39264434559122,366.46841593604506,52
1689.5,7,1066.0499590460822,4.199999999999999,52.45268020120926,366.04552897552674,52
1689.6,7,1066.0499590460822,4.199999999999999,52.446973265623825,366.0857163857987,52
1689.7,7,1066.0499590460822,4.199999999999999,52.422937178018515,366.2535062567972,52
1689.8,7,1066.0499590460822,4.199999999999999,52.39547914315295,366.4450783496112,52
1689.9,7,1066.0499590460822,4.199999999999999,52.362100623258094,366.67855799508095,52
1690.0,7,1066.0499590460822,4.199999999999999,52.34299279888554,366.81233659533075,52
1690.1,7,1066.0499590460822,4.199999999999999,52.35478522083156,366.7307093045001,52
1690.2,7,1066.0499590460822,4.199999999999999,52.32551580738205,366.93548130750185,52
1690.3,7,1066.0499590460822,4.199999999999999,52.31380651882364,367.01759254073636,52
1690.4,7,1066.0499590460822,4.199999999999999,52.287421274267714,367.20291753726246,52
1690.5,7,1066.0499590460822,4.199999999999999,52.26784811214163,367.3404458181249,52
1690.6,7,1066.0499590460822,4.199999999999999,52.25101116817096,367.459028042574,52
1690.7,7,1066.0499590460822,4.199999999999999,52.23589028471845,367.5656050180298,52
1690.8,7,1066.0499590460822,4.199999999999999,52.19801587127054,367.8308223678997,52
1690.9,7,1066.0499590460822,4.199999999999999,52.181615223330915,367.94642916733187,52
1691.0,7,1066.0499590460822,4.199999999999999,52.02641669973032,369.04405863663214,52
1691.1,7,1066.0499590460822,4.199999999999999,52.00786328370634,369.17545049126767,52
1691.2,7,1066.0499590460822,4.199999999999999,51.99513358058818,369.26583290453516,52
1691.3,7,1066.0499590460822,4.199999999999999,51.98594378190944,369.331199002757,52
1691.4,7,1066.0499590460822,4.199999999999999,51.98071362864488,369.3686763632363,52
1691.5,7,1066.0499590460822,4.199999999999999,51.976975806783116,369.39549197796475,52
1691.6,7,1066.0499590460822,4.199999999999999,51.95771077638949,369.5323298386308,52
1691.7,7,1066.0499590460822,4.199999999999999,51.96357870209947,369.4912282139163,52
1691.8,7,1066.0499590460822,4.199999999999999,51.80328987288817,370.641604728337,52
1691.9,7,1066.0499590460822,4.199999999999999,51.790087417171264,370.7367106668434,52
1692.0,7,1066.0499590460822,4.199999999999999,51.851157341225154,370.29457109927046,52
1692.1,7,1066.0499590460822,4.199999999999999,51.848777370469485,370.31214601926405,52
1692.2,7,1066.0499590460822,4.199999999999999,51.82491602380523,370.48290752837784,52
1692.3,7,1066.0499590460822,4.199999999999999,51.8142531389514,370.55983151897874,52
1692.4,7,1066.0499590460822,4.199999999999999,51.82813392320081,370.4622352764578,52
1692.5,7,1066.0499590460822,4.199999999999999,51.83438669187767,370.41807069614094,52
1692.6,7,1066.0499590460822,4.199999999999999,51.81360456208225,370.56536827767104,52
1692.7,7,1066.0499590460822,4.199999999999999,51.816880584287134,370.54313216092066,52
1692.8,7,1066.0499590460822,4.199999999999999,51.78441264894164,370.7752226568007,52
1692.9,7,1066.0499590460822,4.199999999999999,51.76441039053604,370.9180979426281,52
1693.0,7,1066.0499590460822,4.199999999999999,51.732347800804185,371.1471153910428,52
1693.1,7,1066.0499590460822,4.199999999999999,51.72559170921524,371.19579543311545,52
1693.2,7,1066.0499590460822,4.199999999999999,51.628665620525425,371.89703462237463,52
1693.3,7,1066.0499590460822,4.199999999999999,51.63339304330222,371.8642820202495,52
1693.4,7,1066.0499590460822,4.199999999999999,51.60921029931346,372.0373785917509,52
1693.5,7,1066.0499590460822,4.199999999999999,51.59900874842634,372.11034544475405,52
1693.6,7,1066.0499590460822,4.199999999999999,51.57801907400855,372.2597610732038,52
1693.7,7,1066.0499590460822,4.199999999999999,51.569423613052635,372.3213327563287,52
1693.8,7,1066.0499590460822,4.199999999999999,51.56941802720293,372.3210621294545,52
1693.9,7,1066.0499590460822,3.5,51.569467738837105,372.321603243067,52
1694.0,7,1066.0499590460822,3.5,51.57147504264742,372.3066418263145,52
1694.1,7,1066.0499590460822,3.5,51.57621545092453,372.2728081292915,52
1694.2,7,1066.0499590460822,3.5,51.567795210754106,372.3324437155077,52
1694.3,7,1066.0499590460822,3.5,51.64399959903172,371.77896255958484,52
1694.4,7,1066.0499590460822,3.5,51.526218366044645,372.63314771109196,52
1694.5,7,1066.0499590460822,3.5,51.54302582297926,372.5124609343278,52
1694.6,7,1066.0499590460822,3.5,51.49243914548468,372.87586345920704,52
1694.7,7,1066.0499590460822,3.5,51.50511478974186,372.7839419452607,52
1694.8,7,1066.0499590460822,3.5,51.50279563778207,372.8006010053466,52
1694.9,7,1066.0499590460822,3.5,51.51370384177411,372.72233666419174,52
1695.0,7,1066.0499590460822,3.5,51.51584840576705,372.7061087737766,52
1695.1,7,1066.299001669242,3.5,51.51815924684915,372.69551384259336,52
1695.2,7,1066.299001669242,4.199999999999999,51.505315543073905,372.78716055766154,52
1695.3,7,1066.299001669242,4.199999999999999,51.50142615289024,372.8138525064665,52
1695.4,7,1066.299001669242,4.199999999999999,51.51254337668476,372.73376566018663,52
1695.5,7,1066.299001669242,4.199999999999999,51.39805475797104,373.5746513021456,52
1695.6,7,1066.299001669242,4.199999999999999,51.40670711016526,373.5122877789752,52
1695.7,7,1066.2266280424549,4.199999999999999,51.40940178468095,373.49155958627887,52
1695.8,7,1066.2266280424549,4.8999999999999995,51.42346945554686,373.39029888631825,52
1695.9,7,1066.2266280424549,4.8999999999999995,51.410595964724486,373.4827629117593,52
1696.0,7,1066.2266280424549,4.8999999999999995,51.39575237086732,373.58850941080607,52
1696.1,7,1066.2266280424549,4.8999999999999995,51.39308846051989,373.6084794207151,52
1696.2,7,1066.273400393633,4.8999999999999995,51.414380928279066,373.4893683424422,52
1696.3,7,1066.273400393633,5.6,51.38586361944493,373.69338123572663,52
1696.4,7,1066.273400393633,5.6,51.38362416603454,373.71185097668035,52
1696.5,7,1066.273400393633,5.6,51.377238836551754,373.7570461369637,52
1696.6,7,1066.273400393633,5.6,51.32582370997938,374.1463626311436,52
1696.7,7,1066.273400393633,5.6,51.29645012478392,374.3576851643024,52
1696.8,7,1066.273400393633,5.6,51.28674054211168,374.42904965640935,52
1696.9,7,1066.273400393633,5.6,51.2878210105508,374.42393372131824,52
1697.0,7,1066.273400393633,5.6,51.27913871368304,374.48677008288325,52
1697.1,7,1066.273400393633,5.6,51.265369229993084,374.5893894656978,52
1697.2,7,1066.273400393633,5.6,51.247404058632696,374.7201557059321,52
1697.3,7,1066.273400393633,5.6,51.2519686595004,374.69210189368323,52
1697.4,7,1066.273400393633,5.6,51.25154543240154,374.69910252264026,52
1697.5,7,1066.273400393633,5.6,51.209542711651736,375.00277393714146,52
1697.6,7,1066.273400393633,4.8999999999999995,51.194546511415055,375.11586880486817,52
1697.7,7,1066.273400393633,4.8999999999999995,51.12593206125043,375.62843978345893,52
1697.8,7,1066.273400393633,4.8999999999999995,51.122857144356516,375.65490037969016,52
1697.9,7,1066.273400393633,4.8999999999999995,51.11599672452629,375.708338324321,52
1698.0,7,1066.273400393633,4.8999999999999995,51.10308041520249,375.8081841743325,52
1698.1,7,1066.273400393633,4.8999999999999995,51.09978336121229,375.8339804944983,52
1698.2,7,1066.273400393633,4.8999999999999995,51.096688434431286,375.8639315964655,52
1698.3,7,1066.273400393633,4.8999999999999995,51.06366834704815,376.10443773218356,52
1698.4,7,1066.273400393633,4.8999999999999995,51.05085084853792,376.2002669602865,52
1698.5,7,1066.273400393633,4.8999999999999995,51.03597382313276,376.31315171701544,52
1698.6,7,1066.273400393633,4.8999999999999995,50.98762857009311,376.6672481560249,52
1698.7,7,1066.273400393633,4.8999999999999995,50.95613110225844,376.90026194868324,52
1698.8,7,1066.273400393633,4.8999999999999995,50.92394108415431,377.1333486863985,52
1698.9,7,1066.273400393633,4.8999999999999995,50.95694157876254,376.87110717497166,52
1699.0,7,1066.273400393633,4.8999999999999995,50.78694628288649,378.10345974410495,52
1699.1,7,1066.273400393633,4.8999999999999995,50.74055057580802,378.44549581995034,52
1699.2,7,1066.273400393633,4.8999999999999995,50.70135944351258,378.73698019446704,52
1699.3,7,1066.273400393633,4.8999999999999995,50.68108654096332,378.88716561085823,52
1699.4,7,1066.273400393633,4.8999999999999995,50.65980764769155,379.04588105754596,52
1699.5,7,1066.273400393633,4.8999999999999995,50.66338917167776,379.022426484836,52
1699.6,7,1066.273400393633,4.8999999999999995,50.64037474944834,379.1939511487693,52
1699.7,7,1066.273400393633,4.8999999999999995,50.54766654069651,379.8399058497689,52
1699.8,7,1066.273400393633,4.8999999999999995,50.52613867184189,380.0018549375127,52
1699.9,7,1066.273400393633,4.8999999999999995,50.48512874033622,380.31083125666237,52
1700.0,7,1066.273400393633,4.8999999999999995,50.457837484091556,380.5167929079786,52
1700.1,7,1066.273400393633,4.8999999999999995,50.435715795214165,380.68338693577,52
1700.2,7,1066.273400393633,4.8999999999999995,50.39236531223479,381.0114171723686,52
1700.3,7,1066.273400393633,4.8999999999999995,50.370075639773034,381.18021881447726,52
1700.4,7,1066.273400393633,4.8999999999999995,50.3502988162078,381.33005504422874,52
1700.5,7,1066.273400393633,4.8999999999999995,50.29771055231798,381.7290349244939,52
1700.6,7,1066.273400393633,4.8999999999999995,50.26765370446273,381.95718798173186,52
1700.7,7,1066.273400393633,4.8999999999999995,50.18924576238025,382.556965057017,52
1700.8,7,1066.273400393633,4.8999999999999995,50.13459231827457,382.9716267939292,52
1700.9,7,1066.273400393633,4.8999999999999995,50.12593488153766,383.0374767424638,52
1701.0,7,1066.273400393633,4.8999999999999995,50.12086510002814,383.0834996488613,52
1701.1,7,1066.273400393633,4.8999999999999995,50.110678059185744,383.1616444986441,52
1701.2,7,1066.273400393633,4.8999999999999995,50.16982623796253,382.70566326313156,52
1701.3,7,1066.273400393633,4.8999999999999995,50.14211119150757,382.9162696568036,52
1701.4,7,1066.273400393633,4.8999999999999995,50.1353855175085,382.96767043629916,52
1701.5,7,1066.273400393633,4.8999999999999995,50.12713246656053,383.0307584482048,52
1701.6,7,1066.273400393633,4.8999999999999995,50.11220578280032,383.1409218939509,52
1701.7,7,1066.273400393633,4.199999999999999,50.10946757061776,383.16199800026357,52
1701.8,7,1066.273400393633,4.199999999999999,50.09168219555757,383.29787672341104,52
1701.9,7,1066.273400393633,4.199999999999999,50.079682817357494,383.3898080409939,52
1702.0,7,1066.273400393633,4.199999999999999,50.06287304492362,383.51849985952225,52
1702.1,7,1066.273400393633,4.199999999999999,50.053949410133455,383.587081215952,52
1702.2,7,1066.273400393633,4.199999999999999,49.966637751993254,384.260279280993,52
1702.3,7,1066.273400393633,3.5,49.94968484619207,384.39050669348796,52
1702.4,7,1066.273400393633,3.5,49.88021382887567,384.92320009016396,52
1702.5,7,1066.273400393633,3.5,49.883159721195746,384.9006324675936,52
1702.6,7,1066.273400393633,3.5,49.89148775882832,384.8361311225596,52
1702.7,7,1066.273400393633,3.5,49.89459275221181,384.8122878604935,52
1702.8,7,1066.273400393633,3.5,49.89082722811874,384.84109196865853,52
1702.9,7,1066.273400393633,3.5,49.89682363522836,384.7948560506004,52
1703.0,7,1066.273400393633,3.5,49.907069778416144,384.71588710212245,52
1703.1,7,1066.273400393633,3.5,49.89842606719441,384.78244595620436,52
1703.2,7,1066.273400393633,3.5,49.90921291433173,384.6993303671908,52
1703.3,7,1066.273400393633,3.5,49.898004346099114,384.78553430682314,52
1703.4,7,1066.273400393633,3.5,49.906549725512974,384.7199913220316,52
1703.5,7,1066.273400393633,3.5,49.87531672584016,384.98820114661606,52
1703.6,5,1064.6299417090606,2.8,49.88931685122074,384.87842899451783,52
1703.7,5,1064.3461958498729,4.0,49.912891766138586,384.6984251199383,52
1703.8,5,1064.3461958498729,4.0,49.92946327183124,384.57397041463196,52
1703.9,5,1064.3461958498729,4.0,49.950646340640475,384.41236959180327,52
1704.0,5,1064.3461958498729,4.0,49.9756363483754,384.22160394834896,52
1704.1,5,1064.3461958498729,4.0,49.999965074430854,384.03352759296024,52
1704.2,5,1064.3461958498729,4.0,50.022305270212094,383.8656934546134,52
1704.3,5,1064.3461958498729,4.0,50.03755965734568,383.7507832719575,52
1704.4,5,1064.3461958498729,4.0,50.066229307441844,383.5332585008406,52
1704.5,5,1064.3461958498729,4.0,49.996932038129515,384.08681666275385,52
1704.6,5,1064.3461958498729,4.0,50.022231385971935,383.89514128512485,52
1704.7,5,1064.3461958498729,4.0,50.02308265191225,383.89143983348373,52
1704.8,5,1064.3461958498729,4.0,49.90019500381486,384.81753913499335,52
1704.9,5,1064.3461958498729,4.0,49.93198749761183,384.57394784107385,52
1705.0,5,1064.3461958498729,4.0,49.94803840579497,384.4530189861547,52
1705.1,5,1064.3461958498729,4.0,49.98374476409679,384.180828608059,52
1705.2,5,1064.3461958498729,4.0,50.00159016336525,384.0456748503699,52
1705.3,5,1064.3461958498729,4.0,50.03407407008691,383.79651700219097,52
1705.4,5,1064.3461958498729,4.0,50.03771522256676,383.8252185402473,52
1705.5,5,1064.3461958498729,4.0,50.054732621150535,383.694975194849,52
1705.6,5,1064.3461958498729,4.0,50.077468899876024,383.52325665448586,52
1705.7,5,1064.3461958498729,4.0,50.07650544245067,383.5396104241296,52
1705.8,5,1064.3461958498729,4.0,50.09015513344548,383.439453795873,52
1705.9,5,1064.3461958498729,4.0,50.11769023663375,383.22846880520353,52
1706.0,5,1064.3461958498729,4.0,50.022258136458106,383.9324757692078,52
1706.1,5,1064.3461958498729,4.0,50.04793002544841,383.73584886766673,52
1706.2,5,1064.3461958498729,4.0,50.06457652296568,383.611535897366,52
1706.3,5,1064.3461958498729,4.0,50.09111875491094,383.40871388000005,52
1706.4,5,1064.3461958498729,4.0,50.103513085293706,383.31682852233286,52
1706.5,5,1064.3461958498729,4.0,50.10401069377327,383.3142396989466,52
1706.6,5,1064.3461958498729,4.0,50.10094878826386,383.34300437948275,52
1706.7,5,1064.3461958498729,4.0,50.11058689680708,383.2681964108555,52
1706.8,5,1064.3461958498729,4.0,50.11756993106779,383.2175004847017,52
1706.9,5,1064.3461958498729,4.0,50.13085548065758,383.116064702057,52
1707.0,5,1064.3461958498729,4.0,50.13752026385269,383.06564101570586,52
1707.1,5,1064.3461958498729,4.0,50.15522333650676,382.9323383057925,52
1707.2,5,1064.3461958498729,4.0,50.154658975824965,382.9419944146763,52
1707.3,5,1064.3461958498729,4.0,50.15673253007414,382.9264649278812,52
1707.4,5,1064.3461958498729,4.0,50.146253044182245,383.0103027880345,52
1707.5,5,1064.3461958498729,4.0,50.139375395961544,383.066631975895,52
1707.6,5,1064.3461958498729,4.0,50.09815462509911,383.3685845813729,52
1707.7,5,1064.3461958498729,4.0,50.08072336066263,383.5040917698989,52
1707.8,5,1064.3461958498729,4.0,49.96719752764723,384.41236760002255,52
1707.9,5,1064.3461958498729,4.0,49.95650798534522,384.49117746305535,52
1708.0,5,1064.3461958498729,4.0,49.94938910866634,384.54481452986863,52
1708.1,5,1064.3461958498729,4.0,49.9416685130115,384.6083083310021,52
1708.2,5,1064.3461958498729,4.0,49.94243875145135,384.59778892654117,52
1708.3,5,1064.3461958498729,4.0,49.93493034059311,384.6593775961893,52
1708.4,5,1064.3461958498729,3.5,49.91709853334174,384.79795614769074,52
1708.5,5,1064.3461958498729,3.5,49.910716867361984,384.8461502648004,52
1708.6,5,1064.3461958498729,3.5,49.90054765744107,384.92100759120575,52
1708.7,5,1064.3461958498729,3.5,49.765620438495894,386.00927038684716,52
1708.8,5,1064.3461958498729,3.5,49.75421956412034,386.0963838634483,52
1708.9,5,1064.3461958498729,3.5,49.74641724206506,386.1561773808654,52
1709.0,5,1063.8977079169742,3.5,49.74749967711164,386.1469869360335,52
1709.1,5,1063.8977079169742,4.0,49.762768791351434,386.01722298947095,52
1709.2,5,1063.8977079169742,4.0,49.75508160406427,386.0751696759314,52
1709.3,5,1063.8977079169742,4.0,49.74267716171011,386.17438198280865,52
1709.4,5,1063.8977079169742,4.0,49.726407184549196,386.3061558860228,52
1709.5,5,1063.8977079169742,4.0,49.69374008814907,386.57014829972627,52
1709.6,5,1063.8977079169742,4.0,49.6697751851077,386.76446028623593,52
1709.7,5,1063.8977079169742,4.0,49.64908871733054,386.92778532623726,52
1709.8,5,1063.8977079169742,4.0,49.48499960008735,388.1737593899913,52
1709.9,5,1063.8977079169742,4.0,49.463313195743204,388.3505733000516,52
1710.0,5,1063.8977079169742,4.0,49.44580805167729,388.4921512578188,52
1710.1,5,1063.8977079169742,4.0,49.30330979344731,389.66602270041324,52
1710.2,5,1063.8977079169742,4.0,49.28209093638093,389.8364953712003,52
1710.3,5,1063.8977079169742,4.0,49.35212719094537,389.3291774650738,52
1710.4,5,1063.8977079169742,4.0,49.347757371193445,389.36965599683606,52
1710.5,5,1063.8977079169742,4.0,49.330444660019495,389.5170629880256,52
1710.6,5,1063.8977079169742,4.0,49.297748047669124,390.19113530922584,52
1710.7,5,1063.8977079169742,4.0,49.273913452318084,390.39094198455257,52
1710.8,5,1063.8977079169742,4.0,49.26259134264221,390.49641620069895,52
1710.9,5,1063.8977079169742,4.0,49.122608360919955,392.11661888838535,52
1711.0,5,1064.9148598796696,4.0,49.11180927291268,392.20650623627324,53
1711.1,5,1064.9148598796696,-100.0,49.09369476384799,392.36185718172385,53
1711.2,5,1064.9148598796696,4.0,49.080754924881695,392.4702708019935,53
1711.3,5,1064.9148598796696,4.0,49.0443585224824,392.7777259403868,53
1711.4,5,1064.9148598796696,4.0,49.02609693906271,392.9391134215268,53
1711.5,5,1064.9148598796696,4.0,49.01742847874169,393.01533255977495,53
1711.6,5,1064.9148598796696,4.0,49.01363914025704,393.0552233129814,53
1711.7,5,1064.9148598796696,4.0,49.02763562727104,393.57630983460206,53
1711.8,8,1065.328761637871,3.5,49.07321321314711,393.13307251497383,53
1711.9,5,1065.328761637871,3.5,49.06425831432419,393.2112617191762,53
1712.0,5,1065.328761637871,3.5,49.05042907899097,393.3057863361515,53
1712.1,5,1065.328761637871,3.5,49.030004092474506,393.4856336890483,53
1712.2,5,1065.328761637871,3.5,49.01772854811026,393.58158610074963,53
1712.3,8,1065.545504245747,3.5,49.005737184524534,393.67520807575596,53
1712.4,8,1065.4990739269385,3.5,48.98215144920239,393.8646270651538,53
1712.5,5,1065.4990739269385,3.5,48.96808840760464,393.98260130749634,53
1712.6,5,1065.4990739269385,3.5,49.03662212119396,393.52983789002565,53
1712.7,5,1065.0527171687445,3.5,48.96220421825618,394.07114157996466,53
1712.8,5,1065.0527171687445,4.0,48.95142977756596,394.1594032873812,53
1712.9,5,1065.0527171687445,4.0,48.932840972251995,394.30985050478813,53
1713.0,5,1065.0527171687445,4.0,48.917334011014745,394.43266856909463,53
1713.1,5,1065.0527171687445,4.0,48.910644150208356,394.48462626389454,53
1713.2,5,1065.0527171687445,4.0,48.88974900943665,394.6676843466743,53
1713.3,5,1065.0527171687445,4.0,48.891500546672816,394.65566595092264,53
1713.4,5,1065.0527171687445,4.0,48.87817950405327,394.7642969477133,53
1713.5,5,1065.0527171687445,4.0,48.82850442732762,394.7492493446863,53
1713.6,5,1065.0527171687445,4.0,48.824827805402435,394.7797689379703,53
1713.7,5,1065.0527171687445,4.0,48.81945722076645,394.8356497137353,53
1713.8,5,1065.0527171687445,4.0,48.80713186936799,394.93114454499084,53
1713.9,5,1065.0527171687445,4.0,48.80401325619664,394.9596589513279,53
1714.0,5,1065.0527171687445,4.0,48.79905690944614,394.99736364716296,53
1714.1,8,1065.0527171687445,4.0,48.78430532249483,395.1183863774371,53
1714.2,8,1065.0527171687445,4.199999999999999,48.77688808081443,395.1850978861022,53
1714.3,8,1065.0527171687445,4.199999999999999,48.77860088234419,395.1766966162961,53
1714.4,8,1065.0527171687445,4.199999999999999,48.73451873350869,395.5772667493288,53
1714.5,8,1065.0527171687445,4.199999999999999,48.728357045760895,395.64394317239817,53
1714.6,8,1065.0527171687445,4.199999999999999,48.72408746663933,395.6769073126793,53
1714.7,8,1065.0527171687445,4.199999999999999,48.58317428582785,396.7055550079351,53
1714.8,5,1065.0527171687445,3.5,48.56841682048802,396.83773647473265,53
1714.9,5,1065.0527171687445,4.0,48.55492524322672,396.96121722428427,53
1715.0,5,1065.0527171687445,4.0,48.55927891855228,396.93861275294216,53
1715.1,5,1065.0527171687445,4.0,48.54833851226101,397.03612869883426,53
1715.2,5,1065.0527171687445,4.0,48.54247001733113,397.09503547871384,53
1715.3,5,1065.0527171687445,4.0,48.5201383569803,397.28380088939525,53
1715.4,5,1064.606441130649,4.0,48.50862326991279,397.3742122280132,53
1715.5,8,1064.606441130649,4.5,48.390861096305954,398.4805270185006,53
1715.6,8,1064.606441130649,3.5,48.37540553606669,398.62315768122426,53
1715.7,8,1064.606441130649,3.5,48.371042989449414,398.6741616790657,53
1715.8,8,1064.606441130649,3.5,48.35558186701358,398.8158002383017,53
1715.9,8,1064.606441130649,3.5,48.33875318104643,398.96508213807306,53
1716.0,8,1064.606441130649,3.5,48.329789717878754,399.04658033788934,53
1716.1,8,1064.606441130649,3.5,48.324220487724816,399.09322028467847,53
1716.2,8,1064.606441130649,3.5,48.218143035509065,399.8923004461734,53
1716.3,8,1065.613619876926,3.5,48.208252787995995,399.98130577521346,54
1716.4,8,1065.613619876926,-100.0,48.20163570655906,400.0499705670896,54
1716.5,8,1065.613619876926,3.5,48.196449667459426,400.1088534142409,54
1716.6,8,1065.613619876926,3.5,48.193992294915525,400.1336742899934,54
1716.7,8,1065.613619876926,3.5,48.19727617814478,400.1274021717544,54
1716.8,8,1065.613619876926,3.5,48.194899144308586,400.1491972824835,54
1716.9,8,1065.613619876926,3.5,48.193541212373745,400.1674216333221,54
1717.0,8,1065.613619876926,3.5,48.200903495931115,400.11739967993907,54
1717.1,8,1065.613619876926,3.5,48.266546451099515,399.6580407049764,54
1717.2,8,1065.613619876926,3.5,48.277355985366796,399.5635823870857,54
1717.3,8,1065.613619876926,3.5,48.09842116860118,401.27291575236313,54
1717.4,8,1065.613619876926,3.5,48.09575822128214,401.3007611931587,54
1717.5,8,1065.613619876926,3.5,48.10116295675645,401.2642824327055,54
1717.6,8,1065.613619876926,3.5,48.09176950621576,401.3487693839522,54
1717.7,8,1065.613619876926,3.5,48.10200288313894,401.2557866370484,54
1717.8,8,1065.613619876926,3.5,48.097699507062934,401.3003113393135,54
1717.9,8,1065.613619876926,3.5,48.1043917662916,401.2493563975524,54
1718.0,8,1065.613619876926,3.5,48.116266158570355,401.151727883083,54
1718.1,8,1065.613619876926,3.5,48.087041582987496,400.89491577232053,54
1718.2,8,1065.613619876926,3.5,48.08467019437515,400.92114079526897,54
1718.3,8,1065.613619876926,3.5,48.09983125239312,400.78470645229606,54
1718.4,8,1065.613619876926,3.5,48.114252724092154,400.66565282523896,54
1718.5,8,1065.613619876926,2.8,48.09716149379422,400.3929178493437,54
1718.6,6,1064.3189907195265,2.0999999999999996,47.973602016058436,401.5609222258349,54
1718.7,5,1063.8843371316993,4.5,47.99353006702363,401.38798807201977,54
1718.8,5,1063.8843371316993,4.5,48.04802330762014,400.9072252474823,54
1718.9,5,1063.8843371316993,4.5,48.07520859850749,400.6645404011216,54
1719.0,5,1063.8843371316993,4.5,48.11400968802463,400.3312082676256,54
1719.1,5,1063.8843371316993,4.5,48.16398400994822,399.89054318897126,54
1719.2,5,1063.8843371316993,4.5,48.22608168578971,399.3487465126698,54
1719.3,5,1063.8843371316993,4.5,48.289890437481915,398.81011786418475,54
1719.4,5,1063.8843371316993,4.5,48.16696284464214,399.64716004187915,54
1719.5,5,1063.8843371316993,4.5,48.32094813658938,398.43192617732484,54
1719.6,5,1063.8843371316993,4.5,48.38078045578057,397.9182298371453,54
1719.7,5,1063.8843371316993,4.5,48.44907699655137,397.34074555683867,54
1719.8,5,1063.8843371316993,4.5,48.65044200443613,395.5609691428426,54
1719.9,5,1063.8843371316993,4.5,48.7192082627958,394.99101631062234,54
1720.0,5,1063.8843371316993,4.5,48.77275848811233,394.54782257722553,54
1720.1,5,1063.8843371316993,4.5,48.8442612980997,393.95617133455744,54
1720.2,5,1063.8843371316993,4.5,48.90141154706157,393.4875821107893,54
1720.3,6,1063.038178308366,4.5,48.97150486697305,392.9084259274165,54
1720.4,6,1062.8382319790753,5.0,48.824703256310414,394.2489049635316,54
1720.5,6,1062.4873009579994,5.0,48.7395708990955,394.82974532885737,54
1720.6,6,1062.4873009579994,5.0,48.78564504492718,394.4507047089145,54
1720.7,6,1062.4873009579994,5.0,48.822114443951676,394.1609928870618,54
1720.8,5,1062.4873009579994,5.0,48.85965674321599,393.8694871262662,54
1720.9,5,1062.049653849752,4.0,48.89962339790269,393.55326942488773,54
1721.0,5,1062.049653849752,4.5,48.937613801360015,393.25875187979926,54
1721.1,5,1062.049653849752,4.5,49.117777738515684,391.70581834279864,54
1721.2,5,1062.049653849752,4.5,49.15005826318209,391.4609265940323,54
1721.3,5,1062.049653849752,4.5,49.17075857554373,391.30730167879744,54
1721.4,5,1062.049653849752,4.5,49.200624863555774,391.0874888742822,54
1721.5,5,1062.049653849752,4.5,49.22591812727632,390.8969263266986,54
1721.6,5,1062.049653849752,4.5,49.24264668912175,390.7792491739964,54
1721.7,5,1062.049653849752,4.5,49.267893963697716,390.5954019271353,54
1721.8,5,1062.049653849752,4.5,49.13033766796532,391.5901763852205,54
1721.9,5,1062.049653849752,4.5,49.15827529428345,391.3763050313821,54
1722.0,5,1062.049653849752,4.5,49.2779846681734,390.52261888770715,54
1722.1,5,1062.049653849752,4.5,49.3039588708458,390.3280730769733,54
1722.2,5,1062.049653849752,4.5,49.12026853184306,391.97002292246236,54
1722.3,5,1062.049653849752,4.5,49.13472646524629,391.8673222378228,54
1722.4,5,1062.049653849752,4.5,49.15508090657956,391.7171928152026,54
1722.5,5,1062.049653849752,4.5,49.159113443638304,391.7021263945203,54
1722.6,5,1062.049653849752,4.5,49.16754036177584,391.64085748374305,54
1722.7,5,1062.049653849752,4.5,49.17548413199435,391.580883572001,54
1722.8,5,1062.049653849752,4.5,49.03136123329651,392.62254989820264,54
1722.9,5,1062.049653849752,4.5,49.046290256654146,392.50940470507226,54
1723.0,6,1061.6146448624597,4.5,49.043735537620336,392.539140810121,54
1723.1,6,1061.6146448624597,5.0,49.04595195600356,392.5238078848128,54
1723.2,6,1061.6146448624597,5.0,49.18889730770826,391.28015976818966,54
1723.3,5,1061.6146448624597,5.0,49.18362212171757,391.3195456705956,54
1723.4,5,1061.6146448624597,4.5,49.18571090635236,391.3237419831442,54
1723.5,5,1061.6146448624597,4.5,49.180835752524324,391.3649267696467,54
1723.6,5,1061.1793010866336,4.5,49.17710239575993,391.4067936422755,54
1723.7,5,1061.1793010866336,5.0,49.18289367180911,391.3709329027362,54
1723.8,5,1061.1793010866336,5.0,49.213806810033766,391.54159206484394,54
1723.9,8,1061.1793010866336,4.5,49.20835899435444,391.58812957016966,54
1724.0,8,1061.1793010866336,2.0999999999999996,49.159915789577866,391.7842926028136,54
1724.1,8,1061.1793010866336,2.0999999999999996,49.16028409320994,391.78196197007753,54
1724.2,5,1061.1793010866336,2.0999999999999996,49.1578266051907,391.80925261562606,54
1724.3,5,1061.1793010866336,4.5,49.27501117022004,390.97511505271615,54
1724.4,5,1061.1793010866336,4.5,49.263198409226874,391.0784649858525,54
1724.5,5,1061.1793010866336,4.5,49.258318291817446,391.12898881463116,54
1724.6,5,1061.1793010866336,4.5,49.247270840915476,391.2307916433805,54
1724.7,5,1061.1793010866336,4.5,49.23826226555201,391.306325921811,54
1724.8,5,1061.1793010866336,4.5,49.23012057593952,391.3958565634332,54
1724.9,5,1061.1793010866336,4.5,49.02197395615873,393.30356971019654,54
1725.0,5,1061.1793010866336,4.5,49.02196394250279,393.324090509067,54
1725.1,5,1061.1793010866336,4.5,49.009866348591345,393.4428312847633,54
1725.2,5,1061.1793010866336,4.5,49.004407480597706,393.5040984869054,54
1725.3,5,1061.1793010866336,4.5,49.01141591837419,393.462088960879,54
1725.4,5,1061.1793010866336,4.5,49.015529178318175,393.4375385008956,54
1725.5,5,1061.1793010866336,4.5,49.01170805849192,393.49189251506914,54
1725.6,5,1061.1793010866336,4.5,48.958596840566955,393.6491526058756,54
1725.7,5,1061.1793010866336,4.5,48.95545861867254,393.68322676810146,54
1725.8,5,1061.1793010866336,4.5,48.949638815717506,393.74431984822274,54
1725.9,5,1061.1793010866336,4.5,48.9566868571543,393.68334616043774,54
1726.0,5,1061.1793010866336,4.5,48.96802772145433,393.59390058712177,54
1726.1,5,1061.1793010866336,4.5,48.72840871805465,395.7973635965178,54
1726.2,6,1060.7458450303745,4.5,48.74389540725235,395.6723628366875,54
1726.3,5,1060.7458450303745,5.5,48.74969307596136,395.6306881564949,54
1726.4,5,1060.7458450303745,4.5,48.765229493194724,395.51574974043183,54
1726.5,5,1060.3131820393075,4.5,48.78585635073135,395.3355452966923,54
1726.6,5,1060.3131820393075,5.0,48.641695341912424,396.3711706023764,54
1726.7,5,1060.3131820393075,5.0,48.72384200763797,395.7901224699424,54
1726.8,6,1060.3131820393075,5.0,48.72433940342857,395.79495677283916,54
1726.9,6,1060.3131820393075,5.5,48.73769725499022,395.6885114104084,54
1727.0,8,1060.3131820393075,5.5,48.75276262900484,395.5752544096497,54
1727.1,8,1060.3131820393075,2.8,48.76303242901457,395.49087075313105,54
1727.2,8,1060.3131820393075,2.8,48.779879845693756,395.35236396159587,54
1727.3,8,1060.3131820393075,2.8,48.793935038124474,395.2564318480622,54
1727.4,8,1060.3131820393075,2.8,48.8138436220116,395.09853731472106,54
1727.5,6,1060.3131820393075,2.8,48.82178855014617,395.0338848231954,54
1727.6,6,1060.3131820393075,5.5,48.83901503221617,394.89887551950517,54
1727.7,6,1060.3131820393075,5.5,48.86426571728872,394.70824867843737,54
1727.8,6,1060.3131820393075,5.5,48.86916682585107,394.6804682540986,54
1727.9,6,1060.3131820393075,5.5,48.896299728891975,394.46966815752506,54
1728.0,6,1060.3131820393075,5.5,48.907163450505806,394.3840603411258,54
1728.1,6,1060.3131820393075,5.5,48.92369621025625,394.2526210662654,54
1728.2,6,1060.3131820393075,5.5,48.95539642827889,393.9888914071701,54
1728.3,6,1060.3131820393075,5.5,48.80455386221432,395.018725086742,54
1728.4,6,1060.3131820393075,5.5,48.917190732999245,394.0150013940737,54
1728.5,6,1060.3131820393075,5.5,48.95047450163077,393.7395377004681,54
1728.6,6,1060.3131820393075,5.5,48.98251520070975,393.4857396299512,54
1728.7,6,1060.3131820393075,5.5,48.977481764281464,393.65756938191095,54
1728.8,6,1060.3131820393075,5.5,49.01403354362094,393.3510114335535,54
1728.9,6,1060.3131820393075,5.5,48.80211161105254,395.33594184162763,54
1729.0,6,1060.3131820393075,5.5,48.847165969102505,394.9639041739881,54
1729.1,6,1060.3131820393075,5.5,48.83939813669929,394.81176370017556,54
1729.2,6,1059.8800927373022,5.5,48.868633192230035,394.5664010341238,54
1729.3,6,1059.8800927373022,6.0,48.981022352713325,393.7402366012409,54
1729.4,6,1059.8800927373022,6.0,49.017118314782664,393.45737654811364,54
1729.5,6,1059.8800927373022,6.0,49.065281811121466,393.06903401132297,54
1729.6,6,1059.8800927373022,6.0,49.10117418481616,392.77972886752025,54
1729.7,6,1059.8800927373022,6.0,49.148997640458695,392.3849441722739,54
1729.8,6,1059.8800927373022,6.0,49.189082925476896,392.0764507481965,54
1729.9,6,1059.8800927373022,6.0,49.241022665000386,391.6553883977525,54
1730.0,6,1059.8800927373022,6.0,49.286372324330934,391.29947333110533,54
1730.1,6,1059.8800927373022,6.0,49.34230188906908,390.8422634737277,54
1730.2,6,1059.8800927373022,6.0,49.392745204813664,390.4458297864667,54
1730.3,6,1059.8800927373022,6.0,49.43233229144376,390.1315940200627,54
1730.4,6,1059.8800927373022,6.0,49.47323752770994,389.82448165075965,54
1730.5,6,1059.8800927373022,6.0,49.516430807084966,389.48785691534704,54
1730.6,6,1059.8800927373022,6.0,49.55076542033483,389.2302548199258,54
1730.7,6,1059.8800927373022,6.0,49.34270443387851,391.16733645080205,54
1730.8,6,1059.8800927373022,6.0,49.37251315163236,390.9352199972487,54
1730.9,6,1059.8800927373022,6.0,49.411187489080675,390.63251536975673,54
1731.0,6,1059.8800927373022,6.0,49.44252957498491,390.382637694598,54
1731.1,6,1059.8800927373022,6.0,49.47879739142935,390.10785390261395,54
1731.2,6,1059.8800927373022,6.0,49.31974888779058,391.179692129966,54
1731.3,6,1059.8800927373022,6.0,49.35133025510386,390.9396165465718,54
1731.4,6,1059.8800927373022,6.0,49.342257106795145,390.8997261207927,54
1731.5,6,1059.8800927373022,6.0,49.36923541601041,390.69978228528566,54
1731.6,6,1059.8800927373022,6.0,49.405301490989004,390.43588503391504,54
1731.7,6,1059.8800927373022,6.0,49.49061957786067,389.8441951555094,54
1731.8,6,1059.8800927373022,6.0,49.51046182518688,389.7044553409404,54
1731.9,6,1059.8800927373022,6.0,49.5386064549118,389.5114725265087,54
1732.0,6,1059.8800927373022,5.5,49.563350445516335,389.3341099899214,54
1732.1,6,1059.8800927373022,5.5,49.58841600522938,389.16910431004976,54
1732.2,6,1059.8800927373022,5.5,49.610881079187976,389.011705695823,54
1732.3,6,1059.8800927373022,5.5,49.73133527843258,387.96305451352725,54
1732.4,6,1059.8800927373022,5.5,49.75548732860575,387.7917149190377,54
1732.5,6,1059.8800927373022,5.5,49.77027519700118,387.6946834610251,54
1732.6,6,1059.8800927373022,5.5,49.58688891562486,388.9393561321425,54
1732.7,6,1059.8800927373022,5.5,49.601725856216,388.8434755402609,54
1732.8,6,1059.8800927373022,5.5,49.62266763763728,388.70635423116244,54
1732.9,6,1059.8800927373022,5.5,49.63640719847913,388.6178007293407,54
1733.0,6,1059.8800927373022,5.5,49.64621106455042,388.5627454784992,54
1733.1,6,1059.8800927373022,5.5,49.66232495819503,388.45946678035386,54
1733.2,6,1059.8800927373022,5.5,49.67488142662398,388.38617660677085,54
1733.3,6,1059.8800927373022,5.5,49.685332482346105,388.32594420693886,54
1733.4,6,1059.8800927373022,5.5,49.774773683151864,387.3292731891974,54
1733.5,6,1059.8800927373022,5.5,49.78852904490948,387.2509426502581,54
1733.6,6,1059.8800927373022,5.5,49.8086043979652,387.09124834933755,54
1733.7,6,1059.8800927373022,5.5,49.83841436302951,386.86888051492826,54
1733.8,6,1059.8800927373022,5.5,49.869079571272486,386.6338419080391,54
1733.9,6,1059.8800927373022,5.0,49.891349485062314,386.45261933705,54
1734.0,6,1059.8800927373022,5.0,49.91504004758796,386.2795317742423,54
1734.1,6,1059.8800927373022,5.0,49.99886175891605,385.67470455210236,54
1734.2,6,1059.8800927373022,5.0,50.01976176725532,385.52661823134235,54
1734.3,6,1059.8800927373022,5.0,50.03350897273821,385.417494232276,54
1734.4,6,1059.8800927373022,5.0,50.05731782761322,385.2444257174162,54
1734.5,6,1059.8800927373022,5.0,50.08509230684844,385.02988181431584,54
1734.6,6,1059.8800927373022,5.0,50.109217847235115,384.8471393458299,54
1734.7,6,1059.8800927373022,5.0,49.952829029948234,386.2493254718412,54
1734.8,6,1059.8800927373022,5.0,49.976389350152616,386.062276153947,54
1734.9,6,1059.8800927373022,5.0,50.0017503234898,385.84211852858414,54
1735.0,6,1059.8800927373022,5.0,50.00911341570177,385.7991303141274,54
1735.1,6,1059.8800927373022,5.0,50.03028680927331,385.624581283843,54
1735.2,6,1059.8800927373022,5.0,50.04255344142788,385.53063854147183,54
1735.3,6,1059.8800927373022,5.0,50.16287426904618,384.4894171041801,54
1735.4,6,1059.8800927373022,5.0,50.18271499100301,384.34430228473565,54
1735.5,6,1059.8800927373022,5.0,50.0303949007744,385.3440591510946,54
1735.6,6,1059.8800927373022,5.0,50.03862573765319,385.28441213517135,54
1735.7,6,1059.8800927373022,5.0,50.058869289480924,385.13797538629746,54
1735.8,6,1059.8800927373022,5.0,50.062771536577756,385.1181567670831,54
1735.9,6,1059.8800927373022,5.0,50.082463643965326,384.9648135105348,54
1736.0,6,1059.8800927373022,5.0,50.0924391306213,384.89802294717686,54
1736.1,6,1059.8800927373022,5.0,50.09624947671932,384.8684259802199,54
1736.2,6,1059.8800927373022,5.0,50.156362254199905,384.4384914798702,54
1736.3,6,1059.8800927373022,5.0,50.18400513237823,384.2294312831092,54
1736.4,6,1059.8800927373022,5.0,50.206692729887976,384.06094335296336,54
1736.5,6,1059.8800927373022,5.0,50.241987680216155,383.78350749746915,54
1736.6,6,1059.8800927373022,5.0,50.259210468162564,383.66903838979493,54
1736.7,6,1059.8800927373022,5.0,50.29716789815608,383.3700657235396,54
1736.8,6,1059.8800927373022,5.0,50.31317572185674,383.2594718921966,54
1736.9,6,1059.8800927373022,5.0,50.34077190497196,383.0369050768465,54
1737.0,6,1059.8800927373022,5.0,50.34877216839276,382.9901016573199,54
1737.1,6,1059.8800927373022,5.0,50.372479863263464,382.80631632082077,54
1737.2,6,1059.8800927373022,5.0,50.384062367460714,382.72372006989644,54
1737.3,6,1059.8800927373022,5.0,50.412064570930035,382.49961110152014,54
1737.4,6,1059.8800927373022,5.0,50.429126760497475,382.3720504042256,54
1737.5,6,1059.8800927373022,5.0,50.45147238795764,382.1971195475901,54
1737.6,5,1059.5317531379478,5.0,50.465601671739556,382.08319072354857,54
1737.7,5,1059.1260408312755,4.0,50.49898952895839,381.8166521324616,54
1737.8,5,1059.1260408312755,4.0,50.525318513584295,381.6248859411421,54
1737.9,5,1059.1260408312755,4.0,50.56043076067243,381.3504844615603,54
1738.0,5,1059.1260408312755,4.0,50.58645414920383,381.1632491105222,54
1738.1,5,1059.1260408312755,4.0,50.623001709545065,380.8771360539075,54
1738.2,5,1059.1260408312755,4.0,50.66146567091859,380.58399541571447,54
1738.3,5,1059.1260408312755,4.0,50.74380729195946,379.3479088946195,54
1738.4,5,1059.1260408312755,4.0,50.7827675425889,379.0582217197408,54
1738.5,5,1059.1260408312755,4.0,50.79950313480079,378.9405430463072,54
1738.6,5,1059.1260408312755,4.0,50.81988139553984,378.7993039860147,54
1738.7,5,1059.1260408312755,4.0,50.86733171271047,378.47278053809305,54
1738.8,5,1059.1260408312755,4.0,50.89812306047318,377.89773391926116,54
1738.9,5,1059.1260408312755,4.5,50.92531723507072,377.6910957948844,54
1739.0,5,1059.1260408312755,4.5,50.940902928407624,377.58373554860293,54
1739.1,5,1059.1260408312755,4.5,50.96518042954156,377.4056321482983,54
1739.2,5,1059.1260408312755,4.5,50.98870327162056,377.2282487429495,54
1739.3,5,1059.1260408312755,4.5,51.00844724969856,377.0823490721451,54
1739.4,5,1059.1260408312755,4.5,51.0340342514459,376.8904748617397,54
1739.5,5,1058.6962061606891,4.5,51.067652182976076,376.6411487969076,54
1739.6,5,1058.6962061606891,5.0,51.10314087183766,376.37728540776027,54
1739.7,5,1058.6962061606891,5.0,51.12661348173872,376.2005219717647,54
1739.8,5,1058.6962061606891,5.0,51.16231616537597,375.93491664289877,54
1739.9,5,1058.6962061606891,5.0,51.18334735466537,375.7734675644032,54
1740.0,5,1058.6962061606891,4.5,51.20967981142979,375.57620629509006,54
1740.1,5,1058.6962061606891,4.5,51.24119001808818,375.34280123457484,54
1740.2,5,1058.6962061606891,4.5,51.281844327743215,375.0325579086318,54
1740.3,5,1058.6962061606891,4.5,51.28175981920055,375.03210320595684,54
1740.4,5,1058.6962061606891,4.5,51.31902579264754,374.7446112672587,54
1740.5,5,1058.6962061606891,4.5,51.33881537823868,374.5950971076559,54
1740.6,5,1058.6962061606891,4.5,51.35867985567191,374.4489291763191,54
1740.7,5,1058.6962061606891,4.5,51.38366343761996,374.2607680347588,54
1740.8,5,1058.6962061606891,4.5,51.41801382626441,374.00591654942735,54
1740.9,5,1058.6962061606891,4.5,51.426131903363824,373.9448401319428,54
1741.0,5,1058.6962061606891,4.5,51.47002346036258,373.615446559068,54
1741.1,5,1058.6962061606891,4.5,51.490082993050756,373.46826394430366,54
1741.2,5,1058.6962061606891,4.5,51.523152114649015,373.21046381809913,54
1741.3,5,1058.6962061606891,4.5,51.52589033155582,373.1924516098827,54
1741.4,5,1058.6962061606891,4.5,51.53780582880886,373.1004495101355,54
1741.5,5,1058.6962061606891,4.5,51.55334002390987,372.98733992152125,54
1741.6,5,1058.6962061606891,4.5,51.57240713958335,372.84463857430563,54
1741.7,5,1058.6962061606891,4.5,51.57723384434111,372.80713283537136,54
1741.8,5,1058.6962061606891,4.5,51.58742046559425,372.7315287161331,54
1741.9,5,1058.6962061606891,4.5,51.60322309095402,372.60724929471337,54
1742.0,5,1058.6962061606891,4.5,51.61579264448345,372.5135243345387,54
1742.1,5,1058.6962061606891,4.0,51.61721158897534,372.50063434965216,54
1742.2,5,1058.6962061606891,4.0,51.63896503677148,372.33622702860504,54
1742.3,5,1058.6962061606891,4.0,51.66331866288948,372.1532874879692,54
1742.4,5,1058.6962061606891,4.0,51.335235641912966,374.5243051649771,54
1742.5,5,1058.6962061606891,4.0,51.34201972817872,374.46896339618644,54
1742.6,7,1058.6962061606891,4.0,51.33687953855536,374.5080247655157,54
1742.7,5,1058.6962061606891,4.199999999999999,51.3401942336751,374.48134835559733,54
1742.8,5,1058.6962061606891,4.0,51.33703398983029,374.50517136065235,54
1742.9,5,1058.6962061606891,4.0,51.332615421230464,374.54147747862453,54
1743.0,5,1058.6962061606891,4.0,51.33806138294258,374.49934910241745,54
1743.1,5,1058.6962061606891,4.0,51.330920234887614,374.54907631873414,54
1743.2,5,1058.6962061606891,4.0,51.339636838035645,374.4939994441644,54
1743.3,5,1058.6962061606891,4.0,51.340478079489344,374.48742415194135,54
1743.4,5,1058.6962061606891,4.0,51.3428152232766,374.4647231894388,54
1743.5,5,1058.6962061606891,4.0,51.339605975708714,374.4964089957085,54
1743.6,7,1058.6962061606891,3.5,51.33716696183585,374.5195941913418,54
1743.7,5,1058.267186150439,4.8999999999999995,51.123413602614164,375.98420450958986,54
1743.8,5,1058.267186150439,4.0,51.130304352698865,375.9390730524563,54
1743.9,5,1058.267186150439,4.0,51.129008527120135,375.95412292889023,54
1744.0,5,1058.267186150439,4.0,51.124775958437596,375.9899599297222,54
1744.1,5,1058.267186150439,4.0,51.13023504080739,375.95011333845866,54
1744.2,5,1058.267186150439,4.0,51.13067919101202,375.95187838759864,54
1744.3,5,1058.267186150439,4.0,51.14494990124308,375.7367600725713,54
1744.4,5,1058.267186150439,4.5,51.16512941216845,375.5880749812732,54
1744.5,5,1058.267186150439,4.5,51.1770768949053,375.50050217744666,54
1744.6,5,1058.267186150439,4.5,51.1854971580957,375.43034803605786,54
1744.7,5,1058.267186150439,4.5,51.152716464127465,375.7145874066504,54
1744.8,5,1058.267186150439,4.5,51.15245306908612,375.71979558874705,54
1744.9,5,1058.267186150439,4.5,51.161341946345544,375.65259835658344,54
1745.0,5,1058.267186150439,4.5,51.16473886842772,375.6278953619095,54
1745.1,5,1058.267186150439,4.5,51.17047882993515,375.58662138974375,54
1745.2,5,1058.267186150439,4.5,51.193073765685284,375.41854304139326,54
1745.3,5,1058.267186150439,4.5,51.21309597366707,375.2680192812571,54
1745.4,7,1058.267186150439,4.0,51.222172155477004,375.2018638768685,54
1745.5,7,1058.267186150439,4.199999999999999,51.2192232943718,375.22336703543976,54
1745.6,7,1058.267186150439,4.199999999999999,51.232514966647685,375.11854046681754,54
1745.7,7,1058.267186150439,4.199999999999999,51.236954686290616,375.0844216161931,54
1745.8,7,1058.267186150439,4.199999999999999,51.24697874305307,375.0047285660848,54
1745.9,8,1058.267186150439,4.199999999999999,51.256354637518534,374.934761477105,54
1746.0,8,1058.267186150439,4.8999999999999995,51.26375624913884,374.8793245738102,54
1746.1,8,1058.267186150439,4.8999999999999995,51.25665840543624,374.9301150484033,54
1746.2,7,1058.267186150439,4.8999999999999995,51.26482785325976,374.8682378750782,54
1746.3,7,1058.267186150439,4.199999999999999,51.26960151680452,374.83111386677706,54
1746.4,7,1058.267186150439,4.199999999999999,51.279623854343775,374.75269467568444,54
1746.5,7,1058.267186150439,4.8999999999999995,51.29161883140489,374.6651234753301,54
1746.6,7,1058.267186150439,4.8999999999999995,51.300507461272154,374.59654628108115,54
1746.7,7,1058.267186150439,4.8999999999999995,51.236224766115576,375.0991926267832,54
1746.8,8,1058.267186150439,4.199999999999999,51.24264884264335,375.0493377751965,54
1746.9,8,1058.267186150439,4.8999999999999995,51.25954254658334,374.9273753142763,54
1747.0,8,1058.267186150439,4.8999999999999995,51.27011639414687,374.8520203229971,54
1747.1,7,1058.267186150439,4.199999999999999,51.2803564734775,374.77458196842906,54
1747.2,7,1058.267186150439,4.199999999999999,51.285232212535135,374.7367318316353,54
1747.3,7,1058.267186150439,4.199999999999999,51.311274500317225,374.54316843605704,54
1747.4,7,1058.267186150439,4.199999999999999,51.32467049930679,374.44171389024655,54
1747.5,7,1058.267186150439,4.199999999999999,51.346008730621556,374.28219475028715,54
1747.6,7,1058.267186150439,4.199999999999999,51.36498988696351,374.14105619151695,54
1747.7,8,1058.267186150439,4.199999999999999,51.368389159596056,374.1199723559746,54
1747.8,8,1058.267186150439,4.8999999999999995,51.39348334442911,373.93139107497547,54
1747.9,8,1058.267186150439,4.8999999999999995,51.38906400596346,373.96645248162713,54
1748.0,8,1058.267186150439,4.8999999999999995,51.40050972442511,373.8797542276189,54
1748.1,8,1058.267186150439,4.8999999999999995,51.394814942940684,373.92512284684244,54
1748.2,8,1058.267186150439,4.8999999999999995,51.394282703877465,373.9324076761033,54
1748.3,8,1058.267186150439,4.8999999999999995,51.403260107336855,373.8685363165172,54
1748.4,8,1058.267186150439,4.8999999999999995,51.42218950384354,373.73399364249144,54
1748.5,8,1058.267186150439,4.8999999999999995,51.44194806862933,373.5906627710276,54
1748.6,7,1058.267186150439,4.199999999999999,51.4692366154071,373.38265971335005,54
1748.7,7,1058.267186150439,4.8999999999999995,51.461628824034705,373.4456249554995,54
1748.8,7,1058.267186150439,4.8999999999999995,51.4857388538425,373.2613642380629,54
1748.9,7,1058.267186150439,4.8999999999999995,51.35752217637943,374.1315411514255,54
1749.0,7,1058.267186150439,4.8999999999999995,51.37656412257574,373.9888451580074,54
1749.1,7,1058.267186150439,4.8999999999999995,51.37980456105075,373.9651912080888,54
1749.2,7,1058.267186150439,4.8999999999999995,51.410013981236474,373.7372996837635,54
1749.3,7,1058.267186150439,4.8999999999999995,51.39937311270364,373.8220525365748,54
1749.4,7,1058.267186150439,4.8999999999999995,51.4400982792955,373.5182127178181,54
1749.5,7,1058.267186150439,4.8999999999999995,51.44259076278472,373.50286150759894,54
1749.6,7,1058.267186150439,4.8999999999999995,51.477308663819855,373.23953973097923,54
1749.7,7,1058.267186150439,4.8999999999999995,51.475893168121964,373.2540089444111,54
1749.8,7,1058.267186150439,4.8999999999999995,51.63985127990171,372.1116993241286,54
1749.9,7,1058.267186150439,4.8999999999999995,51.64834976386218,372.0525856640695,54
1750.0,7,1058.267186150439,4.8999999999999995,51.66978574076748,371.8924018928629,54
1750.1,7,1058.267186150439,4.8999999999999995,51.685556855178426,371.7778924558968,54
1750.2,7,1058.267186150439,4.8999999999999995,51.709743796634875,371.59992167250186,54
1750.3,7,1058.267186150439,4.8999999999999995,51.72862951092042,371.46129340539926,54
1750.4,7,1058.267186150439,4.8999999999999995,51.74335903298494,371.35438291158744,54
1750.5,7,1058.267186150439,4.8999999999999995,51.750013772810426,371.3091132627069,54
1750.6,7,1058.267186150439,4.8999999999999995,51.656995790071605,371.9205517448362,54
1750.7,7,1058.267186150439,4.8999999999999995,51.681263177370354,371.74466203734073,54
1750.8,7,1058.267186150439,4.8999999999999995,51.705863149733574,371.5687854012753,54
1750.9,7,1058.267186150439,4.8999999999999995,51.71294317326126,371.52023398631695,54
1751.0,7,1058.267186150439,5.6,51.74556176005116,371.2823815746524,54
1751.1,7,1058.267186150439,5.6,51.76422991625455,371.14885198477594,54
1751.2,7,1058.267186150439,5.6,51.800960877984245,370.8778293631849,54
1751.3,7,1058.267186150439,5.6,51.82099915977782,370.7341144280262,54
1751.4,7,1058.267186150439,5.6,51.84778994102189,370.5431956279225,54
1751.5,7,1058.267186150439,5.6,51.87188934081146,370.37193876421816,54
1751.6,7,1058.267186150439,5.6,51.899839744140905,370.1703767148501,54
1751.7,7,1058.267186150439,5.6,51.93214698444101,369.9360859597227,54
1751.8,7,1058.267186150439,5.6,51.95065589994707,369.803532642844,54
1751.9,7,1058.267186150439,5.6,51.97322666016902,369.6399354066815,54
1752.0,7,1058.267186150439,5.6,51.98366648886692,369.57134412968543,54
1752.1,7,1058.267186150439,5.6,52.020437753653226,369.3084114107298,54
1752.2,7,1058.267186150439,5.6,52.039379761138264,369.1734721268508,54
1752.3,7,1058.267186150439,4.8999999999999995,52.08112592937455,368.87927476501113,54
1752.4,7,1058.267186150439,4.8999999999999995,52.32596589261201,367.14741945072,54
1752.5,7,1058.267186150439,4.8999999999999995,52.36051428987741,366.9003720229052,54
1752.6,7,1058.267186150439,4.8999999999999995,52.374303126690464,366.80695456720355,54
1752.7,7,1058.267186150439,4.8999999999999995,52.401671788843345,366.609234374185,54
1752.8,7,1058.267186150439,4.8999999999999995,52.24394954181618,367.6716490328205,54
1752.9,7,1058.267186150439,4.8999999999999995,52.269457108348355,367.4914323896819,54
1753.0,7,1058.267186150439,4.8999999999999995,52.29919307192889,367.27999030759327,54
1753.1,7,1058.267186150439,4.8999999999999995,52.37053646871865,366.79568147388386,54
1753.2,7,1058.267186150439,4.8999999999999995,52.40257325910049,366.5734610030204,54
1753.3,7,1058.267186150439,4.8999999999999995,52.42715326746475,366.39774008545453,54
1753.4,7,1058.267186150439,4.8999999999999995,52.44717013651395,366.26191405905263,54
1753.5,7,1058.267186150439,4.8999999999999995,52.48270515056541,366.01186328673964,54
1753.6,7,1058.267186150439,4.8999999999999995,52.515128300558914,365.7851364719901,54
1753.7,7,1058.267186150439,4.8999999999999995,52.5315034103064,365.67703935077714,54
1753.8,7,1058.267186150439,4.8999999999999995,52.5590830928165,365.482543831802,54
1753.9,7,1058.267186150439,4.8999999999999995,52.588325233811304,365.2754874699838,54
1754.0,7,1058.267186150439,4.8999999999999995,52.62152522147571,365.0425259630896,54
1754.1,7,1058.267186150439,4.8999999999999995,52.63359204070966,364.9610245766754,54
1754.2,7,1058.267186150439,4.8999999999999995,52.65025289796961,364.8487049577973,54
1754.3,7,1058.267186150439,4.8999999999999995,52.68911827052712,364.57626496716864,54
1754.4,7,1058.267186150439,4.8999999999999995,52.70834429811455,364.4441709099937,54
1754.5,7,1058.267186150439,5.6,52.732139758747365,364.28322388547815,54
1754.6,7,1058.267186150439,5.6,52.78156685686641,363.93431689625254,54
1754.7,7,1058.267186150439,5.6,52.77519277303388,363.9867649701635,54
1754.8,7,1058.267186150439,5.6,52.840212318664584,363.5288366674468,54
1754.9,7,1058.267186150439,5.6,52.85933227554747,363.4019159962277,54
1755.0,7,1058.267186150439,5.6,52.900533242234815,363.11605794695834,54
1755.1,7,1058.267186150439,5.6,52.92704390262719,362.9361407647382,54
1755.2,7,1058.267186150439,5.6,52.98299933122409,362.4627561588788,54
1755.3,7,1058.267186150439,5.6,53.00355581455767,362.3243827464494,54
1755.4,7,1058.267186150439,5.6,53.02917383801634,362.148518760638,54
1755.5,7,1058.267186150439,5.6,53.0599422108473,361.93564890101743,54
1755.6,7,1058.267186150439,6.3,53.09175569882791,361.7162672516825,54
1755.7,7,1058.267186150439,6.3,53.15245396032262,361.3094292647178,54
1755.8,7,1058.267186150439,6.3,53.18284687538329,361.10045454875166,54
1755.9,7,1058.267186150439,6.3,53.20374483816525,360.95886437936497,54
1756.0,7,1058.267186150439,5.6,53.254512731240496,360.60673657926105,54
1756.1,7,1058.267186150439,5.6,53.278477276809895,360.44220974138796,54
1756.2,7,1058.267186150439,5.6,53.29107947997798,360.35637206226323,54
1756.3,7,1058.267186150439,5.6,53.30232267632526,360.27930355996295,54
1756.4,7,1058.267186150439,5.6,53.34214081991963,360.0070226707948,54
1756.5,7,1058.267186150439,5.6,53.3638888490251,359.85785607069994,54
1756.6,7,1058.267186150439,5.6,53.40595681857479,359.5692572230372,54
1756.7,7,1058.267186150439,5.6,53.42909601221699,359.41069331961495,54
1756.8,7,1058.267186150439,5.6,53.4474545911896,359.28735603301465,54
1756.9,7,1058.267186150439,5.6,53.45139866327361,359.2618479628403,54
1757.0,7,1058.267186150439,5.6,53.52542784512792,358.7541104226339,54
1757.1,7,1058.267186150439,5.6,53.45262213229282,359.25735908688347,54
1757.2,7,1058.267186150439,5.6,53.4625857087965,359.1907736260699,54
1757.3,7,1058.267186150439,5.6,53.48154444541254,359.0633816005725,54
1757.4,7,1058.267186150439,5.6,53.43235869219738,359.38607940115,54
1757.5,7,1058.267186150439,5.6,53.46211475120208,359.18561777955045,54
1757.6,7,1058.267186150439,5.6,53.49168142688005,358.98487824583606,54
1757.7,7,1058.267186150439,5.6,53.498551697563,358.9400197894779,54
1757.8,7,1058.267186150439,5.6,53.53053620983204,358.7235823893,54
1757.9,7,1058.267186150439,5.6,53.56477404375363,358.4857771081547,54
1758.0,7,1058.267186150439,5.6,53.595014012622805,358.28083527426054,54
1758.1,7,1058.267186150439,5.6,53.62054330568904,358.1152038635522,54
1758.2,7,1058.267186150439,5.6,53.5799725110018,358.39429667062177,54
1758.3,7,1058.267186150439,5.6,53.60269477259169,358.2422786250454,54
1758.4,7,1058.267186150439,5.6,53.635800220645535,358.0191424118142,54
1758.5,7,1058.267186150439,5.6,53.627694400343415,358.07596001141735,54
1758.6,7,1058.267186150439,5.6,53.65703463115112,357.8770854787194,54
1758.7,7,1058.267186150439,4.8999999999999995,53.60803445076269,358.19212457438,54
1758.8,7,1058.267186150439,4.8999999999999995,53.643170307355746,357.9570252705453,54
1758.9,7,1058.267186150439,4.8999999999999995,53.67921306062729,357.7159595762016,54
1759.0,7,1058.267186150439,4.8999999999999995,53.69537279142011,357.60820678565165,54
1759.1,7,1058.267186150439,4.8999999999999995,53.71605528391453,357.47158231170937,54
1759.2,7,1058.267186150439,4.8999999999999995,53.766554287753024,357.1335861073807,54
1759.3,7,1058.267186150439,4.8999999999999995,53.80203595832444,356.8986929784881,54
1759.4,7,1058.267186150439,4.8999999999999995,53.82800141194705,356.7272904426235,54
1759.5,7,1058.267186150439,4.8999999999999995,53.83978101612834,356.65156697897135,54
1759.6,7,1058.267186150439,4.8999999999999995,53.87590941003127,356.4108777591889,54
1759.7,7,1058.267186150439,4.8999999999999995,53.82144421245313,356.7599839856101,54
1759.8,7,1058.267186150439,4.8999999999999995,53.85838422570361,356.51306721612093,54
1759.9,7,1058.267186150439,4.8999999999999995,53.89979278339767,356.2390585862604,54
1760.0,7,1058.267186150439,4.8999999999999995,53.90603840095161,356.20036517739254,54
1760.1,7,1058.267186150439,4.8999999999999995,53.94323671240092,355.9544724860514,54
1760.2,7,1058.267186150439,4.199999999999999,53.8927374299855,356.2983061131161,54
1760.3,7,1058.267186150439,4.199999999999999,53.97495296053262,355.7634857774085,54
1760.4,7,1058.267186150439,4.199999999999999,54.00671921589637,355.55103750764937,54
1760.5,7,1058.267186150439,4.199999999999999,54.02342806726931,355.44412793312506,54
1760.6,8,1058.210690354723,4.199999999999999,54.04050917983942,355.333590703332,54
1760.7,8,1058.210690354723,4.199999999999999,54.08467210989188,355.04261363900434,54
1760.8,7,1058.210690354723,3.5,54.11589216600467,354.8379135626255,54
1760.9,7,1058.210690354723,4.199999999999999,54.0519600242298,355.2447924095068,54
1761.0,7,1058.210690354723,4.199999999999999,54.06890492284711,355.134941327399,54
1761.1,7,1058.210690354723,4.199999999999999,54.09010511435044,354.99622044755927,54
1761.2,7,1058.210690354723,4.199999999999999,54.13395773846352,354.7067936884946,54
1761.3,7,1058.210690354723,4.199999999999999,54.169816487061524,354.4718426787099,54
1761.4,7,1058.210690354723,4.199999999999999,54.19122679924765,354.333482338954,54
1761.5,7,1058.210690354723,4.199999999999999,54.13797331506102,354.69455130407607,54
1761.6,7,1058.210690354723,4.199999999999999,54.1553991972962,354.58111223499634,54
1761.7,7,1058.210690354723,4.199999999999999,54.18935134638168,354.3590067987469,54
1761.8,7,1058.210690354723,4.199999999999999,54.23049907590443,354.088728048476,54
1761.9,7,1058.210690354723,4.199999999999999,54.244625994946745,353.9982100742489,54
1762.0,10,1058.210690354723,3.5,54.13843673123318,354.6783490798808,54
1762.1,10,1058.210690354723,4.800000000000001,54.17894969460663,354.4114691105589,54
1762.2,10,1058.210690354723,4.800000000000001,54.20460357098659,354.24465598997665,54
1762.3,10,1058.210690354723,4.800000000000001,54.245748037890735,353.9741712375603,54
1762.4,10,1058.210690354723,4.800000000000001,54.3047062995592,353.5844787462572,54
1762.5,10,1058.210690354723,4.800000000000001,54.31745896933246,353.50166123123046,54
1762.6,10,1058.210690354723,4.800000000000001,54.358425237564745,353.23271045527963,54
1762.7,10,1058.210690354723,4.800000000000001,54.37283199174792,353.1407542039547,54
1762.8,10,1058.210690354723,4.800000000000001,54.3978373616893,352.9773933031821,54
1762.9,10,1058.210690354723,4.800000000000001,54.43456825543619,352.7382424432093,54
1763.0,10,1058.210690354723,4.800000000000001,54.4553561608165,352.60506519411814,54
1763.1,10,1058.210690354723,4.800000000000001,54.390874696110906,353.0126329836547,54
1763.2,10,1058.210690354723,4.800000000000001,54.41321244092206,352.8674925073616,54
1763.3,10,1058.210690354723,4.800000000000001,54.42760517533341,352.7755585579292,54
1763.4,10,1058.210690354723,4.800000000000001,54.4682996418548,352.51098864924927,54
1763.5,10,1058.210690354723,4.800000000000001,54.49740104029061,352.323219711565,54
1763.6,10,1058.210690354723,4.800000000000001,54.5182489250971,352.190111943776,54
1763.7,10,1058.210690354723,4.800000000000001,54.55391373963053,351.9600605291863,54
1763.8,10,1058.210690354723,4.800000000000001,54.42853287667688,352.786830442647,54
1763.9,10,1058.210690354723,4.800000000000001,54.46622099855155,352.54115950617074,54
1764.0,10,1058.210690354723,4.800000000000001,54.49833524331952,352.33392777565587,54
1764.1,10,1058.210690354723,4.800000000000001,54.52542764701223,352.16080802346187,54
1764.2,10,1058.210690354723,4.800000000000001,54.55706697081831,351.95729687705233,54
1764.3,10,1058.210690354723,4.800000000000001,54.591913651401654,351.73296734887913,54
1764.4,10,1058.210690354723,4.800000000000001,54.61864510342937,351.5616690600246,54
1764.5,10,1058.210690354723,5.6000000000000005,54.538548407962324,352.0653089535259,54
1764.6,10,1058.210690354723,4.800000000000001,54.60102289677559,351.6597634700122,54
1764.7,10,1058.210690354723,4.800000000000001,54.613902539032196,351.5787731584863,54
1764.8,10,1058.210690354723,4.800000000000001,54.640366955165064,351.40848782758854,54
1764.9,10,1058.210690354723,4.800000000000001,54.671587096806014,351.2084807719435,54
1765.0,10,1058.210690354723,4.800000000000001,54.71102072997282,350.9549005324387,54
1765.1,9,1058.210690354723,4.800000000000001,54.62000239173677,351.5544226930584,54
1765.2,9,1058.210690354723,4.800000000000001,54.65247742140657,351.34479006869174,54
1765.3,9,1058.210690354723,4.800000000000001,54.66924966923958,351.236027444638,54
1765.4,9,1058.210690354723,4.800000000000001,54.69304083839816,351.0854012313267,54
1765.5,9,1058.210690354723,4.800000000000001,54.72863372290675,350.8544363958587,54
1765.6,9,1058.210690354723,4.800000000000001,54.755432038370905,350.6832083664698,54
1765.7,9,1058.210690354723,4.800000000000001,54.78281375214088,350.50930498449173,54
1765.8,9,1058.210690354723,4.800000000000001,54.804244254942745,350.3734631900823,54
1765.9,9,1058.210690354723,4.800000000000001,54.88965255095798,349.7939715818458,54
1766.0,9,1058.210690354723,5.6000000000000005,54.926130995232654,349.5616055371293,54
1766.1,9,1058.210690354723,5.6000000000000005,54.95215091415828,349.3962691466528,54
1766.2,9,1058.210690354723,5.6000000000000005,54.97197544323089,349.2703311473411,54
1766.3,9,1058.210690354723,5.6000000000000005,54.988189398177994,349.1675688563856,54
1766.4,9,1058.210690354723,5.6000000000000005,55.01651410851739,348.9879795462989,54
1766.5,9,1058.210690354723,4.800000000000001,54.936873687012096,349.4921394519197,54
1766.6,9,1058.210690354723,4.800000000000001,54.97775398471616,349.23225824446934,54
1766.7,9,1058.210690354723,4.800000000000001,54.997933531579676,349.10448528934944,54
1766.8,9,1058.210690354723,4.800000000000001,55.043354274929214,348.81627781823295,54
1766.9,9,1058.210690354723,4.800000000000001,55.05133538583233,348.76604977998863,54
1767.0,9,1058.210690354723,4.800000000000001,55.08754769664799,348.53693215328707,54
1767.1,9,1058.210690354723,4.800000000000001,55.11126098836314,348.38716934889294,54
1767.2,9,1058.210690354723,4.800000000000001,55.134506158332364,348.2404450969365,54
1767.3,9,1058.210690354723,4.800000000000001,55.26461790860134,347.424686102202,54
1767.4,9,1058.210690354723,4.800000000000001,55.27441946286366,347.36367868090593,54
1767.5,9,1058.210690354723,4.800000000000001,55.30127883973432,347.1958091929037,54
1767.6,9,1058.210690354723,4.800000000000001,55.339688854535545,346.9552021520242,54
1767.7,9,1058.210690354723,4.800000000000001,55.34789726344381,346.9059542123161,54
1767.8,9,1058.210690354723,4.800000000000001,55.24463551091803,347.56598616725876,54
1767.9,9,1058.210690354723,4.800000000000001,55.260161172858275,347.47008274701864,54
1768.0,9,1058.210690354723,4.800000000000001,55.267642612627256,347.42520655510725,54
1768.1,9,1058.210690354723,4.800000000000001,55.295774398725705,347.2501395193817,54
1768.2,9,1058.210690354723,4.800000000000001,55.31035642578488,347.1604377778489,54
1768.3,9,1058.210690354723,4.800000000000001,55.33339265448572,346.9966508122151,54
1768.4,9,1058.210690354723,4.800000000000001,55.35167354025688,346.8841375237074,54
1768.5,9,1058.210690354723,4.800000000000001,55.53331664447745,345.74161562802897,54
1768.6,9,1058.210690354723,4.800000000000001,55.41632745234793,346.46905269666354,54
1768.7,9,1058.210690354723,4.800000000000001,55.33619112986271,346.9739646016627,54
1768.8,9,1058.210690354723,5.6000000000000005,55.34196382978665,346.93893666978806,54
1768.9,9,1058.210690354723,5.6000000000000005,55.364955907491314,346.79499941774276,54
1769.0,9,1058.210690354723,5.6000000000000005,55.373572812142925,346.7428428752636,54
1769.1,9,1058.210690354723,5.6000000000000005,55.41304749119821,346.49659248299383,54
1769.2,9,1058.210690354723,5.6000000000000005,55.427750672701066,346.40615854070506,54
1769.3,9,1058.210690354723,5.6000000000000005,55.451277962138846,346.2611296111853,54
1769.4,9,1058.210690354723,5.6000000000000005,55.47635766408885,346.105874991381,54
1769.5,9,1058.210690354723,5.6000000000000005,55.492933930007425,346.00396155903013,54
1769.6,9,1058.210690354723,5.6000000000000005,55.53015108562826,345.7722094223663,54
1769.7,9,1058.210690354723,5.6000000000000005,55.55523376341021,345.6176836465071,54
1769.8,9,1058.210690354723,6.4,55.69922745998344,344.7371246007166,54
1769.9,9,1058.210690354723,6.4,55.71354698891241,344.65111096312614,54
1770.0,9,1058.210690354723,6.4,55.74676773312084,344.4495075543232,54
1770.1,9,1058.210690354723,6.4,55.78388850481578,344.2213680203931,54
1770.2,9,1058.210690354723,6.4,55.8073108386768,344.0804476458206,54
1770.3,9,1058.210690354723,6.4,55.838957703573605,343.88748223067944,54
1770.4,9,1058.210690354723,5.6000000000000005,55.85342236703522,343.8028114910833,54
1770.5,9,1058.210690354723,5.6000000000000005,55.81398886879807,344.05795820976624,54
1770.6,9,1058.210690354723,5.6000000000000005,55.846278962901124,343.85995493380125,54
1770.7,9,1058.210690354723,5.6000000000000005,55.87512999846246,343.6848069878691,54
1770.8,9,1058.210690354723,5.6000000000000005,55.784409361462195,344.2232075734846,54
1770.9,9,1058.210690354723,5.6000000000000005,55.80524703671542,344.0970180326682,54
1771.0,9,1058.210690354723,5.6000000000000005,55.96351295520294,343.10850452382437,54
1771.1,9,1058.210690354723,5.6000000000000005,55.992773379529865,342.93059478053,54
1771.2,9,1058.210690354723,5.6000000000000005,56.14790948710579,341.9987159421563,54
1771.3,9,1058.210690354723,5.6000000000000005,56.173333349370424,341.8460421692201,54
1771.4,9,1058.210690354723,5.6000000000000005,56.214289576562635,341.59640121239556,54
1771.5,9,1058.210690354723,5.6000000000000005,56.240169643600694,341.44034058584316,54
1771.6,9,1058.210690354723,5.6000000000000005,56.279117353066496,341.20444841543576,54
1771.7,9,1058.210690354723,5.6000000000000005,56.31850702117396,340.9647401941347,54
1771.8,9,1058.210690354723,5.6000000000000005,56.364249804894385,340.6874879566556,54
1771.9,9,1058.210690354723,5.6000000000000005,56.39111108053078,340.52629100936576,54
1772.0,9,1058.210690354723,4.800000000000001,56.42392566211535,340.32855681950707,54
1772.1,9,1058.210690354723,4.800000000000001,56.32999916282782,340.88121567148,54
1772.2,9,1058.210690354723,4.800000000000001,56.36152333359587,340.69316415706544,54
1772.3,9,1058.210690354723,4.800000000000001,56.28718769560858,341.1584095810597,54
1772.4,9,1058.210690354723,4.800000000000001,56.310205230762165,341.02217314411894,54
1772.5,9,1058.210690354723,4.800000000000001,56.34322978439362,340.82237825794186,54
1772.6,9,1058.210690354723,4.800000000000001,56.292038615308584,341.214706157195,54
1772.7,9,1058.210690354723,4.800000000000001,56.30654701876449,341.126141863291,54
1772.8,9,1058.210690354723,4.800000000000001,56.33845267890854,340.9293120006207,54
1772.9,9,1058.210690354723,4.800000000000001,56.353288125704296,340.84075990479187,54
1773.0,9,1058.210690354723,4.800000000000001,56.382703464574334,340.65588582946054,54
1773.1,9,1058.210690354723,4.800000000000001,56.392358951356044,340.5941444117981,54
1773.2,9,1058.210690354723,4.800000000000001,56.4193174285479,340.427599297969,54
1773.3,9,1058.210690354723,4.800000000000001,56.42996649082746,340.36247374393895,54
1773.4,9,1058.210690354723,4.800000000000001,56.55762856501013,339.6156653249245,54
1773.5,9,1058.210690354723,4.800000000000001,56.577830275217266,339.4910568946537,54
1773.6,9,1058.210690354723,4.800000000000001,56.598110750570285,339.363939230887,54
1773.7,9,1058.210690354723,4.800000000000001,56.59447531677826,339.3847460705641,54
1773.8,9,1058.210690354723,4.800000000000001,56.60226977645097,339.3367964154334,54
1773.9,9,1058.210690354723,4.0,56.60314767246818,339.33219468145035,54
1774.0,9,1058.210690354723,4.0,56.61085333022728,339.2855396514336,54
1774.1,9,1058.210690354723,4.0,56.60711896685347,339.30649461203336,54
1774.2,9,1058.210690354723,4.0,56.61651561995623,339.2458924555168,54
1774.3,9,1058.210690354723,4.0,56.635089307821914,339.13007796961585,54
1774.4,9,1058.210690354723,4.0,56.64239761781038,339.0832637959704,54
1774.5,9,1058.210690354723,4.0,56.677138467203065,338.87052790624256,54
1774.6,9,1058.210690354723,4.0,56.68478926551241,338.8230995583495,54
1774.7,11,1058.210690354723,3.2,56.59792709647387,339.36556818599234,54
1774.8,11,1058.210690354723,4.5,56.62245134270985,339.2127721931653,54
1774.9,11,1058.210690354723,4.5,56.626442819356896,339.18725255465597,54
1775.0,11,1058.210690354723,4.5,56.65466778872939,339.0129047061232,54
1775.1,11,1058.210690354723,4.5,56.662267570602964,338.9656544043718,54
1775.2,11,1058.210690354723,4.5,56.68237006927609,338.84308806814954,54
1775.3,11,1058.210690354723,4.5,56.682197704554795,338.8406105496789,54
1775.4,11,1058.210690354723,4.5,56.703751631036894,338.7135704744494,54
1775.5,11,1058.210690354723,3.6,56.72272415135872,338.59914023979127,54
1775.6,11,1058.210690354723,3.6,56.75223274521513,338.4198036958958,54
1775.7,11,1058.210690354723,3.6,56.82048603034032,337.9977670183368,54
1775.8,11,1058.210690354723,3.6,56.83119034414714,337.933548830994,54
1775.9,11,1058.210690354723,3.6,56.85602655839426,337.7833814753544,54
1776.0,11,1058.210690354723,3.6,56.911041791240564,337.46644932870987,54
1776.1,8,1058.4271469911203,3.6,56.917951871450555,337.4235782781576,54
1776.2,8,1058.569067619854,4.199999999999999,56.87659476537066,337.65629145829354,54
1776.3,8,1058.569067619854,4.199999999999999,56.876601881726046,337.657731592223,54
1776.4,8,1058.569067619854,4.199999999999999,56.9043910980394,337.4925949013192,54
1776.5,8,1058.569067619854,4.199999999999999,56.934305845217914,337.3114966721199,54
1776.6,8,1058.569067619854,4.199999999999999,56.93841835150689,337.28953577092443,54
1776.7,8,1058.569067619854,4.199999999999999,56.84412657853721,337.8717844518799,54
1776.8,8,1058.569067619854,4.199999999999999,56.86229454016119,337.76392552352434,54
1776.9,8,1058.569067619854,4.199999999999999,56.88844516348897,337.6102726497096,54
1777.0,12,1058.569067619854,4.199999999999999,56.900412103489934,337.54046812261277,54
1777.1,12,1058.569067619854,5.4,56.93893200503619,337.3103001591792,54
1777.2,12,1058.569067619854,5.4,56.95400062049431,337.22468077744134,54
1777.3,12,1058.569067619854,5.4,56.97628392924702,337.0935728280474,54
1777.4,12,1058.569067619854,5.4,56.99171336125448,337.0041757387115,54
1777.5,12,1058.569067619854,5.4,57.005153034867575,336.9259906914069,54
1777.6,12,1058.569067619854,5.4,56.932802359613504,337.33678652030846,54
1777.7,12,1058.569067619854,5.4,56.95551057653019,337.2040893790188,54
1777.8,12,1058.569067619854,5.4,56.99144778279368,336.99191943460664,54
1777.9,12,1058.569067619854,5.4,56.996166668551,336.966366787865,54
1778.0,12,1058.569067619854,5.4,57.01976119843991,336.8265796440473,54
1778.1,12,1058.569067619854,5.4,57.03956924777309,336.71108277923764,54
1778.2,11,1058.569067619854,4.5,57.05234186441744,336.6368470535306,54
1778.3,11,1058.569067619854,4.5,57.07782388261084,336.4901482937847,54
1778.4,11,1058.569067619854,5.4,57.09780381350885,336.3736861181325,54
1778.5,11,1058.569067619854,5.4,57.11666907959072,336.2623590822376,54
1778.6,11,1058.569067619854,5.4,56.964433307904756,337.15708001292813,54
1778.7,11,1058.569067619854,4.5,56.97321564243927,337.10713768273774,54
1778.8,11,1058.569067619854,4.5,57.02208560516986,336.8275291147978,54
1778.9,11,1058.569067619854,4.5,57.0263354353894,336.8042074727124,54
1779.0,11,1058.569067619854,4.5,57.046252645960664,336.68975499839013,54
1779.1,11,1058.569067619854,4.5,57.06296814906101,336.5905085384279,54
1779.2,11,1058.569067619854,4.5,57.07356401339395,336.5331908440887,54
1779.3,11,1058.569067619854,4.5,57.093213599769136,336.4197689841982,54
1779.4,11,1058.569067619854,4.5,57.10733096236616,336.33835014730573,54
1779.5,11,1058.569067619854,4.5,57.124341165269094,336.2404937058145,54
1779.6,11,1058.569067619854,4.5,57.14322027900289,336.1288500991171,54
1779.7,11,1058.569067619854,4.5,57.15774351660801,336.04277638486565,54
1779.8,11,1058.569067619854,4.5,57.16675198283456,335.99118372402717,54
1779.9,11,1058.569067619854,4.5,57.16820548221582,335.98726839123765,54
1780.0,11,1058.569067619854,4.5,57.17388598183584,335.95534919019826,54
1780.1,11,1058.569067619854,4.5,57.188946061594734,335.867474667741,54
1780.2,11,1058.569067619854,4.5,57.19113204321947,335.85906530021805,54
1780.3,11,1058.569067619854,3.6,57.20163136467552,335.80061321779544,54
1780.4,11,1058.569067619854,3.6,57.064946616372204,336.5783530940044,54
1780.5,11,1058.569067619854,3.6,57.069870551813814,336.55172024063904,54
1780.6,11,1058.569067619854,3.6,57.06706057447681,336.5757279297687,54
1780.7,11,1058.569067619854,3.6,57.07265247293445,336.5437094289259,54
1780.8,11,1058.569067619854,3.6,57.06610182352159,336.5858088926586,54
1780.9,11,1058.569067619854,3.6,57.0557264349232,336.6514595016997,54
1781.0,11,1058.569067619854,3.6,57.048741089830514,336.6974752930015,54
1781.1,11,1058.569067619854,3.6,57.038721012812495,336.7598766872052,54
1781.2,11,1058.569067619854,3.6,57.032768453871284,336.80396279091894,54
1781.3,11,1058.569067619854,3.6,57.030898287529055,336.81895032969345,54
1781.4,11,1058.569067619854,4.5,57.00876876519939,336.9549948772607,54
1781.5,11,1058.569067619854,4.5,56.99451781867117,337.0460861462075,54
1781.6,11,1058.569067619854,4.5,56.97108404867119,337.19355392931084,54
1781.7,11,1058.569067619854,4.5,56.96537746382721,337.2326208214067,54
1781.8,11,1058.569067619854,4.5,56.95071738389838,337.32538221470674,54
1781.9,11,1058.569067619854,4.5,56.940063510757746,337.396116807269,54
1782.0,11,1058.569067619854,4.5,56.927521936929494,337.47424641416194,54
1782.1,11,1058.569067619854,4.5,56.77957890237082,338.40228230881775,54
1782.2,11,1058.569067619854,4.5,56.76973726906354,338.47269996160696,54
1782.3,11,1058.569067619854,4.5,56.766657012241936,338.4941322281692,54
1782.4,11,1058.569067619854,4.5,56.755371194777425,338.57014291539036,54
1782.5,11,1058.569067619854,4.5,56.73356102736304,338.7027521621157,54
1782.6,11,1058.569067619854,4.5,56.71983718772218,338.7895919797388,54
1782.7,11,1058.569067619854,4.5,56.70105336398792,338.9125764504571,54
1782.8,11,1058.569067619854,4.5,56.693028743007886,338.9665223015963,54
1782.9,11,1058.569067619854,4.5,56.66312502946513,339.1589104152031,54
1783.0,11,1058.569067619854,4.5,56.659076495575,339.1905497133748,54
1783.1,11,1058.569067619854,4.5,56.63017779320235,339.3789246954527,54
1783.2,11,1058.569067619854,4.5,56.61736795581338,339.4657821562105,54
1783.3,11,1058.569067619854,3.6,56.507477700519885,340.1791853296023,54
1783.4,11,1058.569067619854,3.6,56.50567133176152,340.1949794350063,54
1783.5,11,1058.569067619854,3.6,56.491015927358646,340.2957954889581,54
1783.6,11,1058.569067619854,3.6,56.495626365848125,340.2711915470369,54
1783.7,7,1058.8846275298731,3.6,56.46989841981239,340.4319982060481,54
1783.8,7,1059.0713575067668,4.199999999999999,56.45581238639211,340.52905818275065,54
1783.9,7,1059.1350420189517,4.199999999999999,56.443581863293026,340.615129624805,54
1784.0,7,1059.1350420189517,4.199999999999999,56.41698535546999,340.7858501882818,54
1784.1,7,1059.1350420189517,4.199999999999999,56.28029873104326,341.68504609703973,54
1784.2,7,1059.1350420189517,4.199999999999999,56.286217321696014,341.64830547695067,54
1784.3,7,1059.1350420189517,4.199999999999999,56.23773017865332,341.97310621465795,54
1784.4,7,1059.1350420189517,4.199999999999999,56.229776917166056,342.0266603158475,54
1784.5,7,1059.1350420189517,4.199999999999999,56.2322141746116,342.0090740544849,54
1784.6,7,1059.1350420189517,4.199999999999999,56.23486021228289,341.9909625125747,54
1784.7,7,1059.1350420189517,4.199999999999999,56.23166609671989,342.0099634398322,54
1784.8,7,1059.1350420189517,4.199999999999999,56.22551067805826,342.0537487462252,54
1784.9,7,1059.1350420189517,4.199999999999999,56.228729552386184,342.0318435380514,54
1785.0,7,1059.1350420189517,4.199999999999999,56.225376902264486,342.0523261592055,54
1785.1,7,1059.1350420189517,4.199999999999999,56.22156609432282,342.0763010914013,54
1785.2,7,1059.1350420189517,4.199999999999999,56.232273297604095,342.010900900474,54
1785.3,7,1059.1350420189517,4.199999999999999,56.23881498416118,341.9691655488533,54
1785.4,7,1059.1350420189517,4.199999999999999,56.25260452468305,341.8834597052514,54
1785.5,7,1059.1350420189517,4.199999999999999,56.27009054636939,341.77049693986373,54
1785.6,11,1059.1350420189517,3.5,56.27939511121594,341.71135543837204,54
1785.7,9,1059.1350420189517,2.7,56.28837600016794,341.6479616881603,54
1785.8,9,1059.1350420189517,3.2,56.2987151692929,341.5820965364385,54
1785.9,7,1059.0771120323725,3.2,56.32849182624099,341.3934167058603,54
1786.0,7,1059.0771120323725,4.199999999999999,56.161673996275624,342.5010127648826,54
1786.1,7,1059.0771120323725,4.199999999999999,56.18774112125683,342.33277323338416,54
1786.2,7,1059.0771120323725,4.199999999999999,56.149622636790774,342.53555619375845,54
1786.3,7,1059.0771120323725,4.199999999999999,56.17668245954714,342.3563961285804,54
1786.4,7,1059.0771120323725,4.199999999999999,56.20108244736172,342.20165721639125,54
1786.5,7,1059.0771120323725,4.199999999999999,56.23299073696538,341.99084148444706,54
1786.6,7,1059.0771120323725,4.199999999999999,56.2596893210269,341.8171599467521,54
1786.7,7,1059.0771120323725,4.199999999999999,56.272852282491634,341.72614994586394,54
1786.8,7,1059.0771120323725,4.199999999999999,56.293821807703495,341.58261194412523,54
1786.9,7,1059.0771120323725,4.199999999999999,56.31806413332298,341.42114428793843,54
1787.0,7,1059.0771120323725,4.199999999999999,56.32706592333033,341.36129976025137,54
1787.1,7,1059.0771120323725,4.199999999999999,56.28221101192767,341.65273119065364,54
1787.2,7,1059.0771120323725,4.199999999999999,56.309050210989994,341.47575280051524,54
1787.3,7,1059.0771120323725,4.199999999999999,56.32405092079682,341.375373460618,54
1787.4,7,1059.0771120323725,4.199999999999999,56.33247874640635,341.31789081266925,54
1787.5,7,1059.0771120323725,4.199999999999999,56.36275820559022,341.11963120607504,54
1787.6,9,1059.0771120323725,3.5,56.37053421351595,341.065245213409,54
1787.7,9,1059.0771120323725,4.0,56.38014239992317,340.9982278004162,54
1787.8,9,1059.0771120323725,4.0,56.39578792501637,340.89574576219667,54
1787.9,9,1059.0771120323725,4.0,56.40977636292716,340.80421568231407,54
1788.0,9,1059.0771120323725,4.0,56.41231419927645,340.7844623591868,54
1788.1,9,1059.0771120323725,4.0,56.42939737391578,340.6744532661823,54
1788.2,7,1059.0202409027027,4.0,56.43135297657747,340.6575607159484,54
1788.3,9,1059.0202409027027,4.199999999999999,56.44394474529499,340.5754147322169,54
1788.4,9,1059.0202409027027,4.0,56.45030041303993,340.53154328927377,54
1788.5,9,1059.0202409027027,4.0,56.4667774166529,340.4223383674734,54
1788.6,9,1059.0202409027027,4.0,56.47758447538638,340.35077904547313,54
1788.7,9,1059.0202409027027,4.0,56.49159635257303,340.2604266956825,54
1788.8,9,1059.0202409027027,4.0,56.50278435221561,340.1866846766708,54
1788.9,7,1059.0202409027027,3.2,56.5155434295247,340.10480412944463,54
1789.0,7,1059.0202409027027,4.199999999999999,56.53343634546517,339.9903294092242,54
1789.1,7,1059.0202409027027,4.199999999999999,56.545054569365256,339.91614518825133,54
1789.2,7,1059.0202409027027,4.199999999999999,56.340653412117064,341.2359473063666,54
1789.3,7,1059.0202409027027,4.199999999999999,56.346823521149055,341.189875214468,54
1789.4,7,1059.0202409027027,4.199999999999999,56.350205124850035,341.1667498794626,54
1789.5,7,1059.0202409027027,4.199999999999999,56.351294374573854,341.15670710098436,54
1789.6,7,1059.0202409027027,4.199999999999999,56.363297334283935,341.0794004102441,54
1789.7,7,1059.0202409027027,4.199999999999999,56.240237950628384,341.7647307254887,54
1789.8,7,1059.0202409027027,4.199999999999999,56.244617769186036,341.73508789001465,54
1789.9,7,1059.0202409027027,4.199999999999999,56.30448555509113,341.22700393564145,54
1790.0,7,1059.0202409027027,4.199999999999999,56.30273407888534,341.2438663730146,54
1790.1,7,1059.0202409027027,4.199999999999999,56.30038922948794,341.2586059300136,54
1790.2,7,1058.96065611688,4.199999999999999,56.28978974211256,341.32267374500316,54
1790.3,7,1058.96065611688,4.8999999999999995,56.290442391386335,341.3154644683286,54
1790.4,7,1058.96065611688,4.8999999999999995,56.2857153602057,341.34671670001404,54
1790.5,7,1058.96065611688,4.8999999999999995,56.283900586845604,341.36055652425443,54
1790.6,7,1058.96065611688,4.8999999999999995,56.11277202010703,342.4592280909335,54
1790.7,7,1058.96065611688,4.8999999999999995,56.117717695172345,342.43294511908243,54
1790.8,7,1058.96065611688,4.8999999999999995,56.12058351181134,342.4217450181455,54
1790.9,7,1058.96065611688,4.8999999999999995,56.132920550602336,342.3503290018992,54
1791.0,9,1058.96065611688,4.199999999999999,56.139956322482846,342.31094751659236,54
1791.1,9,1058.96065611688,4.0,56.15613996345836,342.21822082302197,54
1791.2,9,1058.96065611688,4.0,56.1680859493906,342.1498926801496,54
1791.3,9,1058.96065611688,4.0,56.16859840731314,342.15643113593524,54
1791.4,9,1058.96065611688,4.0,56.186105649472736,342.0556578595765,54
1791.5,9,1058.96065611688,4.0,56.200714499304105,341.96601615958605,54
1791.6,9,1058.96065611688,4.0,56.19387070190906,342.01633312565207,54
1791.7,9,1058.96065611688,4.0,56.19346764223407,342.02385753649475,54
1791.8,9,1058.96065611688,4.0,56.07081195869594,342.72588808942004,54
1791.9,9,1058.96065611688,4.0,56.078224188847585,342.6902151231559,54
1792.0,9,1058.96065611688,4.0,56.09377801146715,342.59851162330995,54
1792.1,9,1058.96065611688,4.0,56.104660720369125,342.53540644190207,54
1792.2,9,1058.96065611688,4.0,56.124466593034924,342.4115723519079,54
1792.3,7,1058.96065611688,3.2,56.1259278050118,342.40530769189456,54
1792.4,7,1058.96065611688,4.199999999999999,56.12675102803041,342.40356842005826,54
1792.5,7,1058.9011669976135,4.199999999999999,56.163292226117164,342.19594999279093,54
1792.6,7,1058.9011669976135,4.8999999999999995,56.17644100539388,342.122833194038,54
1792.7,7,1058.9011669976135,4.8999999999999995,56.04401605282587,342.88529118432507,54
1792.8,7,1058.9011669976135,4.8999999999999995,56.063743951725314,342.7652842537416,54
1792.9,7,1058.9011669976135,4.8999999999999995,56.07170026210322,342.72229718224366,54
1793.0,7,1058.9011669976135,4.8999999999999995,56.13136726392282,342.3479495744535,54
1793.1,7,1058.9011669976135,4.8999999999999995,56.14503444686336,342.26941217102075,54
1793.2,7,1058.9011669976135,4.8999999999999995,56.14492832709921,342.2785266921537,54
1793.3,7,1058.9011669976135,4.8999999999999995,56.15536017357837,342.22133865173066,54
1793.4,7,1058.9011669976135,4.8999999999999995,56.19992345095791,341.9477958768848,54
1793.5,7,1058.9011669976135,4.8999999999999995,56.21856969683199,341.83924629073533,54
1793.6,7,1058.9011669976135,4.8999999999999995,56.24775321601895,341.6603790859422,54
1793.7,7,1058.9011669976135,4.8999999999999995,56.27867292374879,341.47400309368777,54
1793.8,7,1058.9011669976135,4.8999999999999995,56.30688429967227,341.3019035953105,54
1793.9,7,1058.9011669976135,4.199999999999999,56.33555112116194,341.1228483337046,54
1794.0,7,1058.9011669976135,4.199999999999999,56.360934981266595,340.97079874885287,54
1794.1,7,1058.9011669976135,4.199999999999999,56.383436473939256,340.83381323711694,54
1794.2,7,1058.9011669976135,4.199999999999999,56.41087644956392,340.6644377813914,54
1794.3,7,1058.9011669976135,4.199999999999999,56.4321913667296,340.53488221751377,54
1794.4,7,1058.9011669976135,4.199999999999999,56.29607496975004,341.31126817595487,54
1794.5,7,1058.9011669976135,4.199999999999999,56.3110041105834,341.22043039393776,54
1794.6,7,1058.9011669976135,4.199999999999999,56.32535426786418,341.13393272569454,54
1794.7,7,1058.9011669976135,4.199999999999999,56.38382566076612,340.7956538093759,54
1794.8,7,1058.9011669976135,4.199999999999999,56.256094762124974,341.6198279978336,54
1794.9,7,1058.9011669976135,4.199999999999999,56.27450371895064,341.50710426845546,54
1795.0,7,1058.9011669976135,4.199999999999999,56.258410676003066,341.62967800965333,54
1795.1,9,1058.9011669976135,3.5,56.295942200986865,341.39341457669997,54
1795.2,9,1058.9011669976135,4.0,56.31671321179746,341.2733712187869,54
1795.3,9,1058.9011669976135,4.0,56.362317377037535,340.9914006238633,54
1795.4,9,1058.9011669976135,4.0,56.27224815625894,341.4927081916062,54
1795.5,9,1058.9011669976135,4.0,56.31156521569144,341.25021098353636,54
1795.6,9,1058.9011669976135,4.0,56.16980073499482,342.18409394364954,54
1795.7,9,1058.9011669976135,4.0,56.21014744346469,341.93266862635005,54
1795.8,9,1058.9011669976135,4.0,56.23564635503611,341.7820533327674,54
1795.9,9,1058.9011669976135,4.0,56.31509495217511,341.27425100440973,54
1796.0,9,1058.9011669976135,4.0,56.337785555338144,341.1333914033138,54
1796.1,9,1058.9011669976135,4.0,56.373085458507546,340.9147091682187,54
1796.2,9,1058.9011669976135,4.0,56.4082945269586,340.6988166744807,54
1796.3,7,1058.8428578430141,4.0,56.43739377855917,340.52060517049796,54
1796.4,7,1058.8428578430141,4.199999999999999,56.4549740130671,340.4158294507048,54
1796.5,7,1058.8428578430141,4.199999999999999,56.47348267709009,340.308844712253,54
1796.6,7,1058.8428578430141,4.199999999999999,56.51024628547873,340.07719235629577,54
1796.7,7,1058.8428578430141,4.199999999999999,56.525004085296196,339.9921247216132,54
1796.8,7,1058.8428578430141,4.199999999999999,56.59049009059672,339.6116808472029,54
1796.9,7,1058.8428578430141,4.199999999999999,56.62518889240752,339.39869015859193,54
1797.0,7,1058.8428578430141,4.199999999999999,56.6581514630864,339.1944864851998,54
1797.1,7,1058.8428578430141,4.199999999999999,56.67940979767094,339.06643584039875,54
1797.2,7,1058.8428578430141,4.199999999999999,56.72522636988662,338.7856982241136,54
1797.3,7,1058.8428578430141,4.199999999999999,56.74618547144246,338.65998153955616,54
1797.4,9,1058.8428578430141,3.5,56.78272805840234,338.4389692987943,54
1797.5,9,1058.8428578430141,4.800000000000001,56.804889013896386,338.3041262072247,54
1797.6,9,1058.8428578430141,4.800000000000001,56.82406469830782,338.1894683622618,54
1797.7,9,1058.8428578430141,4.800000000000001,56.852696672179775,338.0170315220892,54
1797.8,9,1058.8428578430141,4.800000000000001,56.880385967389074,337.8466045629381,54
1797.9,9,1058.8428578430141,4.800000000000001,56.9116240761809,337.6557028683462,54
1798.0,9,1058.8428578430141,4.800000000000001,56.9325830066813,337.5302287012714,54
1798.1,9,1058.8428578430141,4.800000000000001,56.96329856161344,337.3418609575781,54
1798.2,9,1058.8428578430141,4.800000000000001,56.979401365998214,337.2483395625991,54
1798.3,9,1058.8428578430141,4.800000000000001,57.01862717514848,337.011825608432,54
1798.4,9,1058.8428578430141,4.800000000000001,57.0715987759407,336.68858654790256,54
1798.5,9,1058.8428578430141,4.800000000000001,57.10259685254934,336.5054143807625,54
1798.6,9,1058.8428578430141,4.800000000000001,56.992479725100395,337.1059615056552,54
1798.7,9,1058.8428578430141,4.800000000000001,57.01112076377933,336.99515378680553,54
1798.8,9,1058.8428578430141,4.800000000000001,57.02955161190395,336.8843236242643,54
1798.9,9,1058.8428578430141,4.800000000000001,57.06357377544924,336.67828360724695,54
1799.0,9,1058.8428578430141,4.800000000000001,57.08552314251529,336.5463229809208,54
1799.1,9,1058.8428578430141,4.800000000000001,57.097107412741735,336.4781274345089,54
1799.2,9,1058.8428578430141,4.800000000000001,56.89818853969523,337.76021588294566,54
1799.3,9,1058.8428578430141,4.800000000000001,56.92193769971951,337.61819322492084,54
1799.4,9,1058.8428578430141,4.800000000000001,56.952029588455574,337.4358959088963,54
1799.5,9,1058.8428578430141,4.800000000000001,56.964944935371626,337.3608226890388,54
1799.6,9,1058.8428578430141,4.800000000000001,56.9990160669641,337.15393672847006,54
1799.7,9,1058.8428578430141,4.800000000000001,56.889734587380346,337.75774432536224,54
1799.8,9,1058.8428578430141,4.0,56.91299326592846,337.6202676147948,54
1799.9,9,1058.8428578430141,4.0,56.931410635200145,337.5102379569622,54
1800.0,7,1058.786047015738,4.0,56.94766507316248,337.4174531054192,54
1800.1,7,1058.786047015738,4.199999999999999,56.9723394764102,337.268833289986,54
1800.2,7,1058.786047015738,4.199999999999999,56.996629422087224,337.1244642356351,54
1800.3,7,1058.786047015738,4.199999999999999,57.018262473907555,336.9978310649112,54
1800.4,7,1058.786047015738,4.199999999999999,57.05273326914336,336.7937184844519,54
1800.5,7,1058.786047015738,4.199999999999999,57.035854024478354,336.87893079745095,54
1800.6,7,1058.786047015738,4.199999999999999,57.074936968983124,336.6458371618998,54
1800.7,9,1058.786047015738,4.199999999999999,57.094950944594245,336.5288062184794,54
1800.8,9,1058.786047015738,4.0,57.126593470606565,336.3380837053459,54
1800.9,9,1058.786047015738,4.0,57.14182332363406,336.25181707657475,54
1801.0,7,1058.786047015738,3.2,57.15869798361339,336.1520907116269,54
1801.1,7,1058.786047015738,4.199999999999999,57.19531696016582,335.93185930305367,54
1801.2,7,1058.786047015738,4.199999999999999,57.10309876534259,336.51043487766134,54
1801.3,7,1058.786047015738,4.199999999999999,57.12674770154749,336.3709398187966,54
1801.4,7,1058.786047015738,4.199999999999999,57.14143915892075,336.288674667238,54
1801.5,7,1058.786047015738,4.199999999999999,57.175289040392926,336.0859593849016,54
1801.6,7,1058.786047015738,4.199999999999999,57.17811497958064,336.07375698768124,54
1801.7,7,1058.786047015738,4.199999999999999,57.19365249841085,335.9817211150163,54
1801.8,7,1058.786047015738,4.199999999999999,57.19366087091468,335.98421682239615,54
1801.9,7,1058.786047015738,4.199999999999999,57.21442750537523,335.8571884367309,54
1802.0,7,1058.786047015738,4.199999999999999,57.21323044752364,335.8692550631026,54
1802.1,7,1058.786047015738,4.199999999999999,57.24354456198425,335.68499571853516,54
1802.2,7,1058.786047015738,4.199999999999999,57.25287115348676,335.63340447494244,54
1802.3,7,1058.786047015738,4.199999999999999,57.28022546086686,335.4702738513189,54
1802.4,7,1058.786047015738,4.199999999999999,57.27491556648025,335.50665663233593,54
1802.5,9,1058.786047015738,3.5,57.281510523503535,335.46695759527967,54
1802.6,9,1058.786047015738,4.0,57.118204010560824,336.36772966118934,54
1802.7,9,1058.786047015738,4.0,57.12398631062992,336.3327608358588,54
1802.8,9,1058.786047015738,4.0,57.12440953951719,336.3306542100028,54
1802.9,9,1058.786047015738,4.0,57.13457583633293,336.2708109939107,54
1803.0,9,1058.786047015738,4.0,57.14702755474485,336.2011982537296,54
1803.1,9,1058.786047015738,4.0,57.16235439548713,336.1118975002405,54
1803.2,9,1058.786047015738,4.0,57.13438333229719,336.26531107116534,54
1803.3,9,1058.786047015738,4.0,57.13692544621534,336.24970120821695,54
1803.4,9,1058.786047015738,4.0,57.13923827436383,336.2373130187608,54
1803.5,9,1058.786047015738,4.0,57.1487300134321,336.17829424622204,54
1803.6,9,1058.786047015738,4.0,57.15563863423969,336.1383978732141,54
1803.7,9,1058.786047015738,4.0,57.16773658925635,336.0688179293534,54
1803.8,9,1058.786047015738,4.0,57.18443496974889,335.9657246592961,54
1803.9,7,1058.786047015738,3.2,57.10793901488084,336.43981998538834,54
1804.0,7,1058.786047015738,3.5,57.1232198246739,336.3489858725986,54
1804.1,7,1058.786047015738,3.5,57.133744594416704,336.28283304111073,54
1804.2,9,1058.786047015738,2.8,57.15108951536409,336.17898022604993,54
1804.3,9,1058.786047015738,4.0,57.152347372325266,336.1738050950811,54
1804.4,9,1058.786047015738,4.0,57.16199093090741,336.115138832536,54
1804.5,9,1058.786047015738,4.0,57.176027536582595,336.02733190036884,54
1804.6,9,1058.786047015738,4.0,57.183908446090136,335.9781481328214,54
1804.7,9,1058.786047015738,4.0,57.19789208163008,335.89432468163,54
1804.8,9,1058.786047015738,4.0,57.31369858713914,335.09826890333653,54
1804.9,9,1058.786047015738,4.0,57.302399221645416,335.165123377687,54
1805.0,9,1058.786047015738,4.0,57.31367046726977,335.0969315606014,54
1805.1,9,1058.786047015738,4.0,57.313470612504304,335.0979003972973,54
1805.2,9,1058.786047015738,4.0,57.319265055782,335.06128463229476,54
1805.3,9,1058.786047015738,4.0,57.324595088317295,335.0283408958334,54
1805.4,9,1058.786047015738,4.0,57.33688944993396,334.9564320104726,54
1805.5,11,1058.786047015738,3.2,57.34798656468661,334.8897778034799,54
1805.6,11,1058.786047015738,3.6,57.31038935786347,335.10253884577617,54
1805.7,11,1058.786047015738,3.6,57.30220728856891,335.15249256904633,54
1805.8,11,1058.786047015738,3.6,57.297807044511515,335.1800503805157,54
1805.9,11,1058.786047015738,3.6,57.304638482079135,335.13941336862626,54
1806.0,11,1058.786047015738,3.6,57.295526221533976,335.19321353115026,54
1806.1,11,1058.786047015738,3.6,57.29299208275674,335.2057107956447,54
1806.2,11,1058.786047015738,3.6,57.285628601084014,335.2504944545012,54
1806.3,9,1058.786047015738,3.6,57.285254785495354,335.2524603990943,54
1806.4,9,1058.786047015738,4.0,57.28226060790121,335.2693320137356,54
1806.5,9,1058.786047015738,4.0,57.18759594225102,335.83993739475693,54
1806.6,9,1058.786047015738,4.0,57.173889060126236,335.91855520229245,54
1806.7,9,1058.786047015738,4.0,57.15652115921617,336.02148488120724,54
1806.8,11,1058.786047015738,3.2,57.13466015478798,336.1505913568755,54
1806.9,11,1058.786047015738,4.5,57.11521408178993,336.2630360660976,54
1807.0,11,1058.786047015738,4.5,57.09925643404813,336.3564328215135,54
1807.1,11,1058.786047015738,4.5,57.07265949793186,336.5156274953905,54
1807.2,11,1058.786047015738,4.5,57.0664568681524,336.550212355436,54
1807.3,11,1058.786047015738,4.5,57.04555269181965,336.6756445253986,54
1807.4,11,1058.786047015738,4.5,57.0326338896209,336.75033708253477,54
1807.5,11,1058.786047015738,4.5,57.00451170805472,336.9176946466089,54
1807.6,11,1058.786047015738,4.5,56.98508871166011,337.0322283567443,54
1807.7,11,1058.786047015738,4.5,56.96717616424313,337.1369130086964,54
1807.8,11,1058.786047015738,4.5,56.67582481796866,338.9368096094496,54
1807.9,11,1058.786047015738,4.5,56.65681496570589,339.0498701010589,54
1808.0,11,1058.786047015738,4.5,56.633192342442435,339.1911270385334,54
1808.1,11,1058.786047015738,4.5,56.60782982549052,339.34428686893625,54
1808.2,9,1058.786047015738,3.6,56.589938608924385,339.454196061158,54
1808.3,9,1058.786047015738,4.0,56.56040519955226,339.63344439007847,54
1808.4,9,1058.786047015738,4.0,56.53530253315647,339.78403159360147,54
1808.5,9,1058.786047015738,4.0,56.506745740160554,339.9540515278904,54
1808.6,9,1058.786047015738,4.0,56.48894611508902,340.0596302648078,54
1808.7,11,1058.786047015738,4.0,56.46920299960166,340.17898114933257,54
1808.8,11,1058.786047015738,3.6,56.45164242722188,340.28679267331836,54
1808.9,11,1058.786047015738,3.6,56.40749700632752,340.55362603688957,54
1809.0,11,1058.786047015738,3.6,56.36048953783356,340.84051044551734,54
1809.1,11,1058.786047015738,3.6,56.311898767998706,341.1367816255622,54
1809.2,9,1058.786047015738,3.6,56.26395081691663,341.4303287526062,54
1809.3,11,1058.786047015738,3.2,56.23297876122054,341.61851324924567,54
1809.4,11,1058.786047015738,4.5,56.18640512813229,341.90751946813066,54
1809.5,11,1058.786047015738,4.5,56.15448547199057,342.10090349225345,54
1809.6,11,1058.786047015738,4.5,56.069887432368,342.63519762985624,54
1809.7,11,1058.786047015738,4.5,56.03434592408174,342.85480104116255,54
1809.8,11,1058.786047015738,4.5,56.004678300831,343.0357316592291,54
1809.9,11,1058.786047015738,4.5,55.96843521518481,343.2588048231091,54
1810.0,11,1058.786047015738,3.6,55.94295865749745,343.44707151352645,54
1810.1,11,1058.786047015738,3.6,55.92827157901224,343.53379420510305,54
1810.2,11,1058.786047015738,3.6,55.88294803603088,343.8089879516524,54
1810.3,11,1058.786047015738,3.6,55.85836352941173,343.95476782258515,54
1810.4,11,1058.786047015738,3.6,55.84001528283201,344.0660878840044,54
1810.5,11,1058.786047015738,3.6,55.815925316620735,344.2170443179955,54
1810.6,11,1058.786047015738,3.6,55.797740220064654,344.3251817629777,54
1810.7,11,1058.786047015738,3.6,55.76586935089913,344.52797099481006,54
1810.8,11,1058.786047015738,3.6,55.76760373921518,344.51244938432905,54
1810.9,11,1058.786047015738,3.6,55.736538900599996,344.707244195166,54
1811.0,11,1058.786047015738,3.6,55.71325504335125,344.85462512817355,54
1811.1,11,1058.786047015738,3.6,55.68693657236099,345.0196522619304,54
1811.2,11,1058.786047015738,3.6,55.67502926407885,345.08988560857654,54
1811.3,11,1058.786047015738,3.6,55.6499924393155,345.24480268862544,54
1811.4,11,1058.786047015738,3.6,55.644487396383624,345.27927365173707,54
1811.5,11,1058.786047015738,3.6,55.634066003562694,345.3419735081758,54
1811.6,11,1058.786047015738,3.6,55.6209797840429,345.42891209128356,54
1811.7,11,1058.786047015738,3.6,55.623760873726766,345.406273603669,54
1811.8,11,1058.786047015738,3.6,55.61670118216375,345.4466989239351,54
1811.9,11,1058.786047015738,3.6,55.59663051430725,345.57341390261183,54
1812.0,11,1058.786047015738,3.6,55.58988180749551,345.6124462933525,54
1812.1,11,1058.786047015738,3.6,55.578230355963186,345.6832030112821,54
1812.2,11,1058.786047015738,3.6,55.55254888364419,345.8442756821837,54
1812.3,11,1058.786047015738,3.6,55.510796223498794,346.11627201058934,54
1812.4,11,1058.786047015738,3.6,55.504451783946436,346.15808231637595,54
1812.5,11,1058.786047015738,3.6,55.5023595139465,346.16455706090517,54
1812.6,11,1058.786047015738,3.6,55.500290476363375,346.1749636920538,54
1812.7,11,1058.786047015738,3.6,55.49982241857985,346.17857013773164,54
1812.8,11,1058.786047015738,3.6,55.49885123781639,346.1823646901131,54
1812.9,11,1058.786047015738,3.6,55.49149852016411,346.2636549267765,54
1813.0,11,1058.786047015738,3.6,55.492216123735886,346.25789126382426,54
1813.1,7,1058.8365018592522,2.7,55.48886956598412,346.2776262718238,54
1813.2,11,1058.8365018592522,3.5,55.495633054558496,346.23191163044044,54
1813.3,11,1058.8365018592522,3.6,55.47729786210275,346.34847091024847,54
1813.4,11,1058.8365018592522,3.6,55.46609774591356,346.41886861962104,54
1813.5,11,1058.8365018592522,3.6,55.46937641423854,346.3961764597389,54
1813.6,11,1058.8365018592522,3.6,55.46502530967423,346.4202696987689,54
1813.7,11,1058.8365018592522,3.6,55.45649978916319,346.47329644531015,54
1813.8,11,1058.8365018592522,3.6,55.45259387309363,346.49883070647365,54
1813.9,11,1058.8365018592522,3.6,55.456117943511245,346.4741916321191,54
1814.0,11,1058.8365018592522,3.6,55.435326328505646,346.6016587823451,54
1814.1,11,1058.8365018592522,3.6,55.41230074546412,346.73857753779816,54
1814.2,11,1058.8365018592522,3.6,55.37415985415277,346.97748743192136,54
1814.3,11,1058.8365018592522,3.6,55.357619479150465,347.0752368985711,54
1814.4,11,1058.8365018592522,3.6,55.35396789982204,347.0981135312338,54
1814.5,7,1058.8463669251712,2.7,55.32217982777475,347.2939959044028,54
1814.6,7,1058.8463669251712,3.5,55.30584593145947,347.39645656685707,54
1814.7,7,1058.8463669251712,3.5,55.28741485780202,347.5054011293947,54
1814.8,7,1058.8463669251712,3.5,55.24439070331622,347.78154606649593,54
1814.9,11,1058.8463669251712,3.5,55.22712409069413,347.8848219043317,54
1815.0,11,1058.8463669251712,3.6,55.20394581265666,348.0280064818461,54
1815.1,11,1058.8463669251712,3.6,55.144437510435495,348.37227879606746,54
1815.2,11,1058.8463669251712,3.6,55.09856778682476,348.6681136821945,54
1815.3,11,1058.8463669251712,3.6,55.079402893833205,348.78805053493204,54
1815.4,7,1058.8463669251712,3.6,55.06526194581306,348.8748081322757,54
1815.5,11,1058.8463669251712,3.5,55.050731112161465,348.9660492430696,54
1815.6,11,1058.8463669251712,3.6,55.02057036505347,349.15279701177207,54
1815.7,11,1058.8463669251712,3.6,54.99899915411999,349.2903415745843,54
1815.8,11,1058.8463669251712,3.6,54.991845292567014,349.33149343678406,54
1815.9,11,1058.8463669251712,3.6,54.95305494827243,349.58488119780964,54
1816.0,11,1058.8463669251712,3.6,54.943724610319975,349.63983390186263,54
1816.1,11,1058.8463669251712,3.6,54.925653411326664,349.753431767812,54
1816.2,11,1058.8463669251712,3.6,54.7080974369627,351.2073081228781,54
1816.3,11,1058.8463669251712,3.6,54.691928929276074,351.31004075019814,54
1816.4,11,1058.8463669251712,3.6,54.670713581305336,351.44583533871344,54
1816.5,7,1058.8463669251712,2.7,54.657268820756826,351.52972016996796,54
1816.6,7,1058.8463669251712,3.5,54.65113581985072,351.56401454374515,54
1816.7,7,1058.8463669251712,3.5,54.64605661506303,351.610695586848,54
1816.8,7,1058.8463669251712,3.5,54.62129779289434,351.7733873968724,54
1816.9,7,1058.8463669251712,3.5,54.684521123378396,351.2875786355055,54
1817.0,7,1058.8463669251712,3.5,54.664224424155606,351.41808405445107,54
1817.1,7,1058.8463669251712,3.5,54.66372120001213,351.4159508466057,54
1817.2,7,1058.8463669251712,3.5,54.65112189944283,351.49583155715396,54
1817.3,7,1058.8463669251712,3.5,54.58770962844795,351.9389097774573,54
1817.4,7,1058.8463669251712,3.5,54.57417137350461,352.0250380887371,54
1817.5,7,1058.8463669251712,3.5,54.57556114271838,352.0067334035175,54
1817.6,7,1058.8463669251712,3.5,54.54338060293992,352.2172723811863,54
1817.7,7,1058.8463669251712,3.5,54.56321631034125,352.0804462542968,54
1817.8,7,1058.8463669251712,3.5,54.54458350481222,352.1988081931971,54
1817.9,7,1058.7862290501355,3.5,54.52752083261378,352.30672604147196,54
1818.0,7,1058.7862290501355,4.199999999999999,54.52937273270899,352.29029613409006,54
1818.1,7,1058.7862290501355,4.199999999999999,54.5127307102336,352.40206339911833,54
1818.2,7,1058.7862290501355,4.199999999999999,54.5263121947769,352.30980311369444,54
1818.3,7,1058.7862290501355,4.199999999999999,54.522065466644705,352.33585788128005,54
1818.4,7,1058.7862290501355,4.199999999999999,54.50540362974082,352.4507146560867,54
1818.5,7,1058.7862290501355,4.199999999999999,54.49899765707001,352.49864850113516,54
1818.6,7,1058.7862290501355,4.199999999999999,54.50721639691492,352.4495576697198,54
1818.7,7,1058.7862290501355,4.199999999999999,54.528152167996495,352.31635538116046,54
1818.8,7,1058.7862290501355,4.199999999999999,54.513274941717384,352.41881317060637,54
1818.9,7,1058.7862290501355,4.199999999999999,54.51801631040658,352.3870474844462,54
1819.0,7,1058.7862290501355,4.199999999999999,54.55153571902302,352.09491794393637,54
1819.1,7,1058.7862290501355,4.199999999999999,54.54771994224673,352.1258454168973,54
1819.2,7,1058.7862290501355,4.199999999999999,54.52845661889137,352.2593510388386,54
1819.3,7,1058.7862290501355,4.199999999999999,54.552823159959715,352.1157215835607,54
1819.4,7,1058.7862290501355,4.199999999999999,54.55332937081597,352.1119192706752,54
1819.5,7,1058.7862290501355,4.199999999999999,54.54341636146252,352.1830160286747,54
1819.6,7,1058.7862290501355,4.199999999999999,54.54417193424901,352.1824076191699,54
1819.7,7,1058.7862290501355,4.199999999999999,54.54615383521953,352.1714123294164,54
1819.8,7,1058.7862290501355,4.199999999999999,54.55982130704555,352.0820053798866,54
1819.9,7,1058.7862290501355,4.199999999999999,54.553644336950114,352.1277809950421,54
1820.0,7,1058.7862290501355,4.199999999999999,54.55299766565548,352.13507884706746,54
1820.1,7,1058.7862290501355,4.199999999999999,54.532681019452724,352.2756266749077,54
1820.2,7,1058.7862290501355,4.199999999999999,54.5360994965303,352.2568708679528,54
1820.3,7,1058.7862290501355,4.199999999999999,54.53126858172525,352.29126016039396,54
1820.4,7,1058.7862290501355,4.199999999999999,54.52692880689684,352.3248433754365,54
1820.5,7,1058.7862290501355,4.199999999999999,54.51456944252184,352.4076865677178,54
1820.6,7,1058.7862290501355,4.199999999999999,54.52388386338316,352.3472027773794,54
1820.7,7,1058.7862290501355,4.199999999999999,54.51717162534284,352.3970945641205,54
1820.8,7,1058.7264779943466,4.199999999999999,54.53223267726864,352.2961811904172,54
1820.9,7,1059.6926259409213,4.8999999999999995,54.5314804163811,352.302841326657,55
1821.0,7,1059.6926259409213,-100.0,54.52734295381285,352.33261896775485,55
1821.1,7,1059.6926259409213,4.8999999999999995,54.52960026913078,352.3199259026467,55
1821.2,7,1059.6926259409213,4.8999999999999995,54.52463448669242,352.3552963679306,55
1821.3,7,1059.6926259409213,4.199999999999999,54.50338426879394,352.4978043239954,55
1821.4,7,1059.6926259409213,4.199999999999999,54.51661565630886,352.4096990896184,55
1821.5,7,1059.6926259409213,4.199999999999999,54.53215972561148,352.3213492437404,55
1821.6,7,1059.6926259409213,4.199999999999999,54.535704940482574,352.2972153747561,55
1821.7,7,1059.6926259409213,4.199999999999999,54.52233396886439,352.3861935479142,55
1821.8,7,1059.6926259409213,4.199999999999999,54.525848907462695,352.36478138273793,55
1821.9,7,1059.6926259409213,4.199999999999999,54.51623005194614,352.4299154230101,55
1822.0,7,1059.6926259409213,4.199999999999999,54.513565381771805,352.4473049775699,55
1822.1,7,1059.6926259409213,4.199999999999999,54.386498788107275,353.24899694774433,55
1822.2,7,1059.6926259409213,4.199999999999999,54.394238575514485,353.20081245172537,55
1822.3,7,1059.6926259409213,4.199999999999999,54.407050851233464,353.11569518144313,55
1822.4,7,1059.6926259409213,4.199999999999999,54.38229807934867,353.284586169056,55
1822.5,7,1059.6926259409213,4.199999999999999,54.37862237961557,353.3092961213665,55
1822.6,7,1059.6926259409213,4.199999999999999,54.3950179151611,353.22217624134953,55
1822.7,7,1059.6926259409213,4.199999999999999,54.38181197207944,353.30831053683715,55
1822.8,7,1059.6926259409213,4.199999999999999,54.37344836526911,353.3646541629713,55
1822.9,7,1059.6926259409213,4.199999999999999,54.37570761975017,353.3474610652097,55
1823.0,7,1059.6926259409213,4.199999999999999,54.35729294042295,353.47205465970603,55
1823.1,7,1059.6926259409213,4.199999999999999,54.35390551366778,353.4923165503361,55
1823.2,7,1059.6926259409213,4.199999999999999,54.32128589068974,353.7115981285034,55
1823.3,7,1059.6926259409213,4.199999999999999,54.31500360494387,353.74869705911226,55
1823.4,7,1059.6926259409213,4.199999999999999,54.21549803957569,354.3657154526237,55
1823.5,7,1059.6926259409213,4.199999999999999,54.056601355642044,355.4689169863519,55
1823.6,7,1059.6926259409213,4.199999999999999,54.05554954587811,355.4753080042043,55
1823.7,7,1059.632288027198,4.199999999999999,54.06638739529074,355.3987977464959,55
1823.8,7,1059.632288027198,4.8999999999999995,54.05448328057322,355.4793054469011,55
1823.9,7,1059.632288027198,4.8999999999999995,54.057103888568435,355.46425630183273,55
1824.0,7,1059.632288027198,4.8999999999999995,54.066256791422504,355.40041323632715,55
1824.1,7,1059.632288027198,4.8999999999999995,54.04285838224052,355.56355587937344,55
1824.2,7,1059.632288027198,4.8999999999999995,54.07033839889112,355.3939062672788,55
1824.3,7,1059.632288027198,4.8999999999999995,54.05554542525877,355.49208756630605,55
1824.4,7,1059.632288027198,4.8999999999999995,54.039283684530034,355.6013824807104,55
1824.5,7,1059.632288027198,4.8999999999999995,53.91238485975128,356.388103108656,55
1824.6,7,1059.632288027198,4.8999999999999995,53.90545892295308,356.4342444657253,55
1824.7,7,1059.632288027198,4.8999999999999995,53.897396041142166,356.49127739474534,55
1824.8,7,1059.632288027198,4.8999999999999995,53.93149406083371,356.2579675174179,55
1824.9,7,1060.5957705648482,4.8999999999999995,53.742955827468116,357.5790597644277,56
1825.0,7,1060.5957705648482,-100.0,53.733019377587496,357.6506769814051,56
1825.1,7,1060.5957705648482,4.8999999999999995,53.738661285694626,357.6131976877732,56
1825.2,7,1060.5957705648482,4.8999999999999995,53.7312987977344,357.66581373722045,56
1825.3,7,1060.5957705648482,4.8999999999999995,53.717119238060846,357.7601456506685,56
1825.4,7,1060.5957705648482,4.8999999999999995,53.71431199976641,357.7823988123161,56
1825.5,7,1060.5957705648482,4.8999999999999995,53.557194757101996,358.7884031637614,56
1825.6,7,1060.5957705648482,4.8999999999999995,53.56494114613848,358.7343677046888,56
1825.7,7,1060.5957705648482,4.8999999999999995,53.579226896818625,358.6361221363778,56
1825.8,7,1060.5957705648482,4.8999999999999995,53.56926788607778,358.709253983223,56
1825.9,7,1060.5957705648482,4.8999999999999995,53.56488496866152,358.74098451367763,56
1826.0,7,1060.5957705648482,4.8999999999999995,53.56736199739732,358.72461072696746,56
1826.1,7,1060.5957705648482,4.8999999999999995,53.55097222544613,358.84151471473524,56
1826.2,7,1060.5957705648482,4.8999999999999995,53.57132883979241,358.6961114208725,56
1826.3,7,1060.5957705648482,4.8999999999999995,53.32899922434469,360.4339836302328,56
1826.4,7,1060.5957705648482,4.8999999999999995,53.31759061245242,360.51283461061337,56
1826.5,7,1060.5957705648482,4.8999999999999995,53.30427034167366,360.61178306819636,56
1826.6,7,1060.5957705648482,4.8999999999999995,53.311141384822,360.5605068020876,56
1826.7,7,1060.5350636337125,4.8999999999999995,53.29579533302112,360.6698968917086,56
1826.8,7,1060.5350636337125,5.6,53.289411771568865,360.7144386563822,56
1826.9,7,1060.5350636337125,5.6,53.11467405243404,361.82963400687356,56
1827.0,7,1060.5350636337125,5.6,53.104219361942754,361.90576892610886,56
1827.1,7,1060.5350636337125,5.6,53.08689030045551,362.02488711454254,56
1827.2,7,1060.5350636337125,5.6,53.047873271762484,362.2971951959023,56
1827.3,7,1060.5350636337125,5.6,53.055410142124614,362.23911035771266,56
1827.4,7,1060.5350636337125,5.6,53.04347236622364,362.3201044241423,56
1827.5,7,1060.5350636337125,5.6,53.1538605613694,361.63736338632907,56
1827.6,7,1060.5350636337125,5.6,53.12794442460585,361.82014117516104,56
1827.7,7,1060.5350636337125,5.6,53.116084625010764,361.90189840199815,56
1827.8,7,1060.5350636337125,5.6,53.07488548655561,362.1895530198585,56
1827.9,7,1060.5350636337125,5.6,53.05650633859746,362.314232620677,56
1828.0,7,1060.5350636337125,5.6,53.07759379753787,362.1350377091453,56
1828.1,7,1060.5350636337125,5.6,53.12989908689552,361.7469291959827,56
1828.2,7,1060.5350636337125,5.6,53.11815927768535,361.82591889376846,56
1828.3,7,1060.5350636337125,5.6,53.09249070861009,362.0036882492131,56
1828.4,7,1060.5350636337125,5.6,53.08373592918154,362.05829371592665,56
1828.5,7,1060.5350636337125,5.6,53.07206763289858,362.13068446396323,56
1828.6,7,1060.5350636337125,5.6,53.05100188880855,362.2758572779705,56
1828.7,7,1060.5350636337125,5.6,53.03055688354806,362.41792128323436,56
1828.8,7,1060.5350636337125,5.6,53.01682365183047,362.5096214909512,56
1828.9,7,1060.5350636337125,5.6,53.02089966449432,362.47795516211556,56
1829.0,7,1060.5350636337125,5.6,53.03129981372767,362.39777057669414,56
1829.1,7,1060.5350636337125,5.6,53.001962424040286,362.60877129953246,56
1829.2,7,1060.5350636337125,5.6,53.001184169875884,362.61032147980586,56
1829.3,7,1060.5350636337125,5.6,52.999092829878485,362.6211909560219,56
1829.4,7,1060.5350636337125,5.6,52.989027343668134,362.6932566117687,56
1829.5,7,1060.5350636337125,5.6,52.96971016241799,362.82553725563344,56
1829.6,7,1060.5350636337125,5.6,52.963152898525166,362.86863203320553,56
1829.7,7,1060.5350636337125,5.6,52.9487440005275,362.9677696591623,56
1829.8,7,1060.474153265225,5.6,52.943660722063505,363.00170754828696,56
1829.9,7,1060.474153265225,6.3,53.003309304529864,362.6445099015626,56
1830.0,7,1060.474153265225,6.3,52.987402980082564,362.7581649470155,56
1830.1,7,1060.474153265225,6.3,52.98320515530906,362.7920511298282,56
1830.2,7,1060.474153265225,6.3,52.99852769958479,362.68303533958976,56
1830.3,7,1060.474153265225,5.6,53.00183498599209,362.6626379241883,56
1830.4,7,1060.474153265225,5.6,53.002415087549224,362.658402255928,56
1830.5,7,1060.474153265225,5.6,52.99965031198178,362.6818833646952,56
1830.6,7,1060.474153265225,5.6,53.00460921108874,362.649748136746,56
1830.7,7,1060.474153265225,5.6,52.985346885707045,362.7933908609656,56
1830.8,7,1061.434628058452,5.6,53.00154240505527,362.68602870320217,57
1830.9,7,1061.434628058452,-100.0,52.98598236816618,362.80047817653553,57
1831.0,7,1061.434628058452,5.6,52.98852463389872,362.7820144057374,57
1831.1,7,1061.434628058452,5.6,52.98716347744398,362.7996865845296,57
1831.2,7,1061.434628058452,5.6,53.04020003807,362.4796339336172,57
1831.3,7,1061.434628058452,5.6,53.05840744883328,362.351565921963,57
1831.4,7,1061.434628058452,5.6,53.062264101935824,362.32846906810573,57
1831.5,7,1061.434628058452,5.6,53.043153936030976,362.47823034350006,57
1831.6,7,1061.434628058452,5.6,53.04701987008191,362.455406901276,57
1831.7,7,1061.434628058452,5.6,53.045896231532396,362.47152727346037,57
1831.8,7,1061.434628058452,5.6,53.04974876892238,362.4436561841759,57
1831.9,7,1061.434628058452,5.6,53.02669147571977,362.61631254080623,57
1832.0,7,1061.434628058452,5.6,53.022135127219826,362.6584638464428,57
1832.1,7,1061.434628058452,5.6,53.07572913122529,362.240017679003,57
1832.2,7,1061.434628058452,5.6,53.0742660448999,362.2546539199311,57
1832.3,7,1061.434628058452,5.6,53.07134336328901,362.28134289077855,57
1832.4,7,1061.434628058452,5.6,53.1969775958447,361.36375024397387,57
1832.5,7,1061.434628058452,5.6,53.181448173348215,361.47891864185726,57
1832.6,7,1061.434628058452,5.6,53.1757268519105,361.5233382473472,57
1832.7,7,1061.434628058452,5.6,53.16950096451485,361.5707700132193,57
1832.8,7,1061.434628058452,5.6,53.16947725239344,361.5767060315916,57
1832.9,7,1061.434628058452,5.6,53.17297238413083,361.55235567321927,57
1833.0,7,1061.434628058452,5.6,53.16755319275777,361.5911342148976,57
1833.1,7,1061.372275618629,5.6,53.0412748487615,362.4174163981223,57
1833.2,7,1061.372275618629,6.3,53.04266987928572,362.4122587853829,57
1833.3,7,1061.372275618629,6.3,53.11910191087856,361.9192365523974,57
1833.4,7,1061.372275618629,6.3,53.13566061208068,361.80300506145466,57
1833.5,7,1061.372275618629,6.3,53.14831787166124,361.71085922551197,57
1833.6,7,1061.372275618629,6.3,53.118051477073685,361.9320521531763,57
1833.7,7,1061.372275618629,6.3,53.13609220420594,361.7931272976549,57
1833.8,7,1061.372275618629,6.3,53.14692935609858,361.71855316137373,57
1833.9,7,1061.372275618629,6.3,53.12614265884352,361.8610671774001,57
1834.0,7,1061.372275618629,6.3,53.071749883085076,362.2840095299033,57
1834.1,7,1061.372275618629,6.3,52.93719154342337,363.14623996548676,57
1834.2,7,1061.372275618629,6.3,52.92467496864495,363.23448232885323,57
1834.3,7,1061.372275618629,6.3,53.03712806451057,362.3996171019517,57
1834.4,7,1061.372275618629,6.3,53.012996107906716,362.568953496654,57
1834.5,7,1061.372275618629,6.3,53.02126315187008,362.50524431533296,57
1834.6,7,1061.372275618629,6.3,53.01166988309157,362.5677472254677,57
1834.7,7,1061.372275618629,6.3,52.99702645266601,362.6729494100234,57
1834.8,7,1061.372275618629,6.3,53.01071558935585,362.57772608752464,57
1834.9,7,1061.372275618629,6.3,53.00281166840048,362.63057190878374,57
1835.0,7,1061.372275618629,6.3,53.02033699575671,362.50572395063097,57
1835.1,7,1061.372275618629,5.6,53.01555264233998,362.54157696693585,57
1835.2,7,1061.372275618629,5.6,53.01354461154874,362.55277637522073,57
1835.3,7,1061.372275618629,5.6,53.00909996875255,362.58472055384476,57
1835.4,7,1061.372275618629,5.6,52.99551710425896,362.67924725223236,57
1835.5,7,1061.372275618629,5.6,52.988481531082826,362.73105288393435,57
1835.6,7,1061.372275618629,5.6,53.06220598151301,362.25843598302833,57
1835.7,7,1061.372275618629,5.6,53.06974425044123,362.2035838046007,57
1835.8,7,1061.372275618629,5.6,53.07209601636732,362.1884513003314,57
1835.9,7,1061.372275618629,5.6,53.06777444732969,362.2154619573666,57
1836.0,7,1061.372275618629,5.6,53.07906154228867,362.1389346337603,57
1836.1,7,1061.372275618629,5.6,52.89192463807726,363.5125637493353,57
1836.2,7,1061.309987886444,5.6,52.90660536721822,363.40607274902953,57
1836.3,7,1061.309987886444,6.3,52.90781900067897,363.40085801252206,57
1836.4,7,1061.309987886444,6.3,52.89642635763376,363.4911556792734,57
1836.5,7,1061.309987886444,6.3,52.90567606205669,363.4263039142561,57
1836.6,7,1061.309987886444,6.3,52.91467007889095,363.3617284118883,57
1836.7,7,1061.309987886444,6.3,52.77189393474294,364.29634133822606,57
1836.8,7,1061.309987886444,6.3,52.7912011819358,364.1599296201989,57
1836.9,7,1061.309987886444,6.3,52.928008832423856,363.160282043092,57
1837.0,7,1061.309987886444,6.3,52.95290151358069,362.9871497282075,57
1837.1,7,1061.309987886444,6.3,52.944152581334194,363.0618675696285,57
1837.2,7,1061.309987886444,6.3,52.94814434857115,363.03556789480723,57
1837.3,7,1061.309987886444,6.3,52.968045190748185,362.8935880056753,57
1837.4,7,1061.309987886444,6.3,52.95784959280802,362.9697264593519,57
1837.5,7,1061.309987886444,6.3,52.95883802329337,362.9684280447654,57
1837.6,7,1061.309987886444,6.3,52.97085644219399,362.88327168785304,57
1837.7,7,1061.309987886444,6.3,52.97097607622025,362.89587728917127,57
1837.8,7,1061.309987886444,6.3,52.96669549468881,362.92126525619244,57
1837.9,7,1061.309987886444,6.3,52.96196778647982,362.96300552989305,57
1838.0,7,1061.309987886444,6.3,52.973514551618436,362.8784783791956,57
1838.1,7,1061.309987886444,5.6,53.037809566068084,362.48359031572477,57
1838.2,7,1061.309987886444,5.6,53.026040617822886,362.56671202629883,57
1838.3,7,1061.309987886444,5.6,53.02164719649501,362.6000641800149,57
1838.4,7,1061.309987886444,5.6,53.023575046852486,362.59047199489237,57
1838.5,7,1061.309987886444,5.6,53.017175934505886,362.6349257504916,57
1838.6,7,1061.309987886444,5.6,53.007675808157856,362.6990655869199,57
1838.7,7,1061.309987886444,5.6,52.992367295751365,362.8069892431338,57
1838.8,7,1062.2649370889471,5.6,52.980756862664094,362.8863687369336,58
1838.9,7,1062.2649370889471,-100.0,52.9846831601847,362.8558287992758,58
1839.0,7,1062.2649370889471,5.6,52.80204066750485,364.0173906829118,58
1839.1,7,1062.2649370889471,5.6,52.78091600467099,364.1657715540318,58
1839.2,7,1062.2649370889471,5.6,52.78451477010473,364.1327157521442,58
1839.3,7,1062.2649370889471,5.6,52.878439274221876,363.43615366476917,58
1839.4,7,1062.2649370889471,5.6,52.815532033545864,363.92530879592454,58
1839.5,7,1062.2649370889471,5.6,52.81715726636341,363.90835876103534,58
1839.6,7,1062.2649370889471,5.6,52.810145760271496,363.95160346458226,58
1839.7,7,1062.2649370889471,5.6,52.7998699887858,364.01758230301107,58
1839.8,8,1062.7476783432637,4.8999999999999995,52.78342294742515,364.13006877307225,58
1839.9,8,1062.9691357097859,4.199999999999999,52.77280541288675,364.19862061868525,58
1840.0,8,1063.0855861669022,4.199999999999999,52.75794635420267,364.29829572491394,58
1840.1,8,1063.0227779742409,4.199999999999999,52.72970595387791,364.49540199271667,58
1840.2,8,1063.0227779742409,4.8999999999999995,52.799805239429034,364.0489366958426,58
1840.3,8,1063.0227779742409,4.8999999999999995,52.78901258582417,364.12036139038497,58
1840.4,8,1063.0227779742409,4.8999999999999995,52.77966518771797,364.1839484009303,58
1840.5,8,1063.0227779742409,4.8999999999999995,52.73492964181554,364.5020637544063,58
1840.6,8,1063.0227779742409,4.8999999999999995,52.73254526429969,364.5174763851473,58
1840.7,7,1062.9608046011201,4.8999999999999995,52.83468204376332,363.75749734617864,58
1840.8,7,1062.9608046011201,5.6,52.816424449649396,363.8907175818914,58
1840.9,7,1062.9608046011201,5.6,52.79473858437214,364.0486672538319,58
1841.0,7,1062.9608046011201,5.6,52.773507764818945,364.20525948229715,58
1841.1,7,1062.9608046011201,5.6,52.7684570067827,364.2454775120635,58
1841.2,7,1062.9608046011201,5.6,52.737430753026274,364.47291084047697,58
1841.3,7,1062.9608046011201,5.6,52.73537451757089,364.49205526002663,58
1841.4,7,1062.9608046011201,5.6,52.72527258601252,364.56132589755873,58
1841.5,7,1062.9608046011201,5.6,52.505594861108364,366.01566947908924,58
1841.6,7,1062.9608046011201,5.6,52.54830930229196,365.6434143096153,58
1841.7,7,1062.9608046011201,5.6,52.52858956124729,365.78604499216914,58
1841.8,7,1062.9608046011201,5.6,52.50313601334574,365.9744774133633,58
1841.9,7,1062.9608046011201,5.6,52.47079632988246,366.2053069079474,58
1842.0,7,1062.9608046011201,5.6,52.45237072034197,366.3407347027074,58
1842.1,7,1062.9608046011201,5.6,52.212593544030995,368.1325663475722,58
1842.2,7,1062.9608046011201,5.6,52.18585954353061,368.32461950873494,58
1842.3,7,1062.9608046011201,5.6,52.175771045578415,368.3989645268682,58
1842.4,7,1062.9608046011201,5.6,52.15301601777216,368.5762412201664,58
1842.5,7,1062.9608046011201,5.6,52.14008567862921,368.6718398508556,58
1842.6,8,1062.9608046011201,4.8999999999999995,52.193025550893566,368.3477906708275,58
1842.7,8,1062.9608046011201,4.199999999999999,52.18472984125954,368.4081875727541,58
1842.8,8,1062.9608046011201,4.199999999999999,52.16535739099321,368.55464927105413,58
1842.9,8,1062.9608046011201,4.199999999999999,52.15467911548478,368.63885188356676,58
1843.0,8,1062.9608046011201,4.199999999999999,52.146875311414064,368.7010391730023,58
1843.1,8,1062.9608046011201,4.199999999999999,52.006391556126125,369.64777747173287,58
1843.2,8,1062.9608046011201,4.199999999999999,51.997444037603955,369.72334875960473,58
1843.3,8,1062.9608046011201,4.199999999999999,52.094193497560454,368.9878104554398,58
1843.4,8,1062.8985438820882,4.199999999999999,52.089850223124365,369.02414815742657,58
1843.5,8,1062.8985438820882,4.8999999999999995,52.06567814515047,369.21401300396127,58
1843.6,7,1062.8375100973615,4.8999999999999995,52.04951624316969,369.34271863162553,58
1843.7,7,1062.8375100973615,5.6,52.052639249735854,369.32511319924413,58
1843.8,7,1062.8375100973615,5.6,52.0376974770452,369.45151928599375,58
1843.9,7,1062.8375100973615,5.6,52.027230889894966,369.5350034984363,58
1844.0,7,1062.8375100973615,5.6,52.09241393387102,369.04237412918104,58
1844.1,8,1062.8375100973615,5.6,52.083389488925405,369.11682204353286,58
1844.2,7,1062.8375100973615,4.8999999999999995,52.073706421610424,369.1990054281425,58
1844.3,7,1062.8375100973615,5.6,52.05255325890738,369.36280856508336,58
1844.4,7,1062.8375100973615,5.6,52.05128004551293,369.37313388753944,58
1844.5,8,1062.8375100973615,4.8999999999999995,52.041229672717684,369.4540538112668,58
1844.6,8,1062.8375100973615,4.8999999999999995,52.02225534216768,369.6005365437252,58
1844.7,8,1062.8375100973615,4.8999999999999995,52.010756481788604,369.6907712054083,58
1844.8,8,1062.8375100973615,4.8999999999999995,52.003861005030345,369.749989372064,58
1844.9,8,1062.8375100973615,4.8999999999999995,52.06412409140116,369.3708916278147,58
1845.0,8,1062.8375100973615,4.8999999999999995,52.05722615927738,369.42779650293755,58
1845.1,8,1062.8375100973615,4.8999999999999995,52.04661964067996,369.5125703167024,58
1845.2,8,1062.8375100973615,4.8999999999999995,51.759652407154235,371.7481097427475,58
1845.3,8,1062.8375100973615,4.8999999999999995,51.739595945632296,371.9088913496911,58
1845.4,8,1062.8375100973615,4.8999999999999995,51.7294814110477,371.9966492743042,58
1845.5,8,1062.8375100973615,4.8999999999999995,51.70550210998424,372.1869694248666,58
1845.6,8,1062.8375100973615,4.8999999999999995,51.69254340459627,372.2902507358998,58
1845.7,8,1062.8375100973615,4.8999999999999995,51.682389413760305,372.3725939224274,58
1845.8,8,1062.8375100973615,4.8999999999999995,51.517875895413596,373.47336070932164,58
1845.9,8,1062.8375100973615,4.8999999999999995,51.501045342573676,373.61330070269287,58
1846.0,8,1062.8375100973615,4.199999999999999,51.47892695307803,373.7801546246492,58
1846.1,8,1062.8375100973615,4.199999999999999,51.46741283106246,373.8731784822238,58
1846.2,8,1062.8375100973615,4.199999999999999,51.45583183917692,373.96169738346714,58
1846.3,8,1062.774360650501,4.199999999999999,51.454034652819566,373.9818549376382,58
1846.4,8,1062.774360650501,4.8999999999999995,51.45410899558239,373.9831091024206,58
1846.5,8,1062.774360650501,4.8999999999999995,51.44528402268999,374.0515816014418,58
1846.6,8,1062.774360650501,4.8999999999999995,51.51854579899111,373.4650578557698,58
1846.7,8,1062.774360650501,4.8999999999999995,51.51061139491297,373.5280574490306,58
1846.8,8,1062.774360650501,4.8999999999999995,51.51213897194971,373.51365925744835,58
1846.9,8,1062.774360650501,4.8999999999999995,51.508017093204785,373.54280916056155,58
1847.0,8,1062.774360650501,4.8999999999999995,51.50818392708159,373.54228174759294,58
1847.1,8,1062.774360650501,4.8999999999999995,51.57206417596082,373.13050869294483,58
1847.2,8,1062.774360650501,4.8999999999999995,51.56599066772887,373.17885762368047,58
1847.3,8,1062.774360650501,4.8999999999999995,51.56274745431353,373.2069793509512,58
1847.4,8,1062.774360650501,4.8999999999999995,51.55011955574626,373.30337706859905,58
1847.5,8,1062.774360650501,4.8999999999999995,51.535056648783055,373.4219718076372,58
1847.6,8,1062.774360650501,4.8999999999999995,51.396025534674706,374.3567045956951,58
1847.7,8,1062.774360650501,4.8999999999999995,51.38652449406661,374.42815198387484,58
1847.8,8,1062.774360650501,4.8999999999999995,51.3816332606134,374.46379807047106,58
1847.9,8,1062.774360650501,4.8999999999999995,51.37868726869124,374.4901732799472,58
1848.0,8,1062.774360650501,4.8999999999999995,51.36255295775109,374.61616587265917,58
1848.1,8,1062.774360650501,4.8999999999999995,51.35227730482548,374.706489819476,58
1848.2,8,1062.774360650501,4.8999999999999995,51.34260517156403,374.7809825788032,58
1848.3,8,1062.774360650501,4.8999999999999995,51.34551107772438,374.75636400030874,58
1848.4,8,1062.774360650501,4.8999999999999995,51.341566024864086,374.78854025967723,58
1848.5,8,1062.774360650501,4.8999999999999995,51.20442828486202,375.69712684977935,58
1848.6,8,1062.774360650501,4.8999999999999995,51.192872135763,375.7906087626893,58
1848.7,8,1062.774360650501,4.8999999999999995,51.191614750048714,375.8040454665953,58
1848.8,8,1062.774360650501,4.8999999999999995,51.19030752831112,375.8191821956028,58
1848.9,7,1062.7275028372705,4.199999999999999,51.188743599474044,375.8324324482056,58
1849.0,7,1062.7275028372705,5.6,51.18888042004785,375.83388520346836,58
1849.1,7,1062.7275028372705,5.6,51.25127366200668,375.34079007805667,58
1849.2,7,1062.7275028372705,5.6,51.27396577433551,375.1731961071334,58
1849.3,7,1062.7275028372705,5.6,51.12299356601052,376.39559569397557,58
1849.4,7,1062.7275028372705,4.8999999999999995,51.131221947723034,376.33861626845373,58
1849.5,7,1062.7275028372705,4.8999999999999995,51.21241672191064,375.7817403900589,58
1849.6,7,1062.7275028372705,4.8999999999999995,51.21888428935473,375.74374405178014,58
1849.7,7,1062.7275028372705,4.8999999999999995,51.23327826015312,375.6364875974466,58
1849.8,7,1062.7275028372705,4.8999999999999995,51.236017534663816,375.6188439865282,58
1849.9,7,1062.7275028372705,4.8999999999999995,51.260449899940866,375.43392679010935,58
1850.0,7,1062.7275028372705,4.8999999999999995,51.25708372128173,375.4646275152821,58
1850.1,8,1062.6710045733162,4.8999999999999995,51.079350554599245,376.65934730675826,58
1850.2,8,1062.6710045733162,4.8999999999999995,51.090153298473695,376.57806401891,58
1850.3,8,1062.6710045733162,4.8999999999999995,51.10397755921255,376.47725011433977,58
1850.4,8,1062.6710045733162,4.8999999999999995,51.11473292629596,376.3917948716544,58
1850.5,8,1062.6710045733162,4.8999999999999995,51.12764414913051,376.29415275357087,58
1850.6,7,1062.61087251715,4.8999999999999995,51.14418573971014,376.177832338731,58
1850.7,7,1062.61087251715,5.6,51.16440462748234,376.01403045897075,58
1850.8,7,1062.61087251715,5.6,51.18159375655219,375.8770366569133,58
1850.9,7,1062.61087251715,5.6,51.18308184460903,375.8694408633811,58
1851.0,7,1062.61087251715,5.6,51.190209706274864,375.80976581404224,58
1851.1,7,1062.61087251715,5.6,51.18464118886309,375.8490014201858,58
1851.2,7,1062.61087251715,5.6,51.19644268399337,375.75081684545614,58
1851.3,7,1063.551743580392,5.6,51.188271836763775,375.8118395293285,59
1851.4,7,1063.551743580392,-100.0,51.20365299271714,375.6872681541238,59
1851.5,7,1063.551743580392,5.6,51.19647426427969,375.740476351422,59
1851.6,7,1063.551743580392,5.6,51.20448065512794,375.67290375226577,59
1851.7,7,1063.551743580392,5.6,51.209176990844384,375.6412694662758,59
1851.8,7,1063.551743580392,5.6,51.28859902527698,375.0019502455667,59
1851.9,7,1063.551743580392,5.6,51.351502070071014,374.584075336885,59
1852.0,7,1063.551743580392,5.6,51.35614367273126,374.54454405107083,59
1852.1,7,1063.551743580392,5.6,51.365437894494576,374.4726638149342,59
1852.2,7,1063.551743580392,5.6,51.360354543611436,374.5076038999054,59
1852.3,7,1063.551743580392,5.6,51.35310507380696,374.5559363992644,59
1852.4,7,1063.551743580392,5.6,51.36340903869029,374.47753610623784,59
1852.5,7,1063.551743580392,5.6,51.36357806395449,374.47793354649133,59
1852.6,7,1063.551743580392,5.6,51.36989393942811,374.41961795228406,59
1852.7,7,1063.551743580392,5.6,51.41126130684876,373.96650553030685,59
1852.8,7,1063.551743580392,5.6,51.414002363820906,373.9405664710597,59
1852.9,7,1063.551743580392,5.6,51.40686757522405,373.9896898035995,59
1853.0,7,1063.551743580392,5.6,51.402195483636405,374.0207163652161,59
1853.1,7,1063.551743580392,5.6,51.258046135940134,375.14849501007467,59
1853.2,7,1063.489599226878,5.6,51.25421477835094,375.17353081161275,59
1853.3,7,1063.489599226878,6.3,51.25995709917288,375.1213041891701,59
1853.4,7,1063.489599226878,6.3,51.23953017152919,375.27462268876883,59
1853.5,7,1063.489599226878,6.3,51.247210902299486,375.2187964247415,59
1853.6,7,1063.489599226878,6.3,51.23922128461167,375.28354728762486,59
1853.7,7,1063.489599226878,6.3,51.24805037172512,375.2159979922016,59
1853.8,7,1063.489599226878,6.3,51.25287854307972,375.18082896617295,59
1853.9,7,1063.489599226878,6.3,51.261500101930025,375.11661804118484,59
1854.0,7,1063.489599226878,6.3,51.266889986307305,375.07937872199614,59
1854.1,7,1063.489599226878,6.3,51.25897386155712,375.14625776354376,59
1854.2,7,1063.489599226878,6.3,51.26491153242539,375.10265295045144,59
1854.3,7,1064.4259047639982,5.6,51.341178555366994,374.5033449596284,60
1854.4,7,1064.4259047639982,-100.0,51.3329935723862,374.5669517406267,60
1854.5,7,1064.4259047639982,5.6,51.34514947543509,374.47173227060205,60
1854.6,7,1064.4259047639982,5.6,51.35815979410685,374.3699584699647,60
1854.7,7,1064.4259047639982,5.6,51.20261689635784,375.59710751093576,60
1854.8,7,1064.4259047639982,5.6,51.20286812113402,375.59410219235303,60
1854.9,7,1064.4259047639982,5.6,51.221686653917615,375.4488629103056,60
1855.0,7,1064.4259047639982,5.6,51.20562155274868,375.5712318077101,60
1855.1,7,1064.4259047639982,5.6,51.196005424536,375.643701992646,60
1855.2,7,1064.4259047639982,5.6,51.202770616997554,375.59035034047105,60
1855.3,7,1064.4259047639982,5.6,51.20459585644189,375.5810584479191,60
1855.4,7,1064.4259047639982,5.6,51.20642671363022,375.55819964607707,60
1855.5,8,1064.4124460589837,4.8999999999999995,51.212439039886746,375.51004852415804,60
1855.6,8,1064.3569045524043,4.8999999999999995,51.37419769128962,374.4268756009163,60
1855.7,8,1064.3569045524043,4.8999999999999995,51.37393109494746,374.4281257503914,60
1855.8,8,1064.3569045524043,4.8999999999999995,51.36324667348232,374.5052264308413,60
1855.9,8,1064.3569045524043,4.8999999999999995,51.361918159027766,374.5159032469219,60
1856.0,7,1064.2944458553086,4.8999999999999995,51.368236944671764,374.46283506132625,60
1856.1,7,1064.2944458553086,5.6,51.3570760608263,374.55023002343466,60
1856.2,7,1064.2944458553086,5.6,51.37014933556337,374.4583350282266,60
1856.3,7,1064.2944458553086,5.6,51.36979704295777,374.4629952170103,60
1856.4,7,1064.2944458553086,5.6,51.35261461955092,374.59702396325906,60
1856.5,7,1064.2944458553086,5.6,51.22967996108638,375.4389536605186,60
1856.6,7,1064.2944458553086,5.6,51.223920029397874,375.49743042320506,60
1856.7,7,1064.2944458553086,5.6,51.23685601400358,375.4006908823942,60
1856.8,7,1064.2944458553086,5.6,51.2360543027811,375.4173234099744,60
1856.9,7,1064.2944458553086,5.6,51.24327696932934,375.3671989651658,60
1857.0,7,1064.2944458553086,5.6,51.24991842964852,375.316990189287,60
1857.1,7,1064.2944458553086,5.6,51.2433186032287,375.37844658755296,60
1857.2,7,1064.2944458553086,5.6,51.252113150525695,375.3192746901826,60
1857.3,7,1064.2944458553086,5.6,51.26179049776324,375.2504798387753,60
1857.4,7,1064.2944458553086,5.6,50.96521501642604,377.4611968067984,60
1857.5,7,1064.2944458553086,5.6,50.95938090010741,377.5186082783836,60
1857.6,7,1064.2944458553086,5.6,50.96621695469542,377.466125706361,60
1857.7,7,1064.2944458553086,5.6,50.950987106327666,377.45175213464086,60
1857.8,7,1064.2944458553086,6.3,50.947543613054975,377.48265491708605,60
1857.9,7,1064.2944458553086,6.3,50.95071336200209,377.46094146904574,60
1858.0,7,1064.2944458553086,6.3,51.07326304507916,376.6340329040038,60
1858.1,7,1064.2944458553086,6.3,51.07323707346358,376.6398210369763,60
1858.2,7,1064.2944458553086,6.3,51.07118710206079,376.67190338391333,60
1858.3,7,1064.2944458553086,6.3,50.937892292484335,377.5727914966917,60
1858.4,7,1064.2944458553086,5.6,50.94383728658851,377.5355083107335,60
1858.5,7,1064.2944458553086,5.6,50.9243009421297,377.6842062851157,60
1858.6,7,1064.2944458553086,5.6,50.92041585721732,377.72000851519635,60
1858.7,7,1064.2306610463015,5.6,50.90346767530859,377.85529651501247,60
1858.8,7,1064.2306610463015,6.3,50.89338482101617,377.9348068085475,60
1858.9,7,1064.2306610463015,6.3,50.8918939806271,377.95299099426506,60
1859.0,7,1064.2306610463015,6.3,50.8869577438318,377.99881386868356,60
1859.1,7,1064.2306610463015,6.3,50.861997114466654,378.20467893195047,60
1859.2,7,1064.2306610463015,6.3,50.856169600780156,378.25824301940037,60
1859.3,7,1064.2306610463015,6.3,50.8374877522974,378.404753608218,60
1859.4,7,1064.2306610463015,5.6,50.84013762887126,378.3866237233742,60
1859.5,7,1064.2306610463015,5.6,50.82404175462875,378.5208066567102,60
1859.6,7,1064.2306610463015,5.6,50.823601333893514,378.52325348355487,60
1859.7,7,1064.2306610463015,5.6,51.014726824577664,376.97766854732856,60
1859.8,7,1064.2306610463015,5.6,51.00970384897014,377.02434724691227,60
1859.9,7,1064.2306610463015,5.6,50.85728055367072,378.08263489500837,60
1860.0,7,1064.2306610463015,5.6,50.84619938931023,378.171628356371,60
1860.1,7,1064.2306610463015,5.6,50.830687566398936,378.2950187294697,60
1860.2,7,1064.2306610463015,5.6,50.83422732225439,378.2724430438103,60
1860.3,7,1064.2306610463015,5.6,50.83547995887061,378.2624211947019,60
1860.4,7,1064.2306610463015,5.6,50.90786569812724,377.775375704633,60
1860.5,7,1064.2306610463015,5.6,50.906195318907656,377.7937756747101,60
1860.6,7,1064.2306610463015,5.6,50.914819761607475,377.7287225670868,60
1860.7,7,1064.2306610463015,5.6,50.90749108357569,377.79175237058257,60
1860.8,7,1064.2306610463015,5.6,50.89734390089094,377.8715159127539,60
1860.9,7,1064.2306610463015,5.6,50.89353103016349,377.9036400881779,60
1861.0,7,1064.2306610463015,5.6,50.86738725918764,378.1097349824564,60
1861.1,7,1064.2306610463015,5.6,50.86093693594504,378.1552405271262,60
1861.2,7,1064.2306610463015,5.6,50.85668531503237,378.19284311544993,60
1861.3,7,1064.2306610463015,5.6,50.85455678949682,378.20278729727,60
1861.4,7,1064.1676538605054,5.6,50.573695978178776,380.4884704538304,60
1861.5,7,1064.1676538605054,6.3,50.57216160787405,380.50698419374953,60
1861.6,7,1064.1676538605054,6.3,50.616439575012365,379.9591013274819,60
1861.7,7,1064.1676538605054,6.3,50.617343713106074,379.9527460321524,60
1861.8,7,1064.1676538605054,6.3,50.59788096537879,380.10685008555663,60
1861.9,7,1064.1676538605054,6.3,50.59289484874664,380.1492116930113,60
1862.0,7,1064.1676538605054,6.3,50.578368298647085,380.25933749384546,60
1862.1,7,1064.1676538605054,6.3,50.57467306358792,380.28880491058214,60
1862.2,7,1064.1676538605054,6.3,50.54904031280969,380.49071696548856,60
1862.3,7,1064.1676538605054,5.6,50.72413296168341,379.0673019458059,60
1862.4,7,1064.1676538605054,5.6,50.707505216563916,379.19871727049957,60
1862.5,7,1064.1676538605054,5.6,50.70136502136967,379.2484444512244,60
1862.6,7,1064.1676538605054,5.6,50.693451230431634,379.3074432810815,60
1862.7,7,1064.1676538605054,5.6,50.67642223358081,379.4397385866476,60
1862.8,7,1064.1676538605054,5.6,50.61317196019806,379.88076140943724,60
1862.9,7,1064.1676538605054,5.6,50.60067142939998,379.97868621770397,60
1863.0,7,1064.1676538605054,5.6,50.59784352197063,379.9968524537655,60
1863.1,7,1064.1676538605054,5.6,50.587237613452736,380.0807913841677,60
1863.2,7,1064.1676538605054,5.6,50.58184998537828,380.118335820879,60
1863.3,9,1064.1676538605054,4.8999999999999995,50.55559426055296,380.32350129239666,60
1863.4,9,1064.1676538605054,5.6000000000000005,50.54618857211342,380.3920295719104,60
1863.5,9,1064.1676538605054,4.800000000000001,50.49417663752017,380.8602839369562,60
1863.6,9,1064.1676538605054,4.800000000000001,50.27977403745395,382.6119195953325,60
1863.7,10,1064.1676538605054,4.800000000000001,50.268575085307404,382.6947579275073,60
1863.8,9,1064.1676538605054,4.800000000000001,50.24359256189773,382.87950201819075,60
1863.9,9,1064.1676538605054,4.800000000000001,50.221090470059465,383.05110285434876,60
1864.0,9,1064.1676538605054,4.800000000000001,50.214122310079794,383.09321037162533,60
1864.1,7,1064.1058872613683,4.800000000000001,50.199910604309295,383.19629648919476,60
1864.2,7,1064.1058872613683,5.6,50.18343523229734,383.317582359552,60
1864.3,7,1064.1058872613683,5.6,50.17671721205527,383.3644481090578,60
1864.4,7,1064.1058872613683,5.6,50.15801243569466,383.5075289741527,60
1864.5,7,1064.1058872613683,5.6,50.149148897480195,383.5659830881392,60
1864.6,7,1064.1058872613683,5.6,50.12732219043104,383.7331245542768,60
1864.7,7,1065.036778334749,5.6,50.123438701323145,383.74947854167533,61
1864.8,7,1065.036778334749,-100.0,50.24709727364835,382.71485970873425,61
1864.9,7,1065.036778334749,5.6,50.226314518552556,382.873219625855,61
1865.0,7,1065.036778334749,5.6,50.20350701026766,383.0425323665502,61
1865.1,7,1065.036778334749,5.6,50.187142679317304,383.1593303265448,61
1865.2,10,1065.036778334749,5.6,50.28179060923999,382.4936432663869,61
1865.3,10,1065.036778334749,5.6000000000000005,50.266073497815995,382.6126960945997,61
1865.4,10,1065.036778334749,5.6000000000000005,50.25736551614263,382.67522320736725,61
1865.5,10,1065.036778334749,5.6000000000000005,50.0985030855219,383.79791513971213,61
1865.6,10,1065.036778334749,5.6000000000000005,50.09050934330102,383.8612685591229,61
1865.7,10,1065.036778334749,5.6000000000000005,50.06197465916567,384.0859792853961,61
1865.8,10,1065.036778334749,5.6000000000000005,50.049713777447536,384.17630235458955,61
1865.9,10,1065.036778334749,5.6000000000000005,50.03296648537872,384.3054269742382,61
1866.0,10,1065.036778334749,5.6000000000000005,50.01895882084038,384.41015192104135,61
1866.1,10,1065.036778334749,5.6000000000000005,50.007924778079,384.4915802624831,61
1866.2,7,1065.036778334749,4.800000000000001,50.01678337687369,384.212625058435,61
1866.3,7,1065.036778334749,6.3,50.00583624721793,384.29637555847165,61
1866.4,9,1065.036778334749,5.6,49.98859639087355,384.43030140036115,61
1866.5,9,1065.036778334749,5.6000000000000005,50.00757554145659,384.218702402781,61
1866.6,9,1065.036778334749,5.6000000000000005,49.978340811984324,384.4411097898376,61
1866.7,9,1065.036778334749,5.6000000000000005,49.96175883603398,384.5697452401331,61
1866.8,7,1064.974128903792,5.6000000000000005,49.74958732243456,386.306049015211,61
1866.9,7,1064.974128903792,6.3,49.74202054096063,386.36540854441034,61
1867.0,7,1064.974128903792,6.3,49.743234191090586,386.3504076856817,61
1867.1,7,1064.974128903792,6.3,49.73238527204475,386.43495929937296,61
1867.2,7,1064.974128903792,6.3,49.722925082920014,386.50402625783704,61
1867.3,7,1064.974128903792,6.3,49.85862190002331,385.38629492622226,61
1867.4,7,1064.974128903792,6.3,49.859560531812804,385.37392352154905,61
1867.5,7,1064.974128903792,6.3,49.86243770890303,385.3542424825796,61
1867.6,7,1064.974128903792,6.3,49.87492738271867,385.2564307653522,61
1867.7,7,1064.974128903792,6.3,49.88683311147295,385.15905302418105,61
1867.8,9,1064.974128903792,5.6,49.89032821484818,385.127895086493,61
1867.9,9,1064.974128903792,5.6000000000000005,49.902600227302344,385.02898049708597,61
1868.0,9,1064.974128903792,5.6000000000000005,49.907743516082164,384.9909904445038,61
1868.1,7,1064.974128903792,4.800000000000001,49.92103400630365,384.8848782992143,61
1868.2,7,1064.974128903792,5.6,49.929293831912105,384.8204942893414,61
1868.3,7,1064.974128903792,5.6,49.939206482073224,384.7413180751089,61
1868.4,7,1064.974128903792,5.6,49.950476224198965,384.6486130693146,61
1868.5,7,1064.974128903792,5.6,49.95520574099383,384.6127973105173,61
1868.6,7,1064.974128903792,5.6,49.958329276585076,384.5842200858916,61
1868.7,7,1064.974128903792,5.6,49.96817589997228,384.5047908754654,61
1868.8,7,1064.974128903792,5.6,49.97061699018737,384.4864337941894,61
1868.9,7,1064.974128903792,5.6,49.99149878840688,384.32083170059457,61
1869.0,7,1064.974128903792,5.6,49.992660079881105,384.31060022079197,61
1869.1,7,1064.974128903792,5.6,50.008162879377366,384.1909890834904,61
1869.2,7,1064.974128903792,5.6,50.01957693159207,384.10391781589124,61
1869.3,7,1064.974128903792,5.6,50.02485794145892,384.064505707529,61
1869.4,7,1064.974128903792,5.6,50.03964912812832,383.94977460010114,61
1869.5,9,1064.974128903792,4.8999999999999995,50.05606654254082,383.8213388699786,61
1869.6,9,1064.974128903792,5.6000000000000005,50.18284908340211,382.9107128328428,61
1869.7,9,1064.974128903792,5.6000000000000005,50.21095234393687,382.69187553007856,61
1869.8,9,1064.974128903792,5.6000000000000005,50.2272393849845,382.56754287352254,61
1869.9,7,1064.9112837056714,5.6000000000000005,50.24049030367989,382.4666388921197,61
1870.0,9,1064.9112837056714,5.6,50.251495772312865,382.3804696635014,61
1870.1,9,1064.9112837056714,5.6000000000000005,50.268881643394806,382.2468276539862,61
1870.2,9,1064.9112837056714,5.6000000000000005,50.276453392048964,382.19078502207685,61
1870.3,9,1064.9112837056714,5.6000000000000005,50.29189024286315,382.074308897249,61
1870.4,9,1064.9112837056714,5.6000000000000005,50.30433877673159,381.9798231809633,61
1870.5,9,1064.9112837056714,5.6000000000000005,50.31536004922236,381.89705296707064,61
1870.6,9,1064.9112837056714,5.6000000000000005,50.32689568290347,381.8060662240953,61
1870.7,9,1064.9112837056714,5.6000000000000005,50.30230284633184,382.00840662450764,61
1870.8,9,1064.9112837056714,5.6000000000000005,50.31766118229112,381.89123051634897,61
1870.9,9,1064.9112837056714,5.6000000000000005,50.19918576178736,382.7379779533826,61
1871.0,9,1064.9112837056714,5.6000000000000005,50.21094349901351,382.64899704410277,61
1871.1,9,1064.9112837056714,5.6000000000000005,50.23014456430958,382.5033354262388,61
1871.2,9,1064.9112837056714,5.6000000000000005,50.24197872113356,382.41025302679054,61
1871.3,7,1064.9112837056714,4.800000000000001,50.25205277916121,382.3371799272135,61
1871.4,7,1064.9112837056714,5.6,50.264269035207576,382.2457738679158,61
1871.5,7,1064.9112837056714,5.6,50.186411847225486,382.877447467773,61
1871.6,7,1064.9112837056714,5.6,50.20143937670616,382.76579856686556,61
1871.7,7,1064.9112837056714,5.6,50.22744657575773,382.5635832039636,61
1871.8,7,1064.9112837056714,5.6,50.24373097528558,382.43636184595266,61
1871.9,7,1064.9112837056714,5.6,50.38022605881881,381.45789769156937,61
1872.0,7,1064.9112837056714,5.6,50.38771360564722,381.40206035615154,61
1872.1,7,1064.9112837056714,5.6,50.4028978355876,381.28202112680367,61
1872.2,7,1064.9112837056714,5.6,50.399484920163,381.3089635992852,61
1872.3,7,1064.9112837056714,5.6,50.25279923740249,382.35884328032364,61
1872.4,7,1064.9112837056714,5.6,50.255474727421074,382.3388350491074,61
1872.5,7,1064.9112837056714,5.6,50.2573330473395,382.3258716557683,61
1872.6,7,1064.9112837056714,5.6,50.264138322666675,382.26805001332417,61
1872.7,7,1064.9112837056714,5.6,50.1377184736744,383.28425215237894,61
1872.8,7,1064.9112837056714,5.6,50.134553331912606,383.3089930927629,61
1872.9,7,1064.9112837056714,5.6,50.12267172579313,383.40335416331266,61
1873.0,7,1064.9112837056714,5.6,50.125984940401025,383.37132323450487,61
1873.1,7,1064.9112837056714,5.6,50.11967290777335,383.42350356077117,61
1873.2,7,1064.9112837056714,5.6,50.12604606832266,383.3712469614271,61
1873.3,7,1064.9112837056714,5.6,50.118078562072164,383.43516880948744,61
1873.4,7,1064.9112837056714,5.6,50.1099549676446,383.49268643522043,61
1873.5,7,1064.9112837056714,5.6,50.11112939695266,383.47372570863564,61
1873.6,7,1064.9112837056714,5.6,50.1008125776423,383.5452129383077,61
1873.7,7,1064.9112837056714,5.6,50.08058884614307,383.6979779868808,61
1873.8,7,1064.9112837056714,5.6,50.067211616578945,383.7911948846612,61
1873.9,7,1064.9112837056714,5.6,50.00753228072342,384.32215600638517,61
1874.0,7,1064.9112837056714,5.6,50.10223043455653,383.64947829982543,61
1874.1,7,1064.9112837056714,5.6,50.08176213069295,383.8062000918223,61
1874.2,7,1064.9112837056714,5.6,50.0699794237524,383.8932787405016,61
1874.3,7,1064.9112837056714,5.6,50.046343324065916,384.07087586199157,61
1874.4,7,1064.9112837056714,5.6,50.03885642123421,384.11759443834296,61
1874.5,7,1064.9112837056714,5.6,49.824838379456295,385.8744710589761,61
1874.6,7,1064.8480675279177,5.6,49.62594203346037,387.5525952197549,61
1874.7,7,1064.8480675279177,6.3,49.618114614359015,387.60251024631,61
1874.8,7,1064.8480675279177,6.3,49.59267311991813,387.8066972845161,61
1874.9,7,1064.8480675279177,6.3,49.557345062420836,388.09318294082885,61
1875.0,7,1064.8480675279177,6.3,49.53160549391395,388.2957628486416,61
1875.1,7,1064.8480675279177,6.3,49.5364247648626,388.24541861295796,61
1875.2,7,1064.8480675279177,6.3,49.51054539753011,388.44244793574256,61
1875.3,7,1064.8480675279177,6.3,49.51067563611622,388.42933653018713,61
1875.4,7,1064.8480675279177,6.3,49.4852820138508,388.6328940741747,61
1875.5,7,1064.8480675279177,6.3,49.51177749355622,388.3841256726006,61
1875.6,7,1064.8480675279177,6.3,49.49587384950665,388.50731849506155,61
1875.7,7,1064.8480675279177,6.3,49.48066711706879,388.62073596137157,61
1875.8,7,1064.8480675279177,6.3,49.467649138635466,388.7193720683541,61
1875.9,7,1064.8480675279177,6.3,49.45993783951565,388.76801121760536,61
1876.0,7,1064.8480675279177,6.3,49.43170636526919,388.9877957579145,61
1876.1,7,1064.8480675279177,6.3,49.41098657882959,389.15711639906453,61
1876.2,7,1064.8480675279177,6.3,49.4082458987351,389.16900888059126,61
1876.3,7,1064.8480675279177,6.3,49.51393740114473,388.4012475673351,61
1876.4,7,1064.8480675279177,6.3,49.511432343141436,388.4156145333776,61
1876.5,7,1064.8480675279177,6.3,49.50296331992807,388.4753631296305,61
1876.6,7,1064.8480675279177,6.3,49.48018586334783,388.6588680504484,61
1876.7,7,1064.8480675279177,6.3,49.47509351767738,388.69628479765004,61
1876.8,7,1064.8480675279177,6.3,49.46642375875282,388.76163190146247,61
1876.9,7,1064.8480675279177,6.3,49.471879744556276,388.7131232835592,61
1877.0,7,1064.8480675279177,6.3,49.475789724967065,388.68015104688857,61
1877.1,7,1064.8480675279177,6.3,49.46562114876991,388.7598767080163,61
1877.2,7,1064.8480675279177,6.3,49.45138206996001,388.8711489143626,61
1877.3,7,1064.8480675279177,6.3,49.60619135114692,387.5602014241872,61
1877.4,7,1064.8480675279177,6.3,49.59583484671736,387.64400617354426,61
1877.5,7,1064.8480675279177,6.3,49.60266075644698,387.58336567262654,61
1877.6,7,1064.8480675279177,6.3,49.59733087771997,387.61807345110515,61
1877.7,7,1064.8480675279177,6.3,49.57659825896976,387.7889945964813,61
1877.8,7,1064.8480675279177,6.3,49.580064061184544,387.7539330391221,61
1877.9,7,1064.8480675279177,6.3,49.57351211341309,387.8044464455264,61
1878.0,7,1064.8480675279177,6.3,49.56484430285633,387.8717577200739,61
1878.1,7,1064.8480675279177,6.3,49.552040263410376,387.97922280257,61
1878.2,7,1064.8480675279177,6.3,49.59616885502498,387.54846665825096,61
1878.3,7,1064.8480675279177,6.3,49.59083092922775,387.59458032875136,61
1878.4,7,1064.8480675279177,6.3,49.59178379350215,387.5844520740666,61
1878.5,7,1064.8480675279177,5.6,49.6770333643799,386.97405557721345,61
1878.6,7,1064.8480675279177,5.6,49.66265057536532,387.08376935720025,61
1878.7,7,1064.8480675279177,5.6,49.661713760170514,387.0911403724483,61
1878.8,7,1064.8480675279177,5.6,49.65002298129541,387.17970338046166,61
1878.9,7,1064.8480675279177,5.6,49.64030952811667,387.25952197388415,61
1879.0,7,1064.8480675279177,5.6,49.63997348443456,387.25741938452404,61
1879.1,7,1064.8480675279177,5.6,49.634886209914065,387.3049432440702,61
1879.2,7,1064.8480675279177,5.6,49.63776245662534,387.2858653706942,61
1879.3,7,1064.8480675279177,5.6,49.64000394201422,387.26676913081485,61
1879.4,7,1064.8480675279177,5.6,49.64857274779873,387.1942254548809,61
1879.5,7,1064.8480675279177,5.6,49.80238368229253,385.91858027265346,61
1879.6,7,1064.8480675279177,5.6,49.79474380826513,385.9794005074278,61
1879.7,7,1064.8480675279177,5.6,49.79630633140502,385.9660659170862,61
1879.8,7,1064.8480675279177,5.6,49.7926412132168,385.99877271913545,61
1879.9,7,1064.8480675279177,5.6,49.801188340056655,385.9295884602592,61
1880.0,7,1064.8480675279177,5.6,49.803708037686235,385.9056653001867,61
1880.1,7,1064.8480675279177,5.6,49.804492554893564,385.89863436709834,61
1880.2,7,1064.7847990135558,5.6,49.803177406262904,385.90700163467227,61
1880.3,7,1064.7847990135558,6.3,49.79719654152669,385.9469548571374,61
1880.4,7,1064.7847990135558,5.6,49.776009118964325,386.1123566865057,61
1880.5,7,1064.7847990135558,5.6,49.78282450309652,386.0536116185755,61
1880.6,7,1064.7847990135558,5.6,49.79135535378198,385.9798549243999,61
1880.7,7,1064.7847990135558,5.6,49.7816353267783,386.0583936298138,61
1880.8,7,1064.7847990135558,5.6,49.77491654974126,386.1105222067288,61
1880.9,7,1064.7847990135558,5.6,49.85898020981152,385.4957915303971,61
1881.0,7,1064.7847990135558,5.6,49.861560799314404,385.46654973206927,61
1881.1,7,1064.7847990135558,5.6,49.86539632801643,385.4351079207944,61
1881.2,7,1064.7847990135558,5.6,49.86976901112891,385.3898436886084,61
1881.3,7,1064.7847990135558,5.6,49.861796355484785,385.4529352153718,61
1881.4,7,1064.7847990135558,5.6,49.86141763946876,385.44620414428596,61
1881.5,7,1064.7847990135558,5.6,49.86462363178245,385.41569658699996,61
1881.6,7,1064.7847990135558,5.6,49.86536207824615,385.4054263719169,61
1881.7,7,1064.7847990135558,5.6,49.86310963828325,385.418922982225,61
1881.8,7,1064.7847990135558,5.6,49.87236719398526,385.33400338170884,61
1881.9,7,1064.7847990135558,5.6,49.89965338627805,385.06236694456845,61
1882.0,7,1064.7847990135558,5.6,49.89853619315274,385.0674196759867,61
1882.1,7,1064.7847990135558,5.6,50.00909635366658,384.16690089341193,61
1882.2,7,1064.7847990135558,5.6,50.00376522734719,384.20112914082995,61
1882.3,7,1064.7847990135558,5.6,50.00296417806848,384.20584959169526,61
1882.4,7,1064.7847990135558,5.6,49.99413509897413,384.27091366924844,61
1882.5,7,1064.7847990135558,5.6,49.994286126889236,384.2637866142534,61
1882.6,7,1064.7847990135558,5.6,49.98821481285006,384.308462700719,61
1882.7,7,1064.7847990135558,5.6,49.988393092995636,384.30216626684944,61
1882.8,7,1064.7847990135558,5.6,49.98677247178212,384.3100155353841,61
1882.9,7,1064.7847990135558,5.6,49.984907374241864,384.3226930858541,61
1883.0,7,1064.7847990135558,5.6,49.97409485982534,384.40608785560494,61
1883.1,7,1064.7847990135558,5.6,49.97971525286124,384.3598424675117,61
1883.2,7,1064.7847990135558,5.6,49.98259641288664,384.33758929050316,61
1883.3,7,1064.7847990135558,5.6,50.06669465478191,383.7118169843335,61
1883.4,7,1064.7847990135558,5.6,50.06710105057989,383.706018899038,61
1883.5,7,1064.7847990135558,5.6,50.078918292666096,383.6105065706361,61
1883.6,7,1064.7847990135558,4.8999999999999995,50.081911870260626,383.5850522220634,61
1883.7,7,1064.7847990135558,4.8999999999999995,50.079608236168184,383.60220060454276,61
1883.8,7,1064.7847990135558,4.8999999999999995,50.078919998282935,383.6032882334855,61
1883.9,7,1064.7847990135558,4.8999999999999995,50.06899930236098,383.68162358476695,61
1884.0,7,1064.7847990135558,4.8999999999999995,50.03990386193861,383.9118857582381,61
1884.1,7,1064.7847990135558,4.8999999999999995,50.024235033606466,384.034156069197,61
1884.2,7,1064.7847990135558,4.8999999999999995,50.01197269563319,384.13033490628294,61
1884.3,7,1064.7208506307686,4.8999999999999995,50.09877537277269,383.3632322030964,61
1884.4,7,1064.7208506307686,5.6,50.09325698247402,383.40653462854016,61
1884.5,7,1064.7208506307686,5.6,50.07790585715435,383.5311131343258,61
1884.6,7,1064.7208506307686,5.6,50.079955112465484,383.5177012827005,61
1884.7,7,1064.7208506307686,5.6,50.06543906509124,383.6323209877213,61
1884.8,7,1064.7208506307686,5.6,50.05542506348372,383.71011469912565,61
1884.9,7,1064.7208506307686,5.6,50.0516190134486,383.742346261879,61
1885.0,7,1064.7208506307686,5.6,50.0781825204333,383.7008995828536,61
1885.1,7,1064.7208506307686,5.6,50.071366518789404,383.7540880856573,61
1885.2,7,1064.7208506307686,5.6,50.06749426209953,383.7905378067838,61
1885.3,7,1064.7208506307686,5.6,50.06750352437029,383.796118167533,61
1885.4,7,1064.7208506307686,4.8999999999999995,50.067544495539416,383.7960718896278,61
1885.5,7,1064.7208506307686,4.8999999999999995,50.068571836247095,383.789794513082,61
1885.6,7,1064.7208506307686,4.8999999999999995,50.12843149217514,383.3568691752097,61
1885.7,7,1064.7208506307686,4.8999999999999995,50.13252613065243,383.3293259464728,61
1885.8,7,1064.7208506307686,4.8999999999999995,50.12254893574526,383.40727441262663,61
1885.9,7,1064.7208506307686,4.8999999999999995,50.114258732671146,383.47250888605197,61
1886.0,7,1064.7208506307686,4.8999999999999995,50.12444876954291,383.3927503098935,61
1886.1,7,1064.7208506307686,4.8999999999999995,50.15072642658945,383.21228124289314,61
1886.2,7,1064.7208506307686,4.8999999999999995,50.1414950868439,383.2852345130358,61
1886.3,7,1064.7208506307686,4.8999999999999995,50.12712862298909,383.3944292807528,61
1886.4,7,1064.7208506307686,4.8999999999999995,50.08015244789391,383.7362776234999,61
1886.5,7,1064.7208506307686,4.8999999999999995,50.06973875718572,383.81858500897965,61
1886.6,7,1064.7208506307686,4.8999999999999995,50.06523823859973,383.8545927139571,61
1886.7,7,1064.7208506307686,4.8999999999999995,50.057104886081845,383.91677795951466,61
1886.8,7,1064.7208506307686,4.8999999999999995,50.04912573655775,383.979939187396,61
1886.9,7,1064.7208506307686,4.8999999999999995,50.056201717989325,383.9241481652135,61
1887.0,8,1065.141728155338,4.199999999999999,50.04720169268809,383.9910530314732,61
1887.1,7,1065.141728155338,3.5,50.03866407028785,384.05562076122584,61
1887.2,7,1065.141728155338,4.199999999999999,50.02342817923068,384.1756790211125,61
1887.3,8,1065.2961178514665,4.199999999999999,50.00047939688193,384.35733717915787,61
1887.4,7,1065.2961178514665,3.5,49.99255565390595,384.41888794512244,61
1887.5,7,1065.2961178514665,4.199999999999999,49.981116788285505,384.5082970901624,61
1887.6,7,1065.2961178514665,4.199999999999999,49.969014202695774,384.5449924634265,61
1887.7,7,1065.2961178514665,4.199999999999999,49.96483413603838,384.57804447939725,61
1887.8,7,1065.2961178514665,4.199999999999999,49.93855061799971,384.7838818688914,61
1887.9,7,1065.2961178514665,4.199999999999999,49.92142434109654,384.9190555020504,61
1888.0,7,1065.2961178514665,4.199999999999999,49.93267091925358,384.8224652146391,61
1888.1,7,1065.2961178514665,4.199999999999999,49.911178359224664,384.9936728359023,61
1888.2,7,1065.2326739683297,4.199999999999999,49.90661252703643,385.0320383766454,61
1888.3,9,1065.2326739683297,4.199999999999999,49.895410684887054,385.12151499988056,61
1888.4,9,1065.2326739683297,4.800000000000001,49.891546190058506,385.1560835903058,61
1888.5,9,1065.2326739683297,4.800000000000001,49.92094995696135,384.94917270066026,61
1888.6,9,1065.2326739683297,4.800000000000001,49.90419847137363,385.08434523244864,61
1888.7,9,1065.2326739683297,4.800000000000001,49.88352849017514,385.24867856192316,61
1888.8,9,1065.2326739683297,4.800000000000001,49.877401997811745,385.3007803990292,61
1888.9,9,1065.2326739683297,4.800000000000001,49.86284878546149,385.41988006532955,61
1889.0,9,1065.2326739683297,4.800000000000001,49.84440516456907,385.5638546959211,61
1889.1,9,1065.2326739683297,4.800000000000001,49.831663427431565,385.67031322512867,61
1889.2,9,1065.2326739683297,4.800000000000001,49.815927381832765,385.79515879436497,61
1889.3,9,1065.2326739683297,4.800000000000001,49.806169116170935,385.8761052604915,61
1889.4,9,1065.2326739683297,4.800000000000001,49.714261287065774,386.5609246290022,61
1889.5,9,1065.2326739683297,4.800000000000001,49.7003088858291,386.6710851632539,61
1889.6,9,1065.2326739683297,4.800000000000001,49.67585792345018,386.8734836289606,61
1889.7,9,1065.2326739683297,4.800000000000001,49.66010087658156,386.998150661022,61
1889.8,9,1065.2326739683297,5.6000000000000005,49.65619169198638,387.02695352786,61
1889.9,9,1065.2326739683297,5.6000000000000005,49.48980477656079,388.41009190611277,61
1890.0,9,1065.2326739683297,5.6000000000000005,49.48390214913775,388.4600039656452,61
1890.1,9,1065.2326739683297,5.6000000000000005,49.45632269115798,388.69064037537134,61
1890.2,9,1065.2326739683297,5.6000000000000005,49.44307112941512,388.79991442691994,61
1890.3,9,1065.2326739683297,5.6000000000000005,49.33322881769749,389.6296394526472,61
1890.4,9,1065.2326739683297,5.6000000000000005,49.31252605508136,389.804323505002,61
1890.5,9,1065.2326739683297,5.6000000000000005,49.2954828195474,389.9422785875106,61
1890.6,9,1065.2326739683297,5.6000000000000005,49.26318555222945,390.2158145008305,61
1890.7,9,1065.2326739683297,5.6000000000000005,49.24686519865388,390.3528605913581,61
1890.8,9,1065.2326739683297,5.6000000000000005,49.29637155080404,389.9305304257005,61
1890.9,9,1065.2326739683297,5.6000000000000005,49.2578654781267,390.25455223795655,61
1891.0,9,1065.2326739683297,5.6000000000000005,49.24390494353,390.37201047488657,61
1891.1,9,1065.2326739683297,5.6000000000000005,49.214798185694775,390.61567960301414,61
1891.2,9,1065.2326739683297,5.6000000000000005,49.226269740636944,390.5580468722517,61
1891.3,9,1065.2326739683297,5.6000000000000005,49.19365792805934,390.8367288357817,61
1891.4,9,1065.2326739683297,5.6000000000000005,49.03072923228714,392.2403578655835,61
1891.5,9,1065.2326739683297,5.6000000000000005,49.007284733693865,392.44988470793123,61
1891.6,9,1065.2326739683297,5.6000000000000005,48.9844946796489,392.65044580656115,61
1891.7,9,1065.2326739683297,5.6000000000000005,48.97951580784486,392.7020642874383,61
1891.8,9,1065.2326739683297,5.6000000000000005,48.95925026890248,392.88655324508636,61
1891.9,9,1065.2326739683297,5.6000000000000005,48.949955936151866,392.96778774676545,61
1892.0,9,1065.2326739683297,5.6000000000000005,48.92436442427854,393.19527527919047,61
1892.1,9,1065.2326739683297,5.6000000000000005,48.91220245455827,393.302342306234,61
1892.2,9,1065.2326739683297,5.6000000000000005,48.87197581632558,393.649501919074,61
1892.3,9,1065.2326739683297,5.6000000000000005,48.75064950215048,394.56089794268587,61
1892.4,9,1065.2326739683297,5.6000000000000005,48.730280213649536,394.73888289341664,61
1892.5,9,1065.2326739683297,5.6000000000000005,48.72875730683935,394.759749809825,61
1892.6,9,1065.2326739683297,5.6000000000000005,48.83150100686078,393.8594425499381,61
1892.7,9,1065.2326739683297,5.6000000000000005,48.832538583743656,393.8527645586033,61
1892.8,9,1065.2326739683297,5.6000000000000005,48.81963798654752,393.96072300068107,61
1892.9,9,1065.2326739683297,5.6000000000000005,48.81382946053091,394.0203377344577,61
1893.0,9,1065.2326739683297,6.4,48.81854627424089,393.98167087348764,61
1893.1,9,1065.2326739683297,6.4,48.81470095483196,394.02272700036457,61
1893.2,9,1065.2326739683297,6.4,48.81263551610904,394.04304852616895,61
1893.3,9,1065.2326739683297,6.4,48.80955931952706,394.0839825048335,61
1893.4,9,1065.2326739683297,6.4,48.8264528915261,393.9399251391105,61
1893.5,9,1065.2326739683297,5.6000000000000005,48.87898175533269,393.3907456503267,61
1893.6,9,1065.2326739683297,5.6000000000000005,48.76062849346832,394.4306995793934,61
1893.7,9,1065.2326739683297,5.6000000000000005,48.763392086877644,394.41570235307677,61
1893.8,9,1065.2326739683297,5.6000000000000005,48.776234626576795,394.30651547325306,61
1893.9,9,1065.2326739683297,5.6000000000000005,48.781068500377955,394.266427465408,61
1894.0,9,1065.2326739683297,5.6000000000000005,48.79383047806393,394.16389620016594,61
1894.1,9,1065.2326739683297,5.6000000000000005,48.812574905003856,394.01171444633076,61
1894.2,9,1065.2326739683297,5.6000000000000005,48.81787263147723,393.86239213121416,61
1894.3,9,1065.2326739683297,5.6000000000000005,48.82799634689995,393.7778275065052,61
1894.4,9,1065.2326739683297,5.6000000000000005,48.83584164923677,393.7145703855055,61
1894.5,9,1065.2326739683297,5.6000000000000005,48.88488284129481,393.1206662461634,61
1894.6,9,1065.2326739683297,5.6000000000000005,48.721727156882196,394.363416462049,61
1894.7,9,1065.2326739683297,5.6000000000000005,48.738950160866096,394.21969652992243,61
1894.8,9,1065.2326739683297,4.800000000000001,48.73945954470495,394.2219343472629,61
1894.9,9,1065.2326739683297,4.800000000000001,48.58106883634532,395.5809291964108,61
1895.0,9,1065.2326739683297,4.800000000000001,48.59595839611687,395.4599578783497,61
1895.1,9,1065.2326739683297,4.800000000000001,48.59576040135309,395.4641106500629,61
1895.2,9,1065.2326739683297,4.800000000000001,48.649083117648985,395.0661338939723,61
1895.3,9,1065.2326739683297,4.800000000000001,48.64627283931053,395.08910941907806,61
1895.4,9,1065.2326739683297,4.800000000000001,48.6516132975142,395.04056402249904,61
1895.5,9,1065.2326739683297,4.800000000000001,48.7117007606023,394.45853525282746,61
1895.6,9,1065.2326739683297,4.800000000000001,48.73036917070235,394.3054165163078,61
1895.7,9,1065.2326739683297,4.800000000000001,48.73345497114151,394.28321115090034,61
1895.8,9,1065.2326739683297,4.800000000000001,48.74848986600515,394.1611400693297,61
1895.9,9,1065.2326739683297,4.800000000000001,48.75156248030771,394.0877504274239,61
1896.0,9,1065.2326739683297,5.6000000000000005,48.819864349379515,393.4351615016148,61
1896.1,9,1065.2326739683297,5.6000000000000005,48.815217433008726,393.4737813401809,61
1896.2,9,1065.2326739683297,5.6000000000000005,48.81887656113961,393.4439219431938,61
1896.3,9,1065.2326739683297,5.6000000000000005,48.69346037780775,394.4165565817418,61
1896.4,9,1065.2326739683297,5.6000000000000005,48.706295191018285,394.3124406534997,61
1896.5,9,1065.2326739683297,4.800000000000001,48.770020731978434,393.81172405702023,61
1896.6,9,1065.2326739683297,4.800000000000001,48.779428866367596,393.73922439362707,61
1896.7,9,1065.2326739683297,4.800000000000001,48.792665089845435,393.63210245461073,61
1896.8,9,1065.2326739683297,4.800000000000001,48.886712894770724,392.85246438864357,61
1896.9,9,1065.2326739683297,4.800000000000001,48.900552724692254,392.74211834673406,61
1897.0,9,1065.2326739683297,4.800000000000001,48.76289608250105,393.8150680750057,61
1897.1,9,1065.2326739683297,4.800000000000001,48.77074132007954,393.7511575434243,61
1897.2,9,1065.2326739683297,4.800000000000001,48.780971094201895,393.66869572569374,61
1897.3,9,1065.2326739683297,4.800000000000001,48.641873211467335,394.83133380721256,61
1897.4,9,1065.2326739683297,4.800000000000001,48.64968989326017,394.7685182412646,61
1897.5,9,1065.2326739683297,4.800000000000001,48.651961426507505,394.7543661039864,61
1897.6,9,1065.2326739683297,4.800000000000001,48.663445676792605,394.6624545101903,61
1897.7,9,1065.2326739683297,4.800000000000001,48.68387955274443,394.49585707320205,61
1897.8,7,1065.210481770421,4.0,48.68004595649441,394.53176508145316,61
1897.9,7,1065.1608221983581,4.8999999999999995,48.69540938617696,394.4078357931652,61
1898.0,7,1065.1608221983581,4.8999999999999995,48.71503242007017,394.24740010092796,61
1898.1,7,1065.1608221983581,4.8999999999999995,48.72545946336404,394.1616693359019,61
1898.2,7,1065.1608221983581,4.8999999999999995,48.736234342928185,394.07610468917574,61
1898.3,7,1065.1608221983581,4.8999999999999995,48.64328060359961,394.79661429379144,61
1898.4,7,1065.1608221983581,4.8999999999999995,48.658084876959975,394.67365846638336,61
1898.5,7,1065.1608221983581,4.8999999999999995,48.68385817875724,394.4612790354595,61
1898.6,7,1065.1608221983581,4.8999999999999995,48.688416145092525,394.4242443420643,61
1898.7,7,1065.1608221983581,4.8999999999999995,48.706898552666686,394.272026739882,61
1898.8,7,1065.1608221983581,4.8999999999999995,48.7336295426155,394.0512419513926,61
1898.9,7,1065.1608221983581,4.8999999999999995,48.76423868050156,393.8000449640813,61
1899.0,7,1065.1608221983581,4.8999999999999995,48.76782051987169,393.7721353704801,61
1899.1,7,1065.1608221983581,4.8999999999999995,48.796678705667546,393.535577570462,61
1899.2,7,1065.1608221983581,4.8999999999999995,48.80499799644315,393.46777593429067,61
1899.3,7,1065.1608221983581,4.8999999999999995,48.87609334697116,392.9028186983743,61
1899.4,7,1065.1608221983581,4.8999999999999995,48.880686415202206,392.86631440564395,61
1899.5,7,1065.1608221983581,4.8999999999999995,48.88597812059025,392.8239515275452,61
1899.6,7,1065.097230881299,4.8999999999999995,48.90556232904039,392.66433425691673,61
1899.7,7,1065.097230881299,5.6,48.99685082991286,391.91488856056856,61
1899.8,7,1065.097230881299,5.6,49.00495730286186,391.84931756423254,61
1899.9,7,1065.097230881299,5.6,49.01444358162864,391.77325018092915,61
1900.0,7,1065.097230881299,5.6,49.0419071778076,391.55071468168467,61
1900.1,7,1065.097230881299,5.6,49.05502878120535,391.44619754499956,61
1900.2,7,1065.097230881299,5.6,49.07297397405466,391.3014626161678,61
1900.3,7,1065.097230881299,5.6,49.09025376541111,391.1626362579558,61
1900.4,7,1065.097230881299,5.6,49.09620361257525,391.1140805192181,61
1900.5,7,1065.097230881299,5.6,49.12055696598854,390.9176594010287,61
1900.6,7,1065.097230881299,5.6,49.13703214579393,390.78529059705454,61
1900.7,11,1065.097230881299,5.6,48.94039035409749,392.3950583588687,61
1900.8,11,1065.097230881299,5.4,48.96025837137486,392.23178696050843,61
1900.9,7,1065.097230881299,5.4,48.97069894420625,392.14767448507166,61
1901.0,7,1065.097230881299,4.8999999999999995,48.97196282178548,392.13832632626884,61
1901.1,7,1065.097230881299,4.8999999999999995,49.00340935356634,391.88305804943457,61
1901.2,7,1065.097230881299,4.8999999999999995,48.84920107251935,393.0897550049992,61
1901.3,7,1065.097230881299,4.8999999999999995,48.86723782871252,392.9446461112678,61
1901.4,7,1065.097230881299,4.8999999999999995,48.88613517979037,392.78975672459626,61
1901.5,7,1065.097230881299,4.8999999999999995,48.899706420929434,392.679837571746,61
1901.6,7,1065.097230881299,4.8999999999999995,48.90460716109101,392.6411246119004,61
1901.7,7,1065.097230881299,4.8999999999999995,48.91412395869743,392.56395448216006,61
1901.8,11,1065.097230881299,4.8999999999999995,48.925543789364426,392.47025298083486,61
1901.9,11,1065.097230881299,6.3,48.92385787524366,392.48392667219315,61
1902.0,11,1065.097230881299,6.3,48.934167104618474,392.39956418931587,61
1902.1,11,1065.097230881299,6.3,48.94047953793628,392.3479074689775,61
1902.2,11,1065.097230881299,6.3,48.942913251107996,392.3278302431082,61
1902.3,11,1065.097230881299,6.3,48.94772101185392,392.2865673735429,61
1902.4,11,1065.097230881299,6.3,48.95187639896069,392.2530397844413,61
1902.5,11,1065.097230881299,6.3,48.997554809179604,391.8944040896146,61
1902.6,11,1065.097230881299,6.3,48.82594645621229,393.3033265527149,61
1902.7,11,1065.097230881299,6.3,48.8394047149482,393.18981601345286,61
1902.8,11,1065.097230881299,6.3,48.92685214513442,392.46837189426435,61
1902.9,11,1065.097230881299,6.3,48.92612981837283,392.4722448892155,61
1903.0,7,1065.0344565062576,6.3,48.93802778620778,392.373091605348,61
1903.1,11,1065.0344565062576,5.6,48.9256132602237,392.47083020891523,61
1903.2,11,1065.0344565062576,6.3,48.921636362402744,392.5016387626773,61
1903.3,11,1065.0344565062576,6.3,48.91701849204596,392.53659718684014,61
1903.4,11,1065.0344565062576,6.3,48.97191988375224,392.10228465477866,61
1903.5,11,1065.0344565062576,6.3,48.97283862797788,392.09259558282724,61
1903.6,11,1065.0344565062576,6.3,48.978366018253325,392.04325064182046,61
1903.7,11,1065.0344565062576,6.3,48.77309727833056,393.6701390857146,61
1903.8,11,1065.0344565062576,6.3,48.77169654251726,393.68022571168353,61
1903.9,11,1065.0344565062576,6.3,48.76593316152658,393.72607397474246,61
1904.0,11,1065.0344565062576,6.3,48.76715925621957,393.7153825682201,61
1904.1,11,1065.0344565062576,6.3,48.766995502825814,393.7155268819839,61
1904.2,11,1065.0344565062576,6.3,48.77166178527065,393.67739366269006,61
1904.3,11,1065.0344565062576,6.3,48.77407766828132,393.6569191702117,61
1904.4,11,1065.0344565062576,6.3,48.76748488769617,393.7104347237025,61
1904.5,11,1065.0344565062576,6.3,48.76937330875849,393.69496615863625,61
1904.6,11,1065.0344565062576,6.3,48.77972454411922,393.61053676886945,61
1904.7,11,1065.0344565062576,6.3,48.79663105751489,393.47304862029506,61
1904.8,11,1065.0344565062576,6.3,48.796989727831296,393.4697679295147,61
1904.9,11,1065.0344565062576,6.3,48.78965825020794,393.5288158678485,61
1905.0,11,1065.0344565062576,6.3,48.79861625200954,393.45603194272974,61
1905.1,7,1065.0344565062576,5.4,48.812226727260594,393.3455984782712,61
1905.2,7,1065.0344565062576,4.8999999999999995,48.81069237635364,393.35792420934047,61
1905.3,7,1065.9486240626995,4.8999999999999995,48.804754656637954,393.40587455693435,62
1905.4,11,1065.9486240626995,-100.0,48.821287828123815,393.2719165340655,62
1905.5,11,1065.9486240626995,5.4,48.83809445648475,393.13636423475043,62
1905.6,7,1065.9486240626995,5.4,48.86881843320249,392.8886557957419,62
1905.7,7,1065.9486240626995,4.8999999999999995,48.876831596207076,392.82415709982047,62
1905.8,7,1065.9486240626995,4.8999999999999995,48.88215301108367,392.78139075861907,62
1905.9,11,1065.9486240626995,4.8999999999999995,48.88387643692457,392.7675433242247,62
1906.0,11,1065.9486240626995,5.4,48.888333755053985,392.73176560013394,62
1906.1,11,1065.9486240626995,5.4,48.885980084487294,392.7507240711491,62
1906.2,11,1065.9486240626995,6.3,48.88250866947892,392.77856965385973,62
1906.3,11,1065.9486240626995,6.3,48.92799310808866,392.416124383955,62
1906.4,11,1065.9486240626995,6.3,48.92854963400798,392.4112512148514,62
1906.5,11,1065.9486240626995,6.3,48.93368859933388,392.3699129327927,62
1906.6,11,1065.9486240626995,6.3,48.933843130085364,392.3686349954154,62
1906.7,7,1065.9486240626995,5.4,48.933509977259874,392.37122183180713,62
1906.8,7,1065.8846362144147,4.8999999999999995,48.945984272926424,392.27042846728887,62
1906.9,7,1065.8846362144147,5.6,48.95189872357205,392.22296683760817,62
1907.0,7,1065.8846362144147,5.6,48.93964519688897,392.3211985583785,62
1907.1,7,1065.8846362144147,5.6,48.80499023422385,393.41109722367855,62
1907.2,7,1065.8846362144147,5.6,48.80083437845795,393.44472998427824,62
1907.3,7,1065.8846362144147,5.6,48.79292219948171,393.50868057967443,62
1907.4,7,1066.795916606645,5.6,48.80065085142365,393.44630286750413,63
1907.5,7,1066.795916606645,-100.0,48.775677642481554,393.6496844029952,63
1907.6,7,1066.795916606645,5.6,48.76864456939938,393.7074640715624,63
1907.7,7,1066.795916606645,5.6,48.7731247813624,393.67037600412556,63
1907.8,7,1066.795916606645,5.6,48.76313511646191,393.7512748485042,63
1907.9,7,1066.795916606645,5.6,48.59659614558501,395.09143082952085,63
1908.0,7,1066.795916606645,5.6,48.590841652264686,395.1385819436713,63
1908.1,7,1066.795916606645,5.6,48.51124883890834,395.8584390465762,63
1908.2,7,1066.795916606645,5.6,48.55093993576578,395.5264049224892,63
1908.3,7,1066.795916606645,5.6,48.55090048393477,395.52495837923965,63
1908.4,7,1066.795916606645,5.6,48.53926602220689,395.62099624873235,63
1908.5,7,1066.795916606645,5.6,48.51463891193602,395.8259630708734,63
1908.6,7,1066.795916606645,5.6,48.49016225907815,396.0268257532106,63
1908.7,7,1066.795916606645,5.6,48.47928674549554,396.11592600621486,63
1908.8,7,1066.795916606645,5.6,48.46791196505782,396.20875982083817,63
1908.9,7,1066.795916606645,5.6,48.446990693348866,396.3838218205975,63
1909.0,7,1066.795916606645,5.6,48.48843041246607,396.0510081289217,63
1909.1,7,1066.795916606645,5.6,48.479399130521074,396.12168429683237,63
1909.2,7,1066.795916606645,5.6,48.29092930965712,397.6323598082623,63
1909.3,7,1066.795916606645,5.6,48.27970841277002,397.72269595184014,63
1909.4,7,1066.795916606645,5.6,48.28108598647087,397.7095991816002,63
1909.5,7,1066.795916606645,5.6,48.259706968069445,397.88684476496286,63
1909.6,7,1067.706008371854,5.6,48.2577494621065,397.8985536916106,64
1909.7,7,1067.706008371854,-100.0,48.2326255145326,398.10949470892433,64
1909.8,7,1067.706008371854,5.6,48.22167900501228,398.1992910896121,64
1909.9,7,1067.706008371854,5.6,48.21553779811168,398.2477892530536,64
1910.0,7,1067.706008371854,5.6,48.209127019311325,398.29904666487914,64
1910.1,7,1067.706008371854,5.6,48.19849439092587,398.3861734299653,64
1910.2,7,1067.706008371854,5.6,48.18734078428637,398.4758123535705,64
1910.3,7,1067.706008371854,5.6,48.18028469732735,398.5324081638404,64
1910.4,7,1067.706008371854,5.6,48.15245985980023,398.764798995942,64
1910.5,7,1067.706008371854,5.6,48.124731633112475,398.99496693943297,64
1910.6,7,1067.706008371854,5.6,48.12713876697117,398.97077709068265,64
1910.7,7,1067.706008371854,5.6,48.115058775092976,399.07038593306004,64
1910.8,7,1067.6405128258843,5.6,48.11707101105615,399.049117353703,64
1910.9,7,1067.6405128258843,5.6,48.11068208818787,399.1006591608773,64
1911.0,7,1067.6405128258843,5.6,48.117004192505824,399.045119334398,64
1911.1,7,1067.6405128258843,5.6,48.15503318153565,398.7238065390829,64
1911.2,7,1067.6405128258843,5.6,48.14424732170331,398.8126080519613,64
1911.3,7,1067.6405128258843,5.6,48.140711922533384,398.8401285594197,64
1911.4,7,1067.6405128258843,5.6,48.14546995325218,398.7988379734697,64
1911.5,7,1067.6405128258843,5.6,48.167514669871125,398.61894603692866,64
1911.6,7,1067.6405128258843,5.6,48.15680211610875,398.70674511941337,64
1911.7,7,1067.6405128258843,5.6,48.10651581617914,399.1262247071534,64
1911.8,7,1067.6405128258843,5.6,48.110603367789,399.09002379204014,64
1911.9,7,1067.6405128258843,5.6,48.11616067136076,399.0419547581421,64
1912.0,7,1067.6405128258843,4.8999999999999995,47.98974165287724,400.0860017902004,64
1912.1,7,1067.6405128258843,4.8999999999999995,47.98633214913863,400.1142132261572,64
1912.2,7,1067.6405128258843,4.8999999999999995,48.00259080058373,399.9784165459532,64
1912.3,7,1067.6405128258843,4.8999999999999995,48.01135529576847,399.9054549151216,64
1912.4,7,1067.6405128258843,4.8999999999999995,48.02352251190473,399.8044581343928,64
1912.5,7,1067.6405128258843,4.8999999999999995,48.02930430199903,399.7566847319698,64
1912.6,7,1067.6405128258843,4.8999999999999995,48.05108050317763,399.57646551362893,64
1912.7,7,1067.6405128258843,4.8999999999999995,48.05524214569055,399.54282610262237,64
1912.8,7,1067.6405128258843,4.8999999999999995,48.07051496731141,399.417361979156,64
1912.9,7,1067.6405128258843,4.8999999999999995,48.08256768001574,399.3192736937283,64
1913.0,7,1067.6405128258843,4.8999999999999995,48.10903456938016,399.10257893546543,64
1913.1,7,1067.6405128258843,4.8999999999999995,48.03285536768948,399.7317572885732,64
1913.2,7,1067.6405128258843,4.8999999999999995,48.030694018953994,399.75119550364366,64
1913.3,7,1067.6405128258843,4.8999999999999995,48.05003712226886,399.59232799643644,64
1913.4,7,1067.6405128258843,4.8999999999999995,48.150877684317265,398.7681588485385,64
1913.5,7,1067.6405128258843,4.8999999999999995,48.15039061027526,398.77473573221516,64
1913.6,7,1067.6405128258843,4.8999999999999995,47.994656934787955,400.0960909382445,64
1913.7,7,1067.6405128258843,4.8999999999999995,48.00318754952485,400.03192026912274,64
1913.8,7,1067.6405128258843,4.8999999999999995,48.008357205751,399.9943265652165,64
1913.9,7,1067.6405128258843,4.8999999999999995,48.01132862295299,399.97517932643524,64
1914.0,7,1067.6405128258843,4.8999999999999995,48.03309396278128,399.80364862201935,64
1914.1,7,1067.6405128258843,4.8999999999999995,47.95540087152518,400.4371906998171,64
1914.2,7,1067.6405128258843,4.8999999999999995,48.000621987714965,400.05595738523834,64
1914.3,7,1067.6405128258843,4.8999999999999995,48.020774014627335,399.89621447175085,64
1914.4,7,1067.6405128258843,4.8999999999999995,48.02804748433173,399.84033749315813,64
1914.5,7,1067.6405128258843,4.8999999999999995,48.03812799422572,399.74008369443084,64
1914.6,7,1067.6405128258843,4.8999999999999995,48.038779569972206,399.7385977852749,64
1914.7,7,1067.6405128258843,4.8999999999999995,47.89897767863356,400.93797793426586,64
1914.8,7,1067.6405128258843,4.8999999999999995,47.92358886456164,400.7405479166297,64
1914.9,7,1067.6405128258843,4.8999999999999995,47.91954211772371,400.7777414480543,64
1915.0,7,1067.6405128258843,4.8999999999999995,47.91253997218675,400.81581559394886,64
1915.1,7,1067.6405128258843,4.8999999999999995,47.93579336780422,400.6291951539123,64
1915.2,7,1067.6405128258843,4.8999999999999995,47.93481464145452,400.6371540096342,64
1915.3,7,1067.6405128258843,4.8999999999999995,47.950396045975424,400.5104251429687,64
1915.4,7,1067.6405128258843,4.8999999999999995,48.010213678435875,400.0633345317471,64
1915.5,7,1067.6405128258843,4.8999999999999995,47.906437477358324,400.89887535510655,64
1915.6,7,1067.6405128258843,4.8999999999999995,47.91846046806248,400.8018788753976,64
1915.7,7,1067.6405128258843,4.8999999999999995,47.92165111822143,400.7763605065554,64
1915.8,7,1067.6405128258843,4.8999999999999995,47.920115949720625,400.7882715262597,64
1915.9,7,1067.6405128258843,4.8999999999999995,47.96995258075579,400.4326979493388,64
1916.0,7,1067.6405128258843,4.8999999999999995,47.982821756196614,400.32313467907613,64
1916.1,7,1067.6405128258843,4.8999999999999995,47.98684343308304,400.2890141484728,64
1916.2,7,1067.6405128258843,4.199999999999999,48.00824639946612,400.1144046472493,64
1916.3,7,1067.6405128258843,4.199999999999999,48.004506992311775,400.14422041346586,64
1916.4,7,1067.6405128258843,4.199999999999999,48.002573839181395,400.1558690397552,64
1916.5,7,1067.6405128258843,4.199999999999999,48.052465725538184,399.72823623416343,64
1916.6,7,1067.6405128258843,4.199999999999999,48.05345163447278,399.7184443800243,64
1916.7,7,1067.6405128258843,4.199999999999999,47.98025517161406,400.2266772772332,64
1916.8,7,1067.6405128258843,4.199999999999999,48.004051107738825,400.0315293518278,64
1916.9,7,1067.6405128258843,4.199999999999999,47.990272849068724,400.1451772138893,64
1917.0,7,1067.6405128258843,4.199999999999999,47.9809223985673,400.19767825412634,64
1917.1,7,1067.6405128258843,4.199999999999999,47.989143183231874,400.13067987509817,64
1917.2,7,1067.6405128258843,4.199999999999999,47.97738917087643,400.2262932628063,64
1917.3,7,1067.6405128258843,4.199999999999999,47.98539415578978,400.1610548416951,64
1917.4,7,1067.6405128258843,4.199999999999999,47.99356154832813,400.0935614400028,64
1917.5,7,1067.6405128258843,4.199999999999999,47.976824112944456,400.23074381853996,64
1917.6,7,1067.6405128258843,4.199999999999999,47.83414372719503,401.45981179093206,64
1917.7,7,1067.6405128258843,4.199999999999999,47.845787759051774,401.36751169701506,64
1917.8,7,1067.6405128258843,4.199999999999999,47.83731271220483,401.43518218357815,64
1917.9,7,1067.6405128258843,4.199999999999999,47.84371695612527,401.3814608375284,64
1918.0,7,1067.6405128258843,4.199999999999999,47.87195539912454,401.14750690214646,64
1918.1,7,1067.6405128258843,4.199999999999999,47.87694946730663,401.10812671931455,64
1918.2,7,1067.6405128258843,4.199999999999999,47.8954266920762,400.95563055603975,64
1918.3,7,1067.6405128258843,4.199999999999999,47.89812502200149,400.932176606603,64
1918.4,7,1067.6405128258843,4.199999999999999,47.91252364782916,400.81571834261683,64
1918.5,7,1067.6405128258843,4.199999999999999,47.92180804657919,400.7385813711911,64
1918.6,7,1067.6405128258843,4.199999999999999,47.94005688897397,400.5895043531101,64
1918.7,7,1067.6405128258843,4.199999999999999,47.92615597808913,400.7018364877568,64
1918.8,7,1067.6405128258843,4.199999999999999,47.9397602756015,400.5913812194781,64
1918.9,7,1067.6405128258843,4.199999999999999,47.81357056457556,401.7730588636871,64
1919.0,7,1067.6405128258843,4.199999999999999,47.727054154041625,402.44241066989036,64
1919.1,7,1067.6405128258843,4.199999999999999,47.73442750649114,402.3828482931829,64
1919.2,7,1067.6405128258843,4.199999999999999,47.7378674319508,402.35355437881395,64
1919.3,7,1067.6405128258843,4.199999999999999,47.71793101470166,402.5182054903604,64
1919.4,7,1067.6405128258843,4.199999999999999,47.729011940693766,402.4297365931203,64
1919.5,7,1067.6405128258843,4.199999999999999,47.73939060727088,402.34379859432624,64
1919.6,7,1067.6405128258843,4.199999999999999,47.74032484779578,402.33714080110394,64
1919.7,7,1067.6405128258843,4.199999999999999,47.76499901344252,402.13435775863456,64
1919.8,7,1067.6405128258843,4.199999999999999,47.77123362753303,402.0820814173502,64
1919.9,7,1067.6405128258843,4.199999999999999,47.57916386209283,403.77380613369576,64
1920.0,7,1067.6405128258843,4.199999999999999,47.60980339942328,403.5232435966352,64
1920.1,7,1067.6405128258843,4.199999999999999,47.608296110582884,403.53550820891786,64
1920.2,7,1067.6405128258843,4.199999999999999,47.59562678027275,403.6386287835997,64
1920.3,7,1067.6405128258843,4.199999999999999,47.62141831689887,403.42751628770344,64
1920.4,7,1067.6405128258843,4.199999999999999,47.6278696921495,403.38142954894056,64
1920.5,7,1067.6405128258843,3.5,47.639897404247996,403.2854566343354,64
1920.6,7,1067.6405128258843,3.5,47.62708077250317,403.3888708049369,64
1920.7,7,1067.6405128258843,3.5,47.6309057736504,403.35698749473306,64
1920.8,7,1067.6405128258843,3.5,47.62307726847329,403.41984346539516,64
1920.9,7,1067.6405128258843,3.5,47.48140858333723,404.5684869211897,64
1921.0,7,1067.6405128258843,3.5,47.29539756541219,406.2508765858515,64
1921.1,7,1067.6405128258843,3.5,47.2953188805038,406.2492957563263,64
1921.2,7,1067.6405128258843,3.5,47.29234801000083,406.2758468778435,64
1921.3,7,1067.6405128258843,3.5,47.29393690192421,406.2660491444974,64
1921.4,7,1067.6405128258843,3.5,47.30223859978638,406.2003267539105,64
1921.5,7,1067.6405128258843,2.8,47.2824885921913,406.36267995486696,64
1921.6,7,1067.6405128258843,2.8,47.2920027347502,406.2844835969346,64
1921.7,7,1067.6405128258843,2.8,47.29469396102666,406.26396877292837,64
1921.8,7,1067.6405128258843,2.8,47.299760550115785,406.22461035006006,64
1921.9,7,1067.6405128258843,2.8,47.32823490913037,405.9621481862924,64
1922.0,7,1067.6405128258843,2.8,47.343841575350424,405.83784886980004,64
1922.1,7,1067.6405128258843,2.8,47.340365211836,405.86827287657013,64
1922.2,7,1067.6405128258843,2.8,47.34035905984284,405.8663675481627,64
1922.3,7,1067.6405128258843,2.8,47.34462908862295,405.82960880550183,64
1922.4,7,1067.6405128258843,2.8,47.35079770148401,405.7786312909968,64
1922.5,7,1067.6405128258843,2.8,47.33889976139841,405.882806720606,64
1922.6,7,1067.6405128258843,2.8,47.342602379745244,405.8540790156916,64
1922.7,7,1067.6405128258843,2.8,47.23546282592888,406.7348299843526,64
1922.8,7,1067.6405128258843,2.8,47.22997981673882,406.7820134967974,64
1922.9,7,1067.6405128258843,2.8,47.22545961260232,406.826335452399,64
1923.0,7,1067.6405128258843,2.8,47.23790569212156,406.7252586580096,64
1923.1,7,1067.6405128258843,2.8,47.18478096804294,407.1676670805332,64
1923.2,11,1067.6405128258843,2.8,47.18589366360234,407.1636662834845,64
1923.3,11,1067.6405128258843,2.7,47.17752743756411,407.23457198155614,64
1923.4,11,1067.6405128258843,2.7,47.179546349861354,407.22241986923166,64
1923.5,11,1068.546703766166,2.7,47.16394535586301,407.3570726986029,65
1923.6,11,1068.546703766166,-100.0,47.18763308199171,407.1654540562198,65
1923.7,11,1068.546703766166,2.7,47.173461580825155,407.28671454682376,65
1923.8,7,1068.546703766166,1.8,47.17815252616557,407.2514811734174,65
1923.9,11,1068.546703766166,2.8,47.01983192822934,408.5590580695351,65
1924.0,11,1068.546703766166,2.7,47.012953702902976,408.6189055246834,65
1924.1,11,1068.546703766166,2.7,47.014218038978925,408.6105617788539,65
1924.2,11,1068.546703766166,2.7,47.00488286707596,408.69354637280946,65
1924.3,11,1068.546703766166,2.7,46.97899094650835,408.9125990966904,65
1924.4,11,1068.546703766166,2.7,46.783317599691316,410.70780056020266,65
1924.5,11,1068.546703766166,2.7,46.79412433781773,410.591346111666,65
1924.6,11,1068.546703766166,2.7,46.77157606476183,410.7852637895368,65
1924.7,11,1068.546703766166,2.7,46.76456610861216,410.8489678117437,65
1924.8,11,1068.546703766166,2.7,46.77990884695599,410.82099116730694,65
1924.9,11,1068.546703766166,2.7,46.75493364822039,411.0333776275136,65
1925.0,11,1068.546703766166,2.7,46.73860154018335,411.1756152177513,65
1925.1,11,1068.546703766166,2.7,46.706152297175635,411.4522411279265,65
1925.2,11,1068.546703766166,2.7,46.68938549319496,411.6003703975409,65
1925.3,11,1068.546703766166,2.7,46.570315747297755,412.44722000357945,65
1925.4,11,1068.546703766166,2.7,46.53715306285358,412.73463506609517,65
1925.5,11,1068.546703766166,2.7,46.530492922844466,412.7944646895822,65
1925.6,11,1068.546703766166,2.7,46.535339156993345,412.75600661452955,65
1925.7,11,1068.546703766166,2.7,46.501743028124764,413.04688014337506,65
1925.8,11,1068.546703766166,2.7,46.502082139406056,413.04496115803266,65
1925.9,11,1068.546703766166,2.7,46.47734499101669,413.2593664028187,65
1926.0,11,1068.546703766166,2.7,46.456354980125,413.4414910060382,65
1926.1,11,1068.546703766166,1.8,46.4603441774807,413.4132307212591,65
1926.2,7,1068.4806522378117,1.8,46.46434452572781,413.38194783441406,65
1926.3,7,1068.4806522378117,3.5,46.44467053681507,413.5561774962242,65
1926.4,7,1068.4806522378117,3.5,46.44309188257431,413.57469415058426,65
1926.5,7,1068.4806522378117,3.5,46.50431871659879,413.0065827901518,65
1926.6,7,1068.4806522378117,3.5,46.46524452603934,413.3478798227768,65
1926.7,7,1068.4806522378117,3.5,46.47165722784416,413.2993674088152,65
1926.8,7,1068.4806522378117,3.5,46.456515824258325,413.4312480026555,65
1926.9,7,1068.4806522378117,3.5,46.454703273515506,413.45195961999286,65
1927.0,7,1068.4806522378117,3.5,46.45927823289962,413.41659087813963,65
1927.1,7,1068.4806522378117,3.5,46.448194115097294,413.5183486796691,65
1927.2,7,1068.4806522378117,3.5,46.460834797323216,413.41571821238404,65
1927.3,7,1068.4806522378117,3.5,46.4682819594461,413.4436939693767,65
1927.4,7,1068.4806522378117,3.5,46.4618357245878,413.50336760279777,65
1927.5,7,1068.4806522378117,3.5,46.46625609361101,413.47342675622906,65
1927.6,7,1068.4806522378117,3.5,46.473153045305665,413.4220694683379,65
1927.7,7,1068.4806522378117,3.5,46.47630560739236,413.400233385399,65
1927.8,7,1068.4806522378117,3.5,46.479718761546465,413.3763337148611,65
1927.9,7,1068.4806522378117,3.5,46.485597045034154,413.33436540917575,65
1928.0,7,1068.4806522378117,3.5,46.49905715458429,413.2286849163327,65
1928.1,7,1068.4806522378117,3.5,46.471439940911125,413.4703956867212,65
1928.2,7,1068.4806522378117,3.5,46.490636111840345,413.3125660014343,65
1928.3,7,1068.4806522378117,3.5,46.501943490079114,413.2225459686747,65
1928.4,7,1068.4806522378117,3.5,46.52021032605285,413.0713756560674,65
1928.5,7,1068.4806522378117,3.5,46.536939100828164,412.9350979062716,65
1928.6,7,1068.4806522378117,3.5,46.55464797821935,412.783812644569,65
1928.7,7,1068.4806522378117,3.5,46.56390618563495,412.7116862612738,65
1928.8,7,1068.4806522378117,3.5,46.57009252536311,412.6654601651617,65
1928.9,7,1068.4806522378117,3.5,46.56102323147232,412.7446793643454,65
1929.0,7,1068.4806522378117,3.5,46.5741502649834,412.6372266670876,65
1929.1,7,1068.4806522378117,3.5,46.5832298313698,412.5690645275156,65
1929.2,7,1068.4806522378117,3.5,46.59420107258338,412.4845099435031,65
1929.3,11,1068.4806522378117,2.8,46.57346756251455,412.6673875654297,65
1929.4,11,1068.4806522378117,1.8,46.58476712967332,412.5810464049672,65
1929.5,11,1068.4806522378117,2.7,46.503643232498035,413.1128324589212,65
1929.6,11,1068.4806522378117,2.7,46.481670583545736,413.30335047740004,65
1929.7,11,1068.4806522378117,2.7,46.482358829187305,413.30183081652683,65
1929.8,11,1068.4806522378117,2.7,46.47488945271994,413.36678449382873,65
1929.9,11,1068.4806522378117,2.7,46.47250919470483,413.3897271732401,65
1930.0,11,1068.4806522378117,2.7,46.48827514503468,413.2629672920532,65
1930.1,11,1068.4806522378117,2.7,46.4877229435088,413.27062249946687,65
1930.2,11,1068.4806522378117,2.7,46.478299558133614,413.3538557672392,65
1930.3,11,1068.4806522378117,2.7,46.48297148198483,413.3210227603993,65
1930.4,11,1068.4806522378117,2.7,46.49137586792351,413.2532911053879,65
1930.5,11,1068.4806522378117,2.7,46.488741991111226,413.2773737358193,65
1930.6,11,1068.4806522378117,2.7,46.500715783541345,413.1853514180982,65
1930.7,11,1068.4806522378117,2.7,46.51800688743808,413.0461409544638,65
1930.8,11,1068.4806522378117,2.7,46.527966254960475,412.96542507108063,65
1930.9,11,1068.4806522378117,2.7,46.52964519448351,412.95328271585583,65
1931.0,11,1068.4806522378117,2.7,46.54342649052931,412.8369245273279,65
1931.1,11,1068.4806522378117,2.7,46.537757863087016,412.8890177050538,65
1931.2,11,1068.4806522378117,3.6,46.53833453442179,412.8908157390607,65
1931.3,11,1068.4806522378117,3.6,46.55044875588139,412.7943615639622,65
1931.4,11,1068.4806522378117,3.6,46.55659509347883,412.7436266541929,65
1931.5,11,1068.4806522378117,3.6,46.56462566081311,412.67825034498844,65
1931.6,11,1068.4806522378117,3.6,46.61367259418992,412.4542435363127,65
1931.7,11,1068.4806522378117,3.6,46.61283753118354,412.46511263794935,65
1931.8,11,1068.4806522378117,3.6,46.616084173947336,412.445900063609,65
1931.9,11,1068.4806522378117,2.7,46.62571863977813,412.3697812897324,65
1932.0,11,1068.4806522378117,2.7,46.63872661170916,412.26423778501874,65
1932.1,11,1068.4806522378117,3.6,46.652759631526436,412.16005673681536,65
1932.2,11,1068.4806522378117,3.6,46.65257486249506,412.1703031925829,65
1932.3,7,1068.4143473870315,3.6,46.66952520155979,412.0332294722609,65
1932.4,7,1068.4143473870315,3.5,46.69814597694869,411.8061483210724,65
1932.5,7,1068.4143473870315,3.5,46.67554756758143,411.98993712706465,65
1932.6,7,1068.4143473870315,3.5,46.697619719509774,411.8166253402774,65
1932.7,7,1068.4143473870315,3.5,46.81012393832448,410.7613073978939,65
1932.8,7,1068.4143473870315,3.5,46.826705936820886,410.6280855140779,65
1932.9,7,1068.4143473870315,3.5,46.82918613040985,410.60955174823357,65
1933.0,7,1068.4143473870315,3.5,46.83998312583328,410.5219398665539,65
1933.1,7,1068.4143473870315,3.5,46.84672244759402,410.469221773032,65
1933.2,11,1068.4143473870315,2.8,46.86517079267253,410.32377124737997,65
1933.3,11,1068.4143473870315,2.7,46.869890337492976,410.28388600374126,65
1933.4,11,1069.3190601471035,2.7,46.87283042540659,410.2684254105922,66
1933.5,11,1069.3190601471035,-100.0,46.89306154449519,410.10052980072334,66
1933.6,11,1069.3190601471035,2.7,46.736082427182055,411.2937370684765,66
1933.7,7,1069.3190601471035,2.7,46.73015037100025,411.3459288341112,66
1933.8,7,1069.3190601471035,2.8,46.7353638293741,411.30208474123265,66
1933.9,7,1069.3190601471035,2.8,46.73956366859019,411.2709491065609,66
1934.0,7,1069.3190601471035,2.8,46.755333286808266,411.1396473500833,66
1934.1,7,1069.3190601471035,2.8,46.80759392727822,410.76363557811294,66
1934.2,11,1069.3190601471035,2.8,46.814085259351586,410.7146563354671,66
1934.3,11,1069.3190601471035,2.7,46.80682730690337,410.7731072955958,66
1934.4,11,1069.3190601471035,2.7,46.81799399595275,410.684154966033,66
1934.5,11,1069.3190601471035,2.7,46.82896639715257,410.59725655692364,66
1934.6,11,1069.3190601471035,2.7,46.85104861980872,410.4204501937738,66
1934.7,11,1069.3190601471035,2.7,46.83041755191759,410.5931813255297,66
1934.8,11,1069.3190601471035,2.7,46.862808199521254,410.3208569727461,66
1934.9,7,1069.3190601471035,2.7,46.87672991789144,410.20821467043936,66
1935.0,7,1069.3190601471035,2.8,46.88598964564157,410.12721095636414,66
1935.1,7,1069.3190601471035,2.8,46.88974990559271,410.1030137203727,66
1935.2,7,1069.3190601471035,2.8,46.90853225780685,409.9466012603815,66
1935.3,7,1069.3190601471035,2.8,46.900793559456474,410.0056726896437,66
1935.4,7,1069.3190601471035,2.8,46.92993930194717,409.7714023276973,66
1935.5,7,1069.3190601471035,2.8,47.079420044302964,408.3756717980534,66
1935.6,11,1069.3190601471035,2.8,47.09030042679984,408.2926081346816,66
1935.7,11,1069.3190601471035,2.7,46.95520025264187,409.37997987987484,66
1935.8,11,1069.3190601471035,2.7,46.97569310630155,409.20732007329883,66
1935.9,11,1069.3190601471035,2.7,46.98480010864098,409.1308814565401,66
1936.0,11,1069.3190601471035,2.7,46.99987338133147,409.00395035903273,66
1936.1,11,1069.3190601471035,2.7,47.00937045053337,408.92541135264304,66
1936.2,11,1069.3190601471035,2.7,47.018843626177926,408.8444805973114,66
1936.3,11,1069.3190601471035,2.7,47.034888674145805,408.70909341656215,66
1936.4,7,1069.3190601471035,2.7,47.04996954459533,408.58304129316286,66
1936.5,7,1069.3190601471035,2.8,47.061333779577396,408.4855158423563,66
1936.6,7,1069.3190601471035,2.8,47.06207657823572,408.47522279024986,66
1936.7,7,1069.3190601471035,2.8,47.07504466674639,408.3666971940153,66
1936.8,7,1069.3190601471035,2.8,47.111490491957,408.22380223004575,66
1936.9,7,1069.3190601471035,2.8,47.120819578028986,408.158496246343,66
1937.0,11,1069.3190601471035,2.8,47.0981241450347,408.35523641952386,66
1937.1,11,1069.3190601471035,2.7,46.97482141042428,409.5457808740327,66
1937.2,11,1069.3190601471035,2.7,46.97181632750859,409.5797174331933,66
1937.3,11,1069.3190601471035,2.7,46.94739207520913,409.7949397933637,66
1937.4,11,1069.3190601471035,2.7,46.94690661869821,409.8179994734768,66
1937.5,11,1069.3190601471035,2.7,46.919869507677916,410.05721271228856,66
1937.6,11,1069.3190601471035,2.7,46.90544113043396,410.1889022091583,66
1937.7,11,1069.3190601471035,2.7,46.90066835218022,410.24428284541136,66
1937.8,11,1069.3190601471035,2.7,46.9137962034135,410.1520941978804,66
1937.9,11,1069.3190601471035,2.7,46.89770445673673,410.28547504009947,66
1938.0,11,1069.3190601471035,2.7,46.901854105020284,410.2671906426999,66
1938.1,11,1069.3190601471035,2.7,46.88154975979644,410.4364903863421,66
1938.2,11,1069.3190601471035,2.7,46.86975420190002,410.5360945614478,66
1938.3,11,1069.3190601471035,2.7,46.8810962289547,410.4476783809034,66
1938.4,11,1069.3190601471035,1.8,46.947672528561455,410.05339700520267,66
1938.5,7,1069.3322324555274,1.8,46.94018322722522,410.1155610727593,66
1938.6,7,1069.3322324555274,2.8,46.94277643873025,410.1111039576289,66
1938.7,7,1069.3322324555274,2.8,46.93146162485411,410.20995641362134,66
1938.8,7,1069.3322324555274,2.8,46.94622243740156,410.10512029215886,66
1938.9,7,1069.3322324555274,2.8,46.91853725830468,410.32472918123017,66
1939.0,7,1070.2347340702277,2.8,46.92467578793597,410.2808560161498,67
1939.1,7,1070.2347340702277,-100.0,46.93214909592059,410.2256067417087,67
1939.2,7,1070.166961662888,2.8,46.914576107920865,410.368439139217,67
1939.3,7,1070.166961662888,3.5,46.91403658577827,410.3780392143839,67
1939.4,7,1070.166961662888,3.5,46.910923687586546,410.41195026416733,67
1939.5,7,1070.166961662888,3.5,46.895259417619855,410.5535710245083,67
1939.6,7,1070.166961662888,3.5,46.89468565603424,410.56280644407633,67
1939.7,7,1070.166961662888,3.5,46.89605993267955,410.5563775890443,67
1939.8,7,1070.166961662888,3.5,46.87026511827636,410.7728539376011,67
1939.9,7,1070.166961662888,3.5,46.864397582054224,410.8289909542465,67
1940.0,7,1070.166961662888,3.5,46.861991155693005,410.8570399961842,67
1940.1,7,1070.166961662888,3.5,46.84811880711109,410.96898014593626,67
1940.2,7,1070.166961662888,3.5,46.85326496302173,410.9414579992124,67
1940.3,7,1070.166961662888,3.5,46.94142849367465,410.05090227223457,67
1940.4,7,1070.166961662888,3.5,46.933556291703376,410.1196747210462,67
1940.5,7,1070.166961662888,3.5,46.933691303390425,410.12986128512625,67
1940.6,7,1070.166961662888,3.5,46.92263566560028,410.23463938942103,67
1940.7,7,1070.166961662888,3.5,46.97449250846453,409.83361117220613,67
1940.8,5,1068.066727918736,3.5,46.955817853214285,409.9954967120083,67
1940.9,5,1067.4640342262023,7.0,46.930240355082695,409.934828046393,67
1941.0,5,1067.3253486928136,7.0,46.92337999296845,409.9909820218911,67
1941.1,5,1067.3253486928136,7.0,46.88391127021836,410.3035858983165,67
1941.2,5,1068.2142719804017,7.0,46.882812136272776,410.31692110715113,68
1941.3,5,1068.2142719804017,-100.0,46.87496474169126,410.3831234537343,68
1941.4,5,1068.2142719804017,7.0,46.876410409112225,410.37554446658,68
1941.5,5,1068.2142719804017,7.0,46.85658514758579,410.5463626465912,68
1941.6,5,1068.2142719804017,7.0,46.84657459324923,410.6256302401853,68
1941.7,5,1068.2142719804017,7.0,46.83570754799649,410.7146634781101,68
1941.8,5,1068.2142719804017,7.0,46.842452701510524,410.65541632500555,68
1941.9,5,1068.2142719804017,7.0,46.82348676571473,410.8132048158443,68
1942.0,5,1068.2142719804017,7.0,46.86686317494356,410.47127276753974,68
1942.1,5,1068.2142719804017,7.0,46.844631655317926,410.6615062661215,68
1942.2,5,1068.2142719804017,7.0,46.82429685082009,410.83628565140714,68
1942.3,5,1068.2142719804017,7.0,46.88174972646325,410.51562135292966,68
1942.4,5,1068.2142719804017,7.0,46.87094898877848,410.6252318464692,68
1942.5,5,1068.2142719804017,7.0,46.826970226046356,410.996550348279,68
1942.6,5,1068.2142719804017,7.0,46.80767253033862,411.1773353533101,68
1942.7,5,1068.2142719804017,7.0,46.81578557640361,411.09011125812,68
1942.8,5,1068.2142719804017,7.0,46.7934574321266,411.2973007921976,68
1942.9,5,1068.2142719804017,7.0,46.75657578221212,411.6196990668148,68
1943.0,5,1068.2142719804017,7.0,46.752399631752425,411.6849378608109,68
1943.1,5,1067.8173155384839,7.0,46.72519911494659,411.93241723286934,68
1943.2,5,1067.8173155384839,7.5,46.70445582956792,412.1340884020631,68
1943.3,5,1068.7044719285507,7.5,46.68524758224501,412.5900147290217,69
1943.4,5,1068.7044719285507,-100.0,46.64532086186235,412.9588764526233,69
1943.5,5,1068.7044719285507,7.5,46.61147912716727,413.2711234272017,69
1943.6,5,1068.7044719285507,7.5,46.60591357552453,413.3530136741749,69
1943.7,5,1068.7044719285507,7.5,46.57477046664571,413.65743437370185,69
1943.8,5,1068.7044719285507,7.5,46.54619355375232,413.9427920585904,69
1943.9,5,1068.7044719285507,7.5,46.525903120784534,414.1566392757021,69
1944.0,5,1068.7044719285507,7.5,46.51061680438044,414.3269063626268,69
1944.1,5,1068.7044719285507,7.5,46.486069346112245,414.5642106601588,69
1944.2,5,1068.7044719285507,7.5,46.448463333013564,414.90596652887325,69
1944.3,5,1068.7044719285507,7.5,46.300521877662504,416.12399811004866,69
1944.4,5,1068.7044719285507,7.5,46.27495658188664,416.3751416412437,69
1944.5,5,1068.7044719285507,7.5,46.27458854511617,416.41195475318364,69
1944.6,5,1068.7044719285507,7.0,46.2412125047009,416.7059691116892,69
1944.7,5,1068.7044719285507,7.0,46.224823473773824,416.8791798072406,69
1944.8,5,1068.7044719285507,7.0,46.1934350829474,417.16185583733954,69
1944.9,5,1068.7044719285507,7.0,46.17355747982138,417.35971223629633,69
1945.0,5,1068.7044719285507,7.0,46.145787551495346,417.6190073598261,69
1945.1,5,1068.7044719285507,7.0,46.13628854523552,417.74014772341536,69
1945.2,5,1068.7044719285507,7.0,46.18509385072582,417.4944970764945,69
1945.3,5,1068.7044719285507,7.0,46.1853553400338,417.52195848770054,69
1945.4,5,1068.7044719285507,7.0,46.1564287949235,417.78939641992616,69
1945.5,5,1069.5910217627036,7.0,46.14588582490758,417.9113395485748,70
1945.6,5,1069.5910217627036,-100.0,46.13920178092805,417.99468487033505,70
1945.7,5,1069.5910217627036,7.0,46.12673181367619,418.11981174156153,70
1945.8,5,1069.5910217627036,7.0,46.117383478690535,418.2268035899415,70
1945.9,5,1069.5910217627036,7.0,46.09018322565264,418.48825242524447,70
1946.0,5,1069.5910217627036,7.0,46.10159203132055,418.42492477661995,70
1946.1,5,1069.5910217627036,7.0,46.088855609163275,418.5428795791735,70
1946.2,5,1069.5910217627036,7.0,46.1007654307177,418.47261786541844,70
1946.3,5,1069.5910217627036,7.0,46.09665583029045,418.5232337582177,70
1946.4,5,1069.5910217627036,7.0,46.07635820570119,418.71986902841684,70
1946.5,5,1069.1932404484853,7.0,46.05858608426993,418.87858155331776,70
1946.6,5,1069.1932404484853,7.5,46.0516392618358,418.9419449313268,70
1946.7,5,1069.1932404484853,7.5,46.22131748185028,417.1853590022638,70
1946.8,5,1069.1932404484853,7.5,46.22018870638996,417.20741743282565,70
1946.9,5,1069.1932404484853,7.5,46.19195470618473,417.4464734272701,70
1947.0,5,1069.1932404484853,7.5,46.163713799126825,417.6810476140573,70
1947.1,5,1069.1932404484853,7.5,46.14964539792919,417.8065682277199,70
1947.2,5,1069.1932404484853,7.5,46.134384600766225,417.93947010076465,70
1947.3,5,1069.1932404484853,7.5,46.13096479538332,417.98716860872184,70
1947.4,5,1069.1932404484853,7.5,46.1275949361562,418.03788455833717,70
1947.5,5,1069.1932404484853,7.5,46.12308919045485,418.0928780625577,70
1947.6,5,1069.1932404484853,7.5,46.08349760796704,418.4319229114302,70
1947.7,5,1069.1932404484853,7.5,46.078845623491105,418.488831124213,70
1947.8,5,1069.1932404484853,7.5,46.063232449540806,418.62882376732273,70
1947.9,5,1069.1932404484853,7.5,46.0566132566903,418.70107193113665,70
1948.0,5,1069.1932404484853,7.5,46.04608951614047,418.7931353140509,70
1948.1,5,1069.1932404484853,7.5,46.02289147719234,418.99065222709385,70
1948.2,5,1069.1932404484853,7.5,46.01103020642559,419.09685380949946,70
1948.3,5,1069.1932404484853,7.5,45.98951302398565,419.27858660904974,70
1948.4,5,1069.1932404484853,7.5,45.995202577438455,419.2412752516275,70
1948.5,5,1069.1932404484853,7.5,45.98737142796466,419.31738347392763,70
1948.6,5,1069.1932404484853,7.5,45.98874574191227,419.3011391016012,70
1948.7,5,1069.1932404484853,7.5,45.978823770215755,419.38089000303125,70
1948.8,5,1069.1932404484853,7.5,46.227093674517235,417.14788339861315,70
1948.9,5,1069.1932404484853,7.5,46.21829337146565,417.2217360826636,70
1949.0,5,1069.1932404484853,7.5,46.22369786742682,417.1655352703126,70
1949.1,5,1069.1932404484853,7.5,46.20877576090787,417.2719093605233,70
1949.2,5,1069.1932404484853,7.5,46.22612568937191,417.12591253569326,70
1949.3,5,1069.1932404484853,7.5,46.23819925888143,417.0061803223024,70
1949.4,5,1069.1932404484853,7.5,46.23104637558289,417.05233949092883,70
1949.5,5,1069.1932404484853,7.5,46.26384584776498,416.7769501758484,70
1949.6,5,1069.1932404484853,7.5,46.280896018207855,416.60545089973095,70
1949.7,5,1069.1932404484853,7.5,46.28037854246174,416.5835787686699,70
1949.8,5,1068.7968340535394,7.5,46.29446079476748,416.4206341369868,70
1949.9,5,1068.7968340535394,8.0,46.33152067681958,416.08720123830346,70
1950.0,5,1068.7968340535394,8.0,46.34573077530124,415.9331604792193,70
1950.1,5,1068.7968340535394,8.0,46.364273429949094,415.75216083064095,70
1950.2,5,1068.7968340535394,8.0,46.39204450861425,415.48726379166305,70
1950.3,5,1068.7968340535394,8.0,46.408601944032135,415.30742158480405,70
1950.4,5,1068.7968340535394,8.0,46.43992380461487,415.015150392176,70
1950.5,5,1068.7968340535394,8.0,46.443842815691724,414.93150348911365,70
1950.6,5,1068.7968340535394,8.0,46.48456548660546,414.56032418566116,70
1950.7,5,1068.7968340535394,8.0,46.518705695994825,414.24613870364703,70
1950.8,5,1068.7968340535394,8.0,46.55382249514756,413.9278361815126,70
1950.9,5,1068.7968340535394,8.0,46.598095345238946,413.538699462125,70
1951.0,5,1068.7968340535394,8.0,46.61818348775117,413.33818023402057,70
1951.1,5,1068.7968340535394,8.0,46.65446743480645,412.99541187130444,70
1951.2,5,1068.7968340535394,8.0,46.96311919866534,410.2485786819585,70
1951.3,5,1068.7968340535394,8.0,47.00518018385374,409.87840556759954,70
1951.4,5,1068.7968340535394,8.0,47.034498478046615,409.603315356695,70
1951.5,5,1068.7968340535394,8.0,47.07476382390624,409.2491963243556,70
1951.6,5,1068.7968340535394,8.0,47.1008976729197,409.0014775614902,70
1951.7,5,1068.7968340535394,8.0,47.13579951107505,408.69829060714835,70
1951.8,5,1068.7968340535394,8.0,47.17435143764571,408.3638494225074,70
1951.9,5,1068.7968340535394,8.0,47.1914934451796,408.19084194054784,70
1952.0,5,1068.7968340535394,8.0,47.18576773402816,408.20028454662815,70
1952.1,5,1068.7968340535394,8.0,47.27251294519386,407.55778449730576,70
1952.2,5,1068.7968340535394,8.0,47.282987772726734,407.4348560528773,70
1952.3,5,1068.7968340535394,8.0,47.303256246915424,407.2490390261098,70
1952.4,5,1068.7968340535394,8.0,47.300989939125756,407.2360867662634,70
1952.5,5,1068.7968340535394,8.0,47.32849583666217,406.99875474436055,70
1952.6,5,1068.7968340535394,8.0,47.33230884148185,406.9381191834598,70
1952.7,5,1068.7968340535394,8.0,47.33728229730542,406.8730867357443,70
1952.8,5,1068.7968340535394,8.0,47.349583704993215,406.7530258567192,70
1952.9,5,1068.7968340535394,8.0,47.350496882533754,406.7190919929816,70
1953.0,5,1068.7968340535394,8.0,47.19301670868792,407.55346383132223,70
1953.1,5,1068.7968340535394,8.0,47.202367829811585,407.45471439693836,70
1953.2,5,1068.7968340535394,8.0,47.22100291364595,407.28691679859185,70
1953.3,5,1068.4007979714354,8.0,47.13622349356713,408.0812827744138,70
1953.4,5,1068.4007979714354,8.5,47.263049665090136,407.04640722722684,70
1953.5,5,1068.4007979714354,8.5,47.281377341535915,406.8742878761033,70
1953.6,5,1068.4007979714354,8.5,47.4272401669577,405.52467773775413,70
1953.7,5,1068.4007979714354,8.5,47.42912358736416,405.48881382003094,70
1953.8,5,1068.4007979714354,8.5,47.45657405268683,405.24558094589565,70
1953.9,5,1068.4007979714354,8.5,47.47926141052642,405.03765044136696,70
1954.0,5,1068.4007979714354,8.5,47.37637221988582,405.81827674176395,70
1954.1,5,1068.4007979714354,8.0,47.40898922285992,405.5305399210283,70
1954.2,5,1068.4007979714354,8.0,47.44185412257528,405.2449164554674,70
1954.3,5,1068.4007979714354,8.0,47.35486891094236,406.0557500901622,70
1954.4,5,1069.285028415347,8.0,47.39098516403499,405.73575081489287,71
1954.5,5,1069.285028415347,-100.0,47.41288921978544,405.53161317433535,71
1954.6,5,1069.285028415347,8.0,47.43922237746976,405.3003127743205,71
1954.7,5,1069.285028415347,8.0,47.46565268315692,405.0706105399471,71
1954.8,5,1069.285028415347,8.0,47.481960353321824,404.91821521308896,71
1954.9,5,1069.285028415347,8.0,47.51471719734392,404.63490213088966,71
1955.0,5,1069.285028415347,8.0,47.53985234576109,404.4126856082835,71
1955.1,5,1069.285028415347,8.0,47.56540832294811,404.18641003457026,71
1955.2,5,1069.285028415347,8.0,47.60279117112249,403.8717410089439,71
1955.3,5,1069.285028415347,8.0,47.63506522650371,403.5901020978884,71
1955.4,5,1069.285028415347,8.0,47.664081895669746,403.341211468984,71
1955.5,5,1069.285028415347,8.0,47.6893223800292,403.119238348654,71
1955.6,5,1069.285028415347,8.0,47.717181721089304,402.8762217525041,71
1955.7,5,1069.285028415347,8.0,47.731011357516316,402.7427845131799,71
1955.8,5,1069.285028415347,8.0,47.77016218717657,402.4028733986122,71
1955.9,5,1069.285028415347,8.0,47.810475712966266,402.05067401319434,71
1956.0,5,1069.285028415347,8.0,47.94244951814525,400.88271131896767,71
1956.1,5,1069.285028415347,8.0,47.9731514923765,400.62996812039995,71
1956.2,5,1069.285028415347,7.5,48.01652212630806,400.26369341373777,71
1956.3,5,1069.285028415347,7.5,48.04565106869103,400.0189368538236,71
1956.4,5,1069.285028415347,7.5,48.082838048186446,399.70440832796476,71
1956.5,5,1070.1647630093682,7.5,47.95002625072482,400.89297858137877,72
1956.6,5,1070.1647630093682,-100.0,47.95618084260934,400.8211375838203,72
1956.7,5,1070.1647630093682,7.5,47.98460587432408,400.580249144768,72
1956.8,5,1070.1647630093682,7.5,48.00547101354911,400.40081697584424,72
1956.9,5,1070.1647630093682,7.5,48.03715535998626,400.13739843801625,72
1957.0,5,1070.1647630093682,7.5,48.064652450759965,399.90103816197825,72
1957.1,5,1069.7682187789246,7.5,48.08789582970088,399.7050385693464,72
1957.2,5,1069.7682187789246,8.0,48.10842716032917,399.52689752896293,72
1957.3,5,1069.7682187789246,8.0,48.13680847568881,399.2872586324851,72
1957.4,5,1069.7682187789246,8.0,48.159022256233534,399.0943993281788,72
1957.5,5,1069.7682187789246,8.0,48.140820777084414,399.2241418322459,72
1957.6,5,1069.7682187789246,8.0,48.159879722126334,399.05864790553215,72
1957.7,5,1069.7682187789246,8.0,48.19034619462181,398.8078465196753,72
1957.8,5,1069.7682187789246,8.0,48.20807991657503,398.6569978216786,72
1957.9,5,1069.7682187789246,8.0,48.229317056878,398.4786927690953,72
1958.0,5,1069.7682187789246,8.0,48.11051262721489,399.52615286935117,72
1958.1,5,1069.7682187789246,7.5,48.14030124956996,399.27927154405904,72
1958.2,5,1069.7682187789246,7.5,48.154255872761944,399.1609623922616,72
1958.3,5,1069.7682187789246,7.5,48.169102579553154,399.031529766659,72
1958.4,5,1069.7682187789246,7.5,48.186616124453565,398.88704938387843,72
1958.5,5,1069.7682187789246,7.5,48.16948604759856,399.0167094882653,72
1958.6,5,1069.7682187789246,7.5,48.19071252995293,398.84164514064616,72
1958.7,5,1069.7682187789246,7.5,48.303313469613265,397.8688122102618,72
1958.8,5,1069.7682187789246,7.5,48.305039162441176,397.84906095300977,72
1958.9,5,1069.7682187789246,7.5,48.32851298624877,397.6594171771152,72
1959.0,5,1069.7682187789246,7.5,48.32841981469339,397.6501897744978,72
1959.1,5,1069.7682187789246,7.5,48.35743457413898,397.42174411974634,72
1959.2,5,1069.7682187789246,7.5,48.05418546752293,399.9101690842441,72
1959.3,5,1069.7682187789246,7.5,48.16405112113567,399.0458961607861,72
1959.4,5,1069.7682187789246,7.5,48.17340566313231,398.96657231746747,72
1959.5,5,1069.7682187789246,7.5,48.17154123003374,398.9765062072996,72
1959.6,5,1069.7682187789246,7.5,48.19441332786164,398.78934181282193,72
1959.7,5,1069.7682187789246,7.5,48.188935320991945,398.8279576853253,72
1959.8,5,1069.7682187789246,7.5,48.20020413713731,398.74110941516994,72
1959.9,5,1069.7682187789246,7.5,48.213037374220434,398.6363434815373,72
1960.0,5,1069.7682187789246,7.5,48.210928625818454,398.6446493623438,72
1960.1,5,1069.7682187789246,7.5,48.19976853630442,398.7332953062836,72
1960.2,5,1069.7682187789246,7.0,48.20454788283626,398.6936204818122,72
1960.3,5,1069.7682187789246,7.0,48.29194852763733,398.01575471846934,72
1960.4,5,1069.7682187789246,7.0,48.30133070604145,397.93888851932564,72
1960.5,5,1069.7682187789246,7.0,48.30500550783621,397.8998019535535,72
1960.6,5,1069.7682187789246,7.0,48.31336737474361,397.8354690944723,72
1960.7,5,1069.7682187789246,7.0,48.306273553373856,397.8849553978505,72
1960.8,5,1069.7682187789246,7.0,48.32124696932712,397.7675942372988,72
1960.9,5,1069.7682187789246,7.0,48.31745243092374,397.79116080733286,72
1961.0,5,1069.7682187789246,7.0,48.32650072657465,397.71647553035234,72
1961.1,5,1069.7682187789246,7.0,48.413287128138,396.9740855006123,72
1961.2,5,1069.7682187789246,7.0,48.38492012639439,397.193164005626,72
1961.3,5,1069.7682187789246,7.0,48.28970718715256,398.03258506883606,72
1961.4,5,1069.7682187789246,7.0,48.30276478943355,397.9254052252403,72
1961.5,5,1069.7682187789246,7.0,48.31883857490601,397.78901938488747,72
1961.6,5,1069.7682187789246,7.0,48.339670724664764,397.61999506153353,72
1961.7,5,1069.7682187789246,6.5,48.340220206190665,397.6103030382368,72
1961.8,5,1069.7682187789246,6.5,48.37943081261503,397.2971990935772,72
1961.9,5,1069.7682187789246,6.5,48.37254798822893,397.3462995683088,72
1962.0,5,1069.7682187789246,6.5,48.399991047266695,397.21327794522216,72
1962.1,5,1069.7682187789246,6.5,48.27434912372395,398.168718260588,72
1962.2,5,1069.7682187789246,6.5,48.28042188826653,398.1064566878057,72
1962.3,5,1069.7682187789246,6.5,48.31713288256552,397.8079549184629,72
1962.4,5,1069.7682187789246,6.5,48.316363215127865,397.80853904350204,72
1962.5,5,1069.7682187789246,6.5,48.344749689467854,397.5816556233393,72
1962.6,5,1069.7682187789246,6.5,48.3549717318447,397.4946422478189,72
1962.7,5,1069.7682187789246,6.5,48.3648380653095,397.4065588759143,72
1962.8,5,1069.7682187789246,6.5,48.38344454544686,397.25026665735487,72
1962.9,5,1069.7682187789246,6.5,48.43091186498411,396.8754052644101,72
1963.0,5,1069.7682187789246,6.5,48.45162986955646,396.69949109760233,72
1963.1,5,1069.7682187789246,6.5,48.46014198915077,396.6197244790376,72
1963.2,5,1069.7682187789246,6.5,48.48020892978478,396.45354984685974,72
1963.3,5,1069.7682187789246,6.5,48.50817731681239,396.22147048308125,72
1963.4,5,1069.7682187789246,6.5,48.42986111290777,396.75578208085034,72
1963.5,5,1069.7682187789246,6.5,48.45779606672126,396.52355322626954,72
1963.6,5,1069.7682187789246,6.0,48.4610262472074,396.48317339313815,72
1963.7,5,1069.7682187789246,6.0,48.48509784231845,396.2866160222445,72
1963.8,5,1069.7682187789246,6.0,48.504490598124384,396.1210761259932,72
1963.9,5,1069.7682187789246,6.0,48.53264993767492,395.88814328627905,72
1964.0,5,1069.7682187789246,6.0,48.56492849573365,395.62536738994504,72
1964.1,5,1069.7682187789246,6.0,48.58098587008426,395.4875958303686,72
1964.2,5,1069.7682187789246,6.0,48.61050897918037,395.24635471031263,72
1964.3,5,1069.7682187789246,6.0,48.6237192114198,395.1321189594104,72
1964.4,5,1069.7682187789246,6.0,48.659010168082986,394.84195250402047,72
1964.5,5,1069.7682187789246,6.0,48.66985470878021,394.74135496974964,72
1964.6,5,1069.7682187789246,6.0,48.32294345016777,397.58465465659765,72
1964.7,5,1069.7682187789246,6.0,48.354718655001136,397.3231930213152,72
1964.8,5,1069.7682187789246,6.0,48.38828844267133,397.0448264555982,72
1964.9,5,1069.7682187789246,6.0,48.41469022419578,396.8235286035089,72
1965.0,5,1069.7682187789246,6.0,48.441563895778785,396.60011453367963,72
1965.1,5,1069.7682187789246,6.0,48.46818105628843,396.37314983047395,72
1965.2,5,1069.7682187789246,6.0,48.51291344442613,396.0070445242229,72
1965.3,5,1069.7682187789246,6.0,48.51869518081276,395.94596303626577,72
1965.4,5,1069.7682187789246,6.0,48.55231685761021,395.6708086205675,72
1965.5,5,1069.7682187789246,6.0,48.558120516164195,395.6166787287845,72
1965.6,5,1069.7682187789246,6.0,48.60138239492646,395.26782893130576,72
1965.7,5,1069.7682187789246,6.0,48.64802068700277,394.8926090675585,72
1965.8,5,1069.37233817708,6.0,48.67727708460997,394.65373976954413,72
1965.9,7,1069.37233817708,6.0,48.70330213162016,394.43990821384796,72
1966.0,7,1069.37233817708,6.3,48.70642751397245,394.4005777611411,72
1966.1,7,1069.37233817708,6.3,48.65446734832486,394.86483605792887,72
1966.2,7,1069.37233817708,6.3,48.69407422510725,394.54935527802127,72
1966.3,7,1069.37233817708,6.3,48.70936530580086,394.4192394896822,72
1966.4,7,1069.37233817708,6.3,48.72127063217738,394.3198726983161,72
1966.5,7,1069.37233817708,6.3,48.733646056264256,394.2104255125008,72
1966.6,7,1069.37233817708,6.3,48.784358302152924,393.8081680096815,72
1966.7,7,1069.37233817708,6.3,48.79411227595695,393.7268601584825,72
1966.8,7,1069.37233817708,6.3,48.82597750179511,393.47119471660125,72
1966.9,7,1069.37233817708,6.3,48.86045651587197,393.19558980484527,72
1967.0,7,1069.37233817708,6.3,48.877328159776155,393.05273122456185,72
1967.1,7,1069.37233817708,7.0,48.774915107124315,393.93641748886097,72
1967.2,7,1069.37233817708,7.0,48.79130498415864,393.8006603725505,72
1967.3,7,1069.37233817708,7.0,48.82442098500387,393.5333673224843,72
1967.4,7,1069.37233817708,7.0,48.85100539561563,393.320765207987,72
1967.5,7,1069.37233817708,7.0,48.852829556105824,393.29197635938067,72
1967.6,7,1069.37233817708,7.0,48.87879186561207,393.0799395758354,72
1967.7,7,1069.37233817708,7.0,48.89423744469987,392.95016765394155,72
1967.8,7,1069.37233817708,7.0,48.914544382482774,392.78364071796597,72
1967.9,7,1069.37233817708,7.0,48.952610947483606,392.4820703722164,72
1968.0,7,1069.37233817708,7.0,48.94460745588951,392.5233004919153,72
1968.1,7,1069.37233817708,7.0,48.98075195665359,392.23443053722053,72
1968.2,7,1069.37233817708,7.0,48.99035936406963,392.1512717000239,72
1968.3,7,1069.37233817708,7.0,49.02213070560511,391.8984156431545,72
1968.4,7,1069.37233817708,7.0,49.04818884750717,391.68727513049475,72
1968.5,7,1069.37233817708,7.0,49.060725548740734,391.57898422312917,72
1968.6,7,1069.37233817708,7.699999999999999,48.86229174520973,393.0936983038254,72
1968.7,7,1069.37233817708,7.699999999999999,48.8653321792352,393.0631112267114,72
1968.8,7,1069.37233817708,7.699999999999999,48.90162750257217,392.7739450504972,72
1968.9,7,1069.37233817708,7.699999999999999,48.90767777210426,392.71751032199825,72
1969.0,7,1069.37233817708,7.699999999999999,48.93788369544909,392.47463365619353,72
1969.1,7,1069.37233817708,7.699999999999999,48.963010993436505,392.27272058582776,72
1969.2,7,1069.37233817708,7.699999999999999,48.97841707676946,392.144821455604,72
1969.3,7,1070.2508323688544,7.699999999999999,48.997088742686564,391.9932476822553,73
1969.4,7,1070.2508323688544,-100.0,48.99776640272901,391.98090164411775,73
1969.5,7,1070.2508323688544,7.699999999999999,49.030179595496676,391.7201824097294,73
1969.6,7,1070.2508323688544,7.699999999999999,49.05734224331471,391.50386858777017,73
1969.7,7,1070.2508323688544,7.0,48.924482940817384,392.52468909527414,73
1969.8,7,1070.2508323688544,7.0,48.953911788329016,392.2878822670584,73
1969.9,7,1070.2508323688544,7.0,48.97559383813356,392.11337623894997,73
1970.0,7,1070.2508323688544,7.0,49.01166677337976,391.82598899385175,73
1970.1,7,1070.2508323688544,7.0,49.01393680185937,391.80238317810876,73
1970.2,7,1070.2508323688544,7.699999999999999,49.02931208509579,391.67704425095894,73
1970.3,7,1070.2508323688544,7.699999999999999,49.10066035224632,391.10506202029944,73
1970.4,7,1070.2508323688544,7.699999999999999,48.93030550231962,392.5107314436465,73
1970.5,7,1070.2508323688544,7.699999999999999,48.96073404811463,392.2666115836481,73
1970.6,7,1070.2508323688544,7.699999999999999,48.962729192475216,392.24628107579304,73
1970.7,7,1070.2508323688544,7.699999999999999,48.98374843252891,392.07778828627477,73
1970.8,7,1070.2508323688544,7.699999999999999,49.003126833662776,391.9206468270819,73
1970.9,7,1070.2508323688544,7.699999999999999,49.00021104459672,391.93767219197343,73
1971.0,7,1070.2508323688544,7.699999999999999,49.029869463135846,391.703417798092,73
1971.1,7,1070.2508323688544,7.699999999999999,49.02347711807805,391.745567098735,73
1971.2,7,1070.2508323688544,7.0,49.05119271851784,391.52384996410785,73
1971.3,7,1070.2508323688544,7.0,49.0663735401792,391.4007661879218,73
1971.4,7,1070.2508323688544,7.0,49.09355699728413,391.2208221410321,73
1971.5,7,1070.2508323688544,7.0,49.06219450132459,391.4567230790577,73
1971.6,7,1070.2508323688544,7.0,49.05359337091602,391.5166682638877,73
1971.7,7,1070.2508323688544,7.0,48.95826224362216,392.31316858719106,73
1971.8,7,1070.2508323688544,7.0,48.97781567560814,392.1536883662236,73
1971.9,7,1070.2508323688544,7.0,48.968468058837786,392.2195730814168,73
1972.0,7,1070.2508323688544,7.0,48.98325599451363,392.0985151301775,73
1972.1,7,1070.2508323688544,7.699999999999999,48.99066795658882,392.0333308627081,73
1972.2,7,1070.2508323688544,7.699999999999999,49.025073322206026,391.7590371081046,73
1972.3,7,1070.2508323688544,7.699999999999999,49.02186517731637,391.77559764708326,73
1972.4,7,1070.2508323688544,7.699999999999999,49.05429286798821,391.5153687076977,73
1972.5,7,1070.2508323688544,7.699999999999999,49.0617269974131,391.4484412602959,73
1972.6,7,1070.2508323688544,7.699999999999999,49.085248718357754,391.2571827600786,73
1972.7,7,1070.2508323688544,7.699999999999999,49.104331947087005,391.1031018252473,73
1972.8,7,1070.2508323688544,7.0,49.09610915726085,391.1578964906133,73
1972.9,7,1070.2508323688544,7.0,49.0992006973658,391.12872254629093,73
1973.0,7,1070.2508323688544,7.0,49.120655763726646,390.9562503909283,73
1973.1,7,1070.2508323688544,7.0,49.160084249438285,390.6431072544848,73
1973.2,7,1070.2508323688544,7.0,49.1552992203744,390.6728714852393,73
1973.3,7,1070.2508323688544,7.0,49.036425319583174,391.5874532315749,73
1973.4,7,1070.2508323688544,7.0,49.08131461102964,391.2267674473683,73
1973.5,7,1070.2508323688544,7.0,49.09736961145514,391.0958343241794,73
1973.6,7,1070.2508323688544,7.699999999999999,49.124030471526424,390.883186742059,73
1973.7,7,1070.2508323688544,7.699999999999999,49.033106713027095,391.62223322141756,73
1973.8,7,1070.2508323688544,7.699999999999999,49.050065270588306,391.4837968966136,73
1973.9,7,1070.2508323688544,7.699999999999999,49.07843925979604,391.2555917615046,73
1974.0,7,1070.2508323688544,7.699999999999999,49.09985455229039,391.0811432774549,73
1974.1,7,1070.2508323688544,7.699999999999999,49.12800786879586,390.85512733235186,73
1974.2,7,1070.2508323688544,7.699999999999999,49.145175457293206,390.7151563820006,73
1974.3,7,1070.2508323688544,7.699999999999999,49.16774050772891,390.53380937518557,73
1974.4,7,1070.2508323688544,7.699999999999999,49.199226622828775,390.2821067206188,73
1974.5,7,1070.2508323688544,7.0,49.239649446626004,389.9606028562195,73
1974.6,7,1070.2508323688544,7.0,49.072333768429026,391.29483786456206,73
1974.7,7,1070.2508323688544,7.0,49.10758551565002,391.01057961627555,73
1974.8,7,1070.2508323688544,7.0,49.11833916538034,390.9088395043141,73
1974.9,7,1070.2508323688544,6.3,49.13840086348444,390.74765735953565,73
1975.0,7,1070.2508323688544,6.3,49.156895773968756,390.5992601196551,73
1975.1,7,1070.2508323688544,6.3,49.188750006300516,390.34505941653623,73
1975.2,7,1070.2508323688544,6.3,49.209194816029715,390.1809281215983,73
1975.3,7,1070.2508323688544,6.3,49.24139943989067,389.9248848130038,73
1975.4,7,1070.2508323688544,6.3,49.26134327570912,389.7661248319584,73
1975.5,7,1070.2508323688544,6.3,49.35200363582403,389.10251300279515,73
1975.6,7,1070.2508323688544,6.3,49.35768099464276,389.05126478086925,73
1975.7,7,1070.2508323688544,6.3,49.39866353715021,388.72806145882987,73
1975.8,7,1070.2508323688544,7.0,49.295448269037436,389.5637698015604,73
1975.9,7,1071.1282619109475,7.0,49.33896730184319,389.21859672511636,74
1976.0,7,1071.1282619109475,-100.0,49.37962865866248,388.8961148308499,74
1976.1,7,1071.1282619109475,7.0,49.415112847770274,388.61453652444374,74
1976.2,7,1071.1282619109475,7.0,49.44954987314936,388.3402488614172,74
1976.3,7,1071.1282619109475,7.0,49.488926835982284,388.0314729429962,74
1976.4,7,1071.1282619109475,7.0,49.51419799525397,387.828649058237,74
1976.5,7,1071.1282619109475,7.0,49.55287616032034,387.52390003896096,74
1976.6,7,1071.1282619109475,7.0,49.58657511808254,387.25874157051953,74
1976.7,7,1071.1282619109475,7.0,49.623811574818724,386.9662273966745,74
1976.8,7,1071.1282619109475,7.0,49.66363557356794,386.6543836046633,74
1976.9,7,1071.1282619109475,7.0,49.69630525682332,386.3995599203032,74
1977.0,7,1071.1282619109475,7.0,49.5996857668677,387.1800078433042,74
1977.1,7,1071.1282619109475,7.0,49.63578163741299,386.89599932572,74
1977.2,7,1071.1282619109475,7.0,49.65862675559542,386.71369586709653,74
1977.3,7,1071.1282619109475,7.0,49.69897341845647,386.3963400076427,74
1977.4,7,1071.1282619109475,7.0,49.706410245831634,386.3310509283357,74
1977.5,7,1071.1282619109475,7.0,49.73451587941595,386.1091412164301,74
1977.6,7,1071.1282619109475,7.0,49.79074700491826,385.67580320671584,74
1977.7,7,1071.1282619109475,7.0,49.82225210302427,385.42830517289445,74
1977.8,7,1071.1282619109475,7.0,49.852978229878175,385.19086235548417,74
1977.9,7,1071.1282619109475,7.0,49.883156311803376,384.95417227848304,74
1978.0,7,1071.1282619109475,7.0,49.93331732153432,384.56779026413153,74
1978.1,7,1071.1282619109475,7.0,49.97256916332736,384.2641541176232,74
1978.2,7,1071.1282619109475,7.0,50.00433082727015,384.0182069549488,74
1978.3,7,1071.1282619109475,7.0,49.97034401051404,384.265950478096,74
1978.4,7,1071.1282619109475,7.699999999999999,50.00474720263429,384.000764606458,74
1978.5,7,1071.1282619109475,7.699999999999999,50.02904679040893,383.8112798956075,74
1978.6,7,1071.1282619109475,7.699999999999999,50.067577851864144,383.5144843902591,74
1978.7,7,1071.1282619109475,7.0,50.007925732584546,383.99008637636774,74
1978.8,7,1071.1282619109475,7.0,50.030825965981734,383.8117257273352,74
1978.9,7,1071.1282619109475,7.0,50.09348871137918,383.33074914142344,74
1979.0,7,1071.1282619109475,7.0,50.12782106169715,383.0655335249447,74
1979.1,7,1071.1282619109475,7.0,50.074022691531326,383.4595740996081,74
1979.2,7,1071.1282619109475,7.0,50.130552266211346,383.02636265704734,74
1979.3,7,1071.1282619109475,7.0,50.164150106506376,382.768160833198,74
1979.4,7,1071.1282619109475,7.0,50.21269517630893,382.3974582697906,74
1979.5,7,1071.1282619109475,7.0,50.25619158333159,382.06398455703163,74
1979.6,7,1071.1282619109475,7.0,50.31506369970353,381.6166873965568,74
1979.7,7,1071.1282619109475,6.3,50.36607842972051,381.23036991253855,74
1979.8,7,1071.1282619109475,6.3,50.39369992566482,381.01786818084145,74
1979.9,7,1071.1282619109475,6.3,50.46139151367824,380.50788219658136,74
1980.0,7,1071.1282619109475,6.3,50.36122172697027,381.28458884786005,74
1980.1,7,1071.1282619109475,7.0,50.39858146574228,380.9989174420293,74
1980.2,7,1071.1282619109475,7.0,50.43525110391981,380.7204723751557,74
1980.3,7,1071.1282619109475,7.0,50.48003884313883,380.383266926538,74
1980.4,7,1071.1282619109475,7.0,50.52769802400043,380.02214413430795,74
1980.5,7,1071.1282619109475,7.0,50.43619413673892,380.695159591052,74
1980.6,7,1071.1282619109475,7.0,50.45805877000449,380.52693815738695,74
1980.7,7,1071.1282619109475,7.0,50.50480368520294,380.17411549979414,74
1980.8,7,1071.1282619109475,7.0,50.542802578747796,379.886323705732,74
1980.9,7,1071.1282619109475,7.0,50.56429382657289,379.7233844729964,74
1981.0,7,1071.1282619109475,7.0,50.60216006749736,379.4378324703839,74
1981.1,9,1071.1282619109475,6.3,50.63942725647997,379.15764724935525,74
1981.2,7,1071.1282619109475,5.6000000000000005,50.6846788513288,378.8191142607316,74
1981.3,7,1071.1282619109475,6.3,50.71679990935065,378.5780077222804,74
1981.4,7,1071.1282619109475,6.3,50.82239708010187,377.7893614195105,74
1981.5,7,1071.1282619109475,6.3,50.856289334913484,377.53668774042137,74
1981.6,7,1071.1282619109475,6.3,50.89401118880272,377.25589402584694,74
1981.7,7,1071.1282619109475,6.3,50.94498151074521,376.8783481041923,74
1981.8,7,1071.1282619109475,6.3,50.97381938587623,376.66449915601964,74
1981.9,7,1071.1282619109475,6.3,51.02992826479756,376.2502273568627,74
1982.0,7,1071.1282619109475,6.3,51.07508618085508,375.9173669684892,74
1982.1,7,1071.1282619109475,6.3,51.12217254489599,375.57097582108497,74
1982.2,9,1071.1282619109475,5.6,51.16224744639122,375.2767234939141,74
1982.3,9,1071.1282619109475,6.4,51.22333752513782,374.82915385335195,74
1982.4,9,1071.1282619109475,6.4,51.09802363165499,375.752777247037,74
1982.5,9,1071.1282619109475,6.4,51.15192475739153,375.3575679155047,74
1982.6,9,1071.1282619109475,6.4,51.14427188053746,375.46940062700753,74
1982.7,9,1071.1282619109475,6.4,51.187735702310135,375.15396754144274,74
1982.8,9,1072.002904319996,5.6000000000000005,51.22791640284234,374.8653700998454,75
1982.9,9,1072.002904319996,-100.0,51.27412863462804,374.5313278606907,75
1983.0,9,1072.002904319996,5.6000000000000005,51.307914272908775,374.2894298675169,75
1983.1,9,1072.002904319996,5.6000000000000005,51.265082933093936,374.58802934369373,75
1983.2,9,1072.002904319996,5.6000000000000005,51.29347977790926,374.38751421993646,75
1983.3,9,1072.002904319996,5.6000000000000005,51.3284905796896,374.1358886500459,75
1983.4,9,1072.002904319996,5.6000000000000005,51.35973581949935,373.9134832801354,75
1983.5,9,1072.002904319996,5.6000000000000005,51.422186494244144,373.4588758528729,75
1983.6,7,1072.002904319996,5.6000000000000005,51.383248445483204,373.7617857147169,75
1983.7,7,1072.002904319996,6.3,51.426050753652916,373.45445125435737,75
1983.8,7,1072.002904319996,6.3,51.463474180507134,373.1873738172003,75
1983.9,7,1072.002904319996,6.3,51.518594589076024,372.7890423862699,75
1984.0,7,1072.002904319996,6.3,51.634261986593614,371.97517125346144,75
1984.1,7,1072.002904319996,6.3,51.68010770054781,371.64751480750454,75
1984.2,7,1072.002904319996,6.3,51.718417558487964,371.37961195183107,75
1984.3,9,1072.002904319996,5.6,51.77206063807465,370.995641365732,75
1984.4,9,1072.002904319996,5.6000000000000005,51.827253566838465,370.60301278201973,75
1984.5,9,1072.002904319996,5.6000000000000005,51.89388742832601,370.12635232224545,75
1984.6,9,1072.002904319996,5.6000000000000005,51.931324431333294,369.86825888100634,75
1984.7,9,1072.002904319996,5.6000000000000005,51.980414164125115,369.5220421384006,75
1984.8,9,1072.002904319996,5.6000000000000005,52.03727699687806,369.11847206874484,75
1984.9,9,1072.002904319996,5.6000000000000005,52.015526410301845,369.30149592068324,75
1985.0,9,1072.002904319996,5.6000000000000005,52.0500925865408,369.0670406870405,75
1985.1,9,1072.002904319996,5.6000000000000005,52.103066152267075,368.69269372011024,75
1985.2,9,1072.002904319996,5.6000000000000005,52.14730144523165,368.3821483188056,75
1985.3,9,1072.002904319996,5.6000000000000005,52.191104284427965,368.0813320984694,75
1985.4,7,1072.002904319996,4.800000000000001,52.24037012740551,367.7345390610077,75
1985.5,7,1072.002904319996,5.6,52.29197864951057,367.3719670055865,75
1985.6,7,1072.002904319996,5.6,52.322919967629886,367.15242533796805,75
1985.7,7,1072.002904319996,5.6,52.35130071776593,366.9544917930702,75
1985.8,9,1072.002904319996,4.8999999999999995,52.37805182233731,366.7697915456694,75
1985.9,7,1072.002904319996,5.6000000000000005,52.41070368627118,366.537587591279,75
1986.0,7,1072.002904319996,5.6,52.44646381919189,366.2827373447103,75
1986.1,7,1072.002904319996,5.6,52.55073048822002,365.58065472283886,75
1986.2,7,1072.8768487172931,5.6,52.57194017222183,365.429000558769,76
1986.3,7,1072.8768487172931,-100.0,52.601481332398,365.2178193263324,76
1986.4,7,1072.8768487172931,5.6,52.61657485370245,365.1110187390168,76
1986.5,7,1072.8768487172931,5.6,52.62797416470467,365.029018683011,76
1986.6,7,1072.8768487172931,5.6,52.643461460827346,364.9195405742116,76
1986.7,7,1072.8768487172931,5.6,52.66858747500734,364.745005882479,76
1986.8,7,1072.8768487172931,5.6,52.63394845000856,364.9995336199597,76
1986.9,7,1072.8768487172931,5.6,52.639304366856145,364.96055908823826,76
1987.0,7,1072.8768487172931,5.6,52.64731466508303,364.9063407265407,76
1987.1,7,1072.8768487172931,5.6,52.66759403450649,364.764051993115,76
1987.2,7,1072.8768487172931,5.6,52.71282644394793,364.4406887706489,76
1987.3,7,1072.8768487172931,5.6,52.70231006978725,364.52401211164295,76
1987.4,9,1072.8768487172931,4.8999999999999995,52.723540079705884,364.3738764383947,76
1987.5,9,1072.8768487172931,6.4,52.74378431038947,364.23003131182696,76
1987.6,9,1072.8768487172931,6.4,52.75504481266417,364.15086195863444,76
1987.7,9,1072.8768487172931,6.4,52.7658365833124,364.0776189343961,76
1987.8,9,1072.8768487172931,5.6000000000000005,52.7822090376808,363.9633488682614,76
1987.9,9,1072.8768487172931,5.6000000000000005,52.802790969635865,363.8180334676091,76
1988.0,9,1072.8768487172931,5.6000000000000005,52.80808677138124,363.78156049187805,76
1988.1,9,1072.8768487172931,5.6000000000000005,52.81822341089099,363.7101877827279,76
1988.2,9,1072.8768487172931,5.6000000000000005,52.83742809732529,363.578255141539,76
1988.3,9,1072.8768487172931,5.6000000000000005,52.84259933958071,363.5420592758551,76
1988.4,9,1072.8768487172931,5.6000000000000005,52.85391515715956,363.4677447617389,76
1988.5,9,1072.8768487172931,5.6000000000000005,52.91886506290641,363.0383421053807,76
1988.6,7,1072.8768487172931,5.6000000000000005,52.94159995110928,362.8791967381121,76
1988.7,9,1072.8768487172931,4.8999999999999995,52.93976092928698,362.89652546010416,76
1988.8,9,1072.8768487172931,6.4,52.9559361390316,362.7841894872108,76
1988.9,9,1072.8768487172931,6.4,52.943778647950914,362.8783250386732,76
1989.0,9,1072.8768487172931,6.4,52.96136261365511,362.7555397668449,76
1989.1,9,1072.8768487172931,6.4,52.97959127141739,362.6267589537209,76
1989.2,9,1072.8768487172931,6.4,52.99576777011613,362.5162455165985,76
1989.3,9,1072.8768487172931,6.4,53.00355880328665,362.4664144111539,76
1989.4,9,1072.8768487172931,5.6000000000000005,53.01749298963852,362.37279367097824,76
1989.5,9,1072.8768487172931,5.6000000000000005,53.037330940112696,362.23887557812793,76
1989.6,9,1072.8768487172931,5.6000000000000005,53.04496914883771,362.18801360772034,76
1989.7,9,1072.8768487172931,5.6000000000000005,53.058788812402426,362.0939305700106,76
1989.8,9,1072.8768487172931,5.6000000000000005,53.066307695164475,362.0486151235414,76
1989.9,9,1072.8768487172931,5.6000000000000005,53.018050090081736,362.4056325799979,76
1990.0,9,1072.8768487172931,5.6000000000000005,53.02598454245473,362.35704293829065,76
1990.1,9,1072.8768487172931,5.6000000000000005,53.04412167078727,362.2348727714988,76
1990.2,9,1072.8768487172931,5.6000000000000005,53.0502899742706,362.1995459419625,76
1990.3,9,1072.8768487172931,5.6000000000000005,53.067845358362135,362.08169937600155,76
1990.4,11,1072.8768487172931,4.800000000000001,53.090095591344905,361.9309234161951,76
1990.5,11,1072.8768487172931,6.3,53.103700134567745,361.8395812090761,76
1990.6,11,1072.8768487172931,6.3,53.11001929266745,361.80377606055754,76
1990.7,11,1072.8768487172931,6.3,53.12327830907462,361.71408084908785,76
1990.8,11,1072.8768487172931,6.3,53.144843485133464,361.5665756377259,76
1990.9,7,1072.8125724551908,5.4,53.151744412207414,361.52772514586985,76
1991.0,7,1072.8125724551908,5.6,53.16407887454302,361.4455067016604,76
1991.1,9,1072.8125724551908,4.8999999999999995,53.17564337991611,361.36872315719756,76
1991.2,9,1072.8125724551908,5.6000000000000005,53.17177896292921,361.4059149721854,76
1991.3,9,1072.8125724551908,5.6000000000000005,53.190600787526044,361.2761786413678,76
1991.4,9,1072.8125724551908,5.6000000000000005,53.20231059229599,361.1984736527745,76
1991.5,9,1073.6828749273218,5.6000000000000005,53.21700256885036,361.0936182649881,77
1991.6,9,1073.6828749273218,-100.0,53.226805838530474,361.0287280677312,77
1991.7,11,1073.6828749273218,4.800000000000001,53.25646494491557,360.82101767585914,77
1991.8,11,1073.6828749273218,6.3,53.276770221186275,360.6803467461171,77
1991.9,11,1073.6828749273218,6.3,53.29866853326931,360.52786701609585,77
1992.0,11,1073.6828749273218,6.3,53.31379122742085,360.4246551994946,77
1992.1,11,1073.6828749273218,6.3,53.33633634091565,360.27497027864,77
1992.2,11,1073.6828749273218,6.3,53.35277564117423,360.1609216554544,77
1992.3,9,1073.6828749273218,6.3,53.38698199784321,359.925519237565,77
1992.4,9,1073.6828749273218,5.6000000000000005,53.389054173083466,359.91777649618666,77
1992.5,9,1073.6828749273218,5.6000000000000005,53.40910704925962,359.77909197182385,77
1992.6,9,1073.6828749273218,5.6000000000000005,53.4167492953117,359.72938647818296,77
1992.7,9,1073.6828749273218,5.6000000000000005,53.44280408013982,359.549066175627,77
1992.8,9,1073.6828749273218,5.6000000000000005,53.45326966178939,359.4813960216238,77
1992.9,11,1073.6828749273218,4.800000000000001,53.4780975799478,359.3116815992837,77
1993.0,11,1073.6828749273218,6.3,53.4806135390972,359.29822341710167,77
1993.1,11,1073.6828749273218,6.3,53.52092796642065,359.02220557915126,77
1993.2,11,1073.6828749273218,6.3,53.57785170930015,358.58938992223364,77
1993.3,11,1073.6828749273218,6.3,53.594492331661655,358.4757565097399,77
1993.4,11,1073.6828749273218,6.3,53.611138888670666,358.367004303875,77
1993.5,9,1073.6828749273218,6.3,53.54609886956095,358.8309843211672,77
1993.6,9,1073.6828749273218,5.6000000000000005,53.55713046704665,358.7613074487947,77
1993.7,9,1073.6828749273218,5.6000000000000005,53.570511331072304,358.6704750876156,77
1993.8,9,1073.6828749273218,5.6000000000000005,53.59481737224779,358.50645618288956,77
1993.9,9,1073.6828749273218,5.6000000000000005,53.617761100447055,358.35174239400885,77
1994.0,9,1073.6828749273218,5.6000000000000005,53.64978131545632,358.1373009826668,77
1994.1,9,1073.6828749273218,5.6000000000000005,53.66637316069169,358.02532782051117,77
1994.2,9,1073.6828749273218,5.6000000000000005,53.692996066624154,357.8483587202943,77
1994.3,9,1073.6828749273218,5.6000000000000005,53.67113644975267,357.97882237894794,77
1994.4,9,1073.6828749273218,5.6000000000000005,53.69976734704594,357.7867942094635,77
1994.5,9,1073.6828749273218,5.6000000000000005,53.719951152405585,357.65236999607976,77
1994.6,9,1073.6828749273218,5.6000000000000005,53.75876775557832,357.3931271040035,77
1994.7,9,1073.6828749273218,5.6000000000000005,53.77503513201232,357.287191339071,77
1994.8,9,1073.6828749273218,5.6000000000000005,53.82935390104866,356.8887860314,77
1994.9,11,1074.5522061759018,4.800000000000001,53.84038449807878,356.8184179757582,78
1995.0,9,1074.5522061759018,-100.0,53.851542312031384,356.7456735889456,78
1995.1,9,1074.5522061759018,4.800000000000001,53.86129967846648,356.6844845669924,78
1995.2,9,1074.5522061759018,5.6000000000000005,53.88558645970738,356.52606966028577,78
1995.3,9,1074.5522061759018,5.6000000000000005,53.900464531035055,356.4249501122557,78
1995.4,9,1074.5522061759018,5.6000000000000005,53.92119059500695,356.29017544542944,78
1995.5,9,1074.5522061759018,5.6000000000000005,53.94595308573022,356.12270613306254,78
1995.6,9,1074.5522061759018,5.6000000000000005,53.96084033874729,356.0292794764125,78
1995.7,9,1074.5522061759018,5.6000000000000005,53.99066026967489,355.83407229316856,78
1995.8,9,1074.5522061759018,5.6000000000000005,54.009673690450505,355.71017223627064,78
1995.9,9,1074.5522061759018,5.6000000000000005,54.03812213431642,355.5194795271955,78
1996.0,9,1074.5522061759018,5.6000000000000005,54.04570018422902,355.4756622425923,78
1996.1,9,1074.5522061759018,5.6000000000000005,54.07403644609448,355.28883126188464,78
1996.2,9,1074.5522061759018,5.6000000000000005,54.0987847642194,355.1242446310032,78
1996.3,9,1074.5522061759018,5.6000000000000005,54.127234844522434,354.93250458730813,78
1996.4,9,1074.5522061759018,5.6000000000000005,54.14447880625061,354.82222673777346,78
1996.5,9,1074.5522061759018,5.6000000000000005,54.16621670119878,354.6792084742357,78
1996.6,9,1074.5522061759018,5.6000000000000005,54.19033140131199,354.52129371621953,78
1996.7,9,1074.5522061759018,4.800000000000001,54.21603019002261,354.3510727201906,78
1996.8,9,1074.5522061759018,4.800000000000001,54.147843663936165,354.82841663295403,78
1996.9,9,1074.5522061759018,4.800000000000001,54.1685297779042,354.69257426990407,78
1997.0,9,1074.5522061759018,4.800000000000001,54.18793967115759,354.5629930377777,78
1997.1,9,1074.5522061759018,4.800000000000001,54.20723660081359,354.4397450265098,78
1997.2,9,1074.5522061759018,4.800000000000001,54.24090525273767,354.21855571513566,78
1997.3,9,1074.5522061759018,4.800000000000001,54.26139019084229,354.08509588983685,78
1997.4,9,1074.5522061759018,4.800000000000001,54.2882470760401,353.90685871715215,78
1997.5,9,1074.5522061759018,4.800000000000001,54.30950263452357,353.76560858753004,78
1997.6,9,1074.5522061759018,4.800000000000001,54.316534148341326,353.7248370237819,78
1997.7,9,1075.421523598709,4.800000000000001,54.33635596787565,353.5964442964715,79
1997.8,9,1075.421523598709,-100.0,54.357722597688195,353.45778290653686,79
1997.9,9,1075.421523598709,4.800000000000001,54.376612154227644,353.33631396864905,79
1998.0,9,1075.421523598709,4.800000000000001,54.393676138317595,353.22744809896443,79
1998.1,9,1075.421523598709,4.800000000000001,54.41092283272985,353.11534483321793,79
1998.2,9,1075.421523598709,4.800000000000001,54.43399707435253,352.96668902102454,79
1998.3,11,1075.421523598709,4.800000000000001,54.45490512096865,352.8328897156254,79
1998.4,9,1075.421523598709,5.4,54.478529919887166,352.6788434846186,79
1998.5,9,1075.421523598709,4.800000000000001,54.48221233395485,352.6586186875193,79
1998.6,9,1075.421523598709,4.800000000000001,54.514805236427506,352.44696930032535,79
1998.7,9,1075.421523598709,4.800000000000001,54.50110071133023,352.53037439631123,79
1998.8,9,1075.421523598709,4.800000000000001,54.52661174328363,352.3659902404898,79
1998.9,9,1075.421523598709,4.800000000000001,54.54787635415809,352.2318268877368,79
1999.0,9,1075.421523598709,4.800000000000001,54.56912562513092,352.0971970751932,79
1999.1,9,1075.421523598709,4.800000000000001,54.591436406949626,351.9573036921405,79
1999.2,9,1075.421523598709,4.800000000000001,54.6234616117025,351.74991845836223,79
1999.3,9,1075.421523598709,4.800000000000001,54.64952612124215,351.58610967234705,79
1999.4,9,1075.421523598709,4.800000000000001,54.68533275068983,351.3529637327101,79
1999.5,9,1075.421523598709,4.800000000000001,54.71142366877163,351.1904114907774,79
1999.6,11,1075.421523598709,4.0,54.74391960579703,350.9824455816677,79
1999.7,11,1075.421523598709,5.4,54.7751898949403,350.78406568696994,79
1999.8,11,1075.421523598709,5.4,54.802306248046484,350.61362655787536,79
1999.9,7,1075.4862932613912,5.4,54.763653445063056,350.8414097835326,79
2000.0,9,1075.4862932613912,3.5,54.7884584339173,350.68776817245146,79
2000.1,9,1076.350210773593,4.800000000000001,54.81966597657495,350.4893055860614,80
2000.2,9,1076.350210773593,-100.0,54.75886616629778,350.9123421016561,80
2000.3,9,1076.350210773593,4.800000000000001,54.782708076014984,350.76438377194427,80
2000.4,9,1076.350210773593,4.800000000000001,54.81090065765106,350.58327429015935,80
2000.5,9,1076.350210773593,4.800000000000001,54.8338243780847,350.4415538713424,80
2000.6,9,1076.350210773593,4.800000000000001,54.78928696888657,350.7564254625967,80
2000.7,9,1076.350210773593,4.800000000000001,54.81692639636053,350.58257334300623,80
2000.8,9,1076.350210773593,4.800000000000001,54.83796167074492,350.4510978004541,80
2000.9,9,1076.350210773593,4.800000000000001,54.8617802620273,350.3022298384376,80
2001.0,9,1076.350210773593,4.800000000000001,54.89270429960284,350.1097122154063,80
2001.1,9,1076.350210773593,4.800000000000001,54.91655639842508,349.96101007936124,80
2001.2,9,1076.350210773593,4.800000000000001,54.94595310038373,349.7791336176932,80
2001.3,9,1076.350210773593,4.800000000000001,54.91800373122481,349.933063713972,80
2001.4,9,1076.350210773593,4.800000000000001,54.93965543712825,349.7986653939761,80
2001.5,9,1076.350210773593,4.800000000000001,54.97449068182644,349.57520959828173,80
2001.6,9,1076.350210773593,4.800000000000001,55.002498556533226,349.4000048172579,80
2001.7,9,1076.350210773593,4.800000000000001,55.03478409561852,349.1970369949692,80
2001.8,9,1076.350210773593,5.6000000000000005,55.06488766221303,349.00644311041947,80
2001.9,9,1076.350210773593,5.6000000000000005,55.093028531855346,348.8299670210837,80
2002.0,9,1076.350210773593,5.6000000000000005,55.115533116768695,348.69194632532907,80
2002.1,9,1076.350210773593,5.6000000000000005,55.14906952666753,348.47908479332193,80
2002.2,9,1076.350210773593,5.6000000000000005,55.06843071311022,349.0360552924925,80
2002.3,9,1076.350210773593,5.6000000000000005,55.090614330099015,348.8983911014557,80
2002.4,9,1076.350210773593,5.6000000000000005,55.054318014429526,349.10711921725147,80
2002.5,9,1077.2131972206546,4.800000000000001,55.08075073557417,348.9372406720556,81
2002.6,9,1077.2131972206546,-100.0,55.1838491239217,348.3254676915101,81
2002.7,9,1077.2131972206546,4.800000000000001,55.201822453000624,348.2105767060101,81
2002.8,9,1077.2131972206546,4.800000000000001,55.21738667109683,348.1123290400933,81
2002.9,9,1077.2131972206546,4.800000000000001,55.23723441622761,347.98947399518136,81
2003.0,9,1077.2131972206546,4.800000000000001,55.251054187155134,347.9028577491989,81
2003.1,9,1077.2131972206546,4.800000000000001,55.26811168096344,347.79667132826074,81
2003.2,9,1077.2131972206546,4.800000000000001,55.27274369992801,347.7716256118754,81
2003.3,9,1077.2131972206546,4.800000000000001,55.300998183991105,347.59681124313397,81
2003.4,9,1077.2131972206546,4.800000000000001,55.31549123261641,347.51027428706266,81
2003.5,9,1077.2131972206546,4.800000000000001,55.33447681700378,347.3874252095416,81
2003.6,9,1077.2131972206546,4.800000000000001,55.338474622970274,347.3615764611785,81
2003.7,11,1077.2131972206546,4.0,55.34277671592589,347.3378254831788,81
2003.8,11,1077.2131972206546,5.4,55.35079638097176,347.292229605574,81
2003.9,11,1077.2131972206546,5.4,55.36269346732402,347.2137552287163,81
2004.0,9,1077.2131972206546,4.5,55.38239514356621,347.0922296160438,81
2004.1,9,1077.2131972206546,4.0,55.3833926262838,347.09090674816593,81
2004.2,9,1077.2131972206546,4.800000000000001,55.341987651159684,347.330149285115,81
2004.3,9,1077.2131972206546,4.800000000000001,55.34107997900678,347.3377285106296,81
2004.4,9,1077.2131972206546,4.800000000000001,55.451082957826685,346.6958534251563,81
2004.5,9,1077.2131972206546,4.800000000000001,55.45451827283084,346.6746155143786,81
2004.6,9,1077.2131972206546,4.800000000000001,55.47395146107784,346.56067279663995,81
2004.7,9,1077.2131972206546,4.800000000000001,55.53271577617306,346.15079234283974,81
2004.8,9,1077.2131972206546,4.800000000000001,55.56259894896907,345.9635716621857,81
2004.9,11,1077.2131972206546,4.0,55.57334263478002,345.90183096588544,81
2005.0,11,1077.2131972206546,5.4,55.59938160653444,345.73517606011217,81
2005.1,11,1077.2131972206546,5.4,55.62666052489861,345.5665305668377,81
2005.2,11,1077.2131972206546,5.4,55.66207109063211,345.3483642334114,81
2005.3,11,1077.2131972206546,5.4,55.612079762686605,345.6301171784135,81
2005.4,11,1077.2131972206546,5.4,55.64969685507177,345.39411269765617,81
2005.5,11,1077.2131972206546,5.4,55.67740270848117,345.21951648494525,81
2005.6,11,1077.2131972206546,5.4,55.58709325563565,345.8316427445377,81
2005.7,11,1077.2131972206546,5.4,55.61135546251713,345.68069902059045,81
2005.8,11,1077.2131972206546,5.4,55.64640624053689,345.46252560596514,81
2005.9,9,1077.2131972206546,4.5,55.6768447764596,345.2715995376889,81
2006.0,9,1077.2131972206546,4.800000000000001,55.71125823168738,345.0529831719494,81
2006.1,9,1077.2131972206546,4.800000000000001,55.731240041209034,344.9283030436948,81
2006.2,9,1077.2131972206546,4.800000000000001,55.76000897298432,344.7518541891649,81
2006.3,9,1077.2131972206546,4.800000000000001,55.75613222867122,344.7614059139132,81
2006.4,9,1077.2131972206546,4.800000000000001,55.795768596209356,344.51219591710924,81
2006.5,9,1077.2131972206546,4.800000000000001,55.8260709506728,344.328643598005,81
2006.6,9,1077.2131972206546,4.800000000000001,55.86699705843223,344.0750144678743,81
2006.7,9,1077.2131972206546,4.800000000000001,55.90781215380992,343.82226810401994,81
2006.8,9,1077.2131972206546,4.800000000000001,55.93937453270068,343.62794263455675,81
2006.9,11,1077.2131972206546,4.0,55.98558323905383,343.3485570512524,81
2007.0,11,1077.2131972206546,5.4,56.03901015186666,343.0205695822764,81
2007.1,11,1077.2131972206546,5.4,56.071994152362485,342.82316187140134,81
2007.2,11,1077.2131972206546,5.4,56.11863474596694,342.5349629739699,81
2007.3,11,1077.2131972206546,5.4,56.17009082451027,342.2232475826763,81
2007.4,9,1077.2131972206546,4.5,56.209713473978994,341.9827369496993,81
2007.5,9,1077.2131972206546,4.0,56.25444352601966,341.70936473063546,81
2007.6,9,1077.2131972206546,4.0,56.30147517336673,341.42583624897463,81
2007.7,9,1077.2131972206546,4.0,56.3439489986247,341.16669200093355,81
2007.8,9,1077.2131972206546,4.0,56.38410403824308,340.92521843402,81
2007.9,9,1077.2131972206546,4.0,56.429407599835145,340.6518651248176,81
2008.0,11,1077.2131972206546,4.0,56.46428887941749,340.44247178319864,81
2008.1,11,1077.2131972206546,4.5,56.504662245173854,340.20104424880435,81
2008.2,11,1077.2131972206546,4.5,56.54556574588521,339.9563077829587,81
2008.3,11,1077.2131972206546,4.5,56.58572909850182,339.7150830102172,81
2008.4,11,1077.2131972206546,4.5,56.621668746739374,339.50154314827296,81
2008.5,11,1077.2131972206546,4.5,56.65408998560288,339.30892699710716,81
2008.6,11,1077.2131972206546,4.5,56.69025204810664,339.09586806135894,81
2008.7,11,1077.2131972206546,4.5,56.71776255327177,338.9359654257266,81
2008.8,9,1077.2131972206546,3.6,56.75537276188595,338.7139591832256,81
2008.9,9,1077.2131972206546,4.0,56.787495978850984,338.52889508690896,81
2009.0,9,1077.2131972206546,4.0,56.821426879942216,338.3341796046698,81
2009.1,9,1077.2131972206546,4.0,56.852833473646015,338.147777361516,81
2009.2,9,1077.2131972206546,4.0,56.87719644123645,338.00841143649603,81
2009.3,9,1077.2131972206546,4.0,56.913913803098204,337.79680342265954,81
2009.4,9,1077.2131972206546,4.0,56.940408019194834,337.6464110952847,81
2009.5,9,1077.2131972206546,4.0,56.964217611896686,337.5118008924304,81
2009.6,9,1077.2131972206546,4.0,56.899694276391514,337.85472898689926,81
2009.7,9,1077.2131972206546,4.0,56.92515872292097,337.7078815190978,81
2009.8,9,1077.2131972206546,4.800000000000001,56.95468681107607,337.5366866680625,81
2009.9,9,1077.2131972206546,4.800000000000001,56.990522911494914,337.32527052253545,81
2010.0,9,1077.2131972206546,4.800000000000001,57.02361530969148,337.13208724074,81
2010.1,9,1077.2131972206546,4.800000000000001,57.059639332870496,336.9205334719586,81
2010.2,11,1077.2131972206546,4.0,57.09481165812892,336.7138274861626,81
2010.3,11,1077.2131972206546,4.5,57.13306006545514,336.4892213852545,81
2010.4,11,1077.2131972206546,4.5,57.164915958691864,336.3043666426988,81
2010.5,11,1077.2131972206546,4.5,57.19777216837567,336.11040395958526,81
2010.6,11,1077.2131972206546,4.5,57.02050643717953,337.1761742660573,81
2010.7,11,1077.2131972206546,4.5,57.052541234593065,336.98615998534024,81
2010.8,11,1077.2131972206546,4.5,57.097094268133304,336.72017642770425,81
2010.9,11,1077.2131972206546,4.5,57.12825293291491,336.5398777731226,81
2011.0,11,1077.2131972206546,4.5,57.168153034845396,336.30290457035915,81
2011.1,11,1077.2131972206546,4.5,57.201764181955106,336.10738296259416,81
2011.2,11,1077.2131972206546,4.5,57.2512018588339,335.81376277554693,81
2011.3,11,1077.2131972206546,4.5,57.317453368045534,335.3331832395455,81
2011.4,9,1077.2131972206546,4.5,57.362638857250445,335.06751175425177,81
2011.5,9,1077.2131972206546,4.800000000000001,57.40717579190968,334.8093081885325,81
2011.6,9,1077.2131972206546,4.800000000000001,57.450822001368124,334.5552762294436,81
2011.7,9,1077.2131972206546,4.800000000000001,57.48110268808024,334.38146996895284,81
2011.8,9,1077.2131972206546,4.800000000000001,57.52443858251563,334.12795405237944,81
2011.9,11,1077.2131972206546,4.0,57.560405515871366,333.9162186633534,81
2012.0,11,1077.2131972206546,4.5,57.603195998131696,333.6667614404407,81
2012.1,11,1078.0753891610175,4.5,57.64227684259181,333.4378885284526,82
2012.2,11,1078.0753891610175,-100.0,57.555443917295165,333.89781345862355,82
2012.3,11,1078.0753891610175,4.5,57.59008699135501,333.69390424582355,82
2012.4,11,1078.0753891610175,4.5,57.880127611160354,332.114997753804,82
2012.5,11,1078.0753891610175,4.5,57.91167506516989,331.9319912339004,82
2012.6,11,1078.0753891610175,4.5,57.941356595867106,331.76409340123763,82
2012.7,11,1078.0753891610175,4.5,57.963756684168004,331.63568269446716,82
2012.8,11,1078.0753891610175,4.5,58.22523170197924,330.2408328743848,82
2012.9,11,1078.0753891610175,4.5,58.25356879423936,330.07080033288173,82
2013.0,9,1078.0753891610175,3.6,58.27973713866845,329.9223229254218,82
2013.1,9,1078.0753891610175,4.0,58.30823173860227,329.755105975898,82
2013.2,9,1078.0753891610175,4.0,58.36951888739259,329.3506319249889,82
2013.3,9,1078.0753891610175,4.0,58.267538477215496,329.876086318553,82
2013.4,9,1078.0753891610175,4.0,58.29286304424597,329.72800673713084,82
2013.5,9,1078.0753891610175,4.0,58.323397883835014,329.55050836151673,82
2013.6,11,1078.0753891610175,3.2,58.3457976818585,329.41881583395,82
2013.7,11,1078.0753891610175,4.5,58.362914872274835,329.316765802619,82
2013.8,11,1078.0753891610175,4.5,58.37258165118553,329.26248458719374,82
2013.9,11,1078.0753891610175,4.5,58.52583843705449,328.35048860635516,82
2014.0,11,1078.0753891610175,4.5,58.53823515359874,328.28090104705495,82
2014.1,11,1078.0753891610175,4.5,58.5590308736665,328.1620616266961,82
2014.2,11,1078.0753891610175,4.5,58.57463793363838,328.07576537112357,82
2014.3,11,1078.0753891610175,3.6,58.58824691743379,327.99903918826453,82
2014.4,11,1078.0753891610175,3.6,58.60957706310382,327.8835878015114,82
2014.5,11,1078.0753891610175,3.6,58.62513627297821,327.7978150814736,82
2014.6,11,1078.0753891610175,3.6,58.660879163303505,327.60977747627373,82
2014.7,11,1078.0753891610175,3.6,58.67631185925552,327.52469885295693,82
2014.8,11,1078.0753891610175,3.6,58.68381426946054,327.48396433330277,82
2014.9,11,1078.0753891610175,3.6,58.68368127905599,327.48994167186544,82
2015.0,11,1078.0753891610175,3.6,58.689360035815085,327.46319471164054,82
2015.1,11,1078.0753891610175,3.6,58.692526125040104,327.44782081542826,82
2015.2,11,1078.0753891610175,3.6,58.62081248537446,327.87987302437836,82
2015.3,11,1078.0753891610175,3.6,58.61782314509342,327.9017464188298,82
2015.4,11,1078.0753891610175,3.6,58.62190704826682,327.8801105879242,82
2015.5,11,1078.0753891610175,3.6,58.63071657414237,327.83358885368625,82
2015.6,11,1078.0753891610175,3.6,58.63958842262832,327.78439092131646,82
2015.7,11,1078.0753891610175,3.6,58.65483914713876,327.69831766297466,82
2015.8,11,1078.0753891610175,3.6,58.66358315876538,327.65022586573707,82
2015.9,11,1078.0753891610175,3.6,58.670924423104864,327.6064053508708,82
2016.0,11,1078.9351003786019,3.6,58.60852432935881,327.9276714937249,83
2016.1,11,1078.9351003786019,-100.0,58.62171138509876,327.85156325874107,83
2016.2,11,1078.9351003786019,4.5,58.64683811214145,327.7113811304155,83
2016.3,11,1078.9351003786019,4.5,58.662438005811865,327.6217518246484,83
2016.4,11,1078.9351003786019,3.6,58.69029165744482,327.4657474815026,83
2016.5,11,1078.9351003786019,3.6,58.70254365061771,327.3980369795778,83
2016.6,7,1079.2211597873754,3.6,58.728682176859664,327.2529211817897,83
2016.7,7,1079.412420276364,4.199999999999999,58.73971669260753,327.188398473909,83
2016.8,7,1079.3479467805666,4.199999999999999,58.79792742404406,326.8445694802482,83
2016.9,7,1079.3479467805666,4.199999999999999,58.800563075113686,326.82995598188967,83
2017.0,7,1079.3479467805666,4.199999999999999,58.81162458442207,326.7657325609834,83
2017.1,7,1079.3479467805666,4.199999999999999,58.8125164110219,326.7594715575068,83
2017.2,7,1079.3479467805666,4.199999999999999,58.8503507450953,326.56387471267976,83
2017.3,7,1079.3479467805666,4.199999999999999,58.847996364992326,326.57638829469687,83
2017.4,7,1079.3479467805666,4.199999999999999,58.849569551176835,326.56711203364,83
2017.5,11,1079.3479467805666,4.199999999999999,58.84658418580267,326.5845466089519,83
2017.6,11,1079.3479467805666,4.5,58.839904814311225,326.62265181901864,83
2017.7,11,1079.3479467805666,4.5,58.834430524888944,326.65086478185765,83
2017.8,11,1079.3479467805666,4.5,58.8619733544961,326.4741383967597,83
2017.9,11,1079.3479467805666,4.5,58.86396667865763,326.46149638739894,83
2018.0,11,1079.3479467805666,4.5,58.861560106288046,326.47330283136887,83
2018.1,11,1079.3479467805666,4.5,58.85938091771126,326.48440015485073,83
2018.2,11,1079.3479467805666,4.5,58.74955582932432,327.0454634911998,83
2018.3,11,1079.3479467805666,4.5,58.74178525910462,327.08645768613053,83
2018.4,11,1079.3479467805666,4.5,58.74948093992028,327.04086079805677,83
2018.5,11,1080.2013443835106,4.5,58.741071206775885,327.08365319577416,84
2018.6,11,1080.2013443835106,-100.0,58.74104089440731,327.0812290827474,84
2018.7,11,1080.2013443835106,4.5,58.74074561292511,327.08101721480256,84
2018.8,11,1080.2013443835106,4.5,58.740235275871854,327.0793949960414,84
2018.9,11,1080.2013443835106,4.5,58.740223688856325,327.07948860865525,84
2019.0,11,1080.2013443835106,4.5,58.74800263850524,327.028748633942,84
2019.1,11,1080.2013443835106,4.5,58.66039169745439,327.4911218560575,84
2019.2,11,1080.2013443835106,4.5,58.66114308280058,327.4842328875194,84
2019.3,11,1080.2013443835106,4.5,58.650523286188616,327.5431171871528,84
2019.4,11,1080.2013443835106,4.5,58.655978006231166,327.50599705382,84
2019.5,11,1080.2013443835106,4.5,58.65269458798896,327.5213597535427,84
2019.6,11,1080.2013443835106,4.5,58.6554288064427,327.50306364594024,84
2019.7,11,1080.2013443835106,4.5,58.65492970778206,327.50090248783124,84
2019.8,11,1080.2013443835106,4.5,58.64958808881639,327.52774818206683,84
2019.9,7,1080.1570124134491,3.6,58.7431806023929,326.9794618546109,84
2020.0,7,1080.1570124134491,4.199999999999999,58.68420292823401,327.2972747641351,84
2020.1,7,1080.1570124134491,4.199999999999999,58.685733964634466,327.284649555603,84
2020.2,11,1080.1570124134491,4.199999999999999,58.686518864772644,327.2791948383684,84
2020.3,11,1080.1570124134491,3.6,58.68734876744481,327.2734074880408,84
2020.4,11,1080.1570124134491,3.6,58.790578463627476,326.71642555284643,84
2020.5,11,1080.1570124134491,3.6,58.780036558811695,326.77403788828667,84
2020.6,11,1080.1570124134491,3.6,58.77558663057437,326.7966746812801,84
2020.7,11,1080.1570124134491,3.6,58.75502110248689,326.9081458523383,84
2020.8,11,1080.1570124134491,3.6,58.7459444184325,326.9553603972099,84
2020.9,11,1081.0060727962348,3.6,58.7354036188986,327.01312575588474,85
2021.0,7,1080.9348375882178,-100.0,58.71905434391737,327.0986434822104,85
2021.1,11,1080.9348375882178,4.199999999999999,58.70902958110287,327.15143893235347,85
2021.2,11,1080.9348375882178,4.5,58.61649463291437,327.64976370713885,85
2021.3,11,1080.9348375882178,4.5,58.58802969364923,327.80828443464685,85
2021.4,11,1080.9348375882178,4.5,58.68102263627924,327.3072147629467,85
2021.5,11,1080.9348375882178,4.5,58.66433591545004,327.3993763323962,85
2021.6,11,1080.9348375882178,4.5,58.64992975458101,327.47755599312893,85
2021.7,11,1080.9348375882178,4.5,58.64941372039026,327.4781241290478,85
2021.8,7,1080.9348375882178,3.6,58.63749268627821,327.54389932467734,85
2021.9,7,1080.9348375882178,4.199999999999999,58.62796192178391,327.5924674411517,85
2022.0,7,1080.9348375882178,4.199999999999999,58.7067300354837,327.13228995147415,85
2022.1,7,1080.9348375882178,4.199999999999999,58.68719464667997,327.2435234572763,85
2022.2,7,1080.9348375882178,4.199999999999999,58.68575195652439,327.24811691054106,85
2022.3,7,1080.9348375882178,4.199999999999999,58.66205032697867,327.37828299611317,85
2022.4,7,1080.9348375882178,4.199999999999999,58.56432869338347,327.9397246299218,85
2022.5,11,1080.9348375882178,4.199999999999999,58.55328708598394,328.00001316507627,85
2022.6,11,1080.9348375882178,4.5,58.53721073727989,328.0900005056394,85
2022.7,11,1080.9348375882178,4.5,58.52681517277292,328.1469506341239,85
2022.8,11,1080.9348375882178,4.5,58.51110760367095,328.2344815113504,85
2022.9,11,1080.9348375882178,4.5,58.504429423070455,328.2710538879577,85
2023.0,11,1080.9348375882178,4.5,58.49857956165869,328.30188067372194,85
2023.1,11,1080.9348375882178,4.5,58.488331528083236,328.3572783686036,85
2023.2,11,1080.9348375882178,4.5,58.47927715003627,328.407554988444,85
2023.3,11,1080.9348375882178,4.5,58.47293651425603,328.4415366403631,85
2023.4,11,1080.9348375882178,4.5,58.460410125331364,328.5112423178449,85
2023.5,11,1080.9348375882178,4.5,58.45570820527865,328.5366673816574,85
2023.6,7,1080.870703539693,3.6,58.435248341454354,328.6525039104904,85
2023.7,7,1080.870703539693,4.8999999999999995,58.429073247106956,328.68662186087107,85
2023.8,7,1080.870703539693,4.8999999999999995,58.35147379011483,329.13700043486847,85
2023.9,7,1080.870703539693,4.199999999999999,58.356002348976816,329.11070989134873,85
2024.0,7,1080.870703539693,4.199999999999999,58.349272228327436,329.14776850826195,85
2024.1,7,1080.870703539693,4.199999999999999,58.34560214133723,329.16702321006727,85
2024.2,7,1080.870703539693,4.199999999999999,58.34101979975212,329.19367340486224,85
2024.3,7,1080.870703539693,4.199999999999999,58.33889282008908,329.20566274980575,85
2024.4,7,1080.870703539693,4.199999999999999,58.3299318017048,329.25576933105197,85
2024.5,7,1080.870703539693,4.199999999999999,58.31454156233108,329.342487600932,85
2024.6,7,1080.870703539693,4.199999999999999,58.21165929686788,329.9089962781529,85
2024.7,7,1080.870703539693,4.199999999999999,58.204339751397804,329.95128519715047,85
2024.8,7,1080.870703539693,4.199999999999999,58.195552232593286,329.9995780011207,85
2024.9,7,1080.870703539693,4.199999999999999,58.185535581612655,330.05613001619236,85
2025.0,7,1080.870703539693,4.199999999999999,58.18186795514852,330.0767403757086,85
2025.1,7,1080.870703539693,4.199999999999999,58.15864199290889,330.2077906674498,85
2025.2,7,1080.870703539693,4.199999999999999,58.15200015312722,330.24547853842085,85
2025.3,7,1080.870703539693,4.199999999999999,58.09654180778243,330.56982887631204,85
2025.4,7,1080.7966688984775,4.199999999999999,58.115747033132806,330.4546778714904,85
2025.5,7,1080.7966688984775,4.8999999999999995,58.117495960229135,330.4455559981438,85
2025.6,7,1081.642085376012,4.8999999999999995,58.111251954687276,330.4782890977185,86
2025.7,7,1081.642085376012,-100.0,58.03392930824039,330.90469635731495,86
2025.8,7,1081.642085376012,4.8999999999999995,58.023069788411746,330.9657488458163,86
2025.9,7,1081.642085376012,4.8999999999999995,58.01353127251389,331.0200578962028,86
2026.0,7,1081.642085376012,4.8999999999999995,58.015169434295615,331.0101180115381,86
2026.1,7,1081.642085376012,4.8999999999999995,58.01067241863177,331.03491941015034,86
2026.2,7,1081.642085376012,4.8999999999999995,58.00573846854161,331.06335775892444,86
2026.3,7,1081.642085376012,4.8999999999999995,58.0032749401501,331.07815467155467,86
2026.4,7,1081.642085376012,4.8999999999999995,57.988416441256994,331.1627888160324,86
2026.5,7,1081.642085376012,4.8999999999999995,57.96763664616301,331.2813764656731,86
2026.6,7,1081.642085376012,4.8999999999999995,57.95181525995624,331.3714168549633,86
2026.7,7,1081.642085376012,4.8999999999999995,57.93455956982614,331.4706575803469,86
2026.8,7,1081.642085376012,4.8999999999999995,57.95335728183351,331.3658167248026,86
2026.9,7,1081.642085376012,4.199999999999999,57.82795660101408,332.0992920713983,86
2027.0,7,1081.642085376012,4.199999999999999,57.82044760248809,332.1414766561502,86
2027.1,7,1081.642085376012,4.199999999999999,57.786873325257545,332.33461041016267,86
2027.2,7,1081.642085376012,4.199999999999999,57.76541301863605,332.4572392148227,86
2027.3,7,1081.642085376012,4.199999999999999,57.743495490528815,332.580912081243,86
2027.4,7,1081.642085376012,4.199999999999999,57.704977090106226,332.80401239417654,86
2027.5,8,1081.9001107483332,4.199999999999999,57.69110261970316,332.88149153920403,86
2027.6,8,1082.0415153987235,3.5,57.67309292946741,332.98422962302857,86
2027.7,8,1082.038506332329,3.5,57.657902923496366,333.07106451046366,86
2027.8,8,1082.038506332329,3.5,57.542099377808384,333.7603588769083,86
2027.9,7,1081.9675343009897,3.5,57.54214524909648,333.7576544007211,86
2028.0,7,1081.9675343009897,4.8999999999999995,57.554612320008445,333.6797357529117,86
2028.1,7,1081.9675343009897,4.8999999999999995,57.55601001063106,333.6704088524064,86
2028.2,7,1081.9675343009897,4.8999999999999995,57.54238662518702,333.74913591636323,86
2028.3,7,1081.9675343009897,4.8999999999999995,57.54331560549443,333.74330634624687,86
2028.4,7,1081.9675343009897,4.8999999999999995,57.54292052144405,333.7474747445873,86
2028.5,7,1081.9675343009897,4.8999999999999995,57.54148039636695,333.75798338660684,86
2028.6,7,1081.9675343009897,4.8999999999999995,57.540796799282774,333.7595985739572,86
2028.7,7,1081.9675343009897,4.8999999999999995,57.52646667372453,333.84484887812897,86
2028.8,7,1082.8082568882166,4.8999999999999995,57.528717479559745,333.8300466391675,87
2028.9,7,1082.8082568882166,-100.0,57.52929958286089,333.82910107441546,87
2029.0,7,1082.8082568882166,4.8999999999999995,57.5191749804646,333.8913154735872,87
2029.1,7,1082.8082568882166,4.8999999999999995,57.525050829520055,333.8583909461903,87
2029.2,7,1082.8082568882166,4.8999999999999995,57.53710092449724,333.7922430178218,87
2029.3,7,1082.8082568882166,4.8999999999999995,57.53629304179059,333.7973727980383,87
2029.4,7,1082.8082568882166,4.8999999999999995,57.557807751970834,333.6853884861205,87
2029.5,7,1082.8082568882166,4.8999999999999995,57.44070161566525,334.343689726242,87
2029.6,7,1082.8082568882166,4.8999999999999995,57.407272636194485,334.5458646160482,87
2029.7,7,1082.8082568882166,4.199999999999999,57.39353099582473,334.6270582618025,87
2029.8,7,1082.8082568882166,4.199999999999999,57.393552150412205,334.63005025936394,87
2029.9,7,1082.8082568882166,4.199999999999999,57.38647553880684,334.67175429285226,87
2030.0,7,1082.734696185813,4.199999999999999,57.37983562512339,334.7114068177164,87
2030.1,7,1082.734696185813,4.8999999999999995,57.370401379615075,334.77086213959444,87
2030.2,7,1082.734696185813,4.8999999999999995,57.36910375559387,334.78402244321273,87
2030.3,7,1082.734696185813,4.8999999999999995,57.37908289646676,334.7270936428742,87
2030.4,7,1082.734696185813,4.8999999999999995,57.37258243785303,334.7678802929298,87
2030.5,7,1082.734696185813,4.8999999999999995,57.42287584964524,334.4702638712822,87
2030.6,7,1082.734696185813,4.8999999999999995,57.424552675471475,334.46517473508345,87
2030.7,7,1082.734696185813,4.8999999999999995,57.422265481655785,334.4822386308815,87
2030.8,7,1082.734696185813,4.8999999999999995,57.427481524410204,334.4558101563408,87
2030.9,7,1082.734696185813,4.8999999999999995,57.28686197443234,335.2545632074542,87
2031.0,7,1082.734696185813,4.8999999999999995,57.27879278820548,335.30618452250667,87
2031.1,7,1083.5726278955606,4.8999999999999995,57.27831108326062,335.3138494213873,88
2031.2,7,1083.5726278955606,-100.0,57.28468800260099,335.2814678142839,88
2031.3,7,1083.5726278955606,4.8999999999999995,57.28484511819583,335.28725353006564,88
2031.4,7,1083.5726278955606,4.8999999999999995,57.28727836982023,335.2789739443731,88
2031.5,7,1083.5726278955606,4.8999999999999995,57.28469117481927,335.3008906786222,88
2031.6,7,1083.5726278955606,4.8999999999999995,57.29224409007129,335.26520133558546,88
2031.7,7,1083.5726278955606,4.8999999999999995,57.30040353060856,335.2214940972308,88
2031.8,7,1083.5726278955606,4.8999999999999995,57.29652860052697,335.2517737388399,88
2031.9,7,1083.5726278955606,4.8999999999999995,57.34927657557984,334.95618535584947,88
2032.0,7,1083.5726278955606,4.8999999999999995,57.35410957182951,334.9350321430568,88
2032.1,7,1083.4969421392611,4.8999999999999995,57.36066477399182,334.9002437145053,88
2032.2,7,1083.4969421392611,5.6,57.36241942909831,334.8951768039178,88
2032.3,7,1083.4969421392611,5.6,57.35710940512682,334.93179780406786,88
2032.4,7,1083.4969421392611,5.6,57.187202494575956,335.8898953423807,88
2032.5,7,1083.4969421392611,5.6,57.188549998809,335.8839801153083,88
2032.6,7,1083.4969421392611,5.6,57.18875380055539,335.88775025060954,88
2032.7,7,1083.4969421392611,5.6,57.183669803334126,335.91888759166653,88
2032.8,7,1083.4969421392611,5.6,57.17782290049428,335.9564704581787,88
2032.9,7,1083.4969421392611,5.6,57.16333875051458,336.0484056724574,88
2033.0,7,1083.4969421392611,5.6,57.156450287190324,336.0900752049848,88
2033.1,7,1083.4969421392611,5.6,57.19642534704404,335.8434042110664,88
2033.2,7,1083.4969421392611,5.6,57.191599673503276,335.87411696795493,88
2033.3,7,1083.4969421392611,4.8999999999999995,57.1737006222813,335.984170860536,88
2033.4,7,1083.4969421392611,4.8999999999999995,57.02192772688819,336.9211552920716,88
2033.5,7,1083.4969421392611,4.8999999999999995,57.01393843078215,336.9738432805693,88
2033.6,7,1083.4969421392611,4.8999999999999995,57.00665557328426,337.0169849593781,88
2033.7,7,1083.4969421392611,4.8999999999999995,56.978799143511566,337.1892286218175,88
2033.8,7,1083.4969421392611,4.8999999999999995,56.964200114462415,337.2787942102275,88
2033.9,7,1083.4969421392611,4.8999999999999995,56.93944790794801,337.4317312725674,88
2034.0,7,1083.4969421392611,4.8999999999999995,56.920396271368816,337.55243095953966,88
2034.1,7,1083.4969421392611,4.8999999999999995,56.897792465529335,337.691831428653,88
2034.2,7,1083.4969421392611,4.8999999999999995,56.845412586858316,338.06822978362305,88
2034.3,7,1083.4969421392611,4.8999999999999995,56.82393990566095,338.2012191830743,88
2034.4,7,1083.4215807623239,4.8999999999999995,56.80562319356511,338.31865057344294,88
2034.5,7,1083.4215807623239,5.6,56.68515605242192,339.01254173082145,88
2034.6,7,1083.4215807623239,5.6,56.68021999844929,339.04422364034815,88
2034.7,7,1083.4215807623239,5.6,56.53599414316104,339.9629459695101,88
2034.8,7,1083.4215807623239,5.6,56.529981586690596,340.0057725535231,88
2034.9,7,1083.4215807623239,5.6,56.50628978059211,340.1571782170139,88
2035.0,7,1083.4215807623239,5.6,56.50080028101712,340.1986001255842,88
2035.1,7,1083.4215807623239,5.6,56.50164451660936,340.2013997029448,88
2035.2,7,1083.4215807623239,5.6,56.485984126695385,340.3013313553629,88
2035.3,7,1083.4215807623239,5.6,56.475715332298186,340.36953597474326,88
2035.4,7,1083.4215807623239,5.6,56.53271215965438,340.0036749887098,88
2035.5,7,1083.4215807623239,5.6,56.52264182808395,340.06916643880095,88
2035.6,7,1083.4215807623239,5.6,56.51345555358285,340.13266072825076,88
2035.7,7,1083.4215807623239,5.6,56.50124790250813,340.2059435837062,88
2035.8,7,1083.4215807623239,5.6,56.49781029553277,340.2314105691804,88
2035.9,7,1083.4215807623239,5.6,56.47065253195558,340.3993481644464,88
2036.0,7,1083.4215807623239,5.6,56.443900259757086,340.5689494324584,88
2036.1,7,1083.4215807623239,5.6,56.604170118017606,339.6843583610737,88
2036.2,7,1083.4215807623239,5.6,56.604142809350265,339.6880624883331,88
2036.3,7,1083.4215807623239,5.6,56.59442424666889,339.7486509828465,88
2036.4,7,1083.4215807623239,5.6,56.58343755720327,339.8231384070157,88
2036.5,7,1083.4215807623239,5.6,56.309419772739474,341.4971884391623,88
2036.6,7,1083.4215807623239,5.6,56.305530830659094,341.5284019956387,88
2036.7,7,1083.345750016923,5.6,56.30035316944803,341.5691656135456,88
2036.8,7,1083.345750016923,6.3,56.291610226661604,341.62737575314816,88
2036.9,7,1083.345750016923,6.3,56.26764704649212,341.7782132964343,88
2037.0,7,1084.1795082899243,6.3,56.2447414168377,341.91696971414257,89
2037.1,7,1084.1795082899243,-100.0,56.22258274035114,342.0530549500106,89
2037.2,7,1084.1795082899243,6.3,56.194164417026954,342.2314575277245,89
2037.3,7,1084.1795082899243,5.6,56.163765421286826,342.4161501343656,89
2037.4,7,1084.1795082899243,5.6,56.13644081172085,342.5908260433794,89
2037.5,7,1084.1795082899243,5.6,55.96324628230162,343.73212954863175,89
2037.6,7,1084.1795082899243,5.6,55.92890516576673,343.95164198867207,89
2037.7,7,1084.1795082899243,5.6,55.89753553109023,344.14547978631606,89
2037.8,7,1084.1795082899243,5.6,55.866772701996396,344.3389181661464,89
2037.9,7,1084.1795082899243,5.6,55.83283352518412,344.5534784907028,89
2038.0,7,1084.1795082899243,5.6,55.93305093866046,343.8515242726588,89
2038.1,7,1084.1795082899243,5.6,55.89810687879448,344.07095890501944,89
2038.2,7,1084.1795082899243,5.6,55.86233573322409,344.30213872174807,89
2038.3,7,1084.1795082899243,5.6,55.834812660024014,344.475656874106,89
2038.4,7,1084.1795082899243,5.6,55.79782275079519,344.71859571645365,89
2038.5,7,1084.1795082899243,5.6,55.91747436832206,344.07076991795407,89
2038.6,7,1084.1795082899243,5.6,55.87895233041468,344.31825025919136,89
2038.7,7,1084.1795082899243,5.6,55.84723154765672,344.5234660194523,89
2038.8,7,1084.1795082899243,4.8999999999999995,55.81133052537035,344.74475364824895,89
2038.9,7,1084.1795082899243,4.8999999999999995,55.77373881009601,344.9831228143508,89
2039.0,7,1084.1795082899243,4.8999999999999995,55.74377809974962,345.17206854555263,89
2039.1,7,1084.1045901753773,4.8999999999999995,55.70341438561336,345.43092220103244,89
2039.2,7,1084.1045901753773,5.6,55.6747998863094,345.61597725996563,89
2039.3,7,1084.1045901753773,5.6,55.64496525293991,345.8061693151063,89
2039.4,7,1084.1045901753773,5.6,55.6148446414653,346.00550536836596,89
2039.5,7,1084.1045901753773,5.6,55.24754500089786,348.2903659059407,89
2039.6,7,1084.1045901753773,5.6,55.2293062215693,348.4082926917853,89
2039.7,7,1084.1045901753773,5.6,55.235075221290266,348.39031956459803,89
2039.8,7,1084.1045901753773,5.6,55.213895820343325,348.5241089086194,89
2039.9,7,1084.1045901753773,5.6,55.19642793134278,348.63547244162913,89
2040.0,7,1084.1045901753773,5.6,55.17526030286774,348.7627666723391,89
2040.1,7,1084.1045901753773,5.6,55.15448734181636,348.8928193029217,89
2040.2,7,1084.1045901753773,5.6,55.12802584340467,349.05598742374974,89
2040.3,7,1084.1045901753773,5.6,54.95898697525257,350.2299902655776,89
2040.4,7,1084.1045901753773,5.6,54.94372476775341,350.3253464192188,89
2040.5,7,1084.1045901753773,5.6,54.93556110589317,350.3717421429758,89
2040.6,7,1084.1045901753773,5.6,54.91251583452773,350.5166826773663,89
2040.7,9,1084.1045901753773,4.8999999999999995,54.900966185957884,350.5863661326697,89
2040.8,8,1084.120239687875,5.6000000000000005,54.88849287520207,350.6697761516158,89
2040.9,9,1084.120239687875,4.8999999999999995,54.8843938315685,350.6889989470317,89
2041.0,9,1084.120239687875,5.6000000000000005,54.885066801578134,350.6798802061505,89
2041.1,9,1084.120239687875,5.6000000000000005,54.87614955351552,350.73529411862677,89
2041.2,7,1084.120239687875,4.800000000000001,54.9030012900573,350.52822803454137,89
2041.3,8,1084.169835260139,4.8999999999999995,54.89654638995783,350.569223104175,89
2041.4,8,1084.1436080372378,4.8999999999999995,54.879511544612036,350.6732068603162,89
2041.5,8,1084.1436080372378,4.8999999999999995,54.86461707732719,350.7619922973805,89
2041.6,8,1084.1436080372378,4.8999999999999995,54.849783122015154,350.8496426255315,89
2041.7,8,1084.1436080372378,4.8999999999999995,54.835380720014335,350.9348337456245,89
2041.8,8,1084.1436080372378,4.8999999999999995,54.81227328968926,351.07866511762325,89
2041.9,8,1084.1436080372378,4.8999999999999995,54.79852059923982,351.16219751960676,89
2042.0,8,1084.1436080372378,4.8999999999999995,54.843367033051834,350.7983570217185,89
2042.1,8,1084.1436080372378,4.8999999999999995,54.8321024015505,350.8719242020911,89
2042.2,9,1084.1436080372378,4.8999999999999995,54.82796232295762,350.892903918068,89
2042.3,9,1084.1436080372378,5.6000000000000005,54.81629720982298,350.9632382799925,89
2042.4,9,1084.9706437406703,5.6000000000000005,54.792566068396326,351.10511000112876,90
2042.5,9,1084.9706437406703,-100.0,54.776714946687434,351.20220965120495,90
2042.6,9,1084.9706437406703,5.6000000000000005,54.75352157811538,351.35282859317635,90
2042.7,9,1084.9706437406703,5.6000000000000005,54.745705351172845,351.39998888306155,90
2042.8,9,1084.9706437406703,5.6000000000000005,54.72704094545038,351.5220427099297,90
2042.9,9,1084.9706437406703,5.6000000000000005,54.71466954263656,351.59663633756645,90
2043.0,9,1084.9706437406703,5.6000000000000005,54.70228868856019,351.6768777465154,90
2043.1,9,1084.9706437406703,5.6000000000000005,54.69308487177955,351.7379536701935,90
2043.2,9,1084.9706437406703,5.6000000000000005,54.68572292341047,351.78562963258025,90
2043.3,9,1084.9706437406703,5.6000000000000005,54.668695888608,351.892253460241,90
2043.4,9,1084.9706437406703,5.6000000000000005,54.65911768745532,351.9563761310498,90
2043.5,9,1084.9706437406703,5.6000000000000005,54.642711095164614,352.0570352958358,90
2043.6,9,1084.9706437406703,6.4,54.626317344049724,352.1660374480591,90
2043.7,8,1084.8960771777577,5.6000000000000005,54.61009851163404,352.2723543808268,90
2043.8,8,1084.8960771777577,5.6,54.42365751413479,353.38551747669,90
2043.9,8,1084.8960771777577,5.6,54.42225023805271,353.39379253072707,90
2044.0,8,1084.8960771777577,5.6,54.26663177693898,354.4965155833097,90
2044.1,8,1084.8960771777577,5.6,54.25274675384843,354.5838557428432,90
2044.2,8,1084.8960771777577,5.6,54.240681582265836,354.65913644905106,90
2044.3,8,1084.8960771777577,5.6,54.24743203813247,354.6225297779778,90
2044.4,8,1084.8960771777577,5.6,54.2447284699134,354.64081451582905,90
2044.5,8,1084.8960771777577,5.6,54.25643112024555,354.5735548286027,90
2044.6,8,1084.8960771777577,5.6,54.25999880678771,354.5555557109133,90
2044.7,8,1084.8960771777577,5.6,54.267405067601416,354.50330542806296,90
2044.8,9,1084.8960771777577,5.6,54.26282458854283,354.54083438633234,90
2044.9,9,1084.8960771777577,6.4,54.27036003374843,354.4959307792765,90
2045.0,9,1084.8960771777577,6.4,54.27166816791048,354.4987606623183,90
2045.1,9,1084.8960771777577,6.4,54.13536229626973,355.31004915347694,90
2045.2,9,1084.8960771777577,6.4,54.147253152725305,355.2391642176849,90
2045.3,9,1084.8960771777577,6.4,54.15326917384286,355.205574158776,90
2045.4,9,1084.8960771777577,5.6000000000000005,54.15104911460807,355.2236435133236,90
2045.5,9,1084.8960771777577,5.6000000000000005,54.155917361155915,355.1960498313785,90
2045.6,9,1084.8960771777577,5.6000000000000005,54.1631194422998,355.14921167815976,90
2045.7,9,1084.8960771777577,5.6000000000000005,54.17075801550668,355.1001626701458,90
2045.8,9,1084.8960771777577,5.6000000000000005,54.18296924319861,355.02003875414164,90
2045.9,9,1084.8960771777577,5.6000000000000005,54.188809847007796,354.98847626772783,90
2046.0,9,1084.8960771777577,5.6000000000000005,54.1945379685225,354.9551225230035,90
2046.1,9,1084.8960771777577,5.6000000000000005,54.201882917164625,354.91311319835864,90
2046.2,9,1084.8960771777577,5.6000000000000005,54.20201255111694,354.91780378378144,90
2046.3,9,1084.8960771777577,5.6000000000000005,54.205429166642645,354.8976811362784,90
2046.4,9,1084.8960771777577,5.6000000000000005,54.20853799339403,354.875426280355,90
2046.5,9,1084.8960771777577,5.6000000000000005,54.220443629261126,354.8069544657766,90
2046.6,9,1084.8960771777577,5.6000000000000005,54.23133757400619,354.7422561748707,90
2046.7,8,1084.821828367745,5.6000000000000005,54.28676944287152,354.35468461339786,90
2046.8,8,1084.821828367745,6.3,54.28811430919833,354.35362960419553,90
2046.9,8,1084.821828367745,6.3,54.30542665291293,354.259053417699,90
2047.0,8,1084.821828367745,6.3,54.29727714415482,354.31953593356855,90
2047.1,8,1084.821828367745,6.3,54.28599544087926,354.40263063160063,90
2047.2,8,1084.821828367745,6.3,54.27707422402189,354.4689248309912,90
2047.3,8,1084.821828367745,6.3,54.27954571682087,354.46458079383524,90
2047.4,8,1084.821828367745,6.3,54.28221840838318,354.4628725782558,90
2047.5,8,1084.821828367745,6.3,54.28188591606434,354.4685006142372,90
2047.6,8,1084.821828367745,6.3,54.28852063376378,354.4335905568159,90
2047.7,8,1084.821828367745,6.3,54.30057873319061,354.36737111202126,90
2047.8,8,1084.821828367745,6.3,54.314312645016656,354.2808258724939,90
2047.9,8,1084.821828367745,6.3,54.31333083728474,354.29436618463615,90
2048.0,8,1084.821828367745,6.3,54.33750774055874,354.1409242713118,90
2048.1,8,1084.821828367745,6.3,54.34434277329184,354.1111074097206,90
2048.2,8,1084.821828367745,6.3,54.3651013578903,353.9782449620586,90
2048.3,8,1084.821828367745,6.3,54.381849689183966,353.871563691786,90
2048.4,8,1084.821828367745,6.3,54.39935402176636,353.7600942070558,90
2048.5,8,1084.821828367745,6.3,54.414442102042116,353.6627679647494,90
2048.6,8,1084.821828367745,6.3,54.43599966861116,353.53005781678144,90
2048.7,8,1084.821828367745,5.6,54.462900194469114,353.3575578752013,90
2048.8,8,1084.821828367745,5.6,54.48019241489742,353.2494495631404,90
2048.9,8,1084.821828367745,5.6,54.491677194966556,353.1904370069643,90
2049.0,8,1084.821828367745,5.6,54.516155323944716,353.0374541696466,90
2049.1,8,1084.821828367745,5.6,54.54327481236224,352.8681163377739,90
2049.2,8,1084.821828367745,5.6,54.56521868626215,352.7334759902954,90
2049.3,8,1084.821828367745,5.6,54.582135645831244,352.63111068042247,90
2049.4,8,1084.821828367745,5.6,54.62286148413661,352.3899323095355,90
2049.5,8,1084.821828367745,5.6,54.63991481301514,352.28462679295063,90
2049.6,8,1084.821828367745,5.6,54.659580514612635,352.1730590357592,90
2049.7,8,1084.821828367745,5.6,54.6759489075167,352.0721678386203,90
2049.8,9,1084.821828367745,5.6,54.691462788280774,351.97650964576417,90
2049.9,9,1084.821828367745,5.6000000000000005,54.722099345686146,351.7844840606887,90
2050.0,9,1084.821828367745,5.6000000000000005,54.76504200185012,351.50668688705673,90
2050.1,9,1084.821828367745,5.6000000000000005,54.79957299268244,351.286708668654,90
2050.2,9,1084.821828367745,5.6000000000000005,54.82182650165649,351.14725458215264,90
2050.3,9,1084.821828367745,5.6000000000000005,54.85469065650723,350.94252766436716,90
2050.4,9,1084.821828367745,5.6000000000000005,54.880091293165044,350.7854565472523,90
2050.5,9,1084.821828367745,5.6000000000000005,54.90437065544808,350.6332541753603,90
2050.6,9,1084.821828367745,5.6000000000000005,54.87693682296476,350.8613552507883,90
2050.7,9,1084.821828367745,5.6000000000000005,54.901536319687175,350.70467056709464,90
2050.8,9,1084.821828367745,5.6000000000000005,54.9359435361666,350.4861263024143,90
2050.9,9,1084.821828367745,5.6000000000000005,54.9576189770013,350.3452005306449,90
2051.0,9,1084.821828367745,5.6000000000000005,54.98069509768227,350.19507199010263,90
2051.1,9,1084.821828367745,5.6000000000000005,55.00410075922787,350.0508721041811,90
2051.2,9,1084.821828367745,5.6000000000000005,55.030176957708385,349.8814967719559,90
2051.3,9,1084.821828367745,5.6000000000000005,55.06263111620683,349.67663323006457,90
2051.4,9,1084.821828367745,5.6000000000000005,55.083498281685394,349.5423688520975,90
2051.5,9,1084.821828367745,5.6000000000000005,55.11720133667916,349.32711225629754,90
2051.6,9,1084.821828367745,5.6000000000000005,55.011353758639714,350.0980642135785,90
2051.7,9,1084.821828367745,5.6000000000000005,55.04605877165558,349.88309694095153,90
2051.8,8,1084.821828367745,4.800000000000001,55.07485206025207,349.6942640203349,90
2051.9,8,1084.821828367745,4.8999999999999995,55.09801894197709,349.5507776314173,90
2052.0,8,1084.821828367745,4.8999999999999995,55.13280086560489,349.3322049252147,90
2052.1,8,1084.821828367745,4.8999999999999995,55.15436909400648,349.2000891692811,90
2052.2,8,1084.821828367745,4.8999999999999995,55.1946560423336,348.94209717487655,90
2052.3,8,1084.821828367745,4.8999999999999995,55.21854189559464,348.79385519187525,90
2052.4,8,1084.821828367745,4.8999999999999995,55.240768302096086,348.65584191843254,90
2052.5,9,1084.821828367745,4.199999999999999,55.36127299854397,347.9659409738464,90
2052.6,9,1084.821828367745,4.800000000000001,55.37259244482814,347.88666472579564,90
2052.7,9,1084.821828367745,5.6000000000000005,55.381955062567215,347.834777354493,90
2052.8,9,1084.821828367745,5.6000000000000005,55.43538305445111,347.47925987982956,90
2052.9,9,1084.821828367745,5.6000000000000005,55.455008804958126,347.3620907030979,90
2053.0,9,1084.821828367745,5.6000000000000005,55.47274024023638,347.25160763891853,90
2053.1,9,1084.821828367745,4.800000000000001,55.50055035886519,347.07915031100276,90
2053.2,9,1084.821828367745,4.800000000000001,55.52169126703791,346.994801576305,90
2053.3,9,1084.821828367745,4.800000000000001,55.526097777133174,346.9624917284198,90
2053.4,9,1084.821828367745,4.800000000000001,55.54855060974001,346.82479748572257,90
2053.5,9,1084.821828367745,4.800000000000001,55.569250584856434,346.6791174491322,90
2053.6,9,1084.821828367745,4.800000000000001,55.572742335450585,346.6564200275334,90
2053.7,9,1084.821828367745,4.800000000000001,55.598599197563075,346.48006457384724,90
2053.8,9,1084.821828367745,4.800000000000001,55.61356799291916,346.38517765630763,90
2053.9,9,1084.821828367745,4.800000000000001,55.63195265555848,346.2575684329588,90
2054.0,9,1084.821828367745,4.800000000000001,55.65064950958616,346.1453520297697,90
2054.1,9,1084.821828367745,4.800000000000001,55.67879945525448,345.9610641902242,90
2054.2,9,1084.821828367745,4.800000000000001,55.7023057162615,345.8149162539762,90
2054.3,9,1084.821828367745,4.800000000000001,55.73998445186192,345.58445479970266,90
2054.4,9,1084.821828367745,5.6000000000000005,55.767710540888075,345.4068189008815,90
2054.5,9,1084.821828367745,5.6000000000000005,55.787484046370594,345.2820413825487,90
2054.6,9,1084.821828367745,5.6000000000000005,55.82240875905443,345.06706413409086,90
2054.7,9,1084.821828367745,5.6000000000000005,55.8935817027628,344.612869537563,90
2054.8,9,1084.821828367745,6.4,55.92357321881211,344.42885770511555,90
2054.9,9,1084.821828367745,6.4,55.9492035257487,344.2720421790555,90
2055.0,9,1084.821828367745,6.4,55.982199733766066,344.06718530355135,90
2055.1,9,1084.821828367745,5.6000000000000005,56.010720076059826,343.89104337582165,90
2055.2,9,1084.821828367745,5.6000000000000005,56.035503183953665,343.74017808128053,90
2055.3,9,1084.821828367745,5.6000000000000005,56.089715680699314,343.3957398431405,90
2055.4,9,1084.821828367745,5.6000000000000005,56.17695274658723,342.75649133183515,90
2055.5,9,1084.821828367745,5.6000000000000005,56.21468669835619,342.5259296639789,90
2055.6,9,1084.821828367745,5.6000000000000005,56.24334793735258,342.3521258763157,90
2055.7,9,1084.821828367745,5.6000000000000005,56.270069800437625,342.1873487374246,90
2055.8,9,1084.821828367745,5.6000000000000005,56.30311107645583,341.99144655731175,90
2055.9,9,1084.821828367745,5.6000000000000005,56.33822500134852,341.7799641897726,90
2056.0,9,1084.821828367745,5.6000000000000005,56.38407827771599,341.5068221743012,90
2056.1,9,1084.821828367745,5.6000000000000005,56.4180511104378,341.3034198461845,90
2056.2,9,1084.821828367745,5.6000000000000005,56.45010234405778,341.10699066288885,90
2056.3,9,1084.821828367745,5.6000000000000005,56.4755242970757,340.9580398211309,90
2056.4,9,1084.821828367745,5.6000000000000005,56.51089771765551,340.7456504971916,90
2056.5,9,1084.821828367745,4.800000000000001,56.54681817144722,340.52850664486584,90
2056.6,9,1084.821828367745,4.800000000000001,56.586016605358864,340.29202425482185,90
2056.7,9,1084.821828367745,4.800000000000001,56.626739666754304,340.0447762806057,90
2056.8,9,1084.821828367745,4.800000000000001,56.64047451892307,339.9617912527459,90
2056.9,9,1084.821828367745,5.6000000000000005,56.50361214271874,340.884463461379,90
2057.0,9,1084.821828367745,5.6000000000000005,56.52318963968838,340.7575124145294,90
2057.1,9,1084.821828367745,5.6000000000000005,56.55242902494464,340.57164812455574,90
2057.2,9,1084.821828367745,5.6000000000000005,56.569933895769815,340.45625516392283,90
2057.3,9,1084.821828367745,5.6000000000000005,56.5876759001127,340.34683828277883,90
2057.4,9,1084.821828367745,5.6000000000000005,56.613386115182045,340.1831861992723,90
2057.5,9,1084.821828367745,5.6000000000000005,56.633520676078305,340.04901580313174,90
2057.6,9,1084.821828367745,4.800000000000001,56.65553088421035,339.9042287776914,90
2057.7,9,1084.821828367745,4.800000000000001,56.662798650141326,339.8480191095854,90
2057.8,9,1084.821828367745,4.800000000000001,56.71904690898821,339.4740881148646,90
2057.9,9,1084.821828367745,4.800000000000001,56.72440005143249,339.1285270629785,90
2058.0,9,1084.821828367745,4.800000000000001,56.733746411333144,339.0626175437129,90
2058.1,9,1084.821828367745,4.800000000000001,56.75524695288266,338.929067148234,90
2058.2,9,1084.821828367745,4.800000000000001,56.763843468482946,338.8744565444862,90
2058.3,9,1084.821828367745,4.800000000000001,56.762711648821636,338.71900856598745,90
2058.4,9,1084.821828367745,4.800000000000001,56.778655471644626,338.6175421903051,90
2058.5,9,1084.821828367745,4.800000000000001,56.80198053017294,338.4706724934097,90
2058.6,11,1084.821828367745,4.0,56.80682724029619,338.43810267164156,90
2058.7,11,1084.821828367745,5.4,56.83979177998843,338.22792593561076,90
2058.8,11,1084.821828367745,5.4,56.85250728406224,338.15067868304914,90
2058.9,11,1084.821828367745,5.4,56.872692232527804,338.0208900334774,90
2059.0,11,1084.821828367745,5.4,56.88655280116053,337.93826957371584,90
2059.1,11,1084.821828367745,5.4,56.924012166533984,337.70911028480396,90
2059.2,11,1084.821828367745,5.4,56.96352026275915,337.29180500169855,90
2059.3,11,1084.821828367745,5.4,56.99453151184841,337.1007122962707,90
2059.4,11,1084.821828367745,5.4,57.009169149060654,337.0131092852141,90
2059.5,11,1084.821828367745,5.4,57.03935184773266,336.8285818338078,90
2059.6,11,1084.821828367745,5.4,57.058735780457994,336.70835697348105,90
2059.7,11,1084.821828367745,5.4,57.079004810447074,336.58629277334035,90
2059.8,11,1084.821828367745,5.4,57.09617604859866,336.4834263335498,90
2059.9,11,1084.821828367745,5.4,57.115208004234525,336.36553740536976,90
2060.0,11,1084.821828367745,5.4,57.143319013331876,336.19796691366673,90
2060.1,11,1084.821828367745,5.4,57.16273673848888,336.0822958743657,90
2060.2,11,1084.821828367745,5.4,57.19275774921517,335.90299050086617,90
2060.3,11,1084.821828367745,5.4,57.22061561811469,335.73412266047313,90
2060.4,11,1084.821828367745,5.4,57.274394697420995,335.41057432139894,90
2060.5,11,1084.821828367745,5.4,57.35969563581743,334.9274923824072,90
2060.6,11,1084.821828367745,5.4,57.37734173087076,334.8218510991452,90
2060.7,11,1084.821828367745,5.4,57.398676436349206,334.69404883751065,90
2060.8,11,1084.821828367745,5.4,57.41129090379671,334.61906183162165,90
2060.9,11,1084.821828367745,5.4,57.45042479757686,334.38666733182896,90
2061.0,11,1084.821828367745,5.4,57.45932859110973,334.33725440384956,90
2061.1,11,1084.821828367745,5.4,57.49239232922872,334.14023569983385,90
2061.2,11,1084.821828367745,5.4,57.49590833596162,334.1222999416059,90
2061.3,11,1084.821828367745,5.4,57.519634152976096,333.9813357662573,90
2061.4,11,1084.821828367745,5.4,57.53275376968658,333.9077845498587,90
2061.5,11,1084.821828367745,4.5,57.5636413410796,333.72523143721776,90
2061.6,11,1084.821828367745,5.4,57.57407407262579,333.6641941882695,90
2061.7,11,1084.821828367745,5.4,57.60326282643472,333.49132293904387,90
2061.8,11,1084.821828367745,5.4,57.61767664263222,333.4072746637155,90
2061.9,11,1084.821828367745,5.4,57.63137307796432,333.32907451864423,90
2062.0,11,1084.821828367745,5.4,57.643936432219,333.25534810336546,90
2062.1,11,1084.821828367745,5.4,57.676012222198054,333.0652916650639,90
2062.2,11,1084.821828367745,5.4,57.692611229080214,332.97094227602463,90
2062.3,11,1084.821828367745,5.4,57.70958734611858,332.87236465000535,90
2062.4,11,1084.821828367745,5.4,57.7298611466916,332.75359431878485,90
2062.5,11,1084.821828367745,5.4,57.74984520826809,332.6347231660848,90
2062.6,11,1084.821828367745,6.3,57.765863025631965,332.542699240014,90
2062.7,11,1084.821828367745,6.3,57.78735110441573,332.4204346789527,90
2062.8,11,1084.821828367745,5.4,57.81201194141532,332.2764944085467,90
2062.9,11,1084.821828367745,5.4,57.81795559964948,332.24388958857924,90
2063.0,11,1084.821828367745,5.4,57.905789458641955,331.7615988545092,90
2063.1,11,1084.821828367745,5.4,57.92346780671292,331.66217855613326,90
2063.2,11,1084.821828367745,5.4,57.941002827469575,331.56139860883576,90
2063.3,11,1084.821828367745,5.4,57.964001798469624,331.4305886477124,90
2063.4,11,1084.821828367745,5.4,57.98734949020481,331.2990078279763,90
2063.5,11,1084.821828367745,5.4,58.012373652598306,331.15240124652246,90
2063.6,11,1084.821828367745,5.4,58.02410109679328,331.0847533696484,90
2063.7,11,1084.821828367745,5.4,58.03136283004718,331.0422050527156,90
2063.8,11,1084.821828367745,5.4,58.054792585669915,330.90473065328734,90
2063.9,11,1084.821828367745,5.4,58.069722082171914,330.8210098008652,90
2064.0,11,1084.821828367745,5.4,58.12780206657589,330.45181388489993,90
2064.1,11,1084.821828367745,5.4,58.142680571997765,330.36645472530165,90
2064.2,11,1084.821828367745,5.4,58.15105009441015,330.31882214330284,90
2064.3,11,1084.821828367745,6.3,58.16785738671676,330.22185291732217,90
2064.4,11,1084.821828367745,6.3,58.18027812168167,330.1517194728465,90
2064.5,11,1084.821828367745,6.3,58.195519302081664,330.06332370027167,90
2064.6,11,1084.821828367745,6.3,58.18906209685473,330.1034478842263,90
2064.7,11,1084.821828367745,6.3,58.15009590533367,330.33643979192993,90
2064.8,11,1084.821828367745,6.3,58.16014410026547,330.2805755982602,90
2064.9,11,1084.821828367745,5.4,58.17591460156024,330.19133009192785,90
2065.0,11,1084.821828367745,5.4,58.1880374795893,330.1229193820699,90
2065.1,11,1084.821828367745,5.4,58.21209442367916,329.9845991115015,90
2065.2,11,1084.821828367745,5.4,58.29385706614724,329.5425309411627,90
2065.3,11,1084.821828367745,5.4,58.302400519622424,329.49500441168414,90
2065.4,11,1084.821828367745,5.4,58.30756125202595,329.4687305468046,90
2065.5,11,1084.821828367745,5.4,58.28362273725189,329.60178780945944,90
2065.6,11,1084.821828367745,5.4,58.280631964848865,329.622188835479,90
2065.7,11,1084.821828367745,5.4,58.27629371589352,329.64662767574043,90
2065.8,11,1084.821828367745,5.4,58.27111296782641,329.6773875973033,90
2065.9,11,1084.821828367745,5.4,58.30905444773249,329.4370909246339,90
2066.0,11,1084.821828367745,5.4,58.321046917933714,329.36803587306383,90
2066.1,11,1084.821828367745,5.4,58.3296170964214,329.31906604121434,90
2066.2,11,1084.821828367745,5.4,58.33002731131159,329.3202372486487,90
2066.3,11,1084.821828367745,5.4,58.340576411105516,329.2576448781747,90
2066.4,11,1084.821828367745,5.4,58.34179241133445,329.24817980351406,90
2066.5,11,1084.821828367745,5.4,58.333447346663235,329.29706267081815,90
2066.6,11,1084.821828367745,5.4,58.32377286011349,329.3524695142171,90
2066.7,11,1084.821828367745,5.4,58.34442157015243,329.23064909942525,90
2066.8,11,1084.821828367745,5.4,58.33774174217332,329.2098216848083,90
2066.9,11,1084.821828367745,5.4,58.325822238133995,329.27683758283837,90
2067.0,11,1084.821828367745,5.4,58.32534685812062,329.27868988529815,90
2067.1,11,1084.821828367745,5.4,58.31382075538929,329.34509425113936,90
2067.2,11,1084.821828367745,5.4,58.307856714693756,329.3765383843129,90
2067.3,11,1084.821828367745,5.4,58.30508525373892,329.3927324560788,90
2067.4,11,1084.821828367745,4.5,58.28840358423233,329.48890022198054,90
2067.5,11,1084.821828367745,4.5,58.29196260712207,329.4667028439784,90
2067.6,11,1084.821828367745,4.5,58.2934447078749,329.45799333320645,90
2067.7,11,1084.821828367745,4.5,58.28435595648132,329.509720274082,90
2067.8,11,1084.821828367745,4.5,58.28704774281455,329.4944035239604,90
2067.9,11,1084.821828367745,4.5,58.27477229557218,329.5615777570388,90
2068.0,10,1084.821828367745,4.5,58.27743928090729,329.5471391610089,90
2068.1,10,1084.821828367745,4.0,58.28056822006076,329.53054041473206,90
2068.2,10,1084.821828367745,4.0,58.28024659910839,329.5325042285176,90
2068.3,11,1084.821828367745,4.0,58.28756230625063,329.49140096389,90
2068.4,10,1084.821828367745,3.6,58.24162675966778,329.76047732782445,90
2068.5,10,1084.821828367745,4.800000000000001,58.23633570432921,329.7945369537073,90
2068.6,10,1084.821828367745,4.800000000000001,58.24412689979358,329.75218231797805,90
2068.7,10,1084.821828367745,4.800000000000001,58.25747160439431,329.6746016413514,90
2068.8,10,1084.821828367745,4.800000000000001,58.258755375619444,329.6684315231014,90
2068.9,10,1084.821828367745,4.800000000000001,58.27689269906461,329.5651254139491,90
2069.0,10,1084.821828367745,4.800000000000001,58.283921058513414,329.5258199058255,90
2069.1,11,1084.821828367745,4.0,58.28561716020514,329.5171916811058,90
2069.2,11,1084.821828367745,4.5,58.244694154334326,329.7630308817727,90
2069.3,11,1084.821828367745,4.5,58.25819957822081,329.6855465651736,90
2069.4,11,1084.821828367745,4.5,58.26288048207967,329.66146594137376,90
2069.5,11,1084.821828367745,4.5,58.27386210134996,329.60194370403076,90
2069.6,11,1084.821828367745,4.5,58.275547064392285,329.59342833235974,90
2069.7,11,1084.821828367745,4.5,58.2861041780622,329.53419732305923,90
2069.8,11,1084.821828367745,4.5,58.297390686088704,329.46934851713354,90
2069.9,11,1084.821828367745,4.5,58.316304455985076,329.3592986814549,90
2070.0,11,1084.821828367745,4.5,58.32708078096354,329.29631186135595,90
2070.1,11,1084.821828367745,4.5,58.33110957611639,329.27516960300113,90
2070.2,11,1084.821828367745,4.5,58.33762049176673,329.2419336756051,90
2070.3,11,1084.821828367745,4.5,58.34769157962029,329.18571256725556,90
2070.4,11,1084.821828367745,4.5,58.35911592030547,329.1215871450563,90
2070.5,11,1084.821828367745,4.5,58.354646556514425,329.1435042343334,90
2070.6,11,1084.821828367745,4.5,58.36713389509744,329.07645906372795,90
2070.7,11,1084.821828367745,4.5,58.382914895875174,328.98781548317766,90
2070.8,11,1084.821828367745,4.5,58.378256612250425,329.01809566239785,90
2070.9,11,1084.821828367745,4.5,58.40169643489148,328.8820212400416,90
2071.0,10,1084.821828367745,3.6,58.40731811630441,328.8511513673655,90
2071.1,10,1084.821828367745,4.0,58.41510137626105,328.80771503274354,90
2071.2,10,1084.821828367745,4.0,58.42866359887471,328.7316501271481,90
2071.3,10,1084.821828367745,4.0,58.41408560548243,328.82389606266,90
2071.4,10,1084.821828367745,4.0,58.428222334069446,328.7453267218932,90
2071.5,10,1084.821828367745,4.0,58.44954531610777,328.6235280980676,90
2071.6,10,1084.821828367745,4.0,58.46158878341977,328.5593728598851,90
2071.7,10,1084.821828367745,4.0,58.47294754253896,328.4946228070288,90
2071.8,11,1084.821828367745,4.0,58.48677005562097,328.4190956825212,90
2071.9,10,1084.821828367745,3.6,58.490722078020994,328.3958355123451,90
2072.0,10,1084.821828367745,4.0,58.494257711894434,328.3785003593024,90
2072.1,10,1084.821828367745,4.0,58.49680556349885,328.3657772856848,90
2072.2,10,1084.821828367745,4.0,58.515846497774945,328.2570534972417,90
2072.3,10,1084.821828367745,4.0,58.52467460171124,328.21015737338985,90
2072.4,10,1084.821828367745,4.0,58.5512439290613,328.0634856280653,90
2072.5,10,1084.821828367745,4.0,58.57570357712886,327.9234766538973,90
2072.6,10,1084.821828367745,4.0,58.58694327515266,327.8597596179312,90
2072.7,10,1084.821828367745,4.0,58.594399183220354,327.81912405849096,90
2072.8,10,1084.821828367745,4.0,58.60347877486299,327.7687244318515,90
2072.9,10,1084.821828367745,4.0,58.61037131288195,327.73294008925797,90
2073.0,10,1084.821828367745,4.0,58.6133564764789,327.714076441359,90
2073.1,10,1084.821828367745,4.0,58.61778325904338,327.68938335922803,90
2073.2,7,1085.0183891218273,3.2,58.62636109294223,327.64012322344695,90
2073.3,8,1085.3977694553491,3.5,58.63828051106363,327.57483669094523,90
2073.4,8,1085.408075611743,3.5,58.64174530839135,327.553951968553,90
2073.5,8,1085.408075611743,3.5,58.641813956536296,327.5548192228009,90
2073.6,8,1085.408075611743,3.5,58.61174917852281,327.73442325037837,90
2073.7,8,1085.408075611743,3.5,58.619606415361375,327.69090967293425,90
2073.8,8,1085.408075611743,3.5,58.63343370939809,327.61420661363314,90
2073.9,8,1085.408075611743,3.5,58.63184630729618,327.6226249406029,90
2074.0,8,1085.408075611743,3.5,58.63156608455782,327.6231630638714,90
2074.1,8,1085.408075611743,3.5,58.646959780694445,327.53953878802884,90
2074.2,10,1085.408075611743,2.8,58.653028247045924,327.50646031704366,90
2074.3,10,1085.408075611743,4.0,58.650320945700244,327.52363553323477,90
2074.4,10,1085.408075611743,4.0,58.64566683145422,327.55276815352835,90
2074.5,10,1085.408075611743,4.0,58.649264232918554,327.53389999491367,90
2074.6,10,1085.408075611743,4.0,58.64751833476097,327.5463174438613,90
2074.7,8,1085.3381593684937,3.2,58.653369217812454,327.51284151343077,90
2074.8,8,1085.3381593684937,3.5,58.6497910198403,327.5316868945851,90
2074.9,8,1085.3381593684937,3.5,58.63960832139326,327.58841384030995,90
2075.0,8,1085.3381593684937,3.5,58.64283183597482,327.5720329580971,90
2075.1,8,1085.3381593684937,3.5,58.63700596329889,327.6038419793497,90
2075.2,8,1085.3381593684937,3.5,58.647994151232055,327.54438185427625,90
2075.3,8,1085.3381593684937,3.5,58.63464449251168,327.61252350526956,90
2075.4,8,1085.3381593684937,3.5,58.5978229734552,327.8283971036175,90
2075.5,8,1085.3381593684937,3.5,58.59493700321979,327.84844072121814,90
2075.6,8,1085.3381593684937,3.5,58.59471545509399,327.8501063151548,90
2075.7,12,1085.3381593684937,3.5,58.58435533774637,327.9120732364669,90
2075.8,8,1085.3381593684937,3.6,58.57852935220645,327.94574998372445,90
2075.9,8,1085.3381593684937,3.5,58.57182631526802,327.98680941091,90
2076.0,8,1085.3381593684937,3.5,58.565826479697066,328.0162424632014,90
2076.1,8,1085.3381593684937,3.5,58.54768572554248,328.1219925612186,90
2076.2,8,1085.3381593684937,3.5,58.53578113199674,328.18885050876213,90
2076.3,8,1085.3381593684937,3.5,58.49190573130549,328.4271304108218,90
2076.4,8,1085.3381593684937,3.5,58.44708544225378,328.68661583124987,90
2076.5,8,1085.3381593684937,3.5,58.430362453610286,328.78283333590855,90
2076.6,8,1085.3381593684937,3.5,58.405120651732425,328.9284835119938,90
2076.7,8,1085.3381593684937,3.5,58.402445032834535,328.94490388762114,90
2076.8,8,1085.3381593684937,3.5,58.38317625881937,329.05724151007763,90
2076.9,12,1085.3381593684937,2.8,58.36506131412231,329.1612216362305,90
2077.0,12,1085.3381593684937,3.6,58.35325235164623,329.22936165783074,90
2077.1,10,1085.3381593684937,3.6,58.344125253549024,329.2843967635556,90
2077.2,10,1085.3381593684937,3.2,58.33583478392943,329.3344913818395,90
2077.3,8,1085.263886021944,3.2,58.32529596389332,329.3952515587824,90
2077.4,12,1085.263886021944,3.5,58.32450030367935,329.40105054175933,90
2077.5,12,1085.263886021944,4.5,58.31640795729608,329.45077803122524,90
2077.6,12,1085.263886021944,4.5,58.33135170045044,329.362727181486,90
2077.7,12,1085.263886021944,4.5,58.321310895119495,329.4234668423839,90
2077.8,12,1085.263886021944,4.5,58.31882261789258,329.4384332764211,90
2077.9,12,1085.263886021944,4.5,58.323583114647164,329.4113634519478,90
2078.0,12,1085.263886021944,4.5,58.32031681469083,329.4323276154421,90
2078.1,12,1085.263886021944,4.5,58.317846463019606,329.445411878841,90
2078.2,12,1085.263886021944,4.5,58.37289520030809,329.1452050246009,90
2078.3,12,1085.263886021944,4.5,58.36795926919647,329.1781735201008,90
2078.4,12,1085.263886021944,4.5,58.28457232914381,329.67834122684394,90
2078.5,8,1085.263886021944,3.6,58.29176790521703,329.6414091739844,90
2078.6,8,1085.263886021944,3.5,58.28990016215656,329.6608771616604,90
2078.7,8,1085.263886021944,3.5,58.30374822054907,329.58531908915126,90
2078.8,8,1085.263886021944,3.5,58.31428511247327,329.53165495179155,90
2078.9,8,1085.263886021944,3.5,58.32829597122331,329.45360852399705,90
2079.0,8,1085.263886021944,3.5,58.34122771194936,329.38771384821655,90
2079.1,8,1085.263886021944,3.5,58.363268933936624,329.26484618526797,90
2079.2,8,1085.263886021944,3.5,58.377443612452964,329.18710474465956,90
2079.3,8,1085.263886021944,3.5,58.39355898679218,329.0992816320673,90
2079.4,8,1085.263886021944,3.5,58.40002751039748,329.06251037171313,90
2079.5,8,1085.263886021944,3.5,58.42330197689718,328.9336807122704,90
2079.6,8,1085.263886021944,3.5,58.42599494448075,328.91676250639824,90
2079.7,8,1085.263886021944,3.5,58.42894504862862,328.89707263598007,90
2079.8,8,1085.263886021944,3.5,58.324118038844674,329.5249496745723,90
2079.9,8,1085.263886021944,3.5,58.335869431354894,329.458211897089,90
2080.0,12,1085.263886021944,3.5,58.333435563330866,329.47362302641307,90
2080.1,12,1085.263886021944,4.5,58.354103185212054,329.35798045384513,90
2080.2,12,1085.263886021944,4.5,58.35877423086518,329.33264343165484,90
2080.3,12,1085.263886021944,4.5,58.37442937346064,329.23941755973885,90
2080.4,12,1085.263886021944,4.5,58.38864888231119,329.15576009176516,90
2080.5,12,1085.263886021944,4.5,58.40790639955453,329.04550956865705,90
2080.6,12,1085.263886021944,4.5,58.324503021465034,329.48436165494076,90
2080.7,12,1085.263886021944,4.5,58.323551995524525,329.48405314132407,90
2080.8,12,1085.263886021944,4.5,58.33075153499783,329.44181155332444,90
2080.9,12,1085.263886021944,4.5,58.34075735673214,329.3883611017434,90
2081.0,12,1085.263886021944,4.5,58.35750903823886,329.29291127554256,90
2081.1,12,1085.263886021944,4.5,58.36964025274972,329.22487316409456,90
2081.2,12,1085.263886021944,4.5,58.38099200265679,329.1602407502686,90
2081.3,12,1085.263886021944,4.5,58.39177936668867,329.09661381684646,90
2081.4,12,1085.263886021944,4.5,58.410166197493425,328.99382637867893,90
2081.5,12,1085.263886021944,4.5,58.43126608460424,328.87502452658134,90
2081.6,12,1085.263886021944,4.5,58.44562178774716,328.7967061904771,90
2081.7,12,1085.263886021944,4.5,58.47229462858669,328.64590845302916,90
2081.8,12,1085.263886021944,4.5,58.490105024718076,328.5483839167275,90
2081.9,12,1085.263886021944,4.5,58.50471199531404,328.46692428034436,90
2082.0,12,1085.263886021944,4.5,58.51725074591844,328.3938851074023,90
2082.1,12,1085.263886021944,4.5,58.54507696921639,328.23839099959724,90
2082.2,12,1085.263886021944,4.5,58.562564800059455,328.1411330744552,90
2082.3,12,1085.263886021944,4.5,58.501203126609475,328.44040000992965,90
2082.4,12,1085.263886021944,4.5,58.52188634242651,328.3246143313672,90
2082.5,12,1085.263886021944,4.5,58.37399417912766,329.21275775560514,90
2082.6,12,1085.263886021944,4.5,58.34369106175341,329.3970945698294,90
2082.7,12,1085.263886021944,4.5,58.36357139677423,329.2869637116006,90
2082.8,12,1085.263886021944,4.5,58.38329496890638,329.17654717562135,90
2082.9,12,1085.263886021944,4.5,58.39826973970104,329.092359621942,90
2083.0,8,1085.19236724375,3.6,58.42134368347962,328.9591292127216,90
2083.1,8,1085.19236724375,3.5,58.458271854271416,328.74926945440274,90
2083.2,8,1085.19236724375,3.5,58.48195074131796,328.61251105158203,90
2083.3,8,1085.19236724375,3.5,58.40510170859338,329.0158097192212,90
2083.4,9,1085.602036504892,3.5,58.436475008512716,328.83540915809226,90
2083.5,8,1085.602036504892,2.4000000000000004,58.466306641078916,328.6682667226622,90
2083.6,8,1085.602036504892,3.5,58.32745203354484,329.50546786768285,90
2083.7,8,1085.602036504892,3.5,58.346253952640865,329.4060252114408,90
2083.8,8,1085.602036504892,3.5,58.36379179114321,329.30746697548284,90
2083.9,8,1085.602036504892,3.5,58.3788752858119,329.2256770255931,90
2084.0,8,1085.602036504892,3.5,58.39728010618518,329.12335311872766,90
2084.1,9,1085.602036504892,3.5,58.41484070141327,329.0272051724811,90
2084.2,9,1085.602036504892,3.2,58.434155322955434,328.91942810086914,90
2084.3,9,1085.602036504892,3.2,58.45838472283855,328.78424323061574,90
2084.4,9,1085.602036504892,3.2,58.47257948315264,328.70877329407153,90
2084.5,9,1086.417486125618,3.2,58.48888203105126,328.6171077375687,91
2084.6,9,1086.417486125618,-100.0,58.508281918885025,328.5055192266891,91
2084.7,9,1086.417486125618,3.2,58.474205415719176,328.6796719454969,91
2084.8,9,1086.417486125618,3.2,58.50028033128321,328.5348711956684,91
2084.9,9,1086.417486125618,3.2,58.42199986539801,329.0131750167086,91
2085.0,9,1086.417486125618,3.2,58.45598944130742,328.8210154500284,91
2085.1,9,1086.417486125618,3.2,58.47866528485129,328.6925255026818,91
2085.2,9,1086.417486125618,3.2,58.42675471569145,329.0147405261334,91
2085.3,9,1086.417486125618,3.2,58.44600937337307,328.9101121504281,91
2085.4,9,1086.417486125618,3.2,58.4668650816298,328.79664902011973,91
2085.5,9,1086.417486125618,3.2,58.48397287194629,328.70080730834337,91
2085.6,9,1086.417486125618,3.2,58.51859486521285,328.36623538371975,91
2085.7,9,1086.417486125618,3.2,58.536056329701246,328.2704719749871,91
2085.8,9,1086.417486125618,3.2,58.546291766065984,328.2149542910265,91
2085.9,9,1086.417486125618,3.2,58.562401919018484,328.1287772212338,91
2086.0,9,1086.417486125618,3.2,58.590059681714365,327.98126530465163,91
2086.1,9,1086.417486125618,3.2,58.602881260177256,327.91438502626204,91
2086.2,9,1086.417486125618,3.2,58.533848945462424,328.2775249393146,91
2086.3,8,1086.349162467741,2.4000000000000004,58.543988830255266,328.22746206905276,91
2086.4,8,1086.349162467741,3.5,58.57489496598588,328.0565413395922,91
2086.5,8,1086.349162467741,3.5,58.58695425709011,327.99142308224737,91
2086.6,8,1086.349162467741,3.5,58.61799219119732,327.82026397451136,91
2086.7,8,1086.349162467741,3.5,58.4874946282726,328.6045284055634,91
2086.8,8,1086.349162467741,3.5,58.50010254566201,328.540900656236,91
2086.9,8,1086.349162467741,3.5,58.518790381035785,328.43696869974053,91
2087.0,8,1086.349162467741,3.5,58.52348636560845,328.41987571779305,91
2087.1,9,1086.349162467741,2.8,58.54183794701336,328.32027162476203,91
2087.2,9,1086.349162467741,2.4000000000000004,58.489818110979705,328.5955731365908,91
2087.3,9,1086.349162467741,2.4000000000000004,58.50683468096702,328.50379868654534,91
2087.4,9,1086.349162467741,2.4000000000000004,58.512095738468446,328.48317958862214,91
2087.5,9,1086.349162467741,2.4000000000000004,58.52292504686173,328.4266304389697,91
2087.6,9,1086.349162467741,2.4000000000000004,58.53599226300592,328.3587362273873,91
2087.7,9,1086.349162467741,2.4000000000000004,58.6628484020774,327.69466555956524,91
2087.8,9,1086.349162467741,2.4000000000000004,58.5460753844208,328.405004901977,91
2087.9,9,1086.349162467741,2.4000000000000004,58.56458846592551,328.30868147099613,91
2088.0,9,1086.349162467741,2.4000000000000004,58.579447470785084,328.23310669592854,91
2088.1,9,1086.349162467741,2.4000000000000004,58.6022981070783,328.1059368161167,91
2088.2,9,1086.349162467741,2.4000000000000004,58.60543044281634,328.0932962729063,91
2088.3,9,1086.349162467741,2.4000000000000004,58.6272463778037,327.97854871702054,91
2088.4,9,1086.349162467741,2.4000000000000004,58.63623229200313,327.93619926521967,91
2088.5,9,1086.349162467741,2.4000000000000004,58.643728164503926,327.89629997391324,91
2088.6,9,1086.349162467741,2.4000000000000004,58.539794096431464,328.44890714821724,91
2088.7,9,1086.349162467741,3.2,58.55440345191914,328.3708566853867,91
2088.8,9,1086.349162467741,2.4000000000000004,58.561133220170404,328.33704433046864,91
2088.9,6,1085.5061221963845,2.4000000000000004,58.56850111769634,328.3024810461857,91
2089.0,9,1085.5061221963845,3.0,58.57737464882845,328.255638529129,91
2089.1,9,1085.5061221963845,2.4000000000000004,58.59603278633787,328.15535759693716,91
2089.2,6,1084.8018378700122,2.4000000000000004,58.60116559898117,328.12731926584866,91
2089.3,8,1084.8018378700122,3.0,58.61511124884856,328.0450852569659,91
2089.4,8,1084.8018378700122,3.5,58.61312559760456,328.05987513358286,91
2089.5,8,1084.8018378700122,3.5,58.612623073347024,328.0695970395856,91
2089.6,8,1084.8018378700122,3.5,58.61262736522491,328.07557571709594,91
2089.7,8,1084.8018378700122,3.5,58.53654786120551,328.47035908549964,91
2089.8,8,1084.8018378700122,3.5,58.54139006603048,328.44321494910605,91
2089.9,8,1084.8018378700122,3.5,58.526868793155636,328.5389775435437,91
2090.0,8,1084.8018378700122,3.5,58.62742947410804,328.0170165051742,91
2090.1,8,1084.8018378700122,3.5,58.609746427203795,328.12765305254663,91
2090.2,8,1084.8018378700122,3.5,58.62149377570815,328.0654615032346,91
2090.3,8,1084.8018378700122,3.5,58.59627728949944,328.2222675791611,91
2090.4,8,1084.8018378700122,3.5,58.4697325236756,329.0059843527948,91
2090.5,8,1084.8018378700122,3.5,58.45298074138513,329.1114439963816,91
2090.6,8,1084.8018378700122,3.5,58.45085113797512,329.13301711531847,91
2090.7,8,1084.8018378700122,3.5,58.452148478980455,329.13499234039966,91
2090.8,8,1084.8018378700122,3.5,58.45432639371465,329.12924124340196,91
2090.9,8,1084.8018378700122,3.5,58.63315665795466,328.0410567915918,91
2091.0,8,1084.8018378700122,3.5,58.63146610839612,328.0578389918485,91
2091.1,8,1084.8018378700122,3.5,58.64340862881803,327.9935136463223,91
2091.2,8,1084.8018378700122,3.5,58.60924806486191,328.17931022314536,91
2091.3,8,1084.8018378700122,3.5,58.61723098174636,328.1396886218083,91
2091.4,8,1084.8018378700122,3.5,58.628850548393515,328.07390235660625,91
2091.5,8,1084.8018378700122,3.5,58.619199370689,328.13496530514595,91
2091.6,8,1084.8018378700122,3.5,58.64201780179995,328.0046944926347,91
2091.7,8,1084.8018378700122,3.5,58.63673277248294,328.047502898052,91
2091.8,8,1084.8018378700122,3.5,58.6534077117937,327.9559224050284,91
2091.9,8,1084.8018378700122,3.5,58.670356423355045,327.8571970397747,91
2092.0,8,1084.8018378700122,3.5,58.546124520907554,328.6258084615227,91
2092.1,8,1084.8018378700122,3.5,58.56550359446038,328.5168641850847,91
2092.2,8,1084.8018378700122,3.5,58.57399198295705,328.4792219929395,91
2092.3,8,1084.8018378700122,4.199999999999999,58.61658460322194,328.25620773530244,91
2092.4,8,1084.8018378700122,4.199999999999999,58.609082114324636,328.30008559868713,91
2092.5,8,1084.8018378700122,4.199999999999999,58.60738065114195,328.3082760744817,91
2092.6,8,1084.8018378700122,4.199999999999999,58.5868307770115,328.42534877579976,91
2092.7,8,1084.8018378700122,4.199999999999999,58.58489822744454,328.4428474384997,91
2092.8,8,1084.8018378700122,4.199999999999999,58.5944432048424,328.3930659262294,91
2092.9,8,1084.8018378700122,4.199999999999999,58.53417731216284,328.7005895054001,91
2093.0,8,1084.8018378700122,4.199999999999999,58.42272604776786,329.3977220111474,91
2093.1,8,1084.8018378700122,4.199999999999999,58.4327442970783,329.34357971994734,91
2093.2,8,1084.8018378700122,4.199999999999999,58.49752648038067,328.9568985305318,91
2093.3,8,1084.8018378700122,4.199999999999999,58.50789025249452,328.91300367714496,91
2093.4,8,1084.8018378700122,4.199999999999999,58.51061115706784,328.9083472341023,91
2093.5,8,1084.8018378700122,4.199999999999999,58.44461207954407,329.41560232862736,91
2093.6,8,1084.8018378700122,4.199999999999999,58.45613474943317,329.3616598683713,91
2093.7,7,1084.9265841909958,3.5,58.47388583217365,329.2572700805789,91
2093.8,8,1084.9265841909958,2.8,58.4889456627167,329.1842315371424,91
2093.9,8,1084.9265841909958,3.5,58.499606220002875,329.1361301311748,91
2094.0,8,1084.9265841909958,3.5,58.52640208677737,328.9881313596658,91
2094.1,8,1084.9265841909958,3.5,58.53054888075458,328.9777678474261,91
2094.2,8,1084.9265841909958,3.5,58.38359204655973,329.9188085038944,91
2094.3,8,1084.9265841909958,3.5,58.408644124777275,329.7898096500383,91
2094.4,8,1084.9265841909958,3.5,58.38828335904243,329.83038431137913,91
2094.5,8,1084.9265841909958,3.5,58.38873609548219,329.84242938532157,91
2094.6,8,1084.9265841909958,3.5,58.39903096980477,329.7918080345579,91
2094.7,8,1084.9265841909958,3.5,58.41992056930938,329.6824680364819,91
2094.8,8,1084.9265841909958,3.5,58.428663544116816,329.65179900201235,91
2094.9,8,1084.9265841909958,3.5,58.444798455732574,329.57445432176075,91
2095.0,8,1084.9265841909958,3.5,58.45219208360564,329.5424988940364,91
2095.1,8,1084.9265841909958,3.5,58.46586855990218,329.47196410617073,91
2095.2,8,1084.9265841909958,3.5,58.4753802008749,329.4348618937403,91
2095.3,8,1084.9265841909958,3.5,58.49146989227778,329.35169325792725,91
2095.4,11,1084.9265841909958,3.5,58.5601744800115,328.93208814022125,91
2095.5,11,1084.9265841909958,3.6,58.5790820427684,328.8348019485075,91
2095.6,11,1084.9265841909958,3.6,58.60669832190594,328.6757603341671,91
2095.7,11,1084.9265841909958,3.6,58.52940257946861,329.079653865109,91
2095.8,11,1084.9265841909958,3.6,58.53596891675147,329.057335745974,91
2095.9,11,1084.9265841909958,3.6,58.538896050344306,329.056057634253,91
2096.0,11,1084.9265841909958,3.6,58.54631771338713,329.03468421242076,91
2096.1,11,1084.9265841909958,3.6,58.5634636748118,328.95570647285194,91
2096.2,11,1084.9265841909958,3.6,58.58531190904378,328.84128725689686,91
2096.3,7,1085.001242124602,2.7,58.61351371346966,328.69102457468455,91
2096.4,7,1084.993855975069,3.5,58.65087539698446,328.48180546514834,91
2096.5,8,1084.993855975069,3.5,58.683532479448345,328.30083126677664,91
2096.6,8,1084.993855975069,3.5,58.703249821146116,328.1964599329739,91
2096.7,8,1084.993855975069,3.5,58.722016198368266,328.09308605083606,91
2096.8,8,1084.993855975069,3.5,58.73773990898874,328.01202823437904,91
2096.9,8,1084.993855975069,3.5,58.75711074218019,327.9004676452819,91
2097.0,8,1084.993855975069,3.5,58.77676953537841,327.7905772002223,91
2097.1,8,1084.993855975069,3.5,58.78611685802839,327.74344925523434,91
2097.2,8,1084.993855975069,3.5,58.816610186735076,327.57335012620376,91
2097.3,8,1084.993855975069,3.5,58.83217927164764,327.48173780749437,91
2097.4,8,1084.993855975069,3.5,58.862967012964866,327.3303204066857,91
2097.5,8,1084.993855975069,3.5,58.88668138168933,327.19050830215537,91
2097.6,8,1084.993855975069,3.5,58.909204114300096,327.06446354330274,91
2097.7,8,1084.993855975069,3.5,59.017734120032884,326.40039578132485,91
2097.8,8,1084.993855975069,3.5,59.02709452559793,326.35343282789637,91
2097.9,8,1084.993855975069,3.5,59.05932911880387,326.17279112629865,91
2098.0,8,1084.993855975069,3.5,59.08274035952165,326.04628174145574,91
2098.1,8,1084.993855975069,3.5,59.101367550383586,325.9417251479971,91
2098.2,8,1084.993855975069,3.5,59.121155645132376,325.8355074837733,91
2098.3,8,1084.993855975069,3.5,59.15103079532075,325.66459289444515,91
2098.4,8,1084.993855975069,3.5,59.156030048902096,325.63806429339394,91
2098.5,7,1084.9220843498813,3.5,59.16932880835088,325.56280995197415,91
2098.6,8,1084.9220843498813,3.5,59.07193659970474,326.0179320105277,91
2098.7,8,1084.9220843498813,4.199999999999999,59.098718997784935,325.8640449652762,91
2098.8,8,1084.9220843498813,4.199999999999999,59.12851300372256,325.68457365707445,91
2098.9,8,1084.9220843498813,4.199999999999999,59.15121471750966,325.55074281651207,91
2099.0,8,1084.9220843498813,4.199999999999999,59.16993439699468,325.4342713067771,91
2099.1,8,1084.9220843498813,4.199999999999999,59.14631361758751,325.59235142571623,91
2099.2,8,1084.9220843498813,4.199999999999999,59.18109802070178,325.3860220109798,91
2099.3,8,1084.9220843498813,4.199999999999999,59.19969472626886,325.2726518277216,91
2099.4,8,1084.9220843498813,4.199999999999999,59.21531604978932,325.17929994560586,91
2099.5,8,1084.9220843498813,4.199999999999999,59.25176632087992,324.9801098440554,91
2099.6,8,1084.9220843498813,4.199999999999999,59.118528024676685,325.63402371915276,91
2099.7,8,1084.9220843498813,4.199999999999999,59.14438869891792,325.474658407156,91
2099.8,8,1084.9220843498813,4.199999999999999,59.15160741258826,325.4296962411942,91
2099.9,8,1084.9220843498813,4.199999999999999,59.17136923805624,325.3045023913676,91
2100.0,8,1084.9220843498813,4.199999999999999,59.19779987117296,325.14610145877714,91
2100.1,8,1084.9220843498813,4.199999999999999,59.20587593757488,325.0878159121844,91
2100.2,8,1084.9220843498813,4.8999999999999995,59.22619750593754,324.953342172285,91
2100.3,8,1084.9220843498813,4.8999999999999995,59.144454083078585,325.4460361250217,91
2100.4,8,1084.9220843498813,4.8999999999999995,59.203801574391306,325.08292030134106,91
2100.5,8,1084.9220843498813,4.8999999999999995,59.211074419368174,325.03181519775507,91
2100.6,8,1084.9220843498813,4.8999999999999995,59.22309187915796,324.95628044017553,91
2100.7,8,1084.9220843498813,4.8999999999999995,59.26014899465412,324.72434830680834,91
2100.8,8,1084.9220843498813,4.8999999999999995,59.26320790153878,324.693618662956,91
2100.9,8,1084.9220843498813,4.8999999999999995,59.17770084162767,325.10874122967783,91
2101.0,8,1084.9220843498813,4.8999999999999995,59.18365924750578,325.07225442204515,91
2101.1,8,1084.9220843498813,4.8999999999999995,59.1804277912087,325.08242013429435,91
2101.2,8,1084.9220843498813,4.8999999999999995,59.17574752066896,325.10677381923335,91
2101.3,8,1084.9220843498813,4.8999999999999995,59.17180262800201,325.12963979468884,91
2101.4,8,1084.9220843498813,4.8999999999999995,59.176338739966454,325.1008045485198,91
2101.5,8,1084.9220843498813,4.8999999999999995,59.18588361574234,325.0457546419565,91
2101.6,8,1084.9220843498813,4.8999999999999995,59.18661775090956,325.04145991750056,91
2101.7,8,1084.9220843498813,4.8999999999999995,59.197757780042714,324.97361681473865,91
2101.8,8,1084.9220843498813,4.8999999999999995,59.185985803217704,325.0364814836021,91
2101.9,8,1084.9220843498813,4.8999999999999995,59.22149797581208,324.85906157341276,91
2102.0,8,1084.9220843498813,4.8999999999999995,59.23754203216214,324.75986665237235,91
2102.1,8,1084.9220843498813,4.8999999999999995,59.23244684989938,324.7890910826899,91
2102.2,8,1084.9220843498813,4.8999999999999995,59.23407067476111,324.77481959330515,91
2102.3,8,1084.9220843498813,4.8999999999999995,59.2384805704193,324.7436077631439,91
2102.4,8,1084.9220843498813,4.8999999999999995,59.25225704144948,324.65704328327826,91
2102.5,8,1084.9220843498813,4.8999999999999995,59.24587758067011,324.68634200289773,91
2102.6,8,1084.9220843498813,4.8999999999999995,59.25453283589821,324.6348645563595,91
2102.7,8,1084.9220843498813,5.6,59.25925465231165,324.60204529409475,91
2102.8,8,1084.9220843498813,5.6,59.266017698244056,324.56016756189706,91
2102.9,8,1084.9220843498813,5.6,59.26727074841206,324.5496222378361,91
2103.0,8,1084.9220843498813,5.6,59.26784594762644,324.5406247614946,91
2103.1,8,1084.9220843498813,5.6,59.25254530001209,324.6226325671261,91
2103.2,8,1084.9220843498813,5.6,59.25718264990503,324.59535242681335,91
2103.3,8,1084.9220843498813,5.6,59.2937618580981,324.3760823854255,91
2103.4,8,1084.9220843498813,5.6,59.215572446996944,324.75012307497053,91
2103.5,8,1084.9220843498813,5.6,59.22996092673452,324.6727238988002,91
2103.6,8,1084.9220843498813,5.6,59.24149901883651,324.6099556771387,91
2103.7,8,1084.9220843498813,5.6,59.27064135914347,324.4446517414959,91
2103.8,8,1084.9220843498813,5.6,59.272205042310716,324.44169163445065,91
2103.9,8,1084.9220843498813,5.6,59.29933436277253,324.2865064222516,91
2104.0,8,1084.9220843498813,4.8999999999999995,59.33925263202143,324.0894742986568,91
2104.1,8,1084.9220843498813,4.8999999999999995,59.36532381568324,323.94546547366133,91
2104.2,8,1084.9220843498813,4.8999999999999995,59.38288986799511,323.8534473409087,91
2104.3,8,1084.9220843498813,4.8999999999999995,59.40266201103516,323.74547116007886,91
2104.4,8,1084.9220843498813,4.8999999999999995,59.41577542078923,323.5950821884665,91
2104.5,8,1084.9220843498813,4.199999999999999,59.432994779457744,323.5065480440989,91
2104.6,8,1084.9220843498813,4.199999999999999,59.46341357941891,323.33779846388484,91
2104.7,8,1084.9220843498813,4.199999999999999,59.48218820244543,323.24402723501873,91
2104.8,8,1084.9220843498813,4.199999999999999,59.513184315857224,323.0755879944295,91
2104.9,8,1084.9220843498813,4.199999999999999,59.53321012901925,322.97419586813055,91
2105.0,8,1084.9220843498813,3.5,59.561001167305776,322.8246763978284,91
2105.1,8,1084.9220843498813,3.5,59.60042590308646,322.60802338995677,91
2105.2,8,1084.9220843498813,3.5,59.617605732708384,322.52077895777586,91
2105.3,8,1084.9220843498813,3.5,59.652066510769345,322.33342442926926,91
2105.4,8,1084.9220843498813,3.5,59.67534084532059,322.2028297169377,91
2105.5,8,1084.9220843498813,4.199999999999999,59.73967430058614,321.8415007717058,91
2105.6,8,1084.9220843498813,4.199999999999999,59.76597550257398,321.6976672307271,91
2105.7,8,1084.9220843498813,4.199999999999999,59.794547230892135,321.54254123806106,91
2105.8,8,1084.9220843498813,4.199999999999999,59.81697318033591,321.4222192457797,91
2105.9,8,1084.9220843498813,4.199999999999999,59.84205898864751,321.29236857109566,91
2106.0,8,1084.9220843498813,4.199999999999999,59.87210834734424,321.1265041491711,91
2106.1,8,1084.9220843498813,4.199999999999999,59.89176915161326,321.0220843307286,91
2106.2,8,1084.9220843498813,4.199999999999999,59.92223880168364,320.8576490621999,91
2106.3,8,1084.9220843498813,4.199999999999999,59.93667234030733,320.78415814031086,91
2106.4,8,1084.9220843498813,4.199999999999999,59.95530476579968,320.68868604366156,91
2106.5,8,1084.9220843498813,4.199999999999999,60.020028955667115,320.3505055479861,91
2106.6,8,1084.9220843498813,4.199999999999999,60.03898336547846,320.24716020399126,91
2106.7,8,1084.9220843498813,4.199999999999999,60.0710918371158,320.0744857225417,91
2106.8,8,1084.9220843498813,4.199999999999999,60.0078894042381,320.3727404877294,91
2106.9,8,1084.9220843498813,4.199999999999999,60.04276609411268,320.1845725138651,91
2107.0,8,1084.9220843498813,4.199999999999999,60.06683397103045,320.05486329809446,91
2107.1,8,1084.9220843498813,4.199999999999999,60.09796100978828,319.8873228715473,91
2107.2,8,1084.9220843498813,4.199999999999999,60.12767350225231,319.7308326033983,91
2107.3,8,1084.9220843498813,4.199999999999999,60.170134283424645,319.5027270245592,91
2107.4,8,1084.9220843498813,4.199999999999999,60.20696921588282,319.3086192806039,91
2107.5,8,1084.9220843498813,4.199999999999999,60.23990393048747,319.13338324197457,91
2107.6,8,1084.9220843498813,4.199999999999999,60.2673608221443,318.9898255103471,91
2107.7,8,1084.9220843498813,4.199999999999999,60.29484334636699,318.84407483110635,91
2107.8,8,1084.9220843498813,4.199999999999999,60.350034675663665,318.53720246718854,91
2107.9,8,1084.9220843498813,4.199999999999999,60.301700984868056,318.7142301089103,91
2108.0,8,1084.9220843498813,4.199999999999999,60.32208023496422,318.6052213062568,91
2108.1,8,1084.9220843498813,4.199999999999999,60.34005826735926,318.5117725513861,91
2108.2,8,1084.9220843498813,4.199999999999999,60.351943880630785,318.4490827946694,91
2108.3,8,1084.9220843498813,4.199999999999999,60.37183625519518,318.34428861769896,91
2108.4,8,1084.9220843498813,4.199999999999999,60.38185582284145,318.2904516919049,91
2108.5,7,1084.8655440296832,4.199999999999999,60.40385928122658,318.1713725208722,91
2108.6,7,1084.8655440296832,4.199999999999999,60.41576825820297,318.1101798609561,91
2108.7,8,1084.7915362635188,4.199999999999999,60.33010206640901,318.5266850750272,91
2108.8,8,1084.7915362635188,4.8999999999999995,60.35876895554994,318.40761930530806,91
2108.9,8,1084.7915362635188,4.8999999999999995,60.383064354794385,318.273978292489,91
2109.0,8,1084.7915362635188,4.8999999999999995,60.403509400332254,318.16093427204913,91
2109.1,8,1084.7915362635188,4.8999999999999995,60.47128825319742,317.82141409244105,91
2109.2,8,1084.7915362635188,4.8999999999999995,60.49146190280955,317.71240318685585,91
2109.3,8,1084.7915362635188,4.8999999999999995,60.5178568419411,317.57357521939116,91
2109.4,8,1084.7915362635188,4.8999999999999995,60.53771081132872,317.4670867980086,91
2109.5,8,1084.7915362635188,4.8999999999999995,60.55426041131741,317.37815856055863,91
2109.6,8,1084.7915362635188,4.8999999999999995,60.58001662502174,317.2418148383672,91
2109.7,8,1084.7915362635188,4.8999999999999995,60.602155766382836,317.1241853563826,91
2109.8,8,1084.7915362635188,4.8999999999999995,60.616532804369186,317.0485208302273,91
2109.9,8,1084.7915362635188,4.8999999999999995,60.66401907677532,316.7892205045663,91
2110.0,8,1084.7915362635188,4.8999999999999995,60.68316916910784,316.6878696774794,91
2110.1,8,1084.7915362635188,4.8999999999999995,60.72114847534172,316.4870902994159,91
2110.2,8,1084.7915362635188,4.8999999999999995,60.74353316798724,316.3676743186131,91
2110.3,8,1084.7915362635188,4.8999999999999995,60.78090062952836,316.17012001931056,91
2110.4,8,1084.7915362635188,4.199999999999999,60.8123678916585,316.0019983527209,91
2110.5,8,1084.7915362635188,4.199999999999999,60.834677793701744,315.88429773779586,91
2110.6,8,1084.7915362635188,4.199999999999999,60.868495076260274,315.70489131230516,91
2110.7,8,1084.7915362635188,4.199999999999999,60.8899696525139,315.58914568029957,91
2110.8,8,1084.7915362635188,4.199999999999999,60.91353466046223,315.46633976916894,91
2110.9,8,1084.7915362635188,4.199999999999999,60.95227331139141,315.2605224748014,91
2111.0,8,1084.719537238334,4.199999999999999,60.95999001062704,315.21890401507494,91
2111.1,8,1084.719537238334,4.8999999999999995,60.98781547544941,315.0710298816683,91
2111.2,8,1084.719537238334,4.8999999999999995,60.99352867599187,315.0404251468408,91
2111.3,8,1084.719537238334,4.8999999999999995,61.02837282547564,314.8538497525934,91
2111.4,8,1084.719537238334,4.8999999999999995,61.043051629897576,314.77695683967437,91
2111.5,8,1084.719537238334,4.8999999999999995,61.07163325954181,314.6280442818711,91
2111.6,8,1084.719537238334,4.8999999999999995,61.09423092607638,314.5089766720512,91
2111.7,8,1084.719537238334,4.8999999999999995,61.11658043784591,314.39055871139306,91
2111.8,8,1084.719537238334,4.8999999999999995,61.111372482962935,314.41174339778706,91
2111.9,8,1084.719537238334,4.8999999999999995,61.13963720104368,314.25988426744186,91
2112.0,8,1084.719537238334,4.8999999999999995,61.13747769352132,314.2715638251222,91
2112.1,8,1084.719537238334,4.8999999999999995,61.16425734582302,314.129358649005,91
2112.2,9,1084.719537238334,4.199999999999999,61.172024547076475,314.08856558093174,91
2112.3,9,1084.719537238334,4.800000000000001,61.18142800777866,314.0355557864592,91
2112.4,9,1084.719537238334,4.800000000000001,61.197618982524226,313.95209581626716,91
2112.5,9,1084.719537238334,4.800000000000001,61.22153245364753,313.82655904825594,91
2112.6,9,1084.719537238334,4.800000000000001,61.227501484769036,313.7915766330983,91
2112.7,8,1084.719537238334,4.0,61.236117148590495,313.7462678464776,91
2112.8,8,1084.719537238334,4.199999999999999,61.25173319472901,313.66428302172085,91
2112.9,8,1084.719537238334,4.199999999999999,61.25951103387598,313.6196612283388,91
2113.0,8,1084.719537238334,4.199999999999999,61.263119113283395,313.599617576816,91
2113.1,8,1084.719537238334,4.199999999999999,61.2665025559968,313.5818905685305,91
2113.2,8,1084.719537238334,4.199999999999999,61.213959383409545,313.8624372446203,91
2113.3,8,1084.6459453895734,4.199999999999999,61.21661411883295,313.8448854403092,91
2113.4,8,1084.6459453895734,4.8999999999999995,61.21707289905454,313.841143592326,91
2113.5,8,1084.6459453895734,4.8999999999999995,61.20623311491988,313.89577623966574,91
2113.6,8,1084.6459453895734,4.8999999999999995,61.19248861908995,313.9624687126875,91
2113.7,8,1084.6459453895734,4.8999999999999995,61.19250710174498,313.95923372622804,91
2113.8,8,1085.4471866596127,4.199999999999999,61.18054787505205,314.02077033796076,92
2113.9,8,1085.4471866596127,-100.0,61.178328262471695,314.0307481194391,92
2114.0,8,1085.4471866596127,4.199999999999999,61.1727188534888,314.0591411605179,92
2114.1,8,1085.4471866596127,4.199999999999999,61.176234474543264,314.0382559696138,92
2114.2,8,1085.4471866596127,4.199999999999999,61.16910904527318,314.07694030607803,92
2114.3,8,1085.4471866596127,4.199999999999999,61.17447318512512,314.0445412488541,92
2114.4,8,1085.4471866596127,4.199999999999999,61.12226324480443,314.31371209981296,92
2114.5,8,1085.4471866596127,4.199999999999999,61.13012088170473,314.27195671412585,92
2114.6,8,1085.4471866596127,4.199999999999999,61.12289897675227,314.3078989168396,92
2114.7,8,1085.4471866596127,4.199999999999999,61.10633827296071,314.3933009100051,92
2114.8,10,1085.4471866596127,3.5,61.0938727124726,314.4572377980646,92
2114.9,10,1085.4471866596127,4.800000000000001,61.079632209355786,314.5248878423558,92
2115.0,10,1085.4471866596127,4.800000000000001,61.05278319084005,314.66679715131374,92
2115.1,10,1085.4471866596127,4.800000000000001,61.04903126251506,314.6845428278083,92
2115.2,10,1085.4471866596127,4.800000000000001,61.02728449085018,314.79901565567593,92
2115.3,10,1085.4471866596127,4.800000000000001,61.02920262888661,314.78461214355775,92
2115.4,10,1085.4471866596127,4.0,60.99986095896398,314.93795813649587,92
2115.5,9,1085.4471866596127,4.0,60.98417557891412,315.0174973995611,92
2115.6,9,1085.4471866596127,4.0,60.95670274681135,315.15908647348397,92
2115.7,9,1085.4471866596127,4.0,60.944823566403585,315.22227386560786,92
2115.8,8,1085.3753750010862,4.0,60.9330028055463,315.28440613924624,92
2115.9,8,1085.3753750010862,4.199999999999999,60.93150385596759,315.29229436429273,92
2116.0,8,1085.3753750010862,4.199999999999999,60.91373465971863,315.3848805851401,92
2116.1,8,1085.3753750010862,4.199999999999999,60.8959717967968,315.47848964527793,92
2116.2,8,1085.3753750010862,4.199999999999999,60.91421573781494,315.3854016559476,92
2116.3,8,1085.3753750010862,4.199999999999999,60.90567976769026,315.4296038323067,92
2116.4,8,1085.3753750010862,4.199999999999999,60.90504882405463,315.4341365211194,92
2116.5,8,1085.3753750010862,4.199999999999999,60.89818087244475,315.471427565308,92
2116.6,8,1085.3753750010862,4.199999999999999,60.89820765542038,315.47154743577426,92
2116.7,10,1085.3753750010862,3.5,60.89592074212507,315.48528407880826,92
2116.8,10,1085.3753750010862,4.0,60.90002034207713,315.4619310821338,92
2116.9,10,1085.3753750010862,4.0,60.89430933883874,315.49558775062667,92
2117.0,10,1085.3753750010862,4.0,60.89504891525513,315.4896426665505,92
2117.1,10,1085.3753750010862,4.0,60.89823114704461,315.47543384984704,92
2117.2,10,1085.3753750010862,4.0,60.893255078561765,315.50082152209154,92
2117.3,10,1085.3753750010862,4.0,60.88309744082736,315.5528514121021,92
2117.4,10,1085.3753750010862,4.0,60.8848121939733,315.5483490945173,92
2117.5,10,1085.3753750010862,4.0,60.88839010690923,315.52851748534016,92
2117.6,10,1085.3753750010862,4.0,60.90136001400405,315.46095601308843,92
2117.7,10,1085.3753750010862,4.0,60.911719854208386,315.41080555935173,92
2117.8,10,1085.3753750010862,4.0,60.9023455974534,315.46294719884065,92
2117.9,10,1085.3753750010862,4.0,60.91873895886266,315.3742350328306,92
2118.0,10,1085.3753750010862,4.0,60.89971668594079,315.4790642318767,92
2118.1,10,1085.3753750010862,4.0,60.90314649102483,315.46189792873054,92
2118.2,10,1085.3753750010862,4.0,60.85177346338671,315.7452963904301,92
2118.3,10,1085.3753750010862,4.0,60.85839914977214,315.7110150659331,92
2118.4,8,1085.3042117696425,4.0,60.8546349508392,315.7329496751788,92
2118.5,8,1085.3042117696425,4.199999999999999,60.86459664660866,315.6810416340772,92
2118.6,8,1085.3042117696425,4.199999999999999,60.86632068691699,315.67787485376954,92
2118.7,8,1085.3042117696425,4.199999999999999,60.871902890202136,315.64712968184926,92
2118.8,8,1085.3042117696425,4.199999999999999,60.81138796130264,315.9536580632922,92
2118.9,8,1085.3042117696425,4.199999999999999,60.824555217211746,315.88653968854464,92
2119.0,8,1085.3042117696425,4.199999999999999,60.81970460220005,315.91522139101994,92
2119.1,8,1085.3042117696425,4.199999999999999,60.82150844529352,315.9070023976449,92
2119.2,8,1085.3042117696425,4.199999999999999,60.8134052714005,315.9533440098295,92
2119.3,10,1085.3042117696425,4.199999999999999,60.82301288797691,315.9053211189706,92
2119.4,10,1085.3042117696425,4.0,60.83264252192511,315.85676582872895,92
2119.5,10,1085.3042117696425,4.0,60.83529619498913,315.84105802747086,92
2119.6,10,1085.3042117696425,4.0,60.84586723521301,315.7870146266697,92
2119.7,10,1085.3042117696425,4.0,60.86280408836222,315.69924360243806,92
2119.8,10,1085.3042117696425,4.0,60.87098497331008,315.6572146645864,92
2119.9,10,1085.3042117696425,4.0,60.84752248412178,315.768721256769,92
2120.0,10,1085.3042117696425,4.0,60.86801851923093,315.6571993133514,92
2120.1,10,1085.3042117696425,4.0,60.873376419558866,315.6296069210688,92
2120.2,10,1085.3042117696425,4.0,60.89111544321847,315.53221917801295,92
2120.3,10,1085.3042117696425,4.0,60.86369280356331,315.6935120741683,92
2120.4,10,1085.3042117696425,4.0,60.863046415854086,315.6994154223176,92
2120.5,10,1085.3042117696425,4.0,60.87617315515963,315.63118569917424,92
2120.6,10,1085.3042117696425,4.0,60.889612034277434,315.56086849866017,92
2120.7,8,1085.2324488195252,4.0,60.89124639869246,315.55441871313525,92
2120.8,10,1085.2324488195252,4.199999999999999,60.915768617094855,315.4224159077436,92
2120.9,11,1085.2324488195252,4.0,60.919805678398475,315.4031773192095,92
2121.0,11,1085.2324488195252,4.5,60.89370853288437,315.52192194226444,92
2121.1,11,1085.2324488195252,4.5,60.889527006236484,315.5517469095579,92
2121.2,11,1085.2324488195252,4.5,60.90105315633229,315.4918437898963,92
2121.3,10,1085.2324488195252,3.6,60.91500528234232,315.4215196413357,92
2121.4,10,1085.2324488195252,4.0,60.92524768320629,315.3737492510499,92
2121.5,10,1085.2324488195252,4.0,60.94389428417291,315.27757340691215,92
2121.6,10,1085.2324488195252,4.0,60.957137833620955,315.21164358641295,92
2121.7,10,1085.2324488195252,4.0,60.96717613694271,315.16122747015777,92
2121.8,10,1085.2324488195252,4.0,60.98035518796051,315.0920008049301,92
2121.9,10,1085.2324488195252,4.0,60.98929368487659,315.05029599063425,92
2122.0,11,1085.2324488195252,4.0,61.02118131190978,314.91615042441356,92
2122.1,11,1085.2324488195252,4.5,61.03589844056265,314.8400593158226,92
2122.2,11,1085.2324488195252,4.5,61.04745256531935,314.785987718789,92
2122.3,11,1085.2324488195252,4.5,61.06845431282571,314.67883303480187,92
2122.4,11,1085.2324488195252,4.5,61.07978387983389,314.6244643696433,92
2122.5,11,1085.2324488195252,4.5,61.106976465260786,314.48622100622043,92
2122.6,11,1085.2324488195252,4.5,61.11306983702863,314.4573046728502,92
2122.7,11,1085.2324488195252,4.5,61.12814185960915,314.38272199202515,92
2122.8,11,1085.2324488195252,4.5,61.15745198741214,314.22876396172205,92
2122.9,11,1085.2324488195252,4.5,61.17046676393289,314.16505785058376,92
2123.0,10,1085.2324488195252,4.5,61.069593835042184,314.6550834674459,92
2123.1,11,1085.2324488195252,4.0,61.013149771935204,314.97075484563067,92
2123.2,11,1085.2324488195252,4.5,61.03231305365957,314.87439448786904,92
2123.3,11,1085.2324488195252,4.5,61.0347700632041,314.8667520628396,92
2123.4,11,1085.2324488195252,4.5,61.0645325734705,314.71248563056656,92
2123.5,11,1085.2324488195252,4.5,61.07350261047566,314.6732241575379,92
2123.6,11,1085.2324488195252,4.5,61.07957929658473,314.6427633248254,92
2123.7,11,1085.2324488195252,4.5,61.09968893844484,314.5407387002615,92
2123.8,11,1085.2324488195252,4.5,61.09627611241216,314.56310664934705,92
2123.9,11,1085.2324488195252,4.5,61.10143857956103,314.5389629839146,92
2124.0,11,1085.2324488195252,4.5,61.07182672647083,314.72898279192907,92
2124.1,11,1085.2324488195252,4.5,61.09000014473537,314.6379149991361,92
2124.2,11,1085.2324488195252,4.5,61.10800528975338,314.54756788299113,92
2124.3,11,1085.2324488195252,4.5,61.013783724320035,314.99907283135923,92
2124.4,11,1085.2324488195252,4.5,61.01332920057889,315.0046511166629,92
2124.5,11,1085.2324488195252,4.5,61.02053995612877,314.97563020227375,92
2124.6,11,1085.2324488195252,4.5,61.035494449917074,314.8925886181895,92
2124.7,11,1085.2324488195252,4.5,61.02587728300037,314.94990950821204,92
2124.8,11,1085.2324488195252,4.5,61.0424943612895,314.8617963411753,92
2124.9,11,1085.2324488195252,4.5,61.04851052617623,314.8337136511036,92
2125.0,9,1085.4703898360117,3.6,61.05365369802426,314.81624693482297,92
2125.1,9,1085.4703898360117,4.0,61.058943673597305,314.7897831583732,92
2125.2,9,1085.4703898360117,4.0,61.063045834956796,314.7725944469662,92
2125.3,9,1085.4703898360117,4.0,61.07876755695353,314.68979929002296,92
2125.4,9,1085.4703898360117,4.0,61.07143499334682,314.7331180915552,92
2125.5,11,1085.4703898360117,3.2,61.07987739323487,314.68892382596607,92
2125.6,11,1085.4703898360117,4.5,61.071710598957715,314.73421767519085,92
2125.7,11,1085.4703898360117,4.5,61.064083792793774,314.78015674594644,92
2125.8,11,1085.4703898360117,3.6,61.068190584711886,314.757325964427,92
2125.9,11,1085.4703898360117,3.6,61.05348535532055,314.837602902374,92
2126.0,11,1085.4703898360117,3.6,61.0521263808674,314.8451228168207,92
2126.1,11,1085.4703898360117,3.6,61.032679386352356,314.9566805261925,92
2126.2,11,1085.4703898360117,3.6,61.034443697606804,314.9454574931557,92
2126.3,11,1085.4703898360117,3.6,61.01136253986599,315.07176612622595,92
2126.4,11,1085.4703898360117,3.6,60.84557444877916,315.99143999459716,92
2126.5,11,1085.4703898360117,3.6,60.83454858409833,316.05917625520794,92
2126.6,11,1085.4703898360117,3.6,60.81464562774891,316.1669450568296,92
2126.7,11,1085.4703898360117,3.6,60.811040493215906,316.1895751091572,92
2126.8,11,1085.4703898360117,3.6,60.808292919602984,316.21936311389925,92
2126.9,11,1085.4703898360117,3.6,60.807353064030906,316.23050801722286,92
2127.0,11,1085.4703898360117,3.6,60.789120766919226,316.3275670621533,92
2127.1,11,1085.4703898360117,3.6,60.76902893395322,316.4388184983203,92
2127.2,11,1085.4703898360117,3.6,60.75751289031419,316.50578881381784,92
2127.3,11,1085.4703898360117,3.6,60.74945907573269,316.54696536386405,92
2127.4,8,1085.38616299129,3.6,60.73161622061661,316.64594319253433,92
2127.5,8,1085.38616299129,4.199999999999999,60.730298943599365,316.6553283485922,92
2127.6,8,1085.38616299129,4.199999999999999,60.728232970173515,316.6676879732613,92
2127.7,8,1085.38616299129,4.199999999999999,60.72401995653402,316.69052008251055,92
2127.8,8,1085.38616299129,4.199999999999999,60.709888386057614,316.7648679464112,92
2127.9,8,1085.38616299129,4.199999999999999,60.7029196234796,316.8055225488563,92
2128.0,8,1085.38616299129,4.199999999999999,60.69720641179627,316.8383064178092,92
2128.1,8,1085.38616299129,4.199999999999999,60.67021206346308,316.98734032421214,92
2128.2,8,1085.38616299129,4.199999999999999,60.656023893787804,317.0587714690985,92
2128.3,10,1085.38616299129,3.5,60.64618604047974,317.1158858719692,92
2128.4,10,1085.38616299129,4.0,60.6391266927372,317.1531209467511,92
2128.5,10,1085.38616299129,4.0,60.58791386394536,317.44466927789335,92
2128.6,10,1085.38616299129,4.0,60.570577953953105,317.5416006764678,92
2128.7,10,1085.38616299129,4.0,60.551792758614596,317.63933044587,92
2128.8,10,1085.38616299129,4.0,60.50166621174699,317.8893545087269,92
2128.9,10,1085.38616299129,4.0,60.487420636911054,317.96417521173674,92
2129.0,10,1085.38616299129,4.0,60.455030873468814,318.1426528563363,92
2129.1,9,1085.6198536503357,4.0,60.449572020481114,318.17344395508763,92
2129.2,9,1085.6198536503357,4.0,60.43097392008045,318.2766955649636,92
2129.3,9,1085.6198536503357,4.0,60.4251401506315,318.3064108932648,92
2129.4,9,1085.6198536503357,4.0,60.412131100336104,318.37976461870585,92
2129.5,9,1085.6198536503357,4.0,60.40483208813602,318.41839526718223,92
2129.6,9,1085.6198536503357,4.0,60.4076592349175,318.40337900599525,92
2129.7,9,1085.6198536503357,4.0,60.39491587249835,318.4715798736975,92
2129.8,9,1085.6198536503357,4.0,60.33545263770975,318.7682152515551,92
2129.9,9,1085.6198536503357,4.0,60.32273217736201,318.83033546334235,92
2130.0,9,1085.6198536503357,3.2,60.30059643961265,318.95059536457836,92
2130.1,9,1085.6198536503357,3.2,60.28168513760233,319.0477689043613,92
2130.2,9,1085.6198536503357,3.2,60.263127551857295,319.1487136516329,92
2130.3,9,1085.6198536503357,3.2,60.254282955454116,319.1977411189637,92
2130.4,9,1085.6198536503357,3.2,60.233169528461836,319.3138092523417,92
2130.5,9,1085.6198536503357,3.2,60.20286744475965,319.48098310397324,92
2130.6,9,1085.6198536503357,3.2,60.17298863124144,319.6417800007955,92
2130.7,9,1085.6198536503357,3.2,60.15055756678227,319.7661769602547,92
2130.8,9,1085.6198536503357,3.2,60.11342302482936,319.84466632887046,92
2130.9,9,1085.6198536503357,3.2,60.09450718389753,319.9452258803146,92
2131.0,9,1085.6198536503357,3.2,60.05900859049983,320.1393573625378,92
2131.1,10,1085.6198536503357,3.2,59.92979375891551,320.8757602986558,92
2131.2,10,1085.6198536503357,4.0,59.901043477597256,321.03356367685745,92
2131.3,10,1085.6198536503357,4.0,59.88322865185813,321.1335202246313,92
2131.4,10,1085.6198536503357,4.0,59.85875051723921,321.267329955583,92
2131.5,10,1085.6198536503357,4.0,59.832060222750336,321.4201514027611,92
2131.6,9,1085.6198536503357,4.0,59.78750848924436,321.6718206307068,92
2131.7,9,1085.6198536503357,3.2,59.75607456484316,321.84741886134174,92
2131.8,9,1085.6198536503357,3.2,59.727039277925144,322.00643439821454,92
2131.9,9,1085.6198536503357,3.2,59.69516821171672,322.18670591901935,92
2132.0,8,1085.5476659467977,3.2,59.67839890473118,322.28684139546283,92
2132.1,8,1085.5476659467977,3.5,59.556245872583645,322.9190513700612,92
2132.2,8,1085.5476659467977,3.5,59.54374408411966,322.98783101582455,92
2132.3,8,1085.5476659467977,3.5,59.5109318035293,323.1734106290129,92
2132.4,8,1085.5476659467977,3.5,59.48595662100399,323.31220094884145,92
2132.5,8,1085.5476659467977,3.5,59.446721634838305,323.53659662258406,92
2132.6,8,1085.5476659467977,3.5,59.432341051995486,323.61479853511526,92
2132.7,8,1085.5476659467977,3.5,59.39547135991486,323.82407383356417,92
2132.8,10,1085.5476659467977,2.8,59.376841543882506,323.9301897445936,92
2132.9,10,1085.5476659467977,4.800000000000001,59.34351104512356,324.1265071161131,92
2133.0,10,1085.5476659467977,4.800000000000001,59.31361577162434,324.2950562826319,92
2133.1,10,1085.5476659467977,4.0,59.191884647529136,324.9336928826991,92
2133.2,10,1085.5476659467977,4.0,59.157709153152666,325.12634140062823,92
2133.3,10,1085.5476659467977,4.0,59.12676774406711,325.30860781889436,92
2133.4,10,1085.5476659467977,4.0,59.09276256177058,325.5029647054876,92
2133.5,10,1085.5476659467977,4.0,59.06627246046075,325.6527088546102,92
2133.6,10,1085.5476659467977,4.0,59.02757841285823,325.8683793990989,92
2133.7,10,1085.5476659467977,4.0,59.00380390445652,326.00828379812253,92
2133.8,10,1085.5476659467977,4.0,58.98081712397912,326.1411271038553,92
2133.9,10,1085.5476659467977,4.0,58.96967804226999,326.2077449762576,92
2134.0,11,1085.5476659467977,4.0,58.975713742860236,326.1889073552872,92
2134.1,10,1085.5476659467977,3.6,58.95948393979201,326.2844274372178,92
2134.2,10,1085.5476659467977,4.0,58.90827427099116,326.5386801563277,92
2134.3,10,1085.5476659467977,4.0,58.92357318526031,326.45094679041813,92
2134.4,10,1085.5476659467977,4.0,58.8205744300826,326.98520393746173,92
2134.5,10,1085.5476659467977,4.0,58.814736582804805,327.0257259853048,92
2134.6,7,1085.7102752759602,3.2,58.7957305717966,327.13488818675484,92
2134.7,7,1085.8281194808194,3.5,58.780244460160496,327.2262362975545,92
2134.8,7,1085.8150549314535,3.5,58.76775390048829,327.3053058970435,92
2134.9,7,1085.8150549314535,3.5,58.749105339373315,327.41522770089307,92
2135.0,7,1085.8150549314535,3.5,58.73722414839172,327.47981292344286,92
2135.1,7,1085.8150549314535,3.5,58.72585645461413,327.54744588334495,92
2135.2,7,1085.8150549314535,3.5,58.725440919403106,327.54624591107324,92
2135.3,7,1085.8150549314535,3.5,58.718807509311205,327.5905708435623,92
2135.4,7,1085.8150549314535,3.5,58.70996400151209,327.63671811298013,92
2135.5,7,1085.8150549314535,3.5,58.707209617811756,327.6474088485281,92
2135.6,7,1085.8150549314535,3.5,58.70824588126709,327.6440733267499,92
2135.7,7,1085.8150549314535,3.5,58.69941514662953,327.6853760541205,92
2135.8,7,1085.8150549314535,3.5,58.688377680037775,327.75167042028704,92
2135.9,10,1085.8150549314535,3.5,58.678341322187464,327.8061485472515,92
2136.0,10,1085.8150549314535,4.0,58.670490084404406,327.8471040487264,92
2136.1,10,1085.8150549314535,4.0,58.67169946983205,327.8389643985259,92
2136.2,10,1085.8150549314535,4.0,58.69834595472325,327.69694922205895,92
2136.3,10,1085.8150549314535,4.0,58.69065473247343,327.7399422103217,92
2136.4,10,1085.8150549314535,4.0,58.6866084296543,327.75998428259754,92
2136.5,10,1085.8150549314535,4.0,58.687634974523505,327.7495242127218,92
2136.6,10,1085.8150549314535,4.0,58.71166136115054,327.60520997010747,92
2136.7,10,1085.8150549314535,4.0,58.70443143804492,327.64286767409345,92
2136.8,7,1085.7433857129172,4.0,58.70050748038379,327.66253534513953,92
2136.9,10,1085.7433857129172,4.199999999999999,58.698343446598784,327.6747579383192,92
2137.0,7,1085.7433857129172,4.0,58.68665538450158,327.7366845032028,92
2137.1,7,1085.7433857129172,4.199999999999999,58.68149181483017,327.7591742073382,92
2137.2,7,1085.7433857129172,4.199999999999999,58.67796973088283,327.77706904647664,92
2137.3,7,1085.7433857129172,4.199999999999999,58.58823033673772,328.2340092111698,92
2137.4,7,1085.7433857129172,4.199999999999999,58.58202471595098,328.27053421846034,92
2137.5,7,1085.7433857129172,4.199999999999999,58.58078499360514,328.28284843516565,92
2137.6,10,1085.7433857129172,3.5,58.58531030293213,328.24998936013185,92
2137.7,10,1085.7433857129172,4.0,58.58640859179556,328.24248100495424,92
2137.8,10,1085.7433857129172,4.0,58.57882303093463,328.2825111492897,92
2137.9,10,1085.7433857129172,4.0,58.58372849132914,328.25199991988694,92
2138.0,10,1085.7433857129172,4.0,58.57934471353947,328.27938064500995,92
2138.1,10,1085.7433857129172,4.0,58.586009201998706,328.2433081188428,92
2138.2,10,1085.7433857129172,4.0,58.59448428338138,328.1927457968085,92
2138.3,10,1085.7433857129172,4.0,58.57957781111476,328.2867991834031,92
2138.4,10,1085.7433857129172,4.0,58.563713404794626,328.3799727017078,92
2138.5,10,1085.7433857129172,4.0,58.542354837196015,328.49937097254127,92
2138.6,10,1085.7433857129172,4.0,58.54172435206062,328.5015908631502,92
2138.7,10,1085.7433857129172,4.0,58.55621861244911,328.4369376781293,92
2138.8,10,1085.7433857129172,4.0,58.41988627050725,329.15580407312746,92
2138.9,10,1085.7433857129172,4.0,58.41151314304568,329.203462823797,92
2139.0,10,1085.7433857129172,4.0,58.387236376336524,329.3536609431309,92
2139.1,10,1085.7433857129172,4.0,58.380805344593085,329.38619448965585,92
2139.2,10,1085.7433857129172,4.0,58.36348875043015,329.490664144977,92
2139.3,10,1085.7433857129172,4.0,58.34862204432382,329.5726976522132,92
2139.4,10,1085.7433857129172,4.0,58.33175692274905,329.66986205010227,92
2139.5,7,1085.671944257634,4.0,58.32771327641005,329.6920965038413,92
2139.6,10,1085.671944257634,4.199999999999999,58.3183656866213,329.7400211505652,92
2139.7,10,1085.671944257634,4.0,58.299350338464436,329.8497758484302,92
2139.8,10,1085.671944257634,4.0,58.29936068216438,329.8462067762864,92
2139.9,10,1085.671944257634,4.0,58.28318730034871,329.9395006305417,92
2140.0,10,1085.671944257634,4.0,58.310900445074324,329.7706713079624,92
2140.1,9,1086.0291949149585,3.2,58.28825900822376,329.9068528475191,92
2140.2,9,1086.0291949149585,3.2,58.295813448982784,329.8627592635321,92
2140.3,9,1086.0291949149585,3.2,58.303049116537494,329.8229817736741,92
2140.4,8,1086.0089315689936,3.2,58.31487643201369,329.75587425756294,92
2140.5,8,1085.9491432255904,3.5,58.17996358825866,330.4644893574772,92
2140.6,8,1085.9491432255904,3.5,58.18648396287186,330.42404875560555,92
2140.7,8,1085.9491432255904,3.5,58.196910053683624,330.36957849279383,92
2140.8,8,1085.9491432255904,3.5,58.19636482797449,330.37011851889577,92
2140.9,8,1085.9491432255904,3.5,58.189112340774805,330.4148137819615,92
2141.0,8,1085.9491432255904,3.5,58.23426047830231,330.1728836044904,92
2141.1,8,1085.9491432255904,3.5,58.23218168252704,330.1860383604984,92
2141.2,8,1085.9491432255904,3.5,58.23981215630363,330.1350126647999,92
2141.3,8,1085.9491432255904,3.5,58.233709035317666,330.1683277206474,92
2141.4,8,1085.9491432255904,3.5,58.12905162099983,330.723876050165,92
2141.5,8,1085.9491432255904,3.5,58.1208506256063,330.7670884662449,92
2141.6,8,1085.9491432255904,3.5,58.096015460193826,330.91674233873823,92
2141.7,8,1085.9491432255904,3.5,58.083301746630674,330.9915704738022,92
2141.8,8,1085.9491432255904,3.5,58.07063791321809,331.0644546966965,92
2141.9,8,1085.9491432255904,3.5,58.067191602200495,331.0868317723186,92
2142.0,8,1085.9491432255904,3.5,58.05828382304138,331.1350398644564,92
2142.1,8,1085.9491432255904,3.5,58.040796599699675,331.2436742819631,92
2142.2,8,1085.9491432255904,3.5,58.031480760299885,331.3021493803672,92
2142.3,7,1085.8783205226673,3.5,58.01374017530406,331.4061067852556,92
2142.4,10,1085.8783205226673,4.199999999999999,57.99828778133403,331.50128591822727,92
2142.5,10,1085.8783205226673,4.0,57.97391600473526,331.641515084821,92
2142.6,10,1085.8783205226673,4.0,57.955039258089876,331.7533003550885,92
2142.7,10,1085.8783205226673,4.0,57.943049171202034,331.82531453004987,92
2142.8,10,1085.8783205226673,4.0,57.91546282467496,331.99027256323234,92
2142.9,10,1085.8783205226673,4.0,57.897176627269374,332.1015706544782,92
2143.0,7,1085.8783205226673,3.2,57.89225900918377,332.1344962719196,92
2143.1,7,1085.8783205226673,4.199999999999999,57.83976188365635,332.45015545007084,92
2143.2,9,1085.8783205226673,3.5,57.79137965770027,332.72533557804087,92
2143.3,9,1085.8783205226673,3.2,57.769431476686464,332.85152765561566,92
2143.4,9,1085.8783205226673,3.2,57.80061780405942,332.6994587022192,92
2143.5,9,1085.8783205226673,3.2,57.78992851050755,332.76121107804016,92
2143.6,9,1085.8783205226673,3.2,57.76759877593028,332.89139073022955,92
2143.7,9,1085.8783205226673,3.2,57.75427569374864,332.97261534635595,92
2143.8,8,1085.8247943299725,3.2,57.74270031192854,333.0432627947718,92
2143.9,8,1085.8247943299725,3.5,57.726606137588945,333.13873768431324,92
2144.0,8,1085.8247943299725,3.5,57.71382160728774,333.2220008608473,92
2144.1,8,1085.8247943299725,3.5,57.705818136754786,333.2657693216998,92
2144.2,8,1085.8247943299725,3.5,57.68866020519218,333.372560252995,92
2144.3,8,1085.8247943299725,3.5,57.68389530636297,333.40777924015134,92
2144.4,8,1085.8247943299725,3.5,57.684581288639436,333.40538035228826,92
2144.5,8,1085.8247943299725,3.5,57.66572301759589,333.5232396429807,92
2144.6,8,1085.8247943299725,3.5,57.64827181049794,333.6257747433546,92
2144.7,8,1085.8247943299725,3.5,57.63474173402949,333.70915892467815,92
2144.8,8,1085.8247943299725,3.5,57.61341818159123,333.8376884177393,92
2144.9,8,1085.8247943299725,3.5,57.50058370856905,334.55270691126475,92
2145.0,8,1085.8247943299725,3.5,57.49468862394182,334.5902264334901,92
2145.1,8,1085.8247943299725,3.5,57.46941303364231,334.74588051411354,92
2145.2,8,1085.75172698172,3.5,57.46103014706637,334.7938358593451,92
2145.3,8,1085.75172698172,4.199999999999999,57.4461058173074,334.88336889395725,92
2145.4,8,1085.75172698172,4.199999999999999,57.436444525787024,334.9467548931334,92
2145.5,8,1085.75172698172,4.199999999999999,57.42682946522365,335.0011580340255,92
2145.6,8,1085.75172698172,4.199999999999999,57.42046743636271,335.03500134581066,92
2145.7,8,1085.75172698172,4.199999999999999,57.506095178907756,334.48569499006703,92
2145.8,8,1085.75172698172,3.5,57.51489050577289,334.4382546154642,92
2145.9,8,1085.75172698172,3.5,57.4967667682491,334.5527596285759,92
2146.0,8,1085.75172698172,3.5,57.483471841905825,334.6364972884902,92
2146.1,8,1085.75172698172,3.5,57.473101863642796,334.7046112652577,92
2146.2,8,1085.75172698172,3.5,57.46260723837143,334.7709643184289,92
2146.3,8,1085.75172698172,3.5,57.47104720393573,334.7248038389862,92
2146.4,8,1085.75172698172,3.5,57.47749202781661,334.6879261352112,92
2146.5,8,1085.75172698172,3.5,57.46627515491272,334.75747843725327,92
2146.6,8,1085.75172698172,3.5,57.6025410236379,334.03850234129465,92
2146.7,8,1085.75172698172,3.5,57.60111105708286,334.04969642919804,92
2146.8,7,1085.68007840826,3.5,57.59930898586779,334.065158885001,92
2146.9,7,1085.68007840826,4.199999999999999,57.606550645491474,334.0249634470706,92
2147.0,7,1085.68007840826,4.199999999999999,57.61085482099104,334.0018124495091,92
2147.1,7,1085.68007840826,4.199999999999999,57.60532972084518,334.0372240332311,92
2147.2,7,1085.68007840826,4.199999999999999,57.605301786378774,334.0409380208669,92
2147.3,7,1085.68007840826,4.199999999999999,57.45778194211614,334.98451189437066,92
2147.4,7,1085.68007840826,4.199999999999999,57.442863849162066,335.0795891201135,92
2147.5,7,1085.68007840826,4.199999999999999,57.43448124190172,335.14118158083124,92
2147.6,7,1085.68007840826,4.199999999999999,57.42499193813845,335.19423035435466,92
2147.7,7,1085.68007840826,4.199999999999999,57.40911072531712,335.296152882825,92
2147.8,7,1085.68007840826,4.199999999999999,57.40402343786374,335.31744672188097,92
2147.9,7,1085.68007840826,4.199999999999999,57.384242197014245,335.4421982156053,92
2148.0,8,1085.6084021339357,4.199999999999999,57.38379346117517,335.4386388940769,92
2148.1,8,1085.6084021339357,4.199999999999999,57.36834310247509,335.5378321186522,92
2148.2,8,1085.6084021339357,4.199999999999999,57.35935137982875,335.5893820303627,92
2148.3,8,1085.6084021339357,4.199999999999999,57.35074782429105,335.6392811545338,92
2148.4,8,1085.6084021339357,4.199999999999999,57.34315934832396,335.68910703926474,92
2148.5,8,1085.6084021339357,4.199999999999999,57.33597346121654,335.725921146224,92
2148.6,8,1085.6084021339357,4.199999999999999,57.26622319500716,336.1073372541214,92
2148.7,8,1085.6084021339357,4.199999999999999,57.25455005075563,335.98278229582183,92
2148.8,8,1085.6084021339357,4.199999999999999,57.25702146010211,335.963584333061,92
2148.9,8,1085.6084021339357,4.199999999999999,57.250285088001206,336.0043946931637,92
2149.0,8,1085.6084021339357,4.199999999999999,57.2456179634084,336.02818559397394,92
2149.1,8,1085.6084021339357,4.199999999999999,57.29884110176802,335.7432439166991,92
2149.2,8,1085.6084021339357,4.199999999999999,57.29392121124815,335.7752242129276,92
2149.3,8,1085.6084021339357,4.199999999999999,57.30295181047174,335.7162453474643,92
2149.4,8,1085.6084021339357,4.199999999999999,57.29291024407107,335.77542494659923,92
2149.5,8,1085.6084021339357,4.199999999999999,57.34811159230768,335.41948698476506,92
2149.6,8,1085.6084021339357,4.199999999999999,57.23157069063483,336.15497439101637,92
2149.7,8,1085.6084021339357,4.199999999999999,57.209965330219376,336.2892045687418,92
2149.8,8,1085.6084021339357,4.199999999999999,57.2053652032436,336.30872541493204,92
2149.9,8,1085.6084021339357,4.199999999999999,57.10440641732019,336.8683924339848,92
2150.0,8,1085.6084021339357,4.199999999999999,57.09154873413454,336.9433208575913,92
2150.1,8,1085.6084021339357,4.199999999999999,57.07913527639566,337.0130716188602,92
2150.2,8,1085.6084021339357,4.199999999999999,57.05387665438051,337.16607998466816,92
2150.3,8,1085.6084021339357,4.199999999999999,57.03307056524369,337.28755938505327,92
2150.4,8,1085.6084021339357,4.199999999999999,57.01429928948207,337.39786728328045,92
2150.5,8,1085.6084021339357,4.199999999999999,56.9940954186674,337.5144238872215,92
2150.6,8,1085.6084021339357,4.199999999999999,56.91728434765989,338.02761469672737,92
2150.7,8,1085.6084021339357,4.199999999999999,56.89872502683643,338.13710124294386,92
2150.8,8,1085.6084021339357,4.199999999999999,56.86631617790259,338.340024648092,92
2150.9,8,1085.6084021339357,4.199999999999999,56.8533369267858,338.41411781254646,92
2151.0,8,1085.6084021339357,4.199999999999999,56.72323511578723,339.1429812095413,92
2151.1,8,1085.6084021339357,4.199999999999999,56.690790439730605,339.3403237549107,92
2151.2,8,1085.6084021339357,4.199999999999999,56.67391670142249,339.43583356059935,92
2151.3,9,1085.6084021339357,3.5,56.64110558964907,339.63883552548344,92
2151.4,9,1085.6084021339357,4.0,56.51700418177646,340.43906546091273,92
2151.5,8,1085.6084021339357,3.2,56.50807791474107,340.50814901910456,92
2151.6,8,1085.6084021339357,3.5,56.48316974132133,340.6616573994005,92
2151.7,8,1085.6084021339357,3.5,56.51549524513327,340.14952262007273,92
2151.8,7,1085.5675960032675,2.8,56.47637248814037,340.38687678805456,92
2151.9,7,1085.5675960032675,4.199999999999999,56.45291436187854,340.52075114897565,92
2152.0,7,1085.5675960032675,4.199999999999999,56.41522159525458,340.7486771066631,92
2152.1,7,1085.5675960032675,4.199999999999999,56.40106011834433,340.83193569583875,92
2152.2,7,1085.5675960032675,4.199999999999999,56.37170562043774,341.00905330310786,92
2152.3,7,1085.5675960032675,4.199999999999999,56.35667850644532,341.09245859990995,92
2152.4,7,1085.5675960032675,4.199999999999999,56.322155865273096,341.30315002955666,92
2152.5,7,1085.5675960032675,4.199999999999999,56.31029340850364,341.37293627501504,92
2152.6,7,1085.4950649281184,4.199999999999999,56.3083334668342,341.3741470322151,92
2152.7,7,1085.4950649281184,4.8999999999999995,56.2846751890949,341.5145778480097,92
2152.8,7,1085.4950649281184,4.8999999999999995,56.27754720148364,341.55395615684296,92
2152.9,7,1085.4950649281184,4.8999999999999995,56.26195854665521,341.64789893596526,92
2153.0,7,1085.4950649281184,4.8999999999999995,56.26193586854208,341.6415927334075,92
2153.1,7,1085.4950649281184,4.8999999999999995,56.252099130315074,341.70368663946317,92
2153.2,7,1085.4950649281184,4.8999999999999995,56.133669148232045,342.4714070552782,92
2153.3,7,1085.4950649281184,4.8999999999999995,56.12804588735034,342.5006720617232,92
2153.4,11,1085.4950649281184,4.199999999999999,56.11909512905906,342.5490653023669,92
2153.5,11,1085.4950649281184,3.6,56.10827395269532,342.61666195208164,92
2153.6,7,1085.4950649281184,2.7,56.0987882543172,342.6732319938279,92
2153.7,7,1085.4950649281184,4.199999999999999,56.070152402217204,342.8497198187975,92
2153.8,7,1085.4950649281184,4.199999999999999,56.07212492743849,342.8325230746692,92
2153.9,7,1085.4950649281184,4.199999999999999,56.064966824601626,342.87091427286424,92
2154.0,7,1085.4950649281184,4.199999999999999,56.04992290104538,342.9637565910357,92
2154.1,7,1085.4950649281184,4.199999999999999,56.0931253458964,342.6722463081105,92
2154.2,7,1085.4950649281184,4.199999999999999,56.08163164154469,342.7414167701648,92
2154.3,7,1085.4950649281184,4.199999999999999,56.07579464419909,342.7726931368402,92
2154.4,7,1085.4950649281184,4.199999999999999,56.063448950577865,342.8376705435316,92
2154.5,7,1085.4950649281184,4.199999999999999,55.903589410750044,343.87733035750375,92
2154.6,7,1085.4950649281184,4.199999999999999,55.875883848422546,344.051664107478,92
2154.7,7,1085.4950649281184,4.199999999999999,55.86113371014186,344.1353628896801,92
2154.8,7,1085.4950649281184,4.199999999999999,55.842494039922826,344.2483795803305,92
2154.9,7,1085.4950649281184,4.199999999999999,55.822773246435744,344.37141105114927,92
2155.0,7,1085.4950649281184,4.199999999999999,55.800327159281615,344.51013743947976,92
2155.1,7,1085.4950649281184,4.199999999999999,55.78795236362658,344.58311956542127,92
2155.2,7,1085.4950649281184,4.199999999999999,55.76114225121458,344.74565116377244,92
2155.3,7,1085.4950649281184,4.199999999999999,55.75753930492762,344.7618945370003,92
2155.4,7,1085.4950649281184,4.199999999999999,55.72270060019774,344.9755949634406,92
2155.5,7,1085.4950649281184,4.199999999999999,55.69439201647154,345.15618929466075,92
2155.6,7,1085.4950649281184,4.199999999999999,55.81147838822934,344.4859509809958,92
2155.7,7,1085.4950649281184,4.199999999999999,55.786525219479046,344.63909382685654,92
2155.8,7,1085.4950649281184,4.199999999999999,55.75781445440579,344.8187028716608,92
2155.9,7,1085.4950649281184,4.199999999999999,55.73403463228556,344.96446288719454,92
2156.0,7,1085.4950649281184,4.199999999999999,55.725917433184065,345.00734007181757,92
2156.1,7,1085.4950649281184,4.199999999999999,55.686162728281175,345.2520181591226,92
2156.2,7,1085.4225023753638,4.199999999999999,55.61186665451919,345.6896234012599,92
2156.3,7,1085.4225023753638,4.8999999999999995,55.59062205010896,345.8174876678788,92
2156.4,7,1085.4225023753638,4.8999999999999995,55.576586780636006,345.90118466031157,92
2156.5,7,1085.4225023753638,4.8999999999999995,55.56101399782983,345.99448995277726,92
2156.6,7,1085.4225023753638,4.199999999999999,55.61475704502972,345.62856620177024,92
2156.7,7,1085.4225023753638,4.199999999999999,55.60731294321265,345.67284948919576,92
2156.8,7,1085.4225023753638,4.199999999999999,55.599104681418,345.72772892830017,92
2156.9,7,1085.4225023753638,4.199999999999999,55.59075424401736,345.775793778968,92
2157.0,7,1085.4225023753638,4.199999999999999,55.57032100895729,345.9003441918187,92
2157.1,7,1085.4225023753638,4.199999999999999,55.60311931458139,345.5444480641339,92
2157.2,7,1085.4225023753638,4.8999999999999995,55.58311336488647,345.6724844342023,92
2157.3,7,1085.4225023753638,4.8999999999999995,55.563563441733805,345.79094146722787,92
2157.4,7,1085.4225023753638,4.8999999999999995,55.472607370104626,346.3372328339916,92
2157.5,7,1085.4225023753638,4.8999999999999995,55.45598636631682,346.4418618611313,92
2157.6,7,1085.4225023753638,4.8999999999999995,55.45988937498211,346.41724275518925,92
2157.7,7,1085.4225023753638,4.8999999999999995,55.44626932147764,346.50239602742374,92
2157.8,7,1085.4225023753638,4.8999999999999995,55.44006400363904,346.539985152059,92
2157.9,7,1085.4225023753638,4.8999999999999995,55.43516383975744,346.57279216054275,92
2158.0,7,1085.4225023753638,4.8999999999999995,55.52841788835169,346.02124477731775,92
2158.1,7,1085.4225023753638,4.8999999999999995,55.52783828369884,346.0269812127665,92
2158.2,7,1085.4225023753638,4.8999999999999995,55.52774216296102,346.0229602500426,92
2158.3,7,1085.4225023753638,4.8999999999999995,55.50670525312039,346.1564325141194,92
2158.4,7,1085.4225023753638,4.8999999999999995,55.42139602679374,346.6587747322688,92
2158.5,7,1085.4225023753638,4.8999999999999995,55.41944811582134,346.6725744591313,92
2158.6,7,1085.4225023753638,4.8999999999999995,55.40519748537414,346.7656899512093,92
2158.7,7,1085.4225023753638,4.8999999999999995,55.44170517582984,346.5202827639272,92
2158.8,7,1085.4225023753638,4.199999999999999,55.44352223272211,346.50687469589514,92
2158.9,7,1085.4225023753638,4.199999999999999,55.43373784021095,346.5687276119488,92
2159.0,7,1085.3511428416045,4.199999999999999,55.4430945616532,346.50842671028215,92
2159.1,7,1085.3511428416045,4.8999999999999995,55.48093439955744,346.2606237831315,92
2159.2,7,1085.3511428416045,4.8999999999999995,55.47460834433626,346.29887983238893,92
2159.3,7,1085.3511428416045,4.8999999999999995,55.47518525762143,346.2951448749749,92
2159.4,7,1085.3511428416045,4.8999999999999995,55.478037614837774,346.2767138357084,92
2159.5,7,1085.3511428416045,4.8999999999999995,55.40581911775127,346.75027144278624,92
2159.6,7,1085.3511428416045,4.8999999999999995,55.422500702006886,346.6436437871527,92
2159.7,7,1085.3511428416045,4.8999999999999995,55.42739277414995,346.6155354794969,92
2159.8,7,1085.3511428416045,4.8999999999999995,55.45038112623071,346.4678306907627,92
2159.9,7,1085.3511428416045,4.8999999999999995,55.47626000429026,346.29866929786124,92
2160.0,7,1085.3511428416045,4.8999999999999995,55.4701165574301,346.34317806577724,92
2160.1,7,1085.3511428416045,4.8999999999999995,55.486354527167904,346.23996815431065,92
2160.2,7,1085.3511428416045,4.8999999999999995,55.51303873212615,346.06920937662676,92
2160.3,7,1085.3511428416045,4.8999999999999995,55.609388443715766,345.4939937880702,92
2160.4,7,1085.3511428416045,4.8999999999999995,55.61001221170113,345.49490321362475,92
2160.5,7,1085.3511428416045,4.8999999999999995,55.49320211338034,346.1764775064362,92
2160.6,7,1085.3511428416045,4.8999999999999995,55.51618872984342,346.0322952948951,92
2160.7,7,1085.3511428416045,4.8999999999999995,55.54176014220148,345.87014648648574,92
2160.8,7,1085.3511428416045,4.8999999999999995,55.54318759181416,345.86697939169846,92
2160.9,7,1085.3511428416045,4.8999999999999995,55.57847521077262,345.6437506642487,92
2161.0,7,1085.3511428416045,4.8999999999999995,55.472599525466634,346.3436278899778,92
2161.1,7,1085.3511428416045,4.8999999999999995,55.4867061010745,346.2626095973382,92
2161.2,7,1085.3511428416045,4.8999999999999995,55.49903818640021,346.1895457806877,92
2161.3,7,1085.3511428416045,4.8999999999999995,55.525871359975824,346.0205656550014,92
2161.4,7,1085.3511428416045,4.8999999999999995,55.52573854117793,346.02659913597114,92
2161.5,7,1085.3511428416045,4.8999999999999995,55.558981094647365,345.81759477324704,92
2161.6,7,1085.3511428416045,4.8999999999999995,55.55251826060918,345.86423128900185,92
2161.7,7,1085.3511428416045,4.8999999999999995,55.612939658283466,345.47696507279954,92
2161.8,7,1085.2796162344428,4.8999999999999995,55.64208343963503,345.29436800468477,92
2161.9,7,1085.2796162344428,5.6,55.63827825172135,345.32233428950224,92
2162.0,7,1085.2796162344428,5.6,55.66126661911807,345.1776189455072,92
2162.1,7,1085.2796162344428,5.6,55.68253800689329,345.050651943266,92
2162.2,7,1085.2796162344428,5.6,55.70268975163256,344.9256879403627,92
2162.3,7,1085.2796162344428,5.6,55.77681195869525,344.4137031584861,92
2162.4,7,1085.2796162344428,5.6,55.78788646223715,344.3484179924627,92
2162.5,7,1085.2796162344428,5.6,55.8183809777542,344.1584156192556,92
2162.6,7,1085.2796162344428,5.6,55.893865306963804,343.71257424160734,92
2162.7,7,1085.2796162344428,4.8999999999999995,55.89743880084207,343.6953335572858,92
2162.8,7,1085.2796162344428,4.8999999999999995,55.91880283166543,343.5648955593781,92
2162.9,7,1085.2796162344428,4.8999999999999995,55.95002536708789,343.37140717577097,92
2163.0,7,1085.2796162344428,4.8999999999999995,55.982121548018654,343.1730425626208,92
2163.1,7,1085.2796162344428,4.8999999999999995,55.85452994035032,343.9196619345299,92
2163.2,7,1085.2796162344428,4.8999999999999995,55.894121429552044,343.6743247391719,92
2163.3,7,1085.2796162344428,4.8999999999999995,55.925127477637844,343.4852504106856,92
2163.4,7,1085.2796162344428,4.8999999999999995,55.958996649582716,343.28399086869354,92
2163.5,7,1085.2796162344428,4.8999999999999995,55.81416533015219,344.2306726213632,92
2163.6,7,1085.2796162344428,4.8999999999999995,55.85071142819349,344.0106930030206,92
2163.7,7,1085.2796162344428,4.8999999999999995,55.87611732842717,343.85667326755424,92
2163.8,7,1085.2796162344428,4.8999999999999995,55.894450262042874,343.7510434308574,92
2163.9,7,1085.2796162344428,4.8999999999999995,55.92008330773423,343.5993513288804,92
2164.0,7,1085.2796162344428,4.8999999999999995,55.946243074375914,343.44405233876535,92
2164.1,7,1085.2796162344428,4.8999999999999995,55.84903548059304,343.9812258795324,92
2164.2,7,1085.2796162344428,4.8999999999999995,55.860550143496425,343.9176502880931,92
2164.3,7,1085.2796162344428,4.8999999999999995,55.88429021293736,343.77751022904323,92
2164.4,7,1085.2796162344428,4.8999999999999995,55.91844150511763,343.5709660302665,92
2164.5,7,1085.2796162344428,4.8999999999999995,55.95335372235963,343.35935323962104,92
2164.6,7,1085.2796162344428,4.8999999999999995,55.9575262106233,343.3428139714441,92
2164.7,7,1085.2074911451323,4.8999999999999995,55.97400155747732,343.2460695681362,92
2164.8,7,1085.2074911451323,5.6,55.99486944071268,343.122524626569,92
2164.9,7,1085.2074911451323,5.6,55.70714481974635,344.88858809656534,92
2165.0,7,1085.2074911451323,5.6,55.77213640703048,344.4996198080353,92
2165.1,7,1085.2074911451323,5.6,55.79470563742066,344.3661064153122,92
2165.2,7,1085.2074911451323,4.8999999999999995,55.82456152664469,344.18429492435683,92
2165.3,7,1085.2074911451323,4.8999999999999995,55.83405700393877,344.1289023632284,92
2165.4,7,1085.2074911451323,4.8999999999999995,55.86367925141542,343.94311481851054,92
2165.5,7,1085.2074911451323,4.8999999999999995,55.88622565560965,343.8033953295467,92
2165.6,7,1085.2074911451323,4.8999999999999995,55.90981629422308,343.65775246077897,92
2165.7,7,1085.2074911451323,4.8999999999999995,55.93627871191052,343.49613403561386,92
2165.8,7,1085.2074911451323,4.8999999999999995,55.9551947235735,343.3808650177582,92
2165.9,7,1085.2074911451323,4.8999999999999995,55.982111447739086,343.2142883957613,92
2166.0,7,1085.2074911451323,4.8999999999999995,55.99545183267216,343.13339710283367,92
2166.1,7,1085.2074911451323,4.8999999999999995,55.813759576882006,344.20056461210606,92
2166.2,7,1085.2074911451323,4.8999999999999995,55.83288076305933,344.0800043447747,92
2166.3,7,1085.2074911451323,4.8999999999999995,55.83135692296148,344.0907085472096,92
2166.4,7,1085.2074911451323,4.8999999999999995,55.84071106906899,344.0313339007877,92
2166.5,7,1085.2074911451323,4.8999999999999995,55.84191578996348,344.0289971295128,92
2166.6,7,1085.2074911451323,4.8999999999999995,55.84782025988269,343.9891722802479,92
2166.7,7,1085.2074911451323,4.8999999999999995,55.88065482339619,343.7809455029578,92
2166.8,7,1085.2074911451323,4.8999999999999995,55.892203538719926,343.7065099001876,92
2166.9,7,1085.2074911451323,4.8999999999999995,55.89523054313611,343.6935377684338,92
2167.0,7,1085.2074911451323,4.8999999999999995,55.90821822205588,343.61184411435147,92
2167.1,7,1085.2074911451323,4.8999999999999995,55.914797052375974,343.56852421895667,92
2167.2,7,1085.2074911451323,4.8999999999999995,55.92015123527864,343.53366532701955,92
2167.3,7,1085.2074911451323,4.8999999999999995,55.92103006619065,343.5315307202974,92
2167.4,7,1085.1349794609098,4.8999999999999995,55.79030252969811,344.3325643214105,92
2167.5,7,1085.1349794609098,5.6,55.84592475283516,343.99823893181406,92
2167.6,7,1085.1349794609098,5.6,55.843746881670796,344.007940835868,92
2167.7,7,1085.1349794609098,5.6,55.847263361482,343.9817465287365,92
2167.8,7,1085.1349794609098,5.6,55.86220722107264,343.888060038249,92
2167.9,7,1085.1349794609098,5.6,55.882550676535544,343.7615189752423,92
2168.0,7,1085.1349794609098,5.6,55.88403813799347,343.7475023491982,92
2168.1,7,1085.1349794609098,5.6,55.88665166500581,343.72906638820916,92
2168.2,7,1085.1349794609098,4.8999999999999995,55.89315899954288,343.6851359777445,92
2168.3,7,1085.1349794609098,4.8999999999999995,55.887838694292526,343.71985151971126,92
2168.4,7,1085.1349794609098,4.8999999999999995,55.90025892276883,343.63975884177967,92
2168.5,7,1085.1349794609098,4.8999999999999995,55.90881247130896,343.5850456320237,92
2168.6,7,1085.1349794609098,4.8999999999999995,55.89693455200603,343.65912695807924,92
2168.7,7,1085.1349794609098,4.8999999999999995,55.90192397861313,343.62634356012893,92
2168.8,7,1085.1349794609098,4.8999999999999995,55.92057373734531,343.50886511894237,92
2168.9,7,1085.1349794609098,4.8999999999999995,55.91506466997434,343.544557404954,92
2169.0,7,1085.1349794609098,4.8999999999999995,55.91656316581903,343.53283525759304,92
2169.1,7,1085.1349794609098,4.8999999999999995,55.94189356997457,343.3687092407172,92
2169.2,7,1085.1349794609098,4.8999999999999995,55.94726379310153,343.3354849000988,92
2169.3,7,1085.1349794609098,4.8999999999999995,55.93647990185327,343.40934220505073,92
2169.4,7,1085.1349794609098,4.8999999999999995,55.94864833141435,343.3330736492612,92
2169.5,7,1085.1349794609098,4.8999999999999995,55.99007633717531,343.037867294067,92
2169.6,7,1085.1349794609098,4.8999999999999995,55.991170602055796,343.0292819891767,92
2169.7,7,1085.1349794609098,4.8999999999999995,56.045653718598786,342.70467983934634,92
2169.8,7,1085.1349794609098,4.8999999999999995,55.88721963072622,343.6398145344239,92
2169.9,7,1085.1349794609098,4.8999999999999995,55.78982748621888,344.26194591873355,92
2170.0,7,1085.1349794609098,4.8999999999999995,55.79951372726139,344.19962512401275,92
2170.1,7,1085.1349794609098,4.8999999999999995,55.802432520909804,344.18221667324156,92
2170.2,7,1085.1349794609098,4.8999999999999995,55.81757071941346,344.0847388900909,92
2170.3,7,1085.1349794609098,4.8999999999999995,55.83372981882245,343.98071133226773,92
2170.4,7,1085.1349794609098,4.8999999999999995,55.83303852963945,343.98553566993644,92
2170.5,7,1085.0634612152692,4.8999999999999995,55.84113049017539,343.93333134775867,92
2170.6,7,1085.0634612152692,5.6,55.85141856509017,343.86950019078813,92
2170.7,7,1085.0634612152692,5.6,55.87002879035677,343.75162354314557,92
2170.8,7,1085.0634612152692,5.6,55.882068798252135,343.67725528651,92
2170.9,7,1085.0634612152692,5.6,55.88751309889919,343.6459160389311,92
2171.0,7,1085.0634612152692,5.6,55.89111454772052,343.6239170671429,92
2171.1,7,1085.0634612152692,5.6,55.910142671104666,343.5043005634101,92
2171.2,7,1085.0634612152692,5.6,55.604090864403304,345.4299163757772,92
2171.3,7,1085.0634612152692,5.6,55.63046932296123,345.26530903376295,92
2171.4,7,1085.0634612152692,5.6,55.65075999917643,345.1373984084765,92
2171.5,7,1085.0634612152692,5.6,55.669862977230785,345.0198683867962,92
2171.6,7,1085.0634612152692,5.6,55.68512200027203,344.9251506774058,92
2171.7,7,1085.0634612152692,5.6,55.742238578386235,344.5617954979156,92
2171.8,7,1085.0634612152692,4.8999999999999995,55.770930164553015,344.38361518753595,92
2171.9,7,1085.0634612152692,4.8999999999999995,55.777216458192996,344.34584300809473,92
2172.0,7,1085.0634612152692,4.8999999999999995,55.79618388471053,344.2322689453035,92
2172.1,7,1085.0634612152692,4.8999999999999995,55.654542617375476,345.1516151292261,92
2172.2,7,1085.0634612152692,4.8999999999999995,55.7330974247387,344.67897636118676,92
2172.3,7,1085.0634612152692,4.8999999999999995,55.759156724312696,344.51985465443806,92
2172.4,7,1085.0634612152692,4.8999999999999995,55.76646036994948,344.4750378738572,92
2172.5,7,1085.0634612152692,4.8999999999999995,55.67498154559302,345.0135748770082,92
2172.6,7,1085.0634612152692,4.8999999999999995,55.706905759487526,344.81695560618675,92
2172.7,7,1085.0634612152692,4.8999999999999995,55.72018005005266,344.7358685461681,92
2172.8,7,1085.0634612152692,4.199999999999999,55.7230881603349,344.7212020747363,92
2172.9,7,1085.0634612152692,4.199999999999999,55.74017623942449,344.61562470225994,92
2173.0,7,1085.0634612152692,4.199999999999999,55.85305242569302,343.89988512164683,92
2173.1,7,1085.0634612152692,4.199999999999999,55.858467394799284,343.86827663436367,92
2173.2,7,1085.0634612152692,4.199999999999999,55.879305373039074,343.73916979855676,92
2173.3,7,1085.0634612152692,4.199999999999999,55.88341306438595,343.71609987354054,92
2173.4,7,1084.9925582337569,4.199999999999999,55.90675268508841,343.57191418578543,92
2173.5,7,1084.9925582337569,4.8999999999999995,55.92256191279088,343.47483922152975,92
2173.6,7,1084.9925582337569,4.8999999999999995,55.923761058756966,343.4724480907789,92
2173.7,7,1084.9925582337569,4.8999999999999995,55.823164481023,344.0617993565593,92
2173.8,7,1084.9925582337569,4.8999999999999995,55.683534064422346,344.9695628591949,92
2173.9,7,1084.9925582337569,4.8999999999999995,55.697931994962914,344.8794122003824,92
2174.0,7,1084.9925582337569,4.8999999999999995,55.71600694680474,344.7707299791798,92
2174.1,7,1084.9925582337569,4.8999999999999995,55.745060408016535,344.59294968200084,92
2174.2,7,1084.9925582337569,4.8999999999999995,55.82106810908054,344.13794119345124,92
2174.3,7,1084.9925582337569,4.8999999999999995,55.84097630240559,344.0160818942311,92
2174.4,7,1084.9925582337569,4.8999999999999995,55.867231701277184,343.85433041193676,92
2174.5,7,1084.9925582337569,4.8999999999999995,55.88821886181614,343.72652335357213,92
2174.6,7,1084.9925582337569,4.8999999999999995,55.91979774167857,343.5323008813924,92
2174.7,7,1084.9925582337569,4.8999999999999995,55.95852848664601,343.2863161507257,92
2174.8,7,1084.9925582337569,4.8999999999999995,55.95690557284725,343.29891645114935,92
2174.9,7,1084.9925582337569,4.8999999999999995,55.98300737615635,343.1367167746996,92
2175.0,7,1084.9925582337569,4.8999999999999995,55.98968136968843,343.09659804766983,92
2175.1,7,1084.9925582337569,4.8999999999999995,56.00649355045107,342.99390494670325,92
2175.2,7,1084.9925582337569,4.8999999999999995,55.84826491386626,344.01449862246807,92
2175.3,7,1084.9925582337569,4.8999999999999995,55.868540112387905,343.89005679359445,92
2175.4,7,1084.9925582337569,4.8999999999999995,55.88474297144411,343.7920663998305,92
2175.5,7,1084.9925582337569,4.8999999999999995,55.896270163916604,343.72150673060673,92
2175.6,9,1084.9925582337569,4.199999999999999,55.90535831700245,343.6681076792389,92
2175.7,9,1084.9925582337569,4.800000000000001,55.93915123279835,343.45738542330196,92
2175.8,9,1084.9925582337569,4.800000000000001,55.943261445783826,343.43557111553025,92
2175.9,9,1084.9925582337569,4.800000000000001,55.959542587888464,343.335395139429,92
2176.0,7,1084.9229073669276,4.0,55.96481784216496,343.3032976902962,92
2176.1,7,1084.9229073669276,4.8999999999999995,55.991547719930516,343.1376931025186,92
2176.2,7,1084.9229073669276,4.8999999999999995,55.99169615696076,343.14104017966565,92
2176.3,7,1084.9229073669276,4.8999999999999995,55.99836709838161,343.1007545919613,92
2176.4,7,1084.9229073669276,4.8999999999999995,56.04908779124304,342.8105188778207,92
2176.5,7,1084.9229073669276,4.8999999999999995,56.06403418833902,342.71437588448964,92
2176.6,7,1084.9229073669276,4.8999999999999995,56.065474150024315,342.7089071075025,92
2176.7,7,1084.9229073669276,4.8999999999999995,56.0855166050504,342.5802000044116,92
2176.8,7,1084.9229073669276,4.8999999999999995,56.08111009875117,342.6064784761023,92
2176.9,7,1084.9229073669276,4.8999999999999995,56.10176452328935,342.47856084363116,92
2177.0,7,1084.9229073669276,4.8999999999999995,56.10215080629611,342.4801374293878,92
2177.1,7,1084.9229073669276,4.8999999999999995,56.108173709524294,342.440271543938,92
2177.2,7,1084.9229073669276,4.8999999999999995,56.10986928462531,342.4278466844321,92
2177.3,7,1084.9229073669276,4.8999999999999995,56.11896930356053,342.3717819362728,92
2177.4,7,1084.9229073669276,4.8999999999999995,56.15915809803382,342.1159735592339,92
2177.5,7,1084.9229073669276,4.8999999999999995,56.14381901145176,342.2134160881859,92
2177.6,7,1084.9229073669276,4.8999999999999995,56.00681225702665,343.0053428752349,92
2177.7,7,1084.9229073669276,4.8999999999999995,56.01106451044914,342.98191813715226,92
2177.8,7,1084.9229073669276,4.8999999999999995,56.016658062050965,342.94960194157227,92
2177.9,7,1084.9229073669276,4.8999999999999995,56.01576869996736,342.9568535919593,92
2178.0,7,1084.9229073669276,4.8999999999999995,56.01644255695739,342.9548368643868,92
2178.1,7,1084.9229073669276,4.8999999999999995,56.01844318235856,342.9443395108415,92
2178.2,11,1084.9229073669276,4.199999999999999,56.01294940452346,342.9801109595252,92
2178.3,11,1084.9229073669276,4.5,56.024570988243354,342.90835068474314,92
2178.4,7,1084.8527613799224,4.5,56.017160429912366,342.9586207023307,92
2178.5,7,1084.8527613799224,4.8999999999999995,56.08638514091683,342.5532600837813,92
2178.6,7,1084.8527613799224,4.8999999999999995,56.08135360977203,342.5882477118155,92
2178.7,7,1084.8527613799224,4.8999999999999995,56.07580626966251,342.625158952489,92
2178.8,7,1084.8527613799224,4.8999999999999995,56.06872944096825,342.67304698999186,92
2178.9,7,1084.8527613799224,4.8999999999999995,56.061878306365756,342.7165665835223,92
2179.0,7,1084.8527613799224,4.8999999999999995,56.051762426704315,342.7834759283984,92
2179.1,7,1084.8527613799224,4.8999999999999995,55.89842890769457,343.7827177224765,92
2179.2,7,1084.8527613799224,4.8999999999999995,55.901974059498386,343.76099679232806,92
2179.3,7,1084.8527613799224,4.8999999999999995,55.881209588429655,343.89418505887454,92
2179.4,7,1084.8527613799224,4.8999999999999995,55.865755382778346,343.98982356212025,92
2179.5,7,1084.8527613799224,4.8999999999999995,55.85828453976603,344.0429122811032,92
2179.6,7,1084.8527613799224,4.8999999999999995,55.84685377374062,344.1190408551361,92
2179.7,7,1084.8527613799224,4.8999999999999995,55.84499144944775,344.1317189839954,92
2179.8,7,1084.8527613799224,4.8999999999999995,55.837519622871255,344.1824437565832,92
2179.9,7,1084.8527613799224,4.8999999999999995,55.81384162355424,344.3381515821966,92
2180.0,7,1084.8527613799224,4.8999999999999995,55.863419391811036,344.01186550144075,92
2180.1,7,1084.8527613799224,4.8999999999999995,55.835426876571546,344.19512584901815,92
2180.2,7,1084.8527613799224,4.8999999999999995,55.83197857947268,344.21657610734366,92
2180.3,7,1084.8527613799224,4.8999999999999995,55.80601789194759,344.38568737912476,92
2180.4,7,1084.8527613799224,4.8999999999999995,55.80536055820633,344.39891621514226,92
2180.5,7,1084.8527613799224,4.8999999999999995,55.7901087729146,344.49349632303836,92
2180.6,7,1084.8527613799224,4.8999999999999995,55.791376389068034,344.4911810288851,92
2180.7,7,1084.781809359818,4.8999999999999995,55.78047832153461,344.56529838029826,92
2180.8,7,1084.781809359818,5.6,55.778427076515115,344.58148771988664,92
2180.9,7,1084.781809359818,5.6,55.877899792885025,344.0127118689553,92
2181.0,7,1084.781809359818,5.6,55.879068578606635,344.0080443068888,92
2181.1,7,1084.781809359818,5.6,55.86216701835991,344.1194470431391,92
2181.2,7,1084.781809359818,5.6,55.86345393904922,344.11372866951444,92
2181.3,7,1084.781809359818,4.8999999999999995,55.75827545212735,344.80732365000904,92
2181.4,7,1084.781809359818,4.8999999999999995,55.739776804489146,344.93135658085606,92
2181.5,7,1084.781809359818,4.8999999999999995,55.74076331949033,344.92318542217697,92
2181.6,7,1084.781809359818,4.8999999999999995,55.72856598086754,345.1354880759595,92
2181.7,7,1084.781809359818,4.8999999999999995,55.72151892882805,345.1817319657316,92
2181.8,7,1084.781809359818,4.8999999999999995,55.71127014307961,345.2516293662695,92
2181.9,7,1084.781809359818,4.8999999999999995,55.701327740495245,345.30898575998356,92
2182.0,7,1084.781809359818,4.8999999999999995,55.696067375424406,345.3474481279452,92
2182.1,7,1084.781809359818,4.8999999999999995,55.681249590372566,345.44234011647825,92
2182.2,7,1084.781809359818,4.8999999999999995,55.684565893812255,345.42287910373557,92
2182.3,7,1084.781809359818,4.8999999999999995,55.67149669723753,345.5093752056208,92
2182.4,7,1084.781809359818,4.8999999999999995,55.674110017224805,345.49336631183286,92
2182.5,7,1084.781809359818,4.8999999999999995,55.65090197534681,345.63961474591656,92
2182.6,7,1084.781809359818,4.8999999999999995,55.63565071722125,345.7413841990755,92
2182.7,7,1084.781809359818,4.8999999999999995,55.6229144158458,345.82487157736637,92
2182.8,7,1084.781809359818,4.8999999999999995,55.620851055979415,345.8371320762485,92
2182.9,7,1084.781809359818,4.8999999999999995,55.61060993531029,345.89856123025623,92
2183.0,7,1084.781809359818,4.8999999999999995,55.57813822204974,346.1005936881447,92
2183.1,7,1084.7100329005098,4.8999999999999995,55.55275352137235,346.26770711888435,92
2183.2,7,1084.7100329005098,5.6,55.52623769436767,346.44388547197843,92
2183.3,7,1084.7100329005098,5.6,55.60407008894637,346.01563319930517,92
2183.4,7,1084.7100329005098,5.6,55.59443116240787,346.0792586713168,92
2183.5,7,1084.7100329005098,4.8999999999999995,55.57539897548368,346.1997666082991,92
2183.6,7,1084.7100329005098,4.8999999999999995,55.55306096337105,346.3459530231686,92
2183.7,7,1084.7100329005098,4.8999999999999995,55.55844953744554,346.4523296313726,92
2183.8,7,1084.7100329005098,4.8999999999999995,55.538252260261416,346.5758463062858,92
2183.9,7,1084.7100329005098,4.8999999999999995,55.52672719933727,346.6488065145704,92
2184.0,7,1084.7100329005098,4.8999999999999995,55.498221502212694,346.83767007417947,92
2184.1,7,1084.7100329005098,4.8999999999999995,55.43797897276728,347.2442441697505,92
2184.2,7,1084.7100329005098,4.8999999999999995,55.411998201581454,347.4098960552449,92
2184.3,7,1084.7100329005098,4.8999999999999995,55.39845891666647,347.4914390887473,92
2184.4,7,1084.7100329005098,4.8999999999999995,55.38823981192745,347.5508093924745,92
2184.5,7,1084.7100329005098,4.8999999999999995,55.369551993001906,347.6695728191421,92
2184.6,7,1084.7100329005098,4.8999999999999995,55.371097538797656,347.6607301344699,92
2184.7,7,1084.7100329005098,4.8999999999999995,55.36555416931269,347.691067020161,92
2184.8,7,1084.7100329005098,4.8999999999999995,55.36211823864728,347.71760969304006,92
2184.9,7,1084.7100329005098,4.8999999999999995,55.36498012730716,347.69220808763976,92
2185.0,7,1084.7100329005098,4.8999999999999995,55.35508739902069,347.75264649461695,92
2185.1,7,1084.7100329005098,4.8999999999999995,55.36262504963583,347.7069005456589,92
2185.2,7,1084.7100329005098,4.8999999999999995,55.35628372303357,347.74139386163614,92
2185.3,7,1084.7100329005098,4.8999999999999995,55.3481200665842,347.79285139150943,92
2185.4,7,1084.7100329005098,4.8999999999999995,55.353976449795965,347.7490472839605,92
2185.5,7,1084.7100329005098,4.8999999999999995,55.33927203786207,347.85318964966336,92
2185.6,7,1084.7100329005098,4.8999999999999995,55.330750991472485,347.899102891903,92
2185.7,7,1084.7100329005098,4.8999999999999995,55.32478533077628,347.9364606429572,92
2185.8,7,1084.7100329005098,4.199999999999999,55.41839278009111,347.4046722305435,92
2185.9,7,1084.7100329005098,4.199999999999999,55.41178255572926,347.44781116157986,92
2186.0,7,1084.7100329005098,4.199999999999999,55.39828845360033,347.53897564182205,92
2186.1,7,1084.7100329005098,4.199999999999999,55.54995135570191,346.47323278216896,92
2186.2,7,1084.7100329005098,4.199999999999999,55.546651778729014,346.49095447284026,92
2186.3,7,1084.7100329005098,4.199999999999999,55.53483564763273,346.5646855849087,92
2186.4,7,1084.7100329005098,4.199999999999999,55.517011977837406,346.6748093050203,92
2186.5,7,1084.7100329005098,4.199999999999999,55.54671276090177,346.5069629245405,92
2186.6,7,1084.7100329005098,4.199999999999999,55.530154775708795,346.61296570857735,92
2186.7,7,1084.7100329005098,4.199999999999999,55.51752132155922,346.6893341259283,92
2186.8,7,1084.7100329005098,4.199999999999999,55.499569247764924,346.80925985062225,92
2186.9,7,1084.7100329005098,4.199999999999999,55.49688947942326,346.8316592025929,92
2187.0,9,1084.7100329005098,3.5,55.48761838952092,346.8839596181883,92
2187.1,9,1084.7100329005098,4.800000000000001,55.47452173711567,346.97338606240703,92
2187.2,9,1084.7100329005098,4.800000000000001,55.47104233873603,346.98580973882144,92
2187.3,9,1084.7100329005098,4.800000000000001,55.46641527956116,347.013449739585,92
2187.4,9,1084.7100329005098,4.800000000000001,55.44113950309642,347.0312250829923,92
2187.5,9,1084.7100329005098,4.800000000000001,55.436974960884875,347.05372928565527,92
2187.6,7,1084.6414009858252,4.800000000000001,55.415176667617985,347.18925480460507,92
2187.7,9,1084.6414009858252,4.199999999999999,55.409762414454775,347.22296803091655,92
2187.8,9,1084.6414009858252,4.800000000000001,55.39803380701538,347.28638756896714,92
2187.9,9,1084.6414009858252,4.800000000000001,55.38419275314615,347.367525857994,92
2188.0,9,1084.6414009858252,4.800000000000001,55.369798592180544,347.4538225447772,92
2188.1,9,1084.6414009858252,4.800000000000001,55.35228154126999,347.56179476248155,92
2188.2,9,1084.6414009858252,4.800000000000001,55.33288746678282,347.68043522134747,92
2188.3,7,1084.6414009858252,4.0,55.32132888105961,347.7499406294256,92
2188.4,7,1084.6414009858252,4.199999999999999,55.32860662291233,347.6962830638089,92
2188.5,7,1084.6414009858252,4.199999999999999,55.31694584787396,347.7611492744293,92
2188.6,7,1084.6414009858252,4.199999999999999,55.31190474476955,347.79175530634814,92
2188.7,7,1084.6414009858252,4.199999999999999,55.34846380558617,347.5687300333393,92
2188.8,7,1084.6414009858252,4.199999999999999,55.32802331555694,347.703913356013,92
2188.9,9,1084.6414009858252,3.5,55.31690738221321,347.7648976034633,92
2189.0,9,1084.6414009858252,4.800000000000001,55.28051629799806,347.9843508124063,92
2189.1,9,1084.6414009858252,4.800000000000001,55.27945403015501,347.98469765385096,92
2189.2,9,1084.6414009858252,4.800000000000001,55.31104702193075,347.7543753895496,92
2189.3,9,1084.6414009858252,4.800000000000001,55.305009506372016,347.78710375929336,92
2189.4,9,1084.6414009858252,4.800000000000001,55.29713115707388,347.83199164787595,92
2189.5,9,1084.6414009858252,4.800000000000001,55.28405169675756,347.91335176784963,92
2189.6,9,1084.6414009858252,4.800000000000001,55.26672401373706,348.02074404462485,92
2189.7,9,1084.6414009858252,4.800000000000001,55.268525304064525,348.00132780612694,92
2189.8,9,1084.6414009858252,4.800000000000001,55.24550277855678,348.14420580657026,92
2189.9,9,1084.6414009858252,4.800000000000001,55.22906341077783,348.2488997763502,92
2190.0,9,1084.6414009858252,4.800000000000001,55.24054507197772,348.1771651149155,92
2190.1,9,1084.6414009858252,4.800000000000001,55.21573197481521,348.3390682267613,92
2190.2,9,1084.6414009858252,4.800000000000001,55.20750499175817,348.3782772347473,92
2190.3,9,1084.6414009858252,4.800000000000001,55.19728122059955,348.43761818136716,92
2190.4,9,1084.6414009858252,4.800000000000001,55.191614529083566,348.4696863852369,92
2190.5,9,1084.6414009858252,4.800000000000001,55.18751790750159,348.49186536536433,92
2190.6,10,1085.7566328529183,4.0,55.18046097060153,348.5333797581488,92
2190.7,10,1086.188358392651,4.0,55.1799184074672,348.53614288039086,92
2190.8,9,1086.188358392651,4.0,55.210134910957365,348.306541935231,92
2190.9,9,1086.188358392651,4.0,55.041301014078954,349.4641913834663,92
2191.0,10,1086.4910042070537,4.0,55.01884335746843,349.6140229800611,92
2191.1,9,1086.4910042070537,4.0,55.01310559621638,349.65366078055104,92
2191.2,9,1086.4910042070537,4.0,54.98908485164641,349.81448137513894,92
2191.3,9,1086.4910042070537,4.800000000000001,54.982273008279435,349.85858775411816,92
2191.4,9,1086.4910042070537,4.800000000000001,54.96582654160223,349.96763640881477,92
2191.5,9,1086.4910042070537,4.800000000000001,54.96132197167254,349.9976378897485,92
2191.6,9,1086.4910042070537,4.800000000000001,54.874547070139684,350.5218311712258,92
2191.7,9,1086.4910042070537,4.800000000000001,54.868754249254785,350.55880708902924,92
2191.8,9,1086.4910042070537,4.800000000000001,54.85769288208135,350.6397864655912,92
2191.9,9,1086.4910042070537,4.800000000000001,54.86101301537664,350.62040616369677,92
2192.0,9,1086.4910042070537,4.800000000000001,54.86090512932731,350.6262110422829,92
2192.1,9,1086.4910042070537,4.800000000000001,54.91097889228221,350.28054231641397,92
2192.2,9,1087.2613588151155,4.800000000000001,54.918262572033896,350.25571582690293,93
2192.3,9,1087.2613588151155,-100.0,54.971694073550125,349.84062686368435,93
2192.4,9,1087.2613588151155,4.800000000000001,54.96799470970369,349.8674634227915,93
2192.5,9,1087.2613588151155,4.800000000000001,54.96549447522624,349.8882386211211,93
2192.6,9,1087.2613588151155,4.800000000000001,54.78079308520857,351.17243616601615,93
2192.7,9,1087.2613588151155,4.800000000000001,54.773436169841204,351.22295800105155,93
2192.8,9,1087.2613588151155,4.800000000000001,54.77302160047641,351.22647036675676,93
2192.9,9,1087.2613588151155,5.6000000000000005,54.75156275328394,351.3732542811024,93
2193.0,9,1087.2613588151155,5.6000000000000005,54.75206587115463,351.3794289507546,93
2193.1,9,1087.2613588151155,5.6000000000000005,54.74605695913665,351.4186174530488,93
2193.2,9,1087.2613588151155,5.6000000000000005,54.732429947117296,351.5126072511575,93
2193.3,9,1087.2613588151155,5.6000000000000005,54.659886993740955,351.8497568085462,93
2193.4,9,1087.2613588151155,5.6000000000000005,54.655393208002565,351.8758175509412,93
2193.5,9,1087.2613588151155,5.6000000000000005,54.63748613528665,352.0029672501623,93
2193.6,9,1087.2613588151155,5.6000000000000005,54.62989297998503,352.058549261146,93
2193.7,9,1087.2613588151155,5.6000000000000005,54.61759210919506,352.1445410172381,93
2193.8,9,1087.2613588151155,5.6000000000000005,54.606617798644436,352.2164353839595,93
2193.9,9,1087.2613588151155,5.6000000000000005,54.59598072948851,352.2902374079189,93
2194.0,9,1087.2613588151155,4.800000000000001,54.59063278108284,352.3341200880292,93
2194.1,9,1087.2613588151155,4.800000000000001,54.592894677506294,352.323713013991,93
2194.2,9,1087.2613588151155,4.800000000000001,54.599627037769906,352.2814902242659,93
2194.3,9,1087.2613588151155,4.800000000000001,54.603130139756644,352.265521481204,93
2194.4,10,1087.5320170908797,4.800000000000001,54.60627324444947,352.2439693046434,93
2194.5,10,1087.758844151216,4.800000000000001,54.61246534947888,352.2130362585324,93
2194.6,10,1087.758844151216,4.800000000000001,54.63350432992326,352.0717648143251,93
2194.7,9,1087.758844151216,4.0,54.640168587082485,352.03061320699317,93
2194.8,9,1087.758844151216,4.800000000000001,54.54877415841873,352.67863365856624,93
2194.9,9,1087.758844151216,4.800000000000001,54.548750407750646,352.68374519771714,93
2195.0,9,1087.758844151216,4.800000000000001,54.55137456509808,352.6633476646691,93
2195.1,9,1087.758844151216,4.800000000000001,54.5613137409726,352.59463928662154,93
2195.2,9,1087.758844151216,4.800000000000001,54.56233501238917,352.5899692425088,93
2195.3,9,1087.758844151216,4.800000000000001,54.556017444429486,352.63797925362627,93
2195.4,9,1087.758844151216,4.800000000000001,54.54854044702379,352.69545605339715,93
2195.5,9,1087.758844151216,4.800000000000001,54.560857527545714,352.60836761067617,93
2195.6,9,1087.758844151216,4.800000000000001,54.56727524803455,352.5636794402958,93
2195.7,9,1087.758844151216,4.800000000000001,54.55737604580645,352.6349996627586,93
2195.8,11,1087.758844151216,4.0,54.55364661767793,352.65633852833855,93
2195.9,11,1087.758844151216,4.5,54.547967104494994,352.6923120231984,93
2196.0,11,1087.758844151216,4.5,54.538814142494594,352.7495370378388,93
2196.1,11,1087.758844151216,4.5,54.52343244741898,352.85509861640196,93
2196.2,11,1087.758844151216,4.5,54.50867193396013,352.9536505701967,93
2196.3,9,1087.758844151216,3.6,54.507301406383604,352.9644050186521,93
2196.4,9,1087.758844151216,4.0,54.495539116170576,353.05009261017267,93
2196.5,9,1087.758844151216,4.0,54.47195400811445,353.21135190472484,93
2196.6,9,1087.758844151216,4.0,54.451273043392064,353.3437014825206,93
2196.7,9,1087.758844151216,4.0,54.45062201014524,353.3480287021823,93
2196.8,9,1087.758844151216,4.0,54.41140880397741,353.61150326205575,93
2196.9,9,1087.758844151216,4.0,54.38270873434546,353.80246449872925,93
2197.0,10,1087.758844151216,4.0,54.18032455415708,355.24274465102485,93
2197.1,10,1087.758844151216,4.0,54.16359223378916,355.3540665853038,93
2197.2,10,1087.758844151216,4.0,54.02311936667941,356.2181902350862,93
2197.3,9,1087.758844151216,4.0,54.00380395434949,356.3446934626217,93
2197.4,9,1087.758844151216,4.0,53.969582146214925,356.5883855488514,93
2197.5,10,1087.758844151216,4.0,53.94404732054794,356.7608405768891,93
2197.6,10,1087.758844151216,4.0,54.01326090687658,356.2500163212237,93
2197.7,12,1088.4891888042264,3.2,53.967881221609616,356.4447378798428,93
2197.8,12,1088.4891888042264,3.6,53.94139315733461,356.6326799582633,93
2197.9,12,1088.4891888042264,3.6,53.91334735365501,356.82260950516553,93
2198.0,12,1088.4891888042264,3.6,53.88920522803073,356.98107959938494,93
2198.1,12,1088.4891888042264,3.6,53.8546886775791,357.2224732242006,93
2198.2,12,1088.4891888042264,3.6,53.839078824405874,357.3342769376031,93
2198.3,11,1088.4891888042264,3.6,53.821738883985475,357.4539592781066,93
2198.4,11,1088.4891888042264,4.5,53.798626819304445,357.621355097921,93
2198.5,11,1088.4891888042264,4.5,53.78320848781375,357.7272226955509,93
2198.6,11,1088.4891888042264,4.5,53.769055541667484,357.83425754567793,93
2198.7,11,1088.4891888042264,4.5,53.75508017108771,357.9312844948921,93
2198.8,11,1088.4891888042264,3.6,53.74901285430016,357.9650836321729,93
2198.9,11,1088.4891888042264,3.6,53.608972601473575,358.82440476761394,93
2199.0,11,1088.4891888042264,3.6,53.722671078777424,357.9881879362413,93
2199.1,11,1088.4891888042264,3.6,53.72765073118887,357.94836225520146,93
2199.2,11,1088.4891888042264,3.6,53.72835159123659,357.94206325663754,93
2199.3,11,1088.4891888042264,3.6,53.75174334594765,357.77290367521937,93
2199.4,11,1088.4891888042264,3.6,53.73806255776044,357.8696027362986,93
2199.5,11,1088.4891888042264,4.5,53.75420250792365,357.75292870202577,93
2199.6,11,1088.4891888042264,4.5,53.762879322449464,357.6915322975708,93
2199.7,11,1088.4891888042264,4.5,53.76810614001184,357.65490201020623,93
2199.8,11,1088.4891888042264,4.5,53.78452389935478,357.5426939733227,93
2199.9,11,1088.4891888042264,4.5,53.784579302565845,357.54588997432217,93
2200.0,11,1088.4891888042264,4.5,53.79628437511871,357.47172441898715,93
2200.1,11,1088.4891888042264,4.5,53.8137621745786,357.34797809808106,93
2200.2,11,1088.4891888042264,4.5,53.999914158275644,356.19047248418894,93
2200.3,11,1088.4891888042264,4.5,54.01184344368862,356.1073208508951,93
2200.4,11,1088.4891888042264,4.5,54.021046475738274,356.0420979995112,93
2200.5,11,1088.4891888042264,4.5,53.880651562614354,356.8731938696576,93
2200.6,11,1088.4891888042264,4.5,53.658008972523895,358.4781741074435,93
2200.7,11,1088.4891888042264,4.5,53.68396270497574,358.2923640860168,93
2200.8,11,1088.4891888042264,4.5,53.68904585640182,358.2525274548406,93
2200.9,11,1088.4891888042264,3.6,53.696023521147765,358.19693114941526,93
2201.0,11,1088.4891888042264,3.6,53.69608924281191,358.1898960159459,93
2201.1,11,1088.4891888042264,3.6,53.700516468987516,358.165240872886,93
2201.2,11,1088.4891888042264,3.6,53.80279432652051,357.31637055079176,93
2201.3,11,1088.4891888042264,3.6,53.8106786592535,357.26450748479283,93
2201.4,11,1088.4891888042264,3.6,53.83158123735889,357.11613039908843,93
2201.5,11,1088.4891888042264,3.6,53.816690217085814,357.2190112398416,93
2201.6,11,1088.4891888042264,4.5,53.83268379967609,357.1061032025338,93
2201.7,11,1088.4891888042264,4.5,53.841404057016504,357.0451708358534,93
2201.8,11,1088.4891888042264,4.5,53.85357302594077,356.9610109515552,93
2201.9,11,1088.4891888042264,4.5,53.865333402894386,356.8782829040838,93
2202.0,11,1088.4891888042264,4.5,53.872779080154984,356.8268884815602,93
2202.1,11,1088.4891888042264,4.5,53.7530271076681,357.5519629117763,93
2202.2,11,1088.4891888042264,4.5,53.75099805956816,357.570687698049,93
2202.3,11,1088.4891888042264,4.5,53.778662518110835,357.38069026837616,93
2202.4,11,1088.4891888042264,4.5,53.801561287554286,357.2238016517623,93
2202.5,11,1088.4891888042264,4.5,53.959766621632745,356.2270732165973,93
2202.6,11,1088.4891888042264,4.5,53.97796479115401,356.1020538064617,93
2202.7,11,1088.4891888042264,4.5,54.042919427571974,355.6069403981294,93
2202.8,11,1088.4891888042264,4.5,54.060908705018065,355.48761172995256,93
2202.9,11,1088.4891888042264,4.5,54.0747149120629,355.3936763093602,93
2203.0,11,1088.4891888042264,4.5,54.080278160225156,355.3551200247409,93
2203.1,11,1088.4891888042264,4.5,54.08497837995327,355.32080939470995,93
2203.2,11,1088.4891888042264,4.5,54.05744788378739,355.5054376024522,93
2203.3,11,1088.4891888042264,4.5,54.07114487265043,355.41281330747614,93
2203.4,11,1088.4891888042264,4.5,54.07765172927177,355.3710523450808,93
2203.5,11,1088.4891888042264,4.5,53.95265824336981,356.25818668604785,93
2203.6,11,1088.4891888042264,4.5,53.97018801570311,356.14544990277795,93
2203.7,11,1088.4891888042264,4.5,53.97941985328596,356.0867834929984,93
2203.8,11,1088.4891888042264,4.5,54.04516398798428,355.5622298724782,93
2203.9,11,1088.4891888042264,4.5,54.10866670023351,355.1261250301037,93
2204.0,11,1088.4891888042264,4.5,54.1226403185359,355.0335247963222,93
2204.1,11,1088.4891888042264,4.5,54.14756263370645,354.8689303558807,93
2204.2,11,1088.4891888042264,5.4,54.066141867301525,355.4471926888069,93
2204.3,11,1088.4891888042264,5.4,54.09388324262021,355.26483361118187,93
2204.4,11,1088.4891888042264,4.5,54.095331006197256,355.26093567667374,93
2204.5,11,1088.4891888042264,4.5,54.124082649925626,355.0723059503106,93
2204.6,11,1088.4891888042264,4.5,54.13410804467691,355.0101529655527,93
2204.7,11,1088.4891888042264,4.5,54.163830964463855,354.81592164151425,93
2204.8,11,1088.4891888042264,4.5,54.17139017281387,354.77075694735896,93
2204.9,11,1088.4891888042264,4.5,54.33074655618243,353.78956085221245,93
2205.0,11,1088.4891888042264,4.5,54.32640364508292,353.8196889880395,93
2205.1,11,1088.4891888042264,4.5,54.33383816536199,353.77124891937655,93
2205.2,11,1088.4891888042264,4.5,54.35363535035606,353.6417290322381,93
2205.3,11,1088.4891888042264,4.5,54.35684816502685,353.6264439824059,93
2205.4,11,1088.4891888042264,4.5,54.357711834887795,353.6212403663046,93
2205.5,11,1088.4891888042264,4.5,54.36828711938355,353.55243353702565,93
2205.6,11,1088.4891888042264,4.5,54.39637444754643,353.3147194048322,93
2205.7,11,1088.4891888042264,5.4,54.41704655271191,353.1803562597434,93
2205.8,11,1088.4891888042264,5.4,54.417539162809575,353.18111762480254,93
2205.9,11,1088.4891888042264,5.4,54.44495572510914,352.99637854112245,93
2206.0,11,1088.4891888042264,5.4,54.43801261679721,353.0460346552734,93
2206.1,11,1088.4891888042264,4.5,54.42582197006994,353.0548931828358,93
2206.2,11,1088.4891888042264,4.5,54.366302697234836,353.37959927302154,93
2206.3,11,1088.4891888042264,4.5,54.347694815215235,353.50673893424005,93
2206.4,11,1088.4891888042264,4.5,54.359806743030255,353.4279511345205,93
2206.5,11,1088.4891888042264,4.5,54.36557762953649,353.3939606407937,93
2206.6,11,1088.4891888042264,4.5,54.363361126684424,353.4119110620567,93
2206.7,11,1088.4891888042264,4.5,54.37366888037843,353.3464309888486,93
2206.8,11,1088.4891888042264,4.5,54.24360039015142,354.2434065804674,93
2206.9,11,1088.4891888042264,4.5,54.22100899641547,354.4333922931188,93
2207.0,11,1088.4891888042264,4.5,54.23474534331487,354.34271681793643,93
2207.1,11,1088.4891888042264,4.5,54.13398213108138,354.9614094740835,93
2207.2,11,1088.4891888042264,4.5,54.12034203957076,355.06340173058976,93
2207.3,11,1088.4891888042264,4.5,54.13005164332674,354.99825847155665,93
2207.4,11,1088.4891888042264,4.5,54.12469142789139,355.0436820249073,93
2207.5,11,1088.4891888042264,4.5,54.14673319493876,354.89965773592905,93
2207.6,11,1088.4891888042264,4.5,54.19056842340646,354.6356421626598,93
2207.7,11,1088.4891888042264,4.5,54.20822730678501,354.5243347818247,93
2207.8,11,1088.4891888042264,4.5,54.20866620197505,354.5307066267079,93
2207.9,11,1088.4891888042264,4.5,54.05390065683396,355.6259275469745,93
2208.0,11,1088.4891888042264,5.4,54.052005789581735,355.65081879721276,93
2208.1,11,1088.4891888042264,5.4,54.063185303064465,355.5861849420978,93
2208.2,11,1088.4891888042264,5.4,54.07910470247281,355.4861403644601,93
2208.3,11,1088.4891888042264,5.4,54.07375032145811,355.5403863059668,93
2208.4,11,1088.4891888042264,5.4,53.93686796205723,356.3855564013335,93
2208.5,11,1088.4891888042264,5.4,53.9451957573263,356.34140453249194,93
2208.6,11,1088.4891888042264,5.4,53.94480699721445,356.3574184252294,93
2208.7,11,1088.4891888042264,4.5,53.95702837473666,356.278525725015,93
2208.8,11,1088.4891888042264,4.5,54.00928414431895,355.9177686909254,93
2208.9,11,1088.4891888042264,4.5,54.01522823547599,355.8833962845501,93
2209.0,11,1088.4891888042264,4.5,54.01379296552068,355.90280318673194,93
2209.1,11,1088.4891888042264,4.5,54.002876888875505,355.98221784950624,93
2209.2,11,1088.4891888042264,4.5,54.004834683556595,355.9814923210662,93
2209.3,11,1088.4891888042264,4.5,54.008836786971486,355.9639604935494,93
2209.4,11,1088.4891888042264,4.5,53.99519337044038,356.0621488751634,93
2209.5,11,1088.4891888042264,4.5,53.999549016392265,356.0466676939569,93
2209.6,11,1088.4891888042264,4.5,53.998441774922895,356.0642214069145,93
2209.7,11,1088.4891888042264,4.5,54.00316461729844,356.0410164130582,93
2209.8,7,1088.5868668072087,3.6,53.99321428189866,356.11616146819324,93
2209.9,7,1088.5868668072087,4.199999999999999,54.02442737987427,355.9197159082349,93
2210.0,7,1088.5868668072087,4.199999999999999,54.008226424598504,356.03862304804034,93
2210.1,7,1088.5868668072087,4.199999999999999,54.01797846456573,355.9703766910933,93
2210.2,7,1088.5868668072087,4.199999999999999,53.99833767944011,356.1118006574393,93
2210.3,7,1088.5868668072087,4.199999999999999,54.00372920748735,356.0776451474132,93
2210.4,7,1088.5868668072087,4.199999999999999,54.00903296771473,356.0417351893788,93
2210.5,7,1088.5868668072087,4.199999999999999,54.001088309759815,356.10250210862677,93
2210.6,7,1088.5868668072087,4.199999999999999,53.85594630837669,356.99126918036404,93
2210.7,7,1088.5129627814144,4.199999999999999,53.84773817031021,357.0534283302268,93
2210.8,7,1088.5129627814144,4.8999999999999995,53.841808288398155,357.0940193027523,93
2210.9,7,1088.5129627814144,4.8999999999999995,53.83558227656329,357.13600750041087,93
2211.0,7,1088.5129627814144,4.8999999999999995,53.81597431373987,357.27036825453024,93
2211.1,7,1088.5129627814144,4.8999999999999995,53.819571555278486,357.24371434307494,93
2211.2,7,1088.5129627814144,4.8999999999999995,53.81577413493483,357.27151171729224,93
2211.3,7,1088.5129627814144,4.8999999999999995,53.80310594679227,357.36012869539627,93
2211.4,7,1088.5129627814144,4.8999999999999995,53.639362982943595,358.37262120926937,93
2211.5,7,1088.5129627814144,4.8999999999999995,53.62646501093552,358.4603831578646,93
2211.6,7,1088.5129627814144,4.8999999999999995,53.62511498259188,358.46771950239076,93
2211.7,7,1088.5129627814144,4.8999999999999995,53.60696886701943,358.5926332169206,93
2211.8,7,1088.5129627814144,4.8999999999999995,53.59713604392449,358.65356074930907,93
2211.9,7,1088.5129627814144,4.8999999999999995,53.57675574157883,358.796069102944,93
2212.0,7,1088.5129627814144,4.199999999999999,53.26282005726112,361.0665354686911,93
2212.1,7,1088.5129627814144,4.199999999999999,53.239802097862146,361.22031533944465,93
2212.2,7,1088.5129627814144,4.199999999999999,53.30892562458877,360.7907738893876,93
2212.3,7,1088.5129627814144,4.199999999999999,53.29324613845781,360.89023683567507,93
2212.4,7,1088.5129627814144,4.199999999999999,53.26921875901735,361.04777550183155,93
2212.5,7,1088.5129627814144,4.199999999999999,53.24790427947147,361.195685995402,93
2212.6,7,1088.5129627814144,4.199999999999999,53.230456887800045,361.30386516968065,93
2212.7,7,1088.5129627814144,4.199999999999999,53.324224120913634,360.60632920486745,93
2212.8,7,1088.5129627814144,4.199999999999999,53.31130794228743,360.686511128602,93
2212.9,7,1088.5129627814144,4.199999999999999,53.28120871439269,360.89396470936333,93
2213.0,7,1088.5129627814144,4.199999999999999,53.260983201532405,361.0315390947388,93
2213.1,7,1088.5129627814144,4.199999999999999,53.23646480578256,361.1918890383918,93
2213.2,7,1088.5129627814144,4.199999999999999,53.202915354325185,361.4208721626774,93
2213.3,7,1088.5129627814144,4.199999999999999,53.17960751880048,361.58065560700203,93
2213.4,7,1088.5129627814144,4.199999999999999,53.16372554318358,361.68082542808986,93
2213.5,7,1088.5129627814144,4.199999999999999,53.21655392653825,361.27756962203495,93
2213.6,7,1088.5129627814144,4.199999999999999,53.187980363162595,361.4746480968812,93
2213.7,8,1088.6658087791304,4.199999999999999,53.154728701620826,361.70663790492813,93
2213.8,8,1088.6903178904056,4.199999999999999,53.125052350265136,361.9045552438894,93
2213.9,7,1088.6186267618532,4.199999999999999,53.090605214534634,362.1387461535378,93
2214.0,7,1088.6186267618532,4.8999999999999995,53.04324280051524,362.4691943992684,93
2214.1,7,1088.6186267618532,4.8999999999999995,52.842715332155485,363.7554530849332,93
2214.2,7,1088.6186267618532,4.8999999999999995,52.81577828498669,363.9465543995286,93
2214.3,7,1088.6186267618532,4.8999999999999995,52.7946020168601,364.08907263401386,93
2214.4,7,1088.6186267618532,4.8999999999999995,52.76128827237959,364.32267256932676,93
2214.5,7,1088.6186267618532,4.8999999999999995,52.73775486164142,364.4886504222747,93
2214.6,7,1088.6186267618532,4.8999999999999995,52.782992246117075,364.2199938035867,93
2214.7,7,1088.6186267618532,4.8999999999999995,52.758834502656015,364.38793278510957,93
2214.8,7,1088.6186267618532,4.8999999999999995,52.72370519359741,364.63947909339754,93
2214.9,7,1088.6186267618532,4.8999999999999995,52.69891048766527,364.8176654806766,93
2215.0,7,1088.6186267618532,4.8999999999999995,52.67283340518449,364.99712978705315,93
2215.1,7,1088.6186267618532,4.8999999999999995,52.638637634438865,365.2373805780503,93
2215.2,7,1088.6186267618532,4.8999999999999995,52.61239538619499,365.42279549266846,93
2215.3,7,1088.6186267618532,4.8999999999999995,52.60789698601408,365.3369207171902,93
2215.4,7,1088.6186267618532,4.8999999999999995,52.57545203696334,365.56402876628806,93
2215.5,7,1088.6186267618532,4.8999999999999995,52.54958057123959,365.74624936592426,93
2215.6,7,1088.6186267618532,4.8999999999999995,52.381596774962574,366.7564559899961,93
2215.7,7,1088.6186267618532,4.8999999999999995,52.44897276798186,366.25869046973537,93
2215.8,7,1088.6186267618532,4.8999999999999995,52.40592734822255,366.5657680686477,93
2215.9,7,1088.6186267618532,4.8999999999999995,52.387945649121576,366.6939682668904,93
2216.0,7,1088.6186267618532,4.8999999999999995,52.36297340090324,366.87294159209875,93
2216.1,7,1088.6186267618532,4.8999999999999995,52.34239924733741,367.0210331681591,93
2216.2,7,1088.6186267618532,4.8999999999999995,52.32536779010975,367.1431923986904,93
2216.3,7,1088.6186267618532,4.8999999999999995,52.30405054348628,367.30113937451114,93
2216.4,7,1088.6186267618532,4.8999999999999995,52.29689482977614,367.35412134550427,93
2216.5,7,1088.6186267618532,4.8999999999999995,52.275497286964494,367.5140130868758,93
2216.6,7,1088.5452448955646,4.8999999999999995,52.25455527057758,367.66800198671,93
2216.7,7,1088.5452448955646,5.6,52.23701121053484,367.7995352403476,93
2216.8,7,1088.5452448955646,5.6,52.05769489515012,369.1393313622913,93
2216.9,7,1088.5452448955646,5.6,52.05666932780744,369.1551713209272,93
2217.0,7,1088.5452448955646,5.6,52.03162604842412,369.3491510583864,93
2217.1,7,1088.5452448955646,5.6,52.02604614283352,369.39994807336006,93
2217.2,7,1088.5452448955646,5.6,52.00896221780161,369.53254599254706,93
2217.3,7,1088.5452448955646,5.6,52.092879274370205,368.9980826423382,93
2217.4,7,1088.5452448955646,5.6,52.075312861272394,369.1401824554091,93
2217.5,7,1088.5452448955646,5.6,52.0542474556988,369.30488103885614,93
2217.6,7,1088.5452448955646,5.6,51.98763821936406,369.82132017789814,93
2217.7,7,1088.5452448955646,5.6,51.98791476038636,369.8270635897469,93
2217.8,7,1088.5452448955646,5.6,51.963532175482925,370.01793593354694,93
2217.9,7,1088.5452448955646,5.6,51.96427452094403,370.02735833375937,93
2218.0,7,1088.5452448955646,5.6,51.9474100215523,370.15263853644626,93
2218.1,7,1088.5452448955646,5.6,51.9455447756029,370.1764724901993,93
2218.2,7,1088.5452448955646,5.6,51.93583023923429,370.24816307539743,93
2218.3,7,1088.5452448955646,5.6,51.97441754915078,369.8433252308253,93
2218.4,7,1088.5452448955646,5.6,51.969498089752776,369.8809598703963,93
2218.5,7,1088.5452448955646,5.6,51.96473956990147,369.9251617756712,93
2218.6,7,1088.5452448955646,5.6,51.88825086458718,370.5173231999411,93
2218.7,7,1088.5452448955646,5.6,51.86866334459597,370.66505416819666,93
2218.8,7,1088.5452448955646,5.6,51.8621291299517,370.7268632941176,93
2218.9,7,1088.5452448955646,5.6,51.866160782242844,370.7033517530864,93
2219.0,7,1088.5452448955646,4.8999999999999995,51.867459176722335,370.69891528166727,93
2219.1,7,1088.5452448955646,4.8999999999999995,51.866217700775806,370.71574959332366,93
2219.2,7,1088.5452448955646,4.8999999999999995,51.87387894197782,370.6663792868831,93
2219.3,7,1088.5452448955646,4.8999999999999995,51.88170757791564,370.6114782353699,93
2219.4,7,1088.5452448955646,4.8999999999999995,51.889615900901845,370.5548378994826,93
2219.5,7,1088.5452448955646,4.8999999999999995,51.77073641450542,371.48213934362815,93
2219.6,7,1088.5452448955646,4.8999999999999995,51.85530961811487,370.6954889366466,93
2219.7,7,1088.5452448955646,4.8999999999999995,51.871755606742866,370.575350647414,93
2219.8,7,1088.5452448955646,4.8999999999999995,51.87788359851793,370.53284908699095,93
2219.9,7,1088.5452448955646,4.8999999999999995,51.89101167126587,370.44299488583965,93
2220.0,7,1088.5452448955646,4.8999999999999995,51.903488224391026,370.3632291979112,93
2220.1,7,1088.5452448955646,4.8999999999999995,51.90728962107953,370.34341632206645,93
2220.2,7,1088.4727232012515,4.8999999999999995,51.91335210165849,370.2922358105338,93
2220.3,7,1088.4727232012515,5.6,51.797165643612445,371.1884929719382,93
2220.4,7,1088.4727232012515,5.6,51.80680823276894,371.1214577936936,93
2220.5,7,1088.4727232012515,5.6,51.80025376581469,371.1759824961399,93
2220.6,7,1088.4727232012515,5.6,51.80345836208228,371.15795758944535,93
2220.7,7,1088.4727232012515,5.6,51.79981910107871,371.1859963335171,93
2220.8,7,1088.4727232012515,5.6,52.033106683878415,369.65222018205924,93
2220.9,7,1088.4727232012515,5.6,52.029897793374204,369.6822956666034,93
2221.0,7,1088.4727232012515,5.6,52.02483730337451,369.7190154784605,93
2221.1,7,1088.4727232012515,5.6,52.03163556742471,369.6724224859927,93
2221.2,7,1088.4727232012515,5.6,52.038638512101556,369.63258547955826,93
2221.3,7,1088.4727232012515,5.6,52.02030555868765,369.6543853078008,93
2221.4,7,1088.4727232012515,5.6,52.02383493308541,369.63423344563114,93
2221.5,7,1088.4727232012515,5.6,52.02509610854572,369.62353786596395,93
2221.6,7,1088.4727232012515,5.6,52.032157304799014,369.5763528919529,93
2221.7,7,1088.4727232012515,5.6,51.87682974105752,370.60430531310055,93
2221.8,7,1088.4727232012515,5.6,51.870451686492686,370.6508090220055,93
2221.9,7,1088.4727232012515,5.6,52.061157781599405,369.198654677853,93
2222.0,7,1088.4727232012515,5.6,52.06444817213345,369.17541311333616,93
2222.1,7,1088.4727232012515,5.6,52.044857734872295,369.3182332085702,93
2222.2,7,1088.4727232012515,5.6,52.02661226784715,369.4491919776144,93
2222.3,7,1088.4727232012515,5.6,52.0174427432069,369.5141587322885,93
2222.4,7,1088.4727232012515,5.6,51.8050112777819,371.138347825873,93
2222.5,7,1088.4727232012515,5.6,51.774269762607744,371.3650164524985,93
2222.6,7,1088.4727232012515,5.6,51.76444362118484,371.4364997256837,93
2222.7,7,1088.4727232012515,5.6,51.76077204254828,371.46620374510906,93
2222.8,7,1088.4727232012515,5.6,51.745459211346656,371.5779915011484,93
2222.9,7,1088.4727232012515,5.6,51.732790929885596,371.6752110639615,93
2223.0,7,1088.4727232012515,5.6,51.7170888550108,371.78760467706843,93
2223.1,7,1088.4727232012515,5.6,51.84905325146167,370.9213132374422,93
2223.2,7,1088.4727232012515,5.6,51.819324737351025,371.14383225158247,93
2223.3,7,1088.4727232012515,5.6,51.81051545314715,371.20867196075005,93
2223.4,7,1088.4727232012515,5.6,51.79091233429424,371.35362454470203,93
2223.5,7,1088.4727232012515,5.6,51.769888823887754,371.5051128926377,93
2223.6,7,1088.4727232012515,4.8999999999999995,51.95920222604029,370.034821852058,93
2223.7,7,1088.4727232012515,4.8999999999999995,51.94386946784832,370.148790779323,93
2223.8,7,1088.4727232012515,4.8999999999999995,51.93657197483188,370.19615643836386,93
2223.9,7,1088.4727232012515,4.8999999999999995,51.91237332246469,370.37507335167584,93
2224.0,7,1088.4727232012515,4.8999999999999995,51.89108678872854,370.52927269730634,93
2224.1,7,1088.4727232012515,4.8999999999999995,51.86355586233637,370.72968738818264,93
2224.2,7,1088.4727232012515,4.8999999999999995,51.84896021960951,370.8327603559999,93
2224.3,7,1088.4727232012515,4.8999999999999995,51.81572967643529,371.0748111679452,93
2224.4,7,1088.4727232012515,4.8999999999999995,51.79371936124268,371.2323477139964,93
2224.5,7,1088.4727232012515,4.8999999999999995,51.780269439423805,371.3306937231034,93
2224.6,7,1088.4727232012515,4.8999999999999995,51.73873989387077,371.64363662419464,93
2224.7,7,1088.4727232012515,4.8999999999999995,51.72420563484937,371.7498187638156,93
2224.8,7,1088.4727232012515,4.8999999999999995,51.70790914877843,371.8713947962075,93
2224.9,7,1088.4727232012515,4.8999999999999995,51.67079964931347,372.1524017007636,93
2225.0,7,1088.4727232012515,4.8999999999999995,51.51961235591016,373.17705434670347,93
2225.1,7,1088.4727232012515,4.8999999999999995,51.34369999635402,374.5553105184255,93
2225.2,7,1088.4727232012515,4.8999999999999995,51.337366568537306,374.60382430685127,93
2225.3,7,1088.4727232012515,4.8999999999999995,51.30818016494571,374.82596748323795,93
2225.4,7,1088.4727232012515,4.8999999999999995,51.28315421831157,375.01905437207745,93
2225.5,7,1088.4727232012515,4.8999999999999995,51.388199530558,374.3149194882692,93
2225.6,7,1088.4727232012515,4.8999999999999995,51.383986113475004,374.34142342281643,93
2225.7,7,1088.4727232012515,4.8999999999999995,51.35402467293723,374.56456539918474,93
2225.8,7,1088.4727232012515,4.8999999999999995,51.34538148366616,374.63117374534755,93
2225.9,7,1088.4727232012515,4.8999999999999995,51.33564773493197,374.7060468054968,93
2226.0,7,1088.4727232012515,4.8999999999999995,51.33145500480404,374.73724912207985,93
2226.1,7,1088.4727232012515,4.8999999999999995,51.30158623870019,374.966795990092,93
2226.2,7,1088.4727232012515,4.8999999999999995,51.276733223021324,375.148055675823,93
2226.3,8,1088.6058828841385,4.199999999999999,51.43906378418926,373.8564328428763,93
2226.4,8,1088.6207678526457,4.199999999999999,51.44579104631678,373.74601874004844,93
2226.5,8,1088.5492586061832,4.199999999999999,51.44474825179685,373.74852451728975,93
2226.6,8,1088.5492586061832,4.8999999999999995,51.43103371608784,373.849734686943,93
2226.7,8,1088.5492586061832,4.199999999999999,51.408640265617095,374.01566272752166,93
2226.8,8,1088.5492586061832,4.199999999999999,51.38856519872961,374.16138685256755,93
2226.9,8,1088.5492586061832,4.199999999999999,51.36779353453737,374.3164661662539,93
2227.0,8,1088.5492586061832,4.199999999999999,51.34642357082685,374.4668931815828,93
2227.1,8,1088.5492586061832,4.199999999999999,51.32233711092857,374.6452908780649,93
2227.2,8,1088.5492586061832,4.199999999999999,51.30346460429533,374.78277587566737,93
2227.3,7,1088.4773079012218,4.199999999999999,51.28047638363988,374.9473461935875,93
2227.4,7,1088.4773079012218,4.8999999999999995,51.2421884740387,375.23327674731127,93
2227.5,7,1088.4773079012218,4.8999999999999995,51.21550333063434,375.4320575228305,93
2227.6,7,1088.4773079012218,4.8999999999999995,51.19268659815714,375.5968570873983,93
2227.7,8,1088.4773079012218,4.199999999999999,51.1675897475324,375.7828812300066,93
2227.8,8,1088.4773079012218,4.199999999999999,51.02831727800577,376.753251327434,93
2227.9,8,1088.4773079012218,4.199999999999999,50.97843768054972,377.1723067542414,93
2228.0,8,1088.4773079012218,4.199999999999999,50.954692014692235,377.3485176092488,93
2228.1,8,1088.4773079012218,4.199999999999999,50.93304021171731,377.5039937281919,93
2228.2,8,1088.4773079012218,4.199999999999999,50.91639222319371,377.630175261522,93
2228.3,8,1088.4773079012218,4.199999999999999,50.88670906395889,377.85612603482537,93
2228.4,8,1088.4773079012218,4.199999999999999,50.87252571713728,377.95654937267034,93
2228.5,8,1088.4773079012218,4.199999999999999,50.849382511247526,378.13434189812244,93
2228.6,8,1088.4773079012218,4.199999999999999,50.85370080528915,377.7771446683287,93
2228.7,8,1088.4773079012218,4.199999999999999,50.828548858484204,377.9647200590875,93
2228.8,8,1088.4773079012218,4.199999999999999,50.81156169200163,378.0856724068159,93
2228.9,8,1088.4773079012218,4.199999999999999,50.782174668372974,378.30696164121775,93
2229.0,8,1088.4773079012218,4.199999999999999,50.89614474608064,377.4173679640901,93
2229.1,8,1088.4773079012218,4.199999999999999,50.882169972555715,377.5158182299957,93
2229.2,8,1088.4773079012218,4.199999999999999,50.848981611636205,377.76768164506836,93
2229.3,8,1088.4773079012218,4.199999999999999,50.82091114012739,377.97832061616975,93
2229.4,8,1088.4773079012218,3.5,50.80425394264812,378.1028479290841,93
2229.5,8,1088.4773079012218,3.5,50.79630448356606,378.15963649180355,93
2229.6,8,1088.4773079012218,3.5,50.76439695580359,378.4020718029018,93
2229.7,10,1088.4773079012218,3.5,50.73932316964465,378.5924413862074,93
2229.8,10,1088.4773079012218,4.0,50.691811938553464,379.04254608507387,93
2229.9,9,1088.4773079012218,3.2,50.66536101596711,379.2462992253327,93
2230.0,9,1088.4773079012218,4.0,50.63761339762161,379.4614473424738,93
2230.1,9,1089.2321008655078,4.0,50.662557357139015,379.16871919293845,94
2230.2,9,1089.2321008655078,-100.0,50.63553719535155,379.37262518478224,94
2230.3,9,1089.2321008655078,4.0,50.602877558795726,379.6230422389033,94
2230.4,9,1089.2321008655078,4.0,50.58645075611897,379.74951061636125,94
2230.5,9,1089.2321008655078,4.0,50.54305453733709,380.0861669572528,94
2230.6,9,1089.2321008655078,4.0,50.500641789412924,380.4099089428289,94
2230.7,9,1089.2321008655078,4.0,50.406341549159734,381.28936921767183,94
2230.8,9,1089.2321008655078,4.0,50.35277853735291,381.71324147377936,94
2230.9,9,1089.2321008655078,4.0,50.31110406165526,382.0424334373432,94
2231.0,9,1089.2321008655078,4.0,50.2827406677802,382.2703848331221,94
2231.1,9,1089.2321008655078,4.0,50.25459181451913,382.4987337764988,94
2231.2,9,1089.2321008655078,4.0,50.218024888569246,382.7904322518358,94
2231.3,7,1089.1614477260791,4.0,50.183871946401005,383.0641744585938,94
2231.4,7,1089.1614477260791,4.199999999999999,50.14819392433203,383.34724361412475,94
2231.5,7,1089.1614477260791,4.199999999999999,50.10307268561719,384.0519619603796,94
2231.6,9,1089.1614477260791,4.199999999999999,50.07052819701845,384.3175802386672,94
2231.7,9,1089.1614477260791,4.0,50.03647523494634,384.59512152670226,94
2231.8,9,1089.1614477260791,4.0,50.00100338702811,384.88525317751873,94
2231.9,9,1089.1614477260791,4.0,49.95704076454716,385.25180217424895,94
2232.0,9,1089.1614477260791,4.0,49.92643021205478,385.5046854012277,94
2232.1,9,1089.1614477260791,4.0,50.02648149883805,384.85369495422776,94
2232.2,9,1089.1614477260791,4.0,49.980800451656805,385.2344417531426,94
2232.3,9,1089.1614477260791,4.0,49.95382944684346,385.469695907089,94
2232.4,9,1089.1614477260791,4.0,49.930055888671276,385.6718220021315,94
2232.5,9,1089.1614477260791,4.800000000000001,49.899558590254955,385.93594443342056,94
2232.6,9,1089.1614477260791,4.800000000000001,49.87241068122681,386.1726407551383,94
2232.7,9,1089.1614477260791,4.800000000000001,49.84890063209639,386.3694724252284,94
2232.8,9,1089.1614477260791,4.800000000000001,49.830708210865374,386.52984859879564,94
2232.9,9,1089.1614477260791,4.800000000000001,49.813733584182835,386.67226371132244,94
2233.0,9,1089.1614477260791,4.0,49.78605882090145,386.8901094376996,94
2233.1,9,1089.1614477260791,4.0,49.74940411159817,387.1832589316871,94
2233.2,9,1089.1614477260791,4.0,49.734361339563264,387.9138767210835,94
2233.3,9,1089.1614477260791,4.0,49.70541241656463,388.1596185544116,94
2233.4,9,1089.1614477260791,4.0,49.68644502781875,388.3204442251494,94
2233.5,9,1089.1614477260791,4.0,49.6752713397122,388.4232432583882,94
2233.6,9,1089.1614477260791,4.0,49.65091810902516,388.64074508238855,94
2233.7,9,1089.1614477260791,4.0,49.62393509486682,388.87816768324717,94
2233.8,9,1089.1614477260791,4.0,49.60877238393677,389.02215516735197,94
2233.9,9,1089.1614477260791,4.0,49.58739720881387,389.22382798041065,94
2234.0,9,1089.1614477260791,4.0,49.577245745051705,389.32267008276824,94
2234.1,9,1089.1614477260791,4.0,49.280770799167044,392.0882675175289,94
2234.2,9,1089.1614477260791,4.0,49.26738476269895,392.2260641253914,94
2234.3,9,1089.1614477260791,4.0,49.38438454462971,391.4975533124781,94
2234.4,9,1089.1614477260791,4.0,49.55818936797044,389.8919497262957,94
2234.5,9,1089.1614477260791,4.0,49.542277869469885,390.0433569885745,94
2234.6,9,1089.1614477260791,4.0,49.521584350901016,390.22974372872216,94
2234.7,9,1089.1614477260791,4.0,49.51570033881851,390.3039722465502,94
2234.8,9,1089.1614477260791,4.0,49.296600715545765,391.82480360104904,94
2234.9,9,1089.1614477260791,4.0,49.372367069331204,391.3462239507362,94
2235.0,9,1089.1614477260791,4.0,49.3557150789007,391.51155989861803,94
2235.1,9,1089.1614477260791,4.0,49.351332601154354,391.58138978977394,94
2235.2,9,1089.1614477260791,4.0,49.34934151740403,391.614851800758,94
2235.3,9,1089.1614477260791,4.800000000000001,49.32909174616469,391.81335029575064,94
2235.4,9,1089.1614477260791,4.800000000000001,49.326725205787234,391.8614994020066,94
2235.5,9,1089.1614477260791,4.800000000000001,49.32124724043008,391.92509738680343,94
2235.6,9,1089.1614477260791,4.800000000000001,49.32353392915252,391.93414724142156,94
2235.7,9,1089.1614477260791,4.800000000000001,49.31631805297721,392.01675872113344,94
2235.8,9,1089.1614477260791,4.800000000000001,49.307407196337834,392.1225899255024,94
2235.9,9,1089.1614477260791,4.800000000000001,49.302754999597354,392.17455582755133,94
2236.0,9,1089.1614477260791,4.800000000000001,49.296395528278815,392.244024231887,94
2236.1,9,1089.1614477260791,4.800000000000001,49.296547877155376,392.2603438325476,94
2236.2,9,1089.1614477260791,4.800000000000001,49.284016153988965,392.3850157074687,94
2236.3,9,1089.1614477260791,4.800000000000001,49.27835273122376,392.4567058603072,94
2236.4,9,1089.1614477260791,4.800000000000001,49.26465528807194,392.58976952962246,94
2236.5,9,1089.1614477260791,4.800000000000001,49.25930709309436,392.65533915350227,94
2236.6,9,1089.1614477260791,5.6000000000000005,49.24874863896835,392.7660670443435,94
2236.7,9,1089.1614477260791,5.6000000000000005,49.23345209698446,392.9041377829361,94
2236.8,9,1089.1614477260791,5.6000000000000005,49.215064252705815,393.09667105678113,94
2236.9,9,1089.1614477260791,5.6000000000000005,49.192333026830084,393.29479824711916,94
2237.0,9,1089.1614477260791,5.6000000000000005,49.16627463992634,393.5236424557027,94
2237.1,9,1089.1614477260791,5.6000000000000005,49.24163871142785,393.0811489864111,94
2237.2,9,1089.1614477260791,5.6000000000000005,49.201706268906655,393.4235782004229,94
2237.3,9,1089.1614477260791,5.6000000000000005,49.02534348313042,394.6421384982027,94
2237.4,9,1089.1614477260791,4.800000000000001,49.00092382679218,394.8470819136877,94
2237.5,9,1089.1614477260791,4.800000000000001,49.187577727300116,393.0435629166169,94
2237.6,9,1089.1614477260791,4.800000000000001,49.1616069069368,393.25277729417485,94
2237.7,9,1089.1614477260791,4.800000000000001,49.14655153735243,393.3769604941769,94
2237.8,9,1089.1614477260791,4.800000000000001,49.12979679400205,393.5267619163946,94
2237.9,9,1089.1614477260791,4.800000000000001,49.113651238371745,393.65970001201913,94
2238.0,9,1089.1614477260791,4.800000000000001,49.096270467608264,393.82088184052384,94
2238.1,9,1089.1614477260791,4.800000000000001,48.887477378120344,395.29723848702525,94
2238.2,9,1089.1614477260791,4.800000000000001,48.862823061567205,395.4978405147277,94
2238.3,9,1089.1614477260791,4.800000000000001,48.83298669435463,395.7487933327712,94
2238.4,9,1089.1614477260791,4.800000000000001,48.81380084106074,395.9251714242313,94
2238.5,9,1089.1614477260791,4.800000000000001,48.7020868136683,396.9755938965722,94
2238.6,9,1089.1614477260791,4.800000000000001,48.66853855322421,397.276085409428,94
2238.7,9,1089.1614477260791,4.800000000000001,48.64332381448756,397.49513971164697,94
2238.8,9,1089.1614477260791,4.800000000000001,48.62387298672837,397.65593242176726,94
2238.9,9,1089.1614477260791,4.800000000000001,48.6056738621252,397.82473736489794,94
2239.0,9,1089.1614477260791,4.800000000000001,48.59469176112206,397.91997940034554,94
2239.1,9,1089.1614477260791,4.800000000000001,48.57318686194356,398.1170063666709,94
2239.2,9,1089.1614477260791,4.800000000000001,48.56002653149771,398.23355934406976,94
2239.3,9,1089.1614477260791,4.800000000000001,48.54862402802815,398.3277611424669,94
2239.4,9,1089.1614477260791,4.800000000000001,48.53275216229592,398.4679708095363,94
2239.5,9,1089.1614477260791,4.800000000000001,48.62819782533555,397.8535201836097,94
2239.6,9,1089.1614477260791,4.800000000000001,48.60763593872739,398.03297336188234,94
2239.7,9,1089.1614477260791,4.800000000000001,48.5969232446555,398.1438587801264,94
2239.8,9,1089.1614477260791,4.800000000000001,48.79404606642342,396.21605152462166,94
2239.9,9,1089.1614477260791,4.800000000000001,48.77138658308253,396.4127631965242,94
2240.0,9,1089.1614477260791,4.800000000000001,48.75098603185521,396.5991320369373,94
2240.1,9,1089.1614477260791,4.0,48.73357158801951,396.7605805003186,94
2240.2,9,1089.1614477260791,4.0,48.70577029142963,396.9946248192048,94
2240.3,9,1089.1614477260791,4.0,48.68489123830853,397.17678520091306,94
2240.4,9,1089.1614477260791,4.0,48.670190922115715,397.3074250647535,94
2240.5,9,1089.1614477260791,4.0,48.64990845427353,397.47455388184835,94
2240.6,9,1089.1614477260791,4.0,48.62435881433757,397.6956212890209,94
2240.7,9,1089.1614477260791,4.0,48.604278976065316,397.8856385048678,94
2240.8,8,1089.1177880049468,4.0,48.591491212897765,398.0076548862311,94
2240.9,8,1089.0462656197699,4.199999999999999,48.57034333246617,397.3776537136133,94
2241.0,8,1089.0462656197699,4.199999999999999,48.55761619786035,397.4826387226832,94
2241.1,8,1089.0462656197699,4.199999999999999,48.53962146947829,397.63434939559625,94
2241.2,8,1089.0462656197699,4.199999999999999,48.52142981827516,397.79216345508496,94
2241.3,8,1089.0462656197699,4.199999999999999,48.514617488773396,397.8493852590349,94
2241.4,8,1089.0462656197699,4.199999999999999,48.49788828541935,397.9837993866288,94
2241.5,8,1089.0462656197699,4.199999999999999,48.46975504279281,398.2219887142017,94
2241.6,8,1089.0462656197699,4.199999999999999,48.44839225331128,398.39428860146154,94
2241.7,8,1089.0462656197699,4.199999999999999,48.42077965955643,398.6356383987541,94
2241.8,8,1089.0462656197699,4.199999999999999,48.53362404668462,397.8393636199469,94
2241.9,8,1089.0462656197699,4.199999999999999,48.427696638856986,398.8463711728212,94
2242.0,8,1089.0462656197699,4.199999999999999,48.60626789418735,397.1238448155433,94
2242.1,8,1089.0462656197699,4.199999999999999,48.594395089758656,397.2027788854565,94
2242.2,8,1089.0462656197699,4.199999999999999,48.574955234898596,397.3459584911353,94
2242.3,8,1089.0462656197699,4.199999999999999,48.5605390795489,397.4462282388256,94
2242.4,8,1089.0462656197699,4.199999999999999,48.547423569744524,397.5437005512078,94
2242.5,8,1089.0462656197699,4.199999999999999,48.5295396021563,397.6840035141963,94
2242.6,8,1089.0462656197699,4.199999999999999,48.51187712456035,397.81877220982267,94
2242.7,8,1089.0462656197699,4.199999999999999,48.52918944237371,396.9579260174189,94
2242.8,8,1089.0462656197699,4.199999999999999,48.51271278179636,397.0734040791933,94
2242.9,8,1089.0462656197699,4.199999999999999,48.491849924545406,397.2353725009973,94
2243.0,8,1089.0462656197699,4.199999999999999,48.4868399064118,397.26736220399346,94
2243.1,8,1089.0462656197699,4.199999999999999,48.46165002876809,397.4720489576863,94
2243.2,8,1089.0462656197699,4.199999999999999,48.45222858233795,397.5445774703053,94
2243.3,8,1089.0462656197699,4.199999999999999,48.436388946921284,397.6652012449127,94
2243.4,8,1089.0462656197699,4.199999999999999,48.42440714033701,397.7488853669397,94
2243.5,8,1089.0462656197699,4.199999999999999,48.419747888439254,397.7836292174656,94
2243.6,11,1089.0462656197699,3.5,48.40521094692343,397.89486097671943,94
2243.7,11,1089.0462656197699,3.6,48.38914342010068,398.0145327818591,94
2243.8,11,1089.0462656197699,3.6,48.382405719744575,398.0653310072512,94
2243.9,11,1089.0462656197699,3.6,48.369505643561624,398.1624775137497,94
2244.0,11,1089.0462656197699,3.6,48.356944115555734,398.2576007207852,94
2244.1,11,1089.0462656197699,3.6,48.345611360316816,398.3479959470425,94
2244.2,11,1089.0462656197699,3.6,48.34031432390927,398.38181185380665,94
2244.3,11,1089.0462656197699,3.6,48.31822397650578,398.5563945468702,94
2244.4,11,1089.0462656197699,3.6,48.38181778316569,398.0880682848295,94
2244.5,11,1089.0462656197699,3.6,48.504740573448764,396.9445003792214,94
2244.6,11,1089.0462656197699,3.6,48.488523967069824,397.0701906172842,94
2244.7,11,1089.0462656197699,3.6,48.47416061425896,397.1875685260648,94
2244.8,8,1088.9735277823338,3.6,48.50150258072759,396.5333425001482,94
2244.9,7,1088.9335148636462,3.5,48.3326058280957,398.0340342501453,94
2245.0,7,1088.866186766592,4.199999999999999,48.32386734666535,398.0973351312973,94
2245.1,11,1088.866186766592,4.199999999999999,48.308570025206095,398.2201553245201,94
2245.2,11,1088.866186766592,4.5,48.30281282168393,398.2704265420258,94
2245.3,11,1088.866186766592,4.5,48.29927168882418,398.29403768426494,94
2245.4,11,1088.866186766592,4.5,48.28120613930323,398.4538089976455,94
2245.5,11,1088.866186766592,4.5,48.27032874346646,398.54281139695865,94
2245.6,11,1088.866186766592,4.5,48.247424536105214,398.74329739729546,94
2245.7,11,1088.866186766592,4.5,48.2459405911565,398.7576234745464,94
2245.8,11,1088.866186766592,4.5,48.2344574808924,398.84773771335915,94
2245.9,11,1088.866186766592,4.5,48.0302008553942,400.70633227997916,94
2246.0,11,1088.866186766592,4.5,48.02929210955216,400.7137110712987,94
2246.1,11,1088.866186766592,4.5,48.01253710487706,400.8572189968988,94
2246.2,7,1088.866186766592,3.6,48.00209492509168,400.9539864649307,94
2246.3,7,1088.866186766592,4.199999999999999,47.99009077867107,401.0556291251943,94
2246.4,11,1088.866186766592,3.5,47.97131742303473,401.21788951495097,94
2246.5,11,1088.866186766592,3.6,47.949350328517774,401.41340206802795,94
2246.6,11,1088.866186766592,3.6,47.93732532207984,401.5169943362099,94
2246.7,11,1088.866186766592,3.6,47.91283349312226,401.7350442522534,94
2246.8,11,1088.866186766592,3.6,47.902057112120744,401.8238633151618,94
2246.9,11,1088.866186766592,3.6,47.96243774558795,401.38551301953976,94
2247.0,11,1088.866186766592,3.6,47.94084732501362,401.5677143106505,94
2247.1,11,1088.866186766592,3.6,47.91491011957845,401.79582318564457,94
2247.2,11,1088.866186766592,3.6,47.89795947630904,401.94081780075015,94
2247.3,11,1088.866186766592,3.6,47.88841495693927,402.01973272470207,94
2247.4,11,1088.866186766592,3.6,48.01741312240681,400.8044607682979,94
2247.5,11,1088.866186766592,3.6,47.9992555812092,400.9583804001952,94
2247.6,11,1088.866186766592,3.6,47.98989835726471,401.02796969818854,94
2247.7,11,1088.866186766592,3.6,47.97017864038625,401.1949335421454,94
2247.8,11,1088.866186766592,3.6,48.04225831060647,400.3308639798439,94
2247.9,11,1088.866186766592,3.6,48.091344759836005,399.976658340615,94
2248.0,11,1088.866186766592,3.6,48.0761224706842,400.0978755421657,94
2248.1,11,1088.866186766592,3.6,47.95613379103273,401.0281067008843,94
2248.2,11,1088.866186766592,3.6,47.95744170894726,401.0130779457329,94
2248.3,11,1088.866186766592,4.5,47.93343023528323,401.21769362621194,94
2248.4,11,1088.866186766592,4.5,47.931588979926644,401.2198742581289,94
2248.5,11,1088.866186766592,4.5,47.7708844580055,402.6810852097238,94
2248.6,11,1088.866186766592,4.5,47.76704759099967,402.713529088873,94
2248.7,11,1088.866186766592,4.5,47.75206622103576,402.8342304521592,94
2248.8,11,1088.866186766592,4.5,47.74485170122372,402.8870139186088,94
2248.9,11,1088.866186766592,4.5,47.72007988905513,403.09955472821235,94
2249.0,11,1088.866186766592,4.5,47.716678773400446,403.12429247728835,94
2249.1,11,1088.866186766592,4.5,47.70731095269801,403.1941626012218,94
2249.2,11,1088.866186766592,4.5,47.54024755539375,404.51500799930443,94
2249.3,11,1088.866186766592,4.5,47.52494397377288,404.6423464088049,94
2249.4,8,1088.7957213182196,4.5,47.51159866621474,404.7540451291886,94
2249.5,8,1088.7957213182196,4.199999999999999,47.49153251205375,404.92219636684007,94
2249.6,8,1088.7957213182196,4.199999999999999,47.628157867817336,403.65404023649785,94
2249.7,8,1088.7957213182196,4.199999999999999,47.6028211391606,403.87598480257077,94
2249.8,8,1088.7957213182196,4.199999999999999,47.588594500046185,403.9923825543581,94
2249.9,8,1088.7957213182196,4.199999999999999,47.57175539956132,404.13172584770746,94
2250.0,8,1088.7957213182196,4.199999999999999,47.548701410435925,404.3250669274561,94
2250.1,8,1088.7957213182196,4.199999999999999,47.52839020551653,404.49941694322155,94
2250.2,8,1088.7957213182196,4.199999999999999,47.525415354133656,404.5176250031476,94
2250.3,8,1088.7957213182196,4.199999999999999,47.50273205739511,404.7157608427083,94
2250.4,8,1088.7957213182196,4.199999999999999,47.3711217802022,405.91047034544283,94
2250.5,8,1088.7957213182196,4.199999999999999,47.355136357540786,406.04338164979043,94
2250.6,8,1088.7957213182196,4.199999999999999,47.35160082203816,406.06590180186606,94
2250.7,8,1088.7957213182196,4.199999999999999,47.420472949252996,405.5338344037529,94
2250.8,8,1088.7957213182196,4.199999999999999,47.4039420046134,405.6722955700975,94
2250.9,8,1088.7957213182196,4.199999999999999,47.3840609801518,405.83547264129936,94
2251.0,8,1088.7957213182196,4.199999999999999,47.32324651011841,406.4013230488682,94
2251.1,8,1088.7957213182196,4.199999999999999,47.30468126091603,406.5525692998965,94
2251.2,8,1088.7957213182196,4.199999999999999,47.2830982345871,406.7382867317182,94
2251.3,8,1088.7957213182196,4.199999999999999,47.27218237310667,406.83121098759784,94
2251.4,8,1088.7957213182196,4.199999999999999,47.24591463245717,407.06024600959887,94
2251.5,8,1088.7957213182196,4.199999999999999,47.38776317953074,405.7214661314649,94
2251.6,8,1088.7957213182196,4.199999999999999,47.354685695508614,406.0125039491223,94
2251.7,8,1088.7957213182196,4.199999999999999,47.3424869437768,406.1113531193743,94
2251.8,8,1088.7957213182196,4.199999999999999,47.324987264141555,406.2643835755955,94
2251.9,8,1088.7957213182196,4.199999999999999,47.3250908521692,406.2561120724215,94
2252.0,8,1088.7957213182196,4.199999999999999,47.31492906211634,406.341706474788,94
2252.1,8,1088.7957213182196,4.199999999999999,47.298333731182964,406.4765487163328,94
2252.2,8,1088.7957213182196,4.199999999999999,47.28331043635369,406.5968899975992,94
2252.3,8,1088.7957213182196,4.199999999999999,47.27605386834792,406.65045158990176,94
2252.4,8,1088.7957213182196,4.199999999999999,47.25591369541232,406.8210303760511,94
2252.5,8,1088.7957213182196,4.199999999999999,47.23879541716552,406.96350372345455,94
2252.6,8,1088.7957213182196,4.199999999999999,47.232682393327465,407.00615747229233,94
2252.7,8,1088.7957213182196,4.199999999999999,47.21954671193893,407.11433446866647,94
2252.8,8,1088.7957213182196,4.199999999999999,47.0099730354635,408.81973442008865,94
2252.9,8,1088.7957213182196,4.199999999999999,46.99934641092222,408.9047466113169,94
2253.0,8,1088.7957213182196,4.199999999999999,46.97769761579798,409.08971016823693,94
2253.1,8,1088.7957213182196,4.199999999999999,46.96584740345544,409.1862791955141,94
2253.2,8,1088.7957213182196,4.199999999999999,47.04764965017626,408.5188343358486,94
2253.3,8,1088.7957213182196,4.199999999999999,47.04285546515901,408.55092083421107,94
2253.4,8,1088.7957213182196,4.199999999999999,47.02939111849997,408.66713957284367,94
2253.5,8,1088.7957213182196,4.199999999999999,47.011357708721306,408.8219041762013,94
2253.6,8,1088.7957213182196,4.199999999999999,46.993124619149114,408.9773785830208,94
2253.7,8,1088.7957213182196,4.199999999999999,46.984981158275964,409.03818114390526,94
2253.8,8,1088.7957213182196,4.199999999999999,46.96382017024527,409.22099713371244,94
2253.9,8,1088.7235397231996,4.199999999999999,46.94250805309744,409.404961546703,94
2254.0,8,1088.7235397231996,4.8999999999999995,46.92674156047726,409.53563526856783,94
2254.1,8,1088.7235397231996,4.8999999999999995,47.05295022225614,408.35165753204575,94
2254.2,8,1088.7235397231996,4.8999999999999995,47.028790685122104,408.5584137036151,94
2254.3,8,1088.7235397231996,4.8999999999999995,47.01085576473328,408.7090464619289,94
2254.4,8,1088.7235397231996,4.8999999999999995,47.05652870185477,408.18132688380445,94
2254.5,8,1088.7235397231996,4.8999999999999995,47.027284494200714,408.4366590187477,94
2254.6,8,1088.7235397231996,4.8999999999999995,47.01527648050425,408.53918302046327,94
2254.7,8,1088.7235397231996,4.8999999999999995,47.00113338252309,408.6607944881873,94
2254.8,8,1088.7235397231996,4.8999999999999995,46.845840132183355,409.9669486525047,94
2254.9,8,1088.7235397231996,4.8999999999999995,46.82436359575148,410.15492116427345,94
2255.0,8,1088.7235397231996,4.199999999999999,46.8106487148432,410.2721178009025,94
2255.1,8,1088.7235397231996,4.199999999999999,46.78597294918018,410.4876342092708,94
2255.2,8,1088.7235397231996,4.199999999999999,46.77742783855193,410.5604342508735,94
2255.3,8,1088.7235397231996,4.199999999999999,46.747831644144014,410.8237691934673,94
2255.4,8,1088.7235397231996,4.199999999999999,46.74037649439187,410.8859844415823,94
2255.5,8,1088.7235397231996,4.199999999999999,46.72014395576779,411.0625347712141,94
2255.6,8,1088.7235397231996,4.199999999999999,46.69990439287967,411.24108256327423,94
2255.7,8,1088.7235397231996,4.199999999999999,46.783492625471375,410.5363297554336,94
2255.8,8,1088.7235397231996,4.199999999999999,46.76666474620098,410.6844968656555,94
2255.9,8,1088.7235397231996,4.199999999999999,46.753572804092144,410.79802954647323,94
2256.0,8,1088.7235397231996,4.199999999999999,46.73937895713626,410.9247141863587,94
2256.1,8,1088.7235397231996,4.199999999999999,46.73127201485566,410.99353038082756,94
2256.2,8,1088.7235397231996,4.199999999999999,46.717570651956606,411.11471149672695,94
2256.3,8,1088.7235397231996,4.199999999999999,46.70375003433872,411.2345046690717,94
2256.4,8,1088.7235397231996,4.199999999999999,46.684017964748854,411.4077899715678,94
2256.5,8,1088.7235397231996,4.199999999999999,46.68068529319402,411.4363116317423,94
2256.6,8,1088.7235397231996,4.199999999999999,46.65968082265366,411.62197952666384,94
2256.7,8,1088.7235397231996,4.199999999999999,46.78556139064243,410.4757239891784,94
2256.8,8,1088.7235397231996,4.199999999999999,46.76321904387825,410.67344570394187,94
2256.9,8,1088.7235397231996,4.199999999999999,46.74398970318539,410.84434641643446,94
2257.0,8,1088.7235397231996,4.199999999999999,46.709200856747756,411.1516141028965,94
2257.1,8,1088.7235397231996,4.199999999999999,46.69202747542508,411.30368936064065,94
2257.2,8,1088.7235397231996,4.199999999999999,46.66705314267623,411.5230058508827,94
2257.3,8,1088.7235397231996,4.199999999999999,46.6508462272612,411.66791089365853,94
2257.4,8,1088.6511637496683,4.199999999999999,46.629455970588786,411.8572553829305,94
2257.5,8,1088.6511637496683,4.8999999999999995,46.61342002024795,411.9973333111384,94
2257.6,8,1088.6511637496683,4.8999999999999995,46.415506621196855,413.8115800316616,94
2257.7,8,1088.6511637496683,4.8999999999999995,46.39237713790385,414.0190987202089,94
2257.8,8,1088.6511637496683,4.8999999999999995,46.38710260165071,414.0640281036872,94
2257.9,8,1088.6511637496683,4.8999999999999995,46.36050950548409,414.3024640338453,94
2258.0,8,1088.6511637496683,4.8999999999999995,46.357261848987946,414.3318766027634,94
2258.1,8,1088.6511637496683,4.8999999999999995,46.425615948377256,413.75506126724616,94
2258.2,8,1088.6511637496683,4.8999999999999995,46.40340791624774,413.95583859335807,94
2258.3,8,1088.6511637496683,4.8999999999999995,46.38272582738425,414.1390488874711,94
2258.4,8,1088.6511637496683,4.8999999999999995,46.36503502936252,414.29412276646667,94
2258.5,8,1088.6511637496683,4.8999999999999995,46.34246653365183,414.4961303146139,94
2258.6,8,1088.6511637496683,4.8999999999999995,46.323650190990556,414.6645571269234,94
2258.7,8,1088.6511637496683,4.8999999999999995,46.293019046186956,414.9447541792264,94
2258.8,8,1088.6511637496683,4.8999999999999995,46.28374765908833,415.02438430908467,94
2258.9,8,1088.6511637496683,4.8999999999999995,46.25732211861664,415.2679694908565,94
2259.0,8,1088.6511637496683,4.8999999999999995,46.23432206898441,415.4748647035793,94
2259.1,8,1088.6511637496683,4.8999999999999995,46.22372068442604,415.57154814719183,94
2259.2,8,1088.6511637496683,4.8999999999999995,46.20289192981588,415.7583933300424,94
2259.3,8,1088.6511637496683,4.8999999999999995,46.19304446722791,415.84976484886556,94
2259.4,8,1088.6511637496683,4.8999999999999995,46.15871622079348,416.16435275394736,94
2259.5,8,1088.6511637496683,4.8999999999999995,46.26460715638886,415.16493358130447,94
2259.6,8,1088.6511637496683,4.8999999999999995,46.248659876245085,415.31126563714434,94
2259.7,8,1088.6511637496683,4.8999999999999995,46.24324890765848,415.36025213196353,94
2259.8,8,1088.6511637496683,4.8999999999999995,46.2427299780868,415.2850198688358,94
2259.9,7,1088.6018888717945,4.199999999999999,46.2267313242026,415.4280419053548,94
2260.0,8,1088.6018888717945,4.199999999999999,46.207487510888356,415.60517113749154,94
2260.1,8,1088.6018888717945,4.199999999999999,46.19206662761549,415.74390290078316,94
2260.2,8,1088.6018888717945,4.199999999999999,46.18825378154034,415.7361934645322,94
2260.3,7,1088.530511134899,3.5,46.15893224981535,416.0031959982027,94
2260.4,7,1088.530511134899,4.8999999999999995,45.9743166158109,417.6486112077839,94
2260.5,7,1088.530511134899,4.8999999999999995,45.94131459761245,417.9513773869435,94
2260.6,7,1088.530511134899,4.8999999999999995,45.85432541105196,418.75709842273636,94
2260.7,7,1088.530511134899,4.8999999999999995,45.93081136399289,418.077905233058,94
2260.8,7,1088.530511134899,4.8999999999999995,45.9062539090915,418.3048715781422,94
2260.9,7,1088.530511134899,4.8999999999999995,45.89800419577362,418.3788269016052,94
2261.0,7,1088.530511134899,4.8999999999999995,45.87180522098109,418.62106133876046,94
2261.1,7,1088.530511134899,4.8999999999999995,45.855750763344865,418.76900626964175,94
2261.2,7,1088.530511134899,4.8999999999999995,45.83941675596235,418.9211582460477,94
2261.3,7,1088.530511134899,4.8999999999999995,45.82756775956806,419.029419043271,94
2261.4,7,1088.530511134899,4.8999999999999995,45.81012207148541,419.18820055335965,94
2261.5,7,1088.530511134899,4.8999999999999995,45.77942769969566,419.4702188662827,94
2261.6,7,1088.530511134899,4.8999999999999995,45.76238529028238,419.6291983095804,94
2261.7,7,1088.530511134899,4.8999999999999995,45.73284037198883,419.9042768705269,94
2261.8,7,1088.530511134899,4.8999999999999995,45.55958174809298,421.4717877383079,94
2261.9,7,1088.530511134899,4.8999999999999995,45.546653565135784,421.5925616924501,94
2262.0,7,1088.530511134899,4.8999999999999995,45.52786420499699,421.76614951482645,94
2262.1,7,1088.530511134899,4.8999999999999995,45.50839489136365,421.9486992080758,94
2262.2,7,1088.530511134899,4.8999999999999995,45.48790255114881,422.1403228756494,94
2262.3,7,1088.530511134899,4.8999999999999995,45.47072606555513,422.3005979534441,94
2262.4,7,1088.530511134899,4.199999999999999,45.4382448540798,422.6053788167809,94
2262.5,7,1088.530511134899,4.199999999999999,45.418426957660714,422.79004229380087,94
2262.6,7,1088.530511134899,4.199999999999999,45.39703927611707,422.99293775332967,94
2262.7,7,1088.530511134899,4.199999999999999,45.360556327504796,423.336543391365,94
2262.8,7,1088.530511134899,4.199999999999999,45.33609811732631,423.56542755734665,94
2262.9,7,1088.530511134899,4.199999999999999,45.3165184123641,423.7524816021206,94
2263.0,7,1088.530511134899,4.199999999999999,45.294867337430524,423.95486939739453,94
2263.1,7,1088.530511134899,4.199999999999999,45.253945895314075,424.3471425977299,94
2263.2,7,1088.530511134899,4.199999999999999,45.31699319089088,423.7825405702024,94
2263.3,7,1088.530511134899,4.199999999999999,45.28915860793934,424.047696494388,94
2263.4,7,1088.530511134899,4.199999999999999,45.266758186634235,424.2587672489186,94
2263.5,7,1088.530511134899,4.199999999999999,45.23667974499215,424.5432405881797,94
2263.6,7,1088.530511134899,4.199999999999999,45.19974098256016,424.90034526284677,94
2263.7,7,1088.530511134899,4.199999999999999,45.17271244961157,425.1593800244682,94
2263.8,7,1088.530511134899,4.199999999999999,45.14903402509202,425.38773285280774,94
2263.9,7,1088.530511134899,4.199999999999999,45.128264563737886,425.584610896251,94
2264.0,7,1088.530511134899,4.199999999999999,45.09884520149866,425.8682161464193,94
2264.1,7,1088.530511134899,4.199999999999999,44.85154781291541,428.53186956929574,94
2264.2,7,1088.530511134899,4.199999999999999,44.81593922130665,428.8783334644444,94
2264.3,7,1088.530511134899,4.199999999999999,44.7423584438597,429.64131004618304,94
2264.4,7,1088.530511134899,4.8999999999999995,44.72369627654448,429.8341026224016,94
2264.5,7,1088.530511134899,4.8999999999999995,44.68788360256739,430.2003192412998,94
2264.6,7,1088.530511134899,4.8999999999999995,44.64463713693979,430.6358381322282,94
2264.7,7,1088.530511134899,4.8999999999999995,44.61661128297896,430.9155347742901,94
2264.8,7,1088.530511134899,4.8999999999999995,44.70322885469737,430.00999387347827,94
2264.9,7,1088.530511134899,4.8999999999999995,44.68786618969643,430.15557219643006,94
2265.0,7,1088.530511134899,4.8999999999999995,44.458404164597304,432.72577850517536,94
2265.1,8,1088.4696349262008,4.199999999999999,44.43193348134888,432.99924450197636,94
2265.2,7,1088.4696349262008,2.8,44.41435785988173,433.1705934969841,94
2265.3,7,1088.4696349262008,4.199999999999999,44.335538394217224,434.0771834513962,94
2265.4,7,1088.4696349262008,4.199999999999999,44.33725353402166,434.05872766983293,94
2265.5,7,1088.4696349262008,4.199999999999999,44.32178811812048,434.21409128909977,94
2265.6,7,1088.4696349262008,4.199999999999999,44.118520077804945,436.0299363004972,94
2265.7,7,1088.4696349262008,4.199999999999999,44.18587915200118,435.4377467311201,94
2265.8,7,1088.4696349262008,4.199999999999999,44.18008771550825,435.4789693343697,94
2265.9,7,1088.4696349262008,4.199999999999999,44.17179291136518,435.560664041462,94
2266.0,7,1088.4696349262008,4.199999999999999,44.17521386539051,435.5142532141195,94
2266.1,7,1088.4696349262008,3.5,44.143148384395076,435.8467550292597,94
2266.2,7,1088.4696349262008,3.5,44.13603930112235,435.91876800661845,94
2266.3,7,1088.4696349262008,3.5,44.123548079519175,436.04246262509537,94
2266.4,7,1088.4696349262008,3.5,44.10682443311714,436.22245365379575,94
2266.5,7,1088.4696349262008,3.5,44.10729446954258,436.2148576131018,94
2266.6,8,1088.4696349262008,3.5,44.089443254777535,436.4054033940594,94
2266.7,8,1088.4696349262008,2.8,44.1020691243114,436.2650442034326,94
2266.8,8,1088.4696349262008,2.8,44.16924702961212,435.4161691251737,94
2266.9,8,1088.4696349262008,2.8,44.17925624708731,435.3018806671788,94
2267.0,8,1088.4696349262008,2.8,44.18732967830035,435.2240759975291,94
2267.1,8,1088.4696349262008,2.8,44.26098584714576,434.23544912807245,94
2267.2,8,1088.4696349262008,2.8,44.25721900894629,434.2775147164128,94
2267.3,8,1088.4696349262008,2.8,44.261801847018575,434.22747617967855,94
2267.4,7,1088.3979398436318,2.8,44.26153734295836,434.2182738779252,94
2267.5,5,1086.8572040639137,4.199999999999999,44.382452805712404,432.9668598005846,94
2267.6,5,1086.2698095445303,5.0,44.38242141763798,432.9776703404213,94
2267.7,5,1086.2698095445303,5.0,44.15397007859018,435.09443148170715,94
2267.8,5,1086.2698095445303,5.0,44.16291487945185,435.00133907389875,94
2267.9,5,1086.2698095445303,5.0,44.17158793813104,434.9151855359995,94
2268.0,5,1086.2698095445303,5.0,44.24970707885892,434.18480828688615,94
2268.1,5,1086.2698095445303,5.0,44.24003826079185,434.2846360379583,94
2268.2,5,1086.2698095445303,5.0,44.24784851757944,434.2031035802537,94
2268.3,5,1086.2698095445303,5.0,44.21943751793971,434.6545701290472,94
2268.4,5,1086.2698095445303,5.0,44.2391841813322,434.44899830965124,94
2268.5,5,1086.2698095445303,5.0,44.24589052477698,434.3779735243196,94
2268.6,5,1086.2698095445303,5.0,44.253819402859584,434.28996459284343,94
2268.7,5,1086.2698095445303,5.0,44.24127516827899,434.4125526823807,94
2268.8,5,1086.2698095445303,5.0,44.24839651093234,434.3316078223962,94
2268.9,5,1086.2698095445303,5.0,44.248171989492356,434.3308284044573,94
2269.0,5,1086.2698095445303,5.0,44.302072762436254,433.64211674964275,94
2269.1,5,1086.2698095445303,5.0,44.3163619922353,433.49187415859404,94
2269.2,5,1086.2698095445303,5.0,44.318192132586134,433.4692455577822,94
2269.3,5,1086.2698095445303,5.0,44.32985901947674,433.3465941702117,94
2269.4,5,1086.2698095445303,5.0,44.331677844499985,433.32638377844137,94
2269.5,5,1086.2698095445303,5.0,44.338647522018874,433.2527118792385,94
2269.6,5,1086.2698095445303,5.0,44.33846544160602,433.25151837002386,94
2269.7,5,1086.2698095445303,5.0,44.34621001637997,433.17091421572667,94
2269.8,5,1086.2698095445303,5.0,44.36043504715848,433.02391256863086,94
2269.9,5,1086.2698095445303,5.0,44.361796873139504,433.00544963265315,94
2270.0,5,1086.2698095445303,5.0,44.37026047203646,432.91169785924933,94
2270.1,5,1086.2698095445303,5.0,44.37465658993945,432.8648666866336,94
2270.2,5,1086.2698095445303,5.0,44.38265418197921,432.77851657540714,94
2270.3,5,1086.2698095445303,5.0,44.384926688052055,432.75126386611305,94
2270.4,5,1086.2698095445303,5.0,44.45004104953045,432.14120063832297,94
2270.5,5,1086.2698095445303,5.0,44.461864432059244,432.0173861012978,94
2270.6,5,1086.2698095445303,5.0,44.46268373818833,432.0012478727298,94
2270.7,5,1086.2698095445303,5.0,44.473416462591594,431.8878434314343,94
2270.8,5,1086.2698095445303,5.0,44.52248131299936,431.38287515007204,94
2270.9,5,1085.9174452919553,5.0,44.53173662050584,431.28533176036456,94
2271.0,5,1085.9174452919553,5.5,44.53798464903173,431.2132265376916,94
2271.1,5,1085.9174452919553,5.5,44.52380427915791,431.3481071516294,94
2271.2,5,1085.9174452919553,5.5,44.51961446198358,431.38397126157565,94
2271.3,5,1085.9174452919553,5.5,44.50453896928481,431.5259926198512,94
2271.4,5,1085.9174452919553,5.5,44.30169217284015,433.5633810058347,94
2271.5,5,1085.9174452919553,5.5,44.303145348142394,433.539577668073,94
2271.6,5,1085.9174452919553,5.5,44.293129871136514,433.6315401422056,94
2271.7,5,1085.9174452919553,5.5,44.2974182952198,433.57983823084425,94
2271.8,5,1085.9174452919553,5.5,44.28816609642347,433.66587772838454,94
2271.9,5,1085.9174452919553,5.5,44.27897996255337,433.75089471473063,94
2272.0,5,1085.9174452919553,5.5,44.28374993379575,433.69699534874377,94
2272.1,5,1085.9174452919553,5.5,44.27621715645864,433.7649002987642,94
2272.2,5,1085.9174452919553,5.5,44.291374918019834,433.6039830312842,94
2272.3,5,1085.9174452919553,5.5,44.271373913420305,433.8007143297335,94
2272.4,5,1085.9174452919553,5.5,44.11453023557786,435.28898992234497,94
2272.5,5,1085.9174452919553,5.5,44.093929687350936,435.49420393946787,94
2272.6,5,1085.9174452919553,5.5,44.105085106562534,435.3779999437894,94
2272.7,5,1085.9174452919553,5.5,44.10547409779933,435.37064631442934,94
2272.8,5,1085.9174452919553,5.5,44.097378783498904,435.45127365455096,94
2272.9,5,1085.9174452919553,5.5,44.164491818359075,434.80399274109834,94
2273.0,5,1085.9174452919553,5.5,44.162672916510516,434.82159613506894,94
2273.1,5,1085.9174452919553,5.5,44.164518579187515,434.8011593954677,94
2273.2,5,1085.9174452919553,5.5,44.18148006963273,434.6273573026729,94
2273.3,5,1085.9174452919553,5.5,44.15239803153074,434.9153042493498,94
2273.4,5,1085.9174452919553,5.5,44.15453975094183,434.8921955042723,94
2273.5,5,1085.9174452919553,5.5,44.17014260674576,434.73545773912804,94
2273.6,5,1085.9174452919553,5.5,44.17310944082341,434.70394184138183,94
2273.7,5,1085.9174452919553,5.5,44.21230513188391,434.324563495126,94
2273.8,5,1085.9174452919553,5.5,44.20959750444211,434.3498040422348,94
2273.9,5,1085.9174452919553,5.5,44.2018767160303,434.42660883484695,94
2274.0,5,1085.9174452919553,5.5,44.21219699057491,434.3235327819259,94
2274.1,5,1085.9174452919553,5.5,44.21701066291999,434.27383332858295,94
2274.2,5,1085.9174452919553,5.5,44.2235298431536,434.206954359649,94
2274.3,5,1085.9174452919553,5.5,44.23730669453799,434.06898159445336,94
2274.4,5,1085.9174452919553,5.5,44.22267472440406,434.21467398444406,94
2274.5,5,1085.9174452919553,5.5,44.23023120062834,434.13882007375076,94
2274.6,5,1085.9174452919553,5.5,44.232645531704094,434.11330324789554,94
2274.7,5,1085.9174452919553,5.5,44.01667321966301,436.208330188758,94
2274.8,5,1085.9174452919553,5.5,44.01952828673633,436.17895793290256,94
2274.9,5,1085.5653116135788,5.5,44.01052027830832,436.26755157283225,94
2275.0,5,1085.5653116135788,6.0,44.006049387002186,436.3103969719004,94
2275.1,5,1085.5653116135788,6.0,44.02070502281353,436.1594209249991,94
2275.2,5,1085.5653116135788,6.0,44.032709597480846,436.041211714803,94
2275.3,5,1085.5653116135788,6.0,44.03158050038111,436.05260228694107,94
2275.4,5,1085.5653116135788,6.0,44.03839996360545,435.98520233017234,94
2275.5,5,1085.5653116135788,6.0,44.03420925697327,436.0263387826495,94
2275.6,5,1085.5653116135788,6.0,44.04189339255343,435.95045336307317,94
2275.7,5,1085.5653116135788,6.0,44.045252728574695,435.9173272008797,94
2275.8,5,1085.5653116135788,6.0,44.036388785837886,436.0051830107027,94
2275.9,5,1085.5653116135788,6.0,44.05016215746713,435.8694518310991,94
2276.0,5,1085.5653116135788,6.0,43.854132701995105,437.83538412304347,94
2276.1,5,1085.5653116135788,6.0,43.839796233056106,437.9765858016967,94
2276.2,5,1085.5653116135788,6.0,43.83842406456113,437.9901143028475,94
2276.3,5,1085.5653116135788,6.0,43.83000555689685,438.07368463798605,94
2276.4,5,1085.5653116135788,6.0,43.79020758490505,438.4542393680873,94
2276.5,5,1085.5653116135788,6.0,43.79741058282818,438.3821323109437,94
2276.6,5,1085.5653116135788,6.0,43.786854742126465,438.4877633520373,94
2276.7,5,1085.5653116135788,6.0,43.79226351375026,438.4336058601084,94
2276.8,5,1085.5653116135788,6.0,43.83873994774787,437.96957144128316,94
2276.9,5,1085.5653116135788,6.0,43.750273054154896,438.8595282451063,94
2277.0,5,1085.5653116135788,6.0,43.75315534908208,438.8304598518262,94
2277.1,5,1085.5653116135788,6.0,43.6800662392108,439.6659192195401,94
2277.2,5,1085.5653116135788,6.0,43.68837855999395,439.5821753802379,94
2277.3,5,1085.5653116135788,6.0,43.69690316924574,439.49630431122125,94
2277.4,5,1085.5653116135788,6.0,43.75348196183688,438.84862667218925,94
2277.5,5,1085.5653116135788,6.0,43.73414969900266,439.0457953830538,94
2277.6,5,1085.5653116135788,6.0,43.732368772118235,439.0651480710246,94
2277.7,5,1085.5653116135788,6.0,43.743180843792764,438.9554777314129,94
2277.8,5,1085.5653116135788,6.0,43.73019335763969,439.0856618693898,94
2277.9,5,1085.5653116135788,6.0,43.75441430246702,438.8419527963857,94
2278.0,5,1085.5653116135788,6.0,43.765739427784986,438.7318405636723,94
2278.1,5,1085.5653116135788,5.5,43.844160180155754,437.9158412568203,94
2278.2,5,1085.5653116135788,5.5,43.84039798003428,437.95276286355414,94
2278.3,5,1085.5653116135788,5.5,43.853671411475254,437.8201561482855,94
2278.4,5,1085.5653116135788,5.5,43.87715000741586,437.5860419266255,94
2278.5,5,1085.5653116135788,5.5,43.89539485005601,437.4041421105451,94
2278.6,5,1085.5653116135788,5.5,43.891711783047576,437.4426090775593,94
2278.7,5,1085.5653116135788,5.5,43.93170956482338,437.0437389812302,94
2278.8,5,1085.5653116135788,5.5,43.95446799790491,436.8174689504048,94
2278.9,5,1085.5653116135788,5.5,43.84263193039657,437.9423386126136,94
2279.0,5,1085.5653116135788,5.5,43.87776109167502,437.5929740403047,94
2279.1,5,1085.5653116135788,5.5,43.89746962223683,437.3981508782293,94
2279.2,5,1085.2132652235591,5.5,43.935043046052684,437.0228793629242,94
2279.3,5,1085.2132652235591,6.0,43.95887015907721,436.78833070515884,94
2279.4,5,1085.2132652235591,6.0,43.99256726165174,436.4543362934317,94
2279.5,5,1085.2132652235591,6.0,44.03344092651544,436.0495103312712,94
2279.6,5,1085.2132652235591,6.0,44.048412307978225,435.9039403281248,94
2279.7,5,1085.2132652235591,6.0,44.115404265779325,435.2492507871197,94
2279.8,5,1085.2132652235591,6.0,44.15208999572612,434.8874674850917,94
2279.9,5,1085.2132652235591,6.0,44.02398376904527,436.13551236216585,94
2280.0,5,1085.2132652235591,6.0,44.044723873838954,435.931649711901,94
2280.1,5,1085.2132652235591,6.0,44.074813923829595,435.63409523561216,94
2280.2,5,1085.2132652235591,6.0,44.099477126682686,435.3922390628584,94
2280.3,5,1085.2132652235591,6.0,44.12713611666858,435.11853454068336,94
2280.4,5,1085.2132652235591,6.0,44.14425215603685,434.951967159598,94
2280.5,5,1085.2132652235591,6.0,44.176859880204375,434.6315328346667,94
2280.6,5,1085.2132652235591,6.0,44.200575031364366,434.3994742571532,94
2280.7,5,1085.2132652235591,6.0,44.128754612204354,435.0972800346995,94
2280.8,5,1085.2132652235591,6.0,44.15699425033195,434.8190872097108,94
2280.9,5,1085.2132652235591,6.0,44.16619573838584,434.72999829758146,94
2281.0,5,1085.2132652235591,6.0,44.1728927633101,434.66549007684125,94
2281.1,5,1085.2132652235591,6.0,44.20424921349258,434.35737066421467,94
2281.2,5,1085.2132652235591,6.0,44.23414329932611,434.0648660290915,94
2281.3,5,1085.2132652235591,6.0,44.24167915420167,433.993743419624,94
2281.4,5,1085.2132652235591,6.0,44.26010048648216,433.81360334526863,94
2281.5,5,1085.2132652235591,6.0,44.29464253254332,433.47456209477343,94
2281.6,5,1085.2132652235591,6.0,44.313338568762326,433.29152052253585,94
2281.7,5,1085.2132652235591,6.0,44.38737029942163,432.5566585354794,94
2281.8,5,1085.2132652235591,6.0,44.416605959076364,432.27207655484017,94
2281.9,5,1085.2132652235591,6.0,44.45676823201673,431.88190170729183,94
2282.0,5,1085.2132652235591,6.0,44.48260905822582,431.63112209563445,94
2282.1,5,1085.2132652235591,6.0,44.517060627848146,431.29784188098847,94
2282.2,5,1085.2132652235591,6.0,44.55164416616515,430.9631137531401,94
2282.3,5,1085.2132652235591,6.0,44.57190117518598,430.7674394189163,94
2282.4,5,1085.2132652235591,6.0,44.61045441770965,430.3958521205242,94
2282.5,5,1085.2132652235591,6.0,44.64313754951282,430.08059647097855,94
2282.6,5,1085.2132652235591,6.0,44.67905965973818,429.73520926003494,94
2282.7,5,1085.2132652235591,6.0,44.69755993971651,429.5570721450735,94
2282.8,5,1085.2132652235591,6.0,44.71877976344756,429.3533131996795,94
2282.9,5,1085.2132652235591,6.0,44.74436196028289,429.1081428504199,94
2283.0,5,1085.2132652235591,6.0,44.77126607490963,428.85049206563275,94
2283.1,5,1085.2132652235591,6.0,44.792712562580306,428.64530711332327,94
2283.2,5,1085.2132652235591,6.0,44.8094755461221,428.484673739282,94
2283.3,5,1085.2132652235591,6.0,44.83695020068352,428.2227795245424,94
2283.4,5,1085.2132652235591,5.5,44.85813575751015,428.0206971226219,94
2283.5,5,1085.2132652235591,5.5,44.89098494017042,427.70821402622676,94
2283.6,5,1085.2132652235591,5.5,44.91139872735478,427.5139766586156,94
2283.7,5,1085.2132652235591,5.5,44.94081861763465,427.2351213894891,94
2283.8,5,1085.2132652235591,5.5,44.94940944228587,427.1525699305323,94
2283.9,5,1085.2132652235591,5.5,44.97527675972114,426.90732167075043,94
2284.0,5,1085.2132652235591,5.5,45.00666295385843,426.6097435288352,94
2284.1,5,1085.2132652235591,5.5,45.029843615732915,426.390734751639,94
2284.2,5,1085.2132652235591,5.5,45.18740686231561,424.89724143100807,94
2284.3,5,1085.2132652235591,5.5,45.216246145559595,424.6262358522357,94
2284.4,5,1085.2132652235591,5.5,45.16212154427271,425.13827221804274,94
2284.5,5,1085.2132652235591,5.5,45.16170771611434,425.1412009865344,94
2284.6,5,1085.2132652235591,5.5,45.1900045947536,424.8753924521841,94
2284.7,5,1085.2132652235591,5.5,45.198062053034604,424.7989664462075,94
2284.8,5,1085.2132652235591,5.5,45.34213848811214,423.44753813543457,94
2284.9,5,1085.2132652235591,5.5,45.36777085482489,423.2082937103311,94
2285.0,5,1085.2132652235591,5.5,45.381977503948576,423.075774865904,94
2285.1,5,1085.2132652235591,5.5,45.401501430334584,422.8937595215836,94
2285.2,5,1085.2132652235591,5.5,45.42644265869073,422.66155595038083,94
2285.3,5,1085.2132652235591,5.5,45.442929714073216,422.50829394750406,94
2285.4,5,1084.8617598532505,5.5,45.453294815619316,422.4122212923918,94
2285.5,5,1084.8617598532505,6.0,45.47995142105928,422.16480367979364,94
2285.6,5,1084.8617598532505,6.0,45.44534179478913,422.54864981719044,94
2285.7,5,1084.8617598532505,5.5,45.46575023913698,422.35954818804385,94
2285.8,5,1084.8617598532505,5.5,45.495137207286646,422.0865132492254,94
2285.9,5,1084.8617598532505,5.5,45.50856293039809,421.96570438395395,94
2286.0,5,1084.8617598532505,5.5,45.54030328057236,421.6739289540586,94
2286.1,5,1084.8617598532505,5.5,45.564453933994486,421.45191051227937,94
2286.2,5,1084.8617598532505,5.5,45.59862344053832,421.13586604467775,94
2286.3,5,1084.8617598532505,5.5,45.62317402309709,420.91334834741895,94
2286.4,5,1084.8617598532505,5.5,45.47288293784764,422.35572460560763,94
2286.5,5,1084.8617598532505,5.5,45.50646982814663,422.0461618862704,94
2286.6,5,1084.8617598532505,5.5,45.65465547796758,420.73213530719397,94
2286.7,5,1084.8617598532505,5.5,45.685410614973314,420.44806773549783,94
2286.8,5,1084.8617598532505,5.5,45.709699414993395,420.2270890091495,94
2286.9,5,1084.8617598532505,5.5,45.74234929283551,419.92602635074127,94
2287.0,5,1084.8617598532505,5.5,45.77168295067713,419.66045368339564,94
2287.1,5,1084.8617598532505,5.5,45.805130362917495,419.3524755659416,94
2287.2,5,1084.8617598532505,5.5,45.82746780492563,419.15158801185714,94
2287.3,5,1084.8617598532505,5.5,45.85468510145225,418.9066161360998,94
2287.4,5,1084.8617598532505,5.5,45.89043210789901,418.58018619112545,94
2287.5,5,1084.8617598532505,5.5,45.91860904350084,418.32967701921916,94
2287.6,5,1084.8617598532505,5.5,45.934771222022135,418.1881845517196,94
2287.7,5,1084.8617598532505,5.5,45.971140776144246,417.86194449667477,94
2287.8,5,1084.8617598532505,5.5,46.068209141541324,417.02093176781705,94
2287.9,5,1084.8617598532505,5.5,46.10232839984644,416.7126053008428,94
2288.0,5,1084.8617598532505,5.5,46.12740515420809,416.493817118042,94
2288.1,5,1084.8617598532505,5.5,45.95541148106258,418.16222232707173,94
2288.2,5,1084.8617598532505,5.5,45.97711442833912,417.9731736959958,94
2288.3,5,1084.8617598532505,5.5,46.01307046226276,417.6462856605125,94
2288.4,5,1084.8617598532505,5.5,46.045824770835985,417.35535292759045,94
2288.5,5,1084.8617598532505,5.5,46.07214793830393,417.12202751116035,94
2288.6,5,1084.8617598532505,5.5,46.102157688731964,416.8560540721418,94
2288.7,5,1084.5111269876636,5.5,46.134246490888714,416.56566179897084,94
2288.8,5,1084.5111269876636,6.0,46.16580843551418,416.2937005869224,94
2288.9,5,1084.5111269876636,6.0,46.196239795376556,416.02492014550876,94
2289.0,5,1084.5111269876636,6.0,46.22358394326538,415.79236195008286,94
2289.1,5,1084.5111269876636,6.0,46.26223991870297,415.4433680062174,94
2289.2,5,1084.5111269876636,6.0,46.28243782545013,415.27375972740884,94
2289.3,5,1084.5111269876636,6.0,46.31595159634691,414.9769496644644,94
2289.4,5,1084.5111269876636,6.0,46.19587910864067,415.96425399645534,94
2289.5,5,1084.5111269876636,6.0,46.2115915801116,415.8322176134627,94
2289.6,5,1084.5111269876636,6.0,46.249266118075646,415.495844181193,94
2289.7,5,1084.5111269876636,6.0,46.28773168722394,415.1497255435046,94
2289.8,5,1084.5111269876636,6.0,46.29664844561535,415.0808667432867,94
2289.9,5,1084.5111269876636,6.0,46.33903744623373,414.7010602425227,94
2290.0,5,1084.5111269876636,6.0,46.35996789564659,414.52514433878144,94
2290.1,5,1084.5111269876636,5.5,46.40606896473713,414.1117532405738,94
2290.2,5,1084.5111269876636,5.5,46.43785156212374,413.8328845997104,94
2290.3,5,1084.5111269876636,5.5,46.46982734631529,413.5469848228351,94
2290.4,5,1084.5111269876636,5.5,46.3229779029879,414.7778719633218,94
2290.5,5,1084.5111269876636,5.5,46.16204127158302,416.3312135043941,94
2290.6,5,1084.5111269876636,5.5,46.300909467038295,415.15635048506283,94
2290.7,5,1084.5111269876636,5.5,46.343281669659035,414.77094080557083,94
2290.8,5,1084.5111269876636,5.5,46.64168586459391,411.97086823725647,94
2290.9,5,1084.5111269876636,5.5,46.67147426596643,411.7052582722623,94
2291.0,5,1084.5111269876636,5.5,46.69479457120079,411.50871181442744,94
2291.1,5,1084.5111269876636,5.5,46.718907476004745,411.3006984226188,94
2291.2,5,1084.5111269876636,5.5,46.74645471889126,411.06474535819825,94
2291.3,5,1084.5111269876636,5.5,46.78126535881171,410.7634176529063,94
2291.4,5,1084.5111269876636,5.5,46.795554904286234,410.64451068951973,94
2291.5,5,1084.1610258204857,5.5,46.82438999615036,410.39364806005324,94
2291.6,5,1084.1610258204857,6.0,46.851221826263085,410.1639711096461,94
2291.7,5,1084.1610258204857,6.0,46.860788442930286,410.09105748880427,94
2291.8,5,1084.1610258204857,6.0,46.87781171818815,409.9537993755057,94
2291.9,5,1084.1610258204857,6.0,46.89078435250738,409.84458047931787,94
2292.0,5,1084.1610258204857,6.0,46.90595103823293,409.7272386292558,94
2292.1,5,1084.1610258204857,6.0,46.927862007321735,409.5372574231758,94
2292.2,5,1084.1610258204857,6.0,46.94286829785872,409.4140456917884,94
2292.3,5,1084.1610258204857,6.0,46.97387429462652,409.14543374025334,94
2292.4,5,1084.1610258204857,6.0,47.00113885118704,408.9088711125455,94
2292.5,5,1084.1610258204857,6.0,46.89173128020033,409.81646907069455,94
2292.6,5,1084.1610258204857,6.0,46.90651687080478,409.700862670886,94
2292.7,5,1084.1610258204857,6.0,46.93892483022361,409.41719821391735,94
2292.8,5,1084.1610258204857,6.0,47.09135359617515,408.028339359265,94
2292.9,5,1084.1610258204857,6.0,47.11334692891134,407.8406737546194,94
2293.0,5,1084.1610258204857,6.0,47.11918044191383,407.7987955552386,94
2293.1,5,1084.1610258204857,6.0,47.27573299771585,406.39102294852484,94
2293.2,5,1084.1610258204857,5.5,47.29483446776374,406.2318320228124,94
2293.3,5,1084.1610258204857,5.5,47.30461429175243,406.15604914677033,94
2293.4,5,1084.1610258204857,5.5,47.31708962682133,406.05570227151037,94
2293.5,5,1084.1610258204857,5.5,47.32725959235073,405.9753699258795,94
2293.6,5,1084.1610258204857,5.5,47.350988439152594,405.77178530063776,94
2293.7,5,1084.1610258204857,5.5,47.34985437829853,405.78810776040143,94
2293.8,5,1084.1610258204857,5.5,47.35341038764595,405.75853360285976,94
2293.9,5,1084.1610258204857,5.5,47.372542682233075,405.5993457133843,94
2294.0,5,1084.1610258204857,5.5,47.3948613537757,405.4098565660779,94
2294.1,5,1084.1610258204857,5.5,47.40595524882302,405.31993697680593,94
2294.2,5,1084.1610258204857,5.5,47.41748288502705,405.22000347245466,94
2294.3,5,1084.1610258204857,5.5,47.42180196595005,405.1876914903024,94
2294.4,5,1083.8117948999025,5.5,47.44794943389741,404.96579189984396,94
2294.5,5,1083.8117948999025,6.0,47.49445256763086,404.5450206150516,94
2294.6,5,1083.8117948999025,6.0,47.51363774639629,404.3830349530531,94
2294.7,5,1083.8117948999025,5.5,47.529396003161274,404.24999900384506,94
2294.8,5,1083.8117948999025,5.5,47.559792072100635,403.91037536266987,94
2294.9,5,1083.8117948999025,5.5,47.57782742871945,403.7568464497454,94
2295.0,5,1083.8117948999025,5.5,47.59350498610261,403.624101512282,94
2295.1,5,1083.8117948999025,5.5,47.59515638744199,403.61464779415985,94
2295.2,5,1083.8117948999025,5.5,47.62009003806223,403.3983126191165,94
2295.3,5,1083.8117948999025,5.5,47.70919419722876,402.6156396278444,94
2295.4,5,1083.8117948999025,5.5,47.728518843257234,402.4584113204597,94
2295.5,5,1083.8117948999025,5.5,47.756147257582,402.22569532928287,94
2295.6,5,1083.8117948999025,5.5,47.85275225714342,401.443264039272,94
2295.7,5,1083.8117948999025,5.5,47.87621170125819,401.2456724761447,94
2295.8,5,1083.8117948999025,5.5,47.88335934041433,401.18881389525654,94
2295.9,5,1083.8117948999025,5.5,47.726477110051285,402.45325626891406,94
2296.0,5,1083.8117948999025,5.5,47.7363406825435,402.37343146013126,94
2296.1,5,1083.8117948999025,5.5,47.74899142502425,402.2670854838418,94
2296.2,5,1083.8117948999025,5.5,47.769213968159605,402.0976066508591,94
2296.3,5,1083.8117948999025,5.5,47.69293387796116,402.7759932990234,94
2296.4,5,1083.8117948999025,5.5,47.71082392423037,402.62592362307953,94
2296.5,5,1083.8117948999025,5.5,47.73193549862452,402.44985706781733,94
2296.6,5,1083.8117948999025,5.5,47.75859097117868,402.223933684445,94
2296.7,5,1083.8117948999025,5.5,47.77227162822676,402.1105990166771,94
2296.8,5,1083.8117948999025,5.5,47.79039493155061,401.9530254311534,94
2296.9,5,1083.8117948999025,5.5,47.806408709245346,401.8180910640255,94
2297.0,5,1083.8117948999025,5.0,47.83336677142742,401.58859935257715,94
2297.1,5,1083.8117948999025,5.0,47.85944465401987,401.36724629026503,94
2297.2,5,1083.8117948999025,5.0,47.889033727194786,401.1149549578838,94
2297.3,5,1083.8117948999025,5.0,47.91945425397058,400.8575605760268,94
2297.4,5,1083.8117948999025,5.0,47.936002658185494,400.71695437022197,94
2297.5,5,1083.462628684002,5.0,47.97037756214692,400.42596748518116,94
2297.6,5,1083.462628684002,5.5,47.84649046841979,401.4119617384689,94
2297.7,5,1083.462628684002,5.5,47.88543406865579,401.0848854093557,94
2297.8,5,1083.462628684002,5.5,47.911136115992306,400.86883297758493,94
2297.9,5,1083.462628684002,5.5,48.01431601577352,399.9863909023767,94
2298.0,5,1083.462628684002,5.5,48.03614239341836,399.80544323461834,94
2298.1,5,1083.462628684002,5.5,48.07544083820922,399.47614470368313,94
2298.2,5,1083.462628684002,5.5,48.16931787382262,398.709347804025,94
2298.3,5,1083.462628684002,5.5,48.036684403749064,399.85624311858976,94
2298.4,5,1083.462628684002,5.5,48.06894564400035,399.58475783016775,94
2298.5,5,1083.462628684002,5.5,48.08756126962477,399.4310946847123,94
2298.6,8,1083.7584570726096,5.0,48.11254501617949,399.2196992107864,94
2298.7,5,1083.7584570726096,4.199999999999999,48.12655681524136,399.1048924775599,94
2298.8,5,1083.7584570726096,5.0,48.14927711298323,398.9160074706285,94
2298.9,5,1083.7584570726096,5.0,48.16716600194054,398.7671589621592,94
2299.0,5,1083.7584570726096,5.0,48.17517371531847,398.7039228923512,94
2299.1,5,1083.7584570726096,5.0,48.20047594150776,398.4901258141739,94
2299.2,5,1083.7584570726096,5.0,48.207713028100386,398.43616241107566,94
2299.3,5,1083.7584570726096,5.0,48.234504490359235,398.2092582383856,94
2299.4,5,1083.7584570726096,5.0,48.23012092960964,398.249662323749,94
2299.5,5,1083.7584570726096,5.0,48.25115347486351,398.07454963657983,94
2299.6,5,1083.7584570726096,5.0,48.07634008659042,399.59290632334154,94
2299.7,5,1083.7584570726096,5.0,48.082960525818606,399.541034403985,94
2299.8,5,1083.7584570726096,5.0,48.075188618490756,399.60883171954436,94
2299.9,5,1083.7584570726096,5.0,48.08968605251994,399.48450509487634,94
2300.0,5,1083.7584570726096,5.0,48.08405345631255,399.5377045490345,94
2300.1,5,1083.7584570726096,5.0,48.146962716175096,399.00063063147,94
2300.2,5,1083.7584570726096,5.0,48.143978127353236,399.02703082360006,94
2300.3,5,1083.7584570726096,5.0,48.123647747774505,399.20648816489734,94
2300.4,5,1083.7584570726096,5.0,48.115485851142026,399.27843841868525,94
2300.5,5,1083.410790008551,5.0,48.12552564772069,399.19945205598196,94
2300.6,5,1083.410790008551,5.0,48.12043579165739,399.24571793705974,94
2300.7,5,1083.410790008551,5.0,48.05018795098738,399.7957995018689,94
2300.8,5,1083.410790008551,5.0,48.0648399507433,399.68115745928696,94
2300.9,5,1083.410790008551,5.0,48.05471536672472,399.77291802321224,94
2301.0,5,1083.410790008551,5.0,48.058630431594565,399.7459898050549,94
2301.1,5,1083.410790008551,5.0,48.10104687412822,399.411126751698,94
2301.2,5,1083.410790008551,5.0,48.112611717462116,399.3191294629935,94
2301.3,8,1083.53380339513,5.0,48.10854754711155,399.3587196801035,94
2301.4,5,1083.53380339513,4.8999999999999995,48.11835745530131,399.28293871098623,94
2301.5,5,1083.53380339513,5.0,48.12091684320721,399.27179440112707,94
2301.6,5,1083.53380339513,5.0,48.11889931867167,399.29939862163303,94
2301.7,5,1083.53380339513,5.0,48.124775645622265,399.25090807057757,94
2301.8,5,1083.53380339513,5.0,48.01482152622225,400.12754728195057,94
2301.9,5,1083.53380339513,5.0,48.009434662864415,400.17860582533166,94
2302.0,7,1083.53380339513,4.5,48.017011786232885,400.12715402348454,94
2302.1,7,1083.53380339513,6.3,48.026254736987696,400.05524093436264,94
2302.2,7,1083.53380339513,6.3,48.02711308431732,400.05709215770884,94
2302.3,7,1083.53380339513,6.3,47.86520418394032,401.49248888472755,94
2302.4,7,1083.53380339513,6.3,47.86579263580329,401.50386967947577,94
2302.5,7,1083.53380339513,6.3,47.854245722694984,401.61621106482426,94
2302.6,7,1083.53380339513,6.3,47.86433532057446,401.53870839015804,94
2302.7,7,1083.53380339513,6.3,47.907693354498065,401.1602679107765,94
2302.8,7,1083.53380339513,6.3,47.900521276200635,401.2306950088764,94
2302.9,7,1083.53380339513,6.3,47.89372816762631,401.3070238504354,94
2303.0,7,1083.53380339513,5.6,47.89199531851969,401.3273797757482,94
2303.1,7,1083.53380339513,5.6,47.88182904055901,401.43204726845124,94
2303.2,5,1083.53380339513,5.6,47.88691208929032,401.398334953561,94
2303.3,5,1083.53380339513,4.5,47.88803262511084,401.40527371818325,94
2303.4,5,1083.53380339513,4.5,47.89418163463327,401.36116429008695,94
2303.5,7,1083.53380339513,4.5,47.88566489862875,401.4524945671865,94
2303.6,7,1083.53380339513,5.6,47.88179489361421,401.4990238631787,94
2303.7,5,1083.1871645272004,5.6,47.85783636328544,401.71356905943924,94
2303.8,5,1083.1871645272004,5.0,47.93164404701638,401.15826365172273,94
2303.9,5,1083.1871645272004,5.0,47.75507866930692,402.56731149702875,94
2304.0,7,1083.1871645272004,4.5,47.74985833724816,402.6224909596558,94
2304.1,7,1083.1871645272004,6.3,47.733343833871345,402.77689029663964,94
2304.2,7,1083.1871645272004,6.3,47.721477714528305,402.8859634560789,94
2304.3,8,1083.2459418701922,5.6,47.72218822339947,402.88450058837213,94
2304.4,7,1083.2459418701922,4.8999999999999995,47.69455897184149,403.1414706143404,94
2304.5,5,1083.2459418701922,5.6,47.671801271315616,403.3476265285276,94
2304.6,5,1083.2459418701922,4.5,47.662831353284204,403.4293793071457,94
2304.7,5,1083.2459418701922,4.5,47.63848322656129,403.6587249806453,94
2304.8,5,1083.2459418701922,4.5,47.63553266419346,403.695453570743,94
2304.9,5,1083.2459418701922,4.5,47.640734240654524,403.6521739443661,94
2305.0,5,1083.2459418701922,4.5,47.60913540356236,403.94040481828415,94
2305.1,5,1083.2459418701922,4.5,47.605229290108014,403.98278681699196,94
2305.2,5,1083.2459418701922,4.5,47.589740748496396,404.12913845923026,94
2305.3,5,1083.2459418701922,4.5,47.57798337651023,404.24277073068845,94
2305.4,5,1083.2459418701922,4.5,47.55898078866217,404.4188844608318,94
2305.5,7,1083.2459418701922,4.0,47.58107505067608,404.2183800898441,94
2305.6,7,1083.2459418701922,6.3,47.562789111580926,404.38669628712324,94
2305.7,7,1083.2459418701922,6.3,47.54735823112034,404.5344036455971,94
2305.8,7,1083.2459418701922,6.3,47.519860223734,404.7856788951178,94
2305.9,7,1083.2459418701922,6.3,47.52243540943999,404.76903897445317,94
2306.0,7,1083.2459418701922,6.3,47.25855224832604,407.2519425286532,94
2306.1,7,1083.2459418701922,6.3,47.24477640829387,407.38740392808273,94
2306.2,7,1083.2459418701922,6.3,47.222444946893596,407.60379525227563,94
2306.3,7,1083.2459418701922,6.3,47.27412974051373,407.2330693922688,94
2306.4,7,1083.2459418701922,6.3,47.27400875240305,407.24876238259105,94
2306.5,7,1083.2459418701922,6.3,47.28433877586498,407.16506039055,94
2306.6,7,1083.2459418701922,6.3,47.25811862699918,407.41826405167035,94
2306.7,8,1083.2744129028094,6.3,47.26010992735959,407.4016416892317,94
2306.8,8,1083.2104524504864,5.6,47.15327722751315,408.2642548702173,94
2306.9,7,1083.2104524504864,5.6,47.15565573078389,408.25091210967133,94
2307.0,7,1083.2104524504864,6.3,47.14540525734154,408.35221809461336,94
2307.1,8,1083.2104524504864,6.3,47.14974534194792,408.3201446167917,94
2307.2,8,1083.2104524504864,5.6,47.14451337401772,408.7701792124666,94
2307.3,8,1083.2104524504864,5.6,47.13086753694587,408.9192872129268,94
2307.4,8,1083.2104524504864,5.6,47.131033465182796,408.93070689294007,94
2307.5,8,1083.2104524504864,5.6,47.13207394464389,408.9457917110268,94
2307.6,8,1083.2104524504864,5.6,47.134780084328426,408.938207317672,94
2307.7,8,1083.2104524504864,5.6,47.1379901932565,408.92289021076357,94
2307.8,8,1083.2104524504864,5.6,47.14087014097295,408.90770241331364,94
2307.9,8,1083.2104524504864,5.6,47.1381959011072,408.9558306638637,94
2308.0,8,1083.2104524504864,5.6,47.134229070273605,409.00643879433966,94
2308.1,8,1083.2104524504864,5.6,47.14119666511551,408.95255449153717,94
2308.2,8,1083.2104524504864,5.6,47.01777966326041,409.91227764659686,94
2308.3,8,1083.2104524504864,5.6,47.019670388681206,409.8983215852636,94
2308.4,8,1083.2104524504864,5.6,47.01666157106567,409.92136081936565,94
2308.5,8,1083.2104524504864,5.6,47.020581265864095,409.89385863834605,94
2308.6,8,1083.2104524504864,5.6,47.0436431749786,409.67188716826354,94
2308.7,7,1083.2104524504864,5.6,47.05292876990025,409.57927737859296,94
2308.8,8,1083.2104524504864,6.3,47.041018653640634,409.696191117956,94
2308.9,8,1083.2104524504864,5.6,47.051955027638144,409.60008955987325,94
2309.0,8,1083.2104524504864,5.6,47.05277843301081,409.5974335910536,94
2309.1,8,1083.2104524504864,5.6,47.054116656160915,409.58421870669554,94
2309.2,8,1083.2104524504864,5.6,47.0428237874804,409.68899402303396,94
2309.3,8,1083.2104524504864,5.6,47.05010501609314,409.6290404571233,94
2309.4,8,1083.2104524504864,5.6,46.85875272464959,411.5417529651582,94
2309.5,8,1083.2104524504864,5.6,46.860946830639755,411.51299554196555,94
2309.6,8,1083.2104524504864,5.6,46.85484326757021,411.5760071914565,94
2309.7,8,1083.2104524504864,5.6,46.851665641641006,411.6094784567583,94
2309.8,7,1083.2104524504864,5.6,46.85434607215928,411.58405526404346,94
2309.9,7,1083.2104524504864,7.0,46.751670123413476,412.3583063078231,94
2310.0,7,1083.2104524504864,7.0,46.73705740994579,412.4994383281688,94
2310.1,7,1083.2104524504864,7.0,46.75623238419158,412.3251663246125,94
2310.2,7,1083.2104524504864,6.3,46.76251471647407,412.2832832407747,94
2310.3,7,1083.2104524504864,6.3,46.789668553098316,412.0265575466728,94
2310.4,7,1083.2104524504864,6.3,46.795798070442956,411.9895433086766,94
2310.5,7,1083.2104524504864,6.3,46.817659869387384,411.79422384970684,94
2310.6,7,1083.2104524504864,6.3,46.829578594513265,411.6932139539821,94
2310.7,7,1083.2104524504864,6.3,46.84087352258704,411.5980422584378,94
2310.8,7,1083.942545155159,6.3,46.68458377859102,413.1974524696467,95
2310.9,7,1083.942545155159,-100.0,46.82559740126784,412.07739272587503,95
2311.0,7,1083.942545155159,6.3,46.83261446976408,412.02964156751955,95
2311.1,7,1083.942545155159,6.3,46.85478593660261,411.84427646829334,95
2311.2,7,1083.942545155159,6.3,46.748097317163186,412.64192251820737,95
2311.3,7,1083.942545155159,6.3,46.75489881108495,412.6002112627393,95
2311.4,7,1083.942545155159,6.3,46.78099547886559,412.37232035682564,95
2311.5,7,1083.942545155159,5.6,46.80986915365869,412.1097382908404,95
2311.6,8,1083.942545155159,5.6,46.82971725902489,411.9593153496004,95
2311.7,8,1083.942545155159,4.8999999999999995,46.85814394492755,411.7078334226817,95
2311.8,8,1083.942545155159,4.8999999999999995,46.893644540710255,411.39385659402194,95
2311.9,8,1083.942545155159,4.8999999999999995,46.90432209271037,411.3213319021297,95
2312.0,8,1083.942545155159,4.8999999999999995,46.938232462630125,411.03479219102144,95
2312.1,8,1083.8761072522595,4.8999999999999995,46.966704331831,410.7928081692927,95
2312.2,8,1083.8761072522595,5.6,46.99022119757694,410.58588991306976,95
2312.3,8,1083.8761072522595,5.6,47.01453092597711,410.36923492027495,95
2312.4,7,1083.8761072522595,5.6,47.0300208368952,410.2192782301954,95
2312.5,7,1083.8761072522595,6.3,47.06092814234465,409.92220890041733,95
2312.6,7,1083.8761072522595,6.3,47.08101549010094,409.740124190023,95
2312.7,7,1083.8761072522595,6.3,46.93721232854892,410.800121941412,95
2312.8,7,1083.8761072522595,6.3,46.96056438011502,410.5737422594742,95
2312.9,7,1083.8761072522595,6.3,46.97052570977228,410.4876446788784,95
2313.0,7,1083.8761072522595,6.3,46.99774693585911,410.23347217617527,95
2313.1,7,1083.8761072522595,6.3,47.026003331451065,409.9828331045503,95
2313.2,7,1083.8761072522595,6.3,47.12594515131515,409.2132001931342,95
2313.3,7,1083.8761072522595,6.3,47.15221465734052,408.9606534306306,95
2313.4,7,1083.8761072522595,6.3,47.16092653852051,408.8733828976019,95
2313.5,7,1083.8761072522595,6.3,47.169666925362094,408.7911459173697,95
2313.6,7,1083.8761072522595,6.3,47.184875585600494,408.64462837392284,95
2313.7,7,1083.8761072522595,6.3,47.19838734369667,408.51577140434074,95
2313.8,7,1083.8761072522595,6.3,47.210007331661814,408.4146843050264,95
2313.9,7,1083.8761072522595,6.3,47.23820660207673,408.16708870927675,95
2314.0,7,1083.8761072522595,6.3,47.2552892463341,407.99907400880113,95
2314.1,7,1083.8761072522595,6.3,47.27133603217182,407.86093857061655,95
2314.2,7,1083.8761072522595,5.6,47.135256869345106,408.870009646612,95
2314.3,7,1083.8761072522595,5.6,47.164429433850465,408.6015850070491,95
2314.4,7,1083.8761072522595,5.6,47.185027767790636,408.40899909114535,95
2314.5,7,1083.8761072522595,5.6,47.20682029466647,408.21150569127843,95
2314.6,7,1083.8761072522595,5.6,46.977252362639305,410.4897596094679,95
2314.7,7,1083.8761072522595,5.6,47.00428511051369,410.245605302907,95
2314.8,7,1083.8761072522595,5.6,47.02340714954882,410.067990732734,95
2314.9,7,1083.8761072522595,5.6,47.055420298539175,409.76405215220404,95
2315.0,7,1083.8761072522595,5.6,47.07253881710551,409.6090335388297,95
2315.1,7,1083.8761072522595,5.6,47.080214045743475,409.5538390374531,95
2315.2,7,1083.8761072522595,5.6,47.10623997222801,409.3112551592361,95
2315.3,7,1083.8761072522595,5.6,47.09752331411491,409.09162177388515,95
2315.4,8,1083.815493413223,5.6,47.09519878077488,409.12519300463816,95
2315.5,8,1083.815493413223,5.6,47.11965171292981,408.9064447937555,95
2315.6,9,1083.815493413223,5.6,47.15676704715645,408.5813666708609,95
2315.7,8,1083.815493413223,4.800000000000001,47.03796893402452,409.4691172720702,95
2315.8,8,1083.815493413223,5.6,47.05746044040338,409.2866663337185,95
2315.9,8,1083.815493413223,5.6,47.06467005524833,409.23207753550446,95
2316.0,8,1083.815493413223,5.6,47.07732218885684,409.1224590580662,95
2316.1,8,1083.815493413223,5.6,47.10369390548286,408.8882645046647,95
2316.2,8,1083.815493413223,5.6,47.138547416295495,408.5712844421721,95
2316.3,8,1083.815493413223,5.6,47.171154415858524,408.28158979262184,95
2316.4,8,1083.815493413223,5.6,47.193132825814004,408.07929203232857,95
2316.5,8,1083.815493413223,5.6,47.217048290514285,407.87049343670026,95
2316.6,8,1083.815493413223,5.6,47.249743581632,407.5761122609464,95
2316.7,7,1083.815493413223,4.8999999999999995,47.27704952839569,407.33330290416944,95
2316.8,7,1083.815493413223,5.6,47.3079707150939,407.05505751774683,95
2316.9,7,1083.815493413223,5.6,47.32009317296365,406.96495994659244,95
2317.0,7,1083.815493413223,5.6,47.35388392929908,406.65867774839114,95
2317.1,7,1083.815493413223,5.6,47.367175403398974,406.549458131099,95
2317.2,7,1083.815493413223,5.6,47.2202483238958,407.6422018165026,95
2317.3,8,1083.815493413223,4.8999999999999995,47.24336923690724,407.4358358237193,95
2317.4,8,1083.815493413223,4.8999999999999995,47.25106402282906,407.36993172275334,95
2317.5,8,1083.815493413223,4.8999999999999995,47.26152182473503,407.28749900918496,95
2317.6,8,1083.815493413223,4.8999999999999995,47.269006337757105,407.236329668149,95
2317.7,8,1083.7493382682242,4.8999999999999995,47.29422385565912,407.0121269141787,95
2317.8,8,1083.7493382682242,5.6,47.31184541066928,406.8686324017488,95
2317.9,8,1083.7493382682242,5.6,47.34629289745115,406.56592971358793,95
2318.0,8,1083.7493382682242,5.6,47.30732695635265,407.0276972868059,95
2318.1,8,1083.7493382682242,5.6,47.317965671523936,406.95339601546493,95
2318.2,8,1083.7493382682242,5.6,47.34312781529055,406.7411963733132,95
2318.3,8,1083.7493382682242,5.6,47.38775893074491,406.36101441062874,95
2318.4,8,1083.7493382682242,5.6,47.40025157314746,406.2624227136061,95
2318.5,8,1083.7493382682242,5.6,47.405629052769754,406.2245941482744,95
2318.6,9,1083.7493382682242,5.6,47.424732661459046,406.0591835103032,95
2318.7,9,1083.7493382682242,5.6000000000000005,47.429797166387324,406.0346870630107,95
2318.8,9,1083.7493382682242,5.6000000000000005,47.43905147137127,405.9716777160171,95
2318.9,9,1083.7493382682242,5.6000000000000005,47.47125610820122,405.69643939102434,95
2319.0,9,1083.7493382682242,5.6000000000000005,47.467754721049545,405.7381112333656,95
2319.1,9,1083.7493382682242,5.6000000000000005,47.48499852222868,405.59693035198507,95
2319.2,9,1083.7493382682242,5.6000000000000005,47.37015948195136,406.7202623230325,95
2319.3,9,1083.7493382682242,5.6000000000000005,47.38454761125922,406.60103608105203,95
2319.4,9,1083.7493382682242,5.6000000000000005,47.396564670015124,406.5096971081418,95
2319.5,9,1083.7493382682242,5.6000000000000005,47.225146803731626,407.8311938216365,95
2319.6,8,1083.7493382682242,4.800000000000001,47.2588182246098,407.54129266852874,95
2319.7,8,1083.7493382682242,4.8999999999999995,47.28273621863447,407.3247297091147,95
2319.8,8,1083.7493382682242,4.8999999999999995,47.28264372907232,407.34362514100303,95
2319.9,8,1083.7493382682242,4.8999999999999995,47.09109470967118,409.21560550718874,95
2320.0,8,1083.7493382682242,4.8999999999999995,47.11228394968326,409.02255992215566,95
2320.1,8,1083.7493382682242,4.8999999999999995,47.10863065449334,409.07124337200054,95
2320.2,8,1083.7493382682242,4.8999999999999995,47.14673953091466,408.72233976998086,95
2320.3,8,1083.7493382682242,4.8999999999999995,47.1693565366956,408.5083558091278,95
2320.4,8,1083.7493382682242,4.8999999999999995,47.18208761246018,408.4028475225616,95
2320.5,8,1083.6829286961593,4.8999999999999995,47.19837789556492,408.26819092225276,95
2320.6,8,1083.6829286961593,5.6,47.22340188496514,408.04853136219583,95
2320.7,8,1083.6829286961593,5.6,47.241778362585066,407.8807644503488,95
2320.8,9,1083.6829286961593,5.6,47.25212734179386,407.78680414584585,95
2320.9,9,1083.6829286961593,5.6000000000000005,47.2883207169759,407.10809000251396,95
2321.0,9,1083.6829286961593,5.6000000000000005,47.28851471169221,407.11073690179035,95
2321.1,9,1083.6829286961593,5.6000000000000005,47.313256223035836,406.89244689312136,95
2321.2,9,1083.6829286961593,5.6000000000000005,47.34757195672057,406.5788555779696,95
2321.3,9,1083.6829286961593,5.6000000000000005,47.37157021048098,406.3438101546708,95
2321.4,9,1083.6829286961593,5.6000000000000005,47.39838733819647,406.09758507198734,95
2321.5,9,1083.6829286961593,5.6000000000000005,47.390980915366036,406.17273649770647,95
2321.6,9,1083.6829286961593,5.6000000000000005,47.40783259579585,406.0191705929577,95
2321.7,9,1083.6829286961593,5.6000000000000005,47.4345863921192,405.7732128731209,95
2321.8,9,1083.6829286961593,5.6000000000000005,47.46335620665956,405.51823789824846,95
2321.9,9,1083.6829286961593,5.6000000000000005,47.488730612213224,405.2870726132809,95
2322.0,9,1083.6829286961593,6.4,47.51077537808048,405.08613626470856,95
2322.1,9,1083.6829286961593,6.4,47.54981879851673,404.745579577807,95
2322.2,9,1083.6829286961593,6.4,47.55806183663928,404.67581060584325,95
2322.3,9,1083.6829286961593,6.4,47.590795086837105,404.3774424959286,95
2322.4,9,1083.6829286961593,6.4,47.62233663932325,404.0991599017759,95
2322.5,9,1083.6829286961593,6.4,47.6512332830701,403.8460266112188,95
2322.6,9,1083.6829286961593,6.4,47.53213772352819,404.8135054619298,95
2322.7,9,1083.6829286961593,6.4,47.574678988952016,404.4383282393617,95
2322.8,9,1083.6829286961593,6.4,47.32599691018545,406.35414090657184,95
2322.9,9,1083.6829286961593,5.6000000000000005,47.33719382601406,406.2613155285442,95
2323.0,9,1083.6829286961593,5.6000000000000005,47.36563970019621,406.00800904441274,95
2323.1,9,1083.6829286961593,5.6000000000000005,47.3778352674062,405.90199857068404,95
2323.2,9,1083.6829286961593,5.6000000000000005,47.391066091542044,405.7779802002867,95
2323.3,9,1083.6829286961593,5.6000000000000005,47.412055905377116,405.58955309942627,95
2323.4,9,1083.6829286961593,5.6000000000000005,47.40111659880141,405.7030519125899,95
2323.5,9,1083.6829286961593,5.6000000000000005,47.42888812256352,405.46044099007077,95
2323.6,9,1083.6829286961593,5.6000000000000005,47.447685478712536,405.2978986431008,95
2323.7,9,1083.6829286961593,5.6000000000000005,47.46820007099344,405.1185802477594,95
2323.8,9,1083.6829286961593,5.6000000000000005,47.48720742342846,404.9519359165796,95
2323.9,9,1083.6829286961593,5.6000000000000005,47.51790730346691,404.6791618768641,95
2324.0,9,1083.6829286961593,5.6000000000000005,47.53777096683457,404.507329582528,95
2324.1,7,1083.6441762581717,4.800000000000001,47.56571778292964,404.2645242410334,95
2324.2,8,1083.6441762581717,4.8999999999999995,47.58438854049657,404.10983494453683,95
2324.3,8,1083.6441762581717,4.8999999999999995,47.60669328876757,403.9201437096599,95
2324.4,8,1083.6441762581717,4.8999999999999995,47.490536477722394,404.79616696109247,95
2324.5,7,1083.6441762581717,4.8999999999999995,47.548575628823386,404.08918550875387,95
2324.6,8,1083.6441762581717,4.8999999999999995,47.587788359640456,403.7517913923789,95
2324.7,8,1083.6441762581717,4.8999999999999995,47.59575788670064,403.6930380325981,95
2324.8,8,1083.6441762581717,4.8999999999999995,47.708802448467125,402.5945479675466,95
2324.9,8,1083.6441762581717,4.8999999999999995,47.725966674864964,402.454659056822,95
2325.0,8,1083.6441762581717,4.8999999999999995,47.74714342774598,402.2793609659652,95
2325.1,8,1083.6441762581717,4.8999999999999995,47.77780931107837,402.02059092377795,95
2325.2,9,1083.6441762581717,4.8999999999999995,47.82452488534003,401.62540643256216,95
2325.3,9,1083.6441762581717,5.6000000000000005,47.839415258935205,401.50830848018643,95
2325.4,9,1083.6441762581717,5.6000000000000005,47.89298566835024,401.05532326466744,95
2325.5,9,1083.6441762581717,5.6000000000000005,47.92404541883465,400.79778782399904,95
2325.6,9,1083.6441762581717,5.6000000000000005,47.95407261344779,400.5495593250195,95
2325.7,9,1083.6441762581717,5.6000000000000005,47.98204862528898,400.3183015205756,95
2325.8,9,1083.6441762581717,5.6000000000000005,48.06345306388543,399.54502384374655,95
2325.9,9,1083.6441762581717,5.6000000000000005,48.09225666938952,399.3076850082401,95
2326.0,9,1083.6441762581717,5.6000000000000005,48.13718467751955,398.9373447789643,95
2326.1,9,1083.6441762581717,5.6000000000000005,48.17809823010479,398.60027308775483,95
2326.2,9,1083.6441762581717,5.6000000000000005,48.208322557647655,398.34986839751537,95
2326.3,9,1083.6441762581717,5.6000000000000005,48.242145587292434,398.071079606048,95
2326.4,9,1083.6441762581717,5.6000000000000005,48.28116043963158,397.74746271139503,95
2326.5,9,1083.6441762581717,5.6000000000000005,48.2874578573236,397.6935790980348,95
2326.6,9,1083.6441762581717,6.4,48.33146604065706,397.327578172866,95
2326.7,9,1083.6441762581717,6.4,48.35479386155529,397.1378504327773,95
2326.8,9,1083.6441762581717,6.4,48.39117595562805,396.8374711089565,95
2326.9,9,1083.6441762581717,6.4,48.410293197898284,396.682223375274,95
2327.0,9,1083.6441762581717,6.4,48.44306179302836,396.41319860364376,95
2327.1,9,1083.6441762581717,5.6000000000000005,48.460864016522024,396.27011506562036,95
2327.2,9,1083.6441762581717,5.6000000000000005,48.51578841573691,395.8158901137963,95
2327.3,9,1083.6441762581717,5.6000000000000005,48.54598626385361,395.5695482652374,95
2327.4,9,1083.6441762581717,5.6000000000000005,48.578408394549214,395.30607877154824,95
2327.5,9,1083.6441762581717,5.6000000000000005,48.618299074867764,394.9802428838841,95
2327.6,9,1083.6441762581717,5.6000000000000005,48.6421630718564,394.78968659456143,95
2327.7,9,1083.6441762581717,5.6000000000000005,48.66666699192224,394.5904502503485,95
2327.8,9,1083.6441762581717,5.6000000000000005,48.69747594709469,394.34056207772846,95
2327.9,9,1083.6441762581717,5.6000000000000005,48.73517672182773,394.03414415822556,95
2328.0,9,1083.6441762581717,5.6000000000000005,48.566817363798606,395.44303581710926,95
2328.1,9,1083.6441762581717,5.6000000000000005,48.598313318346214,395.1877582711684,95
2328.2,9,1083.6441762581717,5.6000000000000005,48.61725627778496,395.0340156624757,95
2328.3,9,1083.6441762581717,5.6000000000000005,48.64284056901945,394.82531536355157,95
2328.4,9,1083.6441762581717,5.6000000000000005,48.68184118576009,394.50663860282765,95
2328.5,7,1083.6441762581717,4.800000000000001,48.71434306454614,394.2422033278946,95
2328.6,7,1083.6441762581717,4.8999999999999995,48.74652890542914,393.98131514961415,95
2328.7,7,1083.6441762581717,4.8999999999999995,48.767722893046084,393.80960071341156,95
2328.8,7,1083.6441762581717,4.8999999999999995,48.808300922836835,393.47705711791235,95
2328.9,7,1083.6441762581717,4.8999999999999995,48.821446858864064,393.373563411675,95
2329.0,7,1083.6441762581717,4.8999999999999995,48.8648151732685,393.0225898334716,95
2329.1,9,1083.6441762581717,4.199999999999999,48.88676694712798,392.84534693299247,95
2329.2,9,1083.6441762581717,5.6000000000000005,48.92376311344244,392.5484192181484,95
2329.3,9,1083.6441762581717,5.6000000000000005,48.92399891756892,392.5337953283369,95
2329.4,9,1083.6441762581717,5.6000000000000005,48.941918897773235,392.3897429115251,95
2329.5,9,1083.6441762581717,5.6000000000000005,48.9753108256492,392.12120339930584,95
2329.6,9,1083.6441762581717,5.6000000000000005,48.974658586366544,392.1304528581271,95
2329.7,9,1083.6441762581717,5.6000000000000005,48.998141061857524,391.9438397201469,95
2329.8,9,1083.6441762581717,5.6000000000000005,49.02469577932466,391.726331565728,95
2329.9,9,1083.6441762581717,5.6000000000000005,49.05216315965126,391.50433266634343,95
2330.0,9,1083.6441762581717,5.6000000000000005,49.08391569055588,391.24774457515826,95
2330.1,9,1083.6441762581717,5.6000000000000005,49.02353462565973,391.753707505657,95
2330.2,9,1083.6441762581717,4.800000000000001,49.05819308923978,391.4735895258421,95
2330.3,9,1083.6441762581717,4.800000000000001,49.06538425843804,391.4208497192118,95
2330.4,9,1083.6441762581717,4.800000000000001,49.089786689847585,391.194529526212,95
2330.5,9,1083.6441762581717,4.800000000000001,49.116525659895714,390.97900801244634,95
2330.6,9,1083.6441762581717,4.800000000000001,49.15100023160564,390.7006387376078,95
2330.7,9,1083.6441762581717,4.800000000000001,49.172236341467375,390.53461627829506,95
2330.8,9,1083.6441762581717,5.6000000000000005,49.202564444895664,390.29407199263113,95
2330.9,9,1083.6441762581717,5.6000000000000005,49.21695289675695,390.1810737489286,95
2331.0,9,1083.6441762581717,5.6000000000000005,49.241583653434915,389.98507784857316,95
2331.1,9,1083.6441762581717,5.6000000000000005,49.25341008764262,389.89257092963885,95
2331.2,9,1083.6441762581717,5.6000000000000005,49.28720793452061,389.6243805570895,95
2331.3,9,1083.6441762581717,5.6000000000000005,49.31158351097675,389.43200583629334,95
2331.4,9,1083.6441762581717,5.6000000000000005,49.34580298078136,389.1597979609884,95
2331.5,9,1083.6441762581717,4.800000000000001,49.359161764523506,389.05552307928735,95
2331.6,9,1083.6441762581717,4.800000000000001,49.40598508278734,388.68210120172233,95
2331.7,9,1083.6441762581717,4.800000000000001,49.401186094375994,388.7256237055996,95
2331.8,9,1083.6441762581717,4.800000000000001,49.43960161573901,388.41892001543386,95
2331.9,9,1083.6441762581717,4.800000000000001,49.4689019762982,388.1911290078005,95
2332.0,9,1083.6441762581717,4.800000000000001,49.510934740988006,387.8567667547037,95
2332.1,9,1083.6441762581717,4.800000000000001,49.52054101029876,387.7847655378625,95
2332.2,9,1083.6441762581717,4.800000000000001,49.55009325981693,387.55426677842325,95
2332.3,11,1083.6441762581717,4.800000000000001,49.57947728335831,387.3255316191602,95
2332.4,11,1083.6441762581717,5.4,49.61982820077469,387.0099407535023,95
2332.5,11,1083.6441762581717,5.4,49.638873281902605,386.8657884392851,95
2332.6,11,1083.6441762581717,5.4,49.684331066616636,386.5076238977143,95
2332.7,11,1083.6441762581717,5.4,49.71458368935228,386.2731934436448,95
2332.8,11,1083.6441762581717,5.4,49.73947100954952,386.08143648073474,95
2332.9,11,1083.6441762581717,5.4,49.77605597904105,385.79587882671353,95
2333.0,11,1083.6441762581717,5.4,49.80939106749808,385.5381785548676,95
2333.1,11,1083.6441762581717,5.4,49.83587575394888,385.3325217475942,95
2333.2,11,1083.6441762581717,5.4,49.865897877933875,385.10328670608527,95
2333.3,11,1083.6441762581717,5.4,49.90036351782079,384.83683442930226,95
2333.4,9,1083.6441762581717,4.5,49.747610469650894,385.98365971838854,95
2333.5,9,1083.6441762581717,4.800000000000001,49.78452469689765,385.6968808783321,95
2333.6,9,1083.6441762581717,4.800000000000001,49.82310017683173,385.39846493064135,95
2333.7,7,1083.5795508059687,4.800000000000001,49.844887694479795,385.23289821239365,95
2333.8,7,1083.5795508059687,4.8999999999999995,49.89601948958038,384.836181895614,95
2333.9,7,1083.5795508059687,4.8999999999999995,49.926399924245445,384.6015801388079,95
2334.0,11,1083.5795508059687,4.8999999999999995,49.96114415550699,384.33265678666606,95
2334.1,11,1083.5795508059687,5.4,50.00290898774667,384.00916573831375,95
2334.2,11,1083.5795508059687,5.4,50.05330269413064,383.6203680872767,95
2334.3,11,1083.5795508059687,5.4,50.105295926453024,383.2197561810408,95
2334.4,11,1083.5795508059687,5.4,50.11111408147398,383.17845830061367,95
2334.5,11,1083.5795508059687,5.4,50.135961090122116,382.9875378165236,95
2334.6,7,1083.5795508059687,4.5,50.181973963159365,382.633381389832,95
2334.7,7,1083.5795508059687,4.8999999999999995,50.20710435738357,382.44106672105613,95
2334.8,7,1083.5795508059687,4.8999999999999995,50.25337613880365,382.0885149967253,95
2334.9,7,1083.5795508059687,4.8999999999999995,50.282518358177384,381.8670147536019,95
2335.0,7,1083.5795508059687,4.8999999999999995,50.31821863345273,381.59620476809994,95
2335.1,7,1083.5795508059687,4.8999999999999995,50.34932704228354,381.359964427018,95
2335.2,11,1083.5795508059687,4.8999999999999995,50.39953244826752,380.9790137508838,95
2335.3,11,1083.5795508059687,5.4,50.43314439654498,380.7253971618197,95
2335.4,11,1083.5795508059687,5.4,50.47924779470688,380.37644039298135,95
2335.5,11,1083.5795508059687,5.4,50.50513150264532,380.1810118880752,95
2335.6,11,1083.5795508059687,5.4,50.539084952819074,379.92600195562983,95
2335.7,11,1083.5795508059687,5.4,50.573879190262076,379.6639340111486,95
2335.8,11,1083.5795508059687,5.4,50.62387433282842,379.2869699093185,95
2335.9,11,1083.5795508059687,5.4,50.655665535657334,379.04882793304773,95
2336.0,11,1083.5795508059687,5.4,50.55329574635935,379.83422751510653,95
2336.1,7,1083.5158243743626,5.4,50.59894101165017,379.48883578615687,95
2336.2,11,1083.5158243743626,4.8999999999999995,50.63737703775751,379.19997276154254,95
2336.3,11,1083.5158243743626,5.4,50.666167380242534,378.9840733406977,95
2336.4,11,1083.5158243743626,5.4,50.69275358731517,378.78735450547515,95
2336.5,11,1083.5158243743626,5.4,50.72247259378058,378.5648448326381,95
2336.6,11,1083.5158243743626,5.4,50.75638673784832,378.309187875749,95
2336.7,11,1083.5158243743626,5.4,50.789457978561735,378.06387152358946,95
2336.8,11,1083.5158243743626,5.4,50.81086278575893,377.906363153436,95
2336.9,11,1083.5158243743626,5.4,50.830943421770115,377.7563565381318,95
2337.0,11,1083.5158243743626,5.4,50.85383709293871,377.5866629061643,95
2337.1,11,1083.5158243743626,5.4,50.89591121106109,377.2731873237824,95
2337.2,11,1083.5158243743626,5.4,50.91820017685292,377.1085788183442,95
2337.3,7,1083.5158243743626,5.4,50.9569701513975,376.8203076034651,95
2337.4,7,1083.5158243743626,4.8999999999999995,50.97676950710917,376.67465858780537,95
2337.5,7,1083.5158243743626,4.8999999999999995,51.048260520675775,376.141049359157,95
2337.6,7,1083.5158243743626,4.8999999999999995,51.06646856450196,376.00719289791675,95
2337.7,7,1083.5158243743626,4.8999999999999995,51.07739379554518,375.9282546700698,95
2337.8,7,1083.5158243743626,4.8999999999999995,51.10018960992768,375.7603651095467,95
2337.9,7,1083.5158243743626,4.8999999999999995,51.12144134988231,375.604395040711,95
2338.0,7,1083.5158243743626,4.8999999999999995,51.223232178949544,374.87116352240093,95
2338.1,7,1083.5158243743626,4.8999999999999995,51.184151590631146,375.22376145556314,95
2338.2,9,1083.5158243743626,4.199999999999999,51.21422085051607,374.99713615815756,95
2338.3,9,1083.5158243743626,4.800000000000001,51.21828182002221,374.96939387049207,95
2338.4,9,1083.5158243743626,4.800000000000001,51.25223075291022,374.71797174379634,95
2338.5,7,1083.452425845087,4.800000000000001,51.25951904277959,374.66685225948277,95
2338.6,7,1083.452425845087,4.8999999999999995,51.278729855440474,374.5257281061319,95
2338.7,7,1083.452425845087,4.8999999999999995,51.304499987024215,374.33626872544085,95
2338.8,7,1083.452425845087,4.8999999999999995,51.320484366806284,374.21760767893824,95
2338.9,7,1083.452425845087,4.8999999999999995,51.326800574930665,374.1727897813495,95
2339.0,7,1083.452425845087,4.8999999999999995,51.34526603149356,374.0366593542923,95
2339.1,7,1083.452425845087,4.8999999999999995,51.36354631985538,373.89953152152907,95
2339.2,7,1083.452425845087,4.8999999999999995,51.39060424374066,373.69872825818294,95
2339.3,9,1083.452425845087,4.199999999999999,51.395967869441606,373.6595856379204,95
2339.4,9,1083.452425845087,4.800000000000001,51.42021810955411,373.47789217078673,95
2339.5,9,1083.452425845087,4.800000000000001,51.43236339139767,373.38859409452635,95
2339.6,10,1083.452425845087,4.800000000000001,51.44498688402686,373.29593719316614,95
2339.7,10,1083.452425845087,4.800000000000001,51.46365635314537,373.1589529559179,95
2339.8,10,1083.452425845087,4.800000000000001,51.48112551414086,373.03125027324245,95
2339.9,10,1083.452425845087,4.800000000000001,51.49308974171299,372.942483934847,95
2340.0,11,1083.452425845087,4.800000000000001,51.52120403302861,372.73554622694917,95
2340.1,11,1083.452425845087,5.4,51.54844916576408,372.5367116277978,95
2340.2,11,1083.452425845087,5.4,51.571864754401744,372.3648913513239,95
2340.3,11,1083.452425845087,5.4,51.631686226015034,371.94881466225644,95
2340.4,11,1083.452425845087,5.4,51.65491594834856,371.7796801609319,95
2340.5,11,1083.452425845087,5.4,51.69435528888543,371.48966921689885,95
2340.6,11,1083.452425845087,5.4,51.70746045850097,371.39135497582606,95
2340.7,11,1083.452425845087,5.4,51.62084479636047,372.0312362401652,95
2340.8,11,1083.452425845087,4.5,51.635404299312526,371.9221659186418,95
2340.9,7,1083.452425845087,4.5,51.642723595139174,371.8673056396678,95
2341.0,7,1083.387563354857,4.199999999999999,51.65309399536194,371.7887797963796,95
2341.1,7,1083.387563354857,4.8999999999999995,51.658719442737656,371.7461140559082,95
2341.2,7,1083.387563354857,4.8999999999999995,51.67914619686391,371.5944355799843,95
2341.3,7,1083.387563354857,4.8999999999999995,51.68782166560328,371.5288435782004,95
2341.4,7,1083.387563354857,4.8999999999999995,51.70062096676956,371.4350784666524,95
2341.5,9,1083.387563354857,4.199999999999999,51.62257873138259,371.9753446386904,95
2341.6,9,1083.387563354857,4.800000000000001,51.61872822918711,372.0025742729282,95
2341.7,9,1083.387563354857,4.800000000000001,51.62849768938615,371.9299803550682,95
2341.8,9,1083.387563354857,4.800000000000001,51.65674493278172,371.72281486385134,95
2341.9,10,1083.387563354857,4.800000000000001,51.68762376468719,371.49695875748364,95
2342.0,10,1083.387563354857,4.800000000000001,51.69400022808348,371.4499592763117,95
2342.1,9,1083.387563354857,4.800000000000001,51.71022963260725,371.33252238146576,95
2342.2,9,1083.387563354857,4.800000000000001,51.72983116540297,371.188894297345,95
2342.3,9,1083.387563354857,4.800000000000001,51.75163577240585,371.02980236580936,95
2342.4,9,1083.387563354857,4.800000000000001,51.76684065300582,370.9194297891327,95
2342.5,9,1083.387563354857,4.800000000000001,51.77222828145568,370.87956678098465,95
2342.6,9,1083.387563354857,4.800000000000001,51.770385293019814,370.89299934676035,95
2342.7,9,1083.387563354857,4.800000000000001,51.84970930743761,370.32894956579355,95
2342.8,7,1083.387563354857,4.0,51.841936959694124,370.38486823537323,95
2342.9,7,1083.387563354857,4.199999999999999,51.86171634533328,370.239763562647,95
2343.0,7,1083.387563354857,4.199999999999999,51.85755564260029,370.26953152495946,95
2343.1,7,1083.387563354857,4.199999999999999,51.86832847095523,370.19113883373245,95
2343.2,9,1083.387563354857,3.5,51.861692954468936,370.237436123766,95
2343.3,9,1083.387563354857,4.800000000000001,51.851658265912235,370.3089030981532,95
2343.4,9,1083.387563354857,4.800000000000001,51.85228084639793,370.3033583106264,95
2343.5,9,1083.387563354857,4.800000000000001,51.856904781972496,370.27813791864776,95
2343.6,9,1083.387563354857,4.800000000000001,51.84985826675936,370.328845063946,95
2343.7,7,1083.3257412140724,4.800000000000001,51.853606180078614,370.29976480503626,95
2343.8,9,1083.3257412140724,4.199999999999999,51.843996725638824,370.36955213240924,95
2343.9,9,1083.3257412140724,4.800000000000001,51.84482123212676,370.3601101075669,95
2344.0,9,1083.3257412140724,4.800000000000001,51.83657817316205,370.41729390276106,95
2344.1,9,1083.3257412140724,4.800000000000001,51.83195695110107,370.44866930106895,95
2344.2,7,1083.3257412140724,4.0,51.82916098101141,370.46757422653104,95
2344.3,7,1083.3257412140724,4.199999999999999,51.82998089397658,370.459900180481,95
2344.4,7,1083.3257412140724,4.199999999999999,51.81287355266845,370.5816229402278,95
2344.5,7,1083.3257412140724,4.199999999999999,51.80029044645232,370.66990143303826,95
2344.6,7,1083.3257412140724,4.199999999999999,51.78097419750241,370.8076244378991,95
2344.7,9,1083.3257412140724,4.199999999999999,51.76843185757866,370.89748065339444,95
2344.8,9,1083.3257412140724,4.0,51.7538700033664,371.00052676920285,95
2344.9,9,1083.3257412140724,4.0,51.60876039003142,372.0329815876337,95
2345.0,9,1083.3257412140724,4.0,51.634404690248225,371.8494287376464,95
2345.1,9,1083.3257412140724,4.0,51.633775308935505,371.852589261555,95
2345.2,9,1083.3257412140724,4.0,51.60743863221411,372.04219414849507,95
2345.3,9,1083.3257412140724,4.0,51.59990819402955,372.0956091858076,95
2345.4,9,1083.3257412140724,4.0,51.57773564571363,372.25547025384185,95
2345.5,9,1083.3257412140724,4.0,51.56582936133443,372.3408869998792,95
2345.6,9,1083.3257412140724,4.0,51.55312592185817,372.43248955754467,95
2345.7,9,1083.3257412140724,4.0,51.474135643277535,373.0054583222417,95
2345.8,9,1083.3257412140724,4.0,51.46918498705134,373.0410177177041,95
2345.9,9,1083.3257412140724,4.0,51.46131413200473,373.0976575322411,95
2346.0,9,1083.3257412140724,4.0,51.43715703241978,373.2730328038791,95
2346.1,9,1083.3257412140724,4.0,51.43052525119168,373.320744437101,95
2346.2,9,1083.3257412140724,4.0,51.482877138944225,372.94319111750474,95
2346.3,9,1083.3257412140724,4.0,51.454061168489815,373.1515068790609,95
2346.4,9,1083.3257412140724,4.0,51.446436211711614,373.20704374594214,95
2346.5,9,1083.3257412140724,4.0,51.44689260864999,373.2041278845678,95
2346.6,9,1083.3257412140724,4.0,51.34545511010745,373.9478605738948,95
2346.7,9,1083.3257412140724,4.0,51.335678441118255,374.0189894767398,95
2346.8,9,1083.3257412140724,4.0,51.34522048892739,373.95119171087157,95
2346.9,9,1083.3257412140724,4.0,51.34044671034717,373.9865971860976,95
2347.0,9,1083.3257412140724,4.0,51.35006430496049,373.9182801577532,95
2347.1,9,1083.3257412140724,4.800000000000001,51.25391935531775,374.61278999856813,95
2347.2,9,1083.3257412140724,4.800000000000001,51.27691521837207,374.44728173132034,95
2347.3,9,1083.3257412140724,4.800000000000001,51.263148460190266,374.547464697281,95
2347.4,9,1083.3257412140724,4.800000000000001,51.26676978445219,374.52138581208715,95
2347.5,9,1083.3257412140724,4.800000000000001,51.27046358764795,374.4955193361559,95
2347.6,9,1083.3257412140724,4.800000000000001,51.25160882154121,374.6245364411393,95
2347.7,9,1083.3257412140724,4.800000000000001,51.25703278712865,374.58523780483165,95
2347.8,9,1083.3257412140724,4.800000000000001,51.281062200171256,374.4086200440075,95
2347.9,9,1083.3257412140724,4.800000000000001,51.285038443077184,374.3797211396245,95
2348.0,9,1083.3257412140724,4.800000000000001,51.286943995694585,374.3660841817789,95
2348.1,9,1083.3257412140724,4.800000000000001,51.15486660817748,375.3309730576438,95
2348.2,9,1083.3257412140724,4.800000000000001,51.17275272517499,375.19971264435236,95
2348.3,9,1083.3257412140724,4.800000000000001,51.09245203406736,375.7902606222842,95
2348.4,9,1083.3257412140724,4.0,51.09483976078805,375.7723686789142,95
2348.5,9,1083.3257412140724,4.0,51.11923761864087,375.5932048526037,95
2348.6,9,1083.3257412140724,4.0,51.10658450280951,375.68577648431926,95
2348.7,9,1083.3257412140724,4.0,51.110515211576256,375.6569712547626,95
2348.8,9,1083.3257412140724,4.0,51.103703718982246,375.7068986930856,95
2348.9,9,1083.3257412140724,4.0,51.121846123772784,375.57389761231786,95
2349.0,9,1083.3257412140724,4.0,51.12552221485098,375.5469498947489,95
2349.1,9,1083.3257412140724,4.0,51.139613480595216,375.44351372785513,95
2349.2,9,1083.3257412140724,4.0,51.17798736296981,375.17895823731305,95
2349.3,9,1083.3257412140724,4.0,51.20790177519193,374.96227937084393,95
2349.4,9,1083.3257412140724,4.0,51.20748947191588,374.9642744360858,95
2349.5,9,1083.3257412140724,4.0,51.21562650897658,374.90489400813095,95
2349.6,11,1083.3257412140724,4.0,51.218727825041825,374.8810761198864,95
2349.7,9,1083.3257412140724,3.6,51.22515784271714,374.8342902145659,95
2349.8,9,1083.3257412140724,4.0,51.21320056214583,374.9219227954541,95
2349.9,9,1083.3257412140724,4.0,51.21473642115019,374.911016142811,95
2350.0,9,1083.3257412140724,4.0,51.21181199476207,374.93173937178665,95
2350.1,9,1083.3257412140724,4.0,51.22819121095668,374.8130986833579,95
2350.2,9,1083.3257412140724,4.0,51.22573393190616,374.83077213347036,95
2350.3,9,1083.3257412140724,4.0,51.236170761736425,374.7550516687029,95
2350.4,11,1083.3257412140724,3.2,51.237827677780885,374.7427436526345,95
2350.5,11,1083.3257412140724,4.5,51.239125189969855,374.7425536781664,95
2350.6,11,1083.3257412140724,4.5,51.258016707291006,374.6063663769155,95
2350.7,11,1083.3257412140724,4.5,51.25098574177025,374.65746200192734,95
2350.8,11,1083.3257412140724,4.5,51.2475589670502,374.683185690206,95
2350.9,9,1083.3257412140724,3.6,51.2568637344869,374.6155772871857,95
2351.0,9,1083.3257412140724,3.2,51.26731135832301,374.5401002926943,95
2351.1,9,1083.3257412140724,3.2,51.27197267261619,374.5051551576687,95
2351.2,9,1083.3257412140724,3.2,51.2700542924177,374.5203241658937,95
2351.3,9,1083.3257412140724,3.2,51.2876430035807,374.3961633412989,95
2351.4,9,1083.3257412140724,3.2,51.2726921573838,374.504589088968,95
2351.5,11,1083.3257412140724,2.4000000000000004,51.28238865046202,374.4340424085936,95
2351.6,11,1083.3257412140724,4.5,51.288297012144724,374.3934324940154,95
2351.7,11,1083.3257412140724,4.5,51.176953919465305,375.2314186837972,95
2351.8,11,1083.3257412140724,4.5,51.169892899256595,375.2820665955654,95
2351.9,11,1083.3257412140724,4.5,51.19967040162578,375.05627225158514,95
2352.0,11,1083.3257412140724,4.5,51.18723639450376,375.1449328322855,95
2352.1,11,1083.3257412140724,4.5,51.20908244244173,374.98841674687117,95
2352.2,11,1083.3257412140724,4.5,51.21251011443816,374.9642240847062,95
2352.3,11,1083.3257412140724,4.5,51.220901187692405,374.9027669387648,95
2352.4,11,1083.3257412140724,4.5,51.23548693216079,374.79716540957554,95
2352.5,11,1083.3257412140724,4.5,51.259484198911494,374.62433240762454,95
2352.6,11,1083.3257412140724,4.5,51.2649844721861,374.58455951810845,95
2352.7,11,1083.3257412140724,4.5,51.26481810116698,374.58779484269854,95
2352.8,11,1083.3257412140724,4.5,51.23887467432432,374.773412704655,95
2352.9,11,1083.3257412140724,4.5,51.26141447641784,374.6110521738468,95
2353.0,11,1083.3257412140724,4.5,51.13427634852388,375.57331652067774,95
2353.1,11,1083.3257412140724,4.5,51.14033147295163,375.52831934380276,95
2353.2,11,1083.3257412140724,4.5,51.145036383989726,375.49609045250816,95
2353.3,11,1083.3257412140724,4.5,51.14643703409456,375.48667510962474,95
2353.4,11,1083.3257412140724,4.5,51.1660793616418,375.3460218612204,95
2353.5,11,1083.3257412140724,4.5,51.16517497839981,375.3510008377689,95
2353.6,11,1083.3257412140724,4.5,51.17787996440886,375.25803707194336,95
2353.7,8,1083.5432657749752,3.6,51.01472858800726,376.4229774203649,95
2353.8,8,1083.6586567396569,4.199999999999999,51.008546528633886,376.4652630929237,95
2353.9,8,1083.6970701513665,4.199999999999999,51.012621625427364,376.4351853628923,95
2354.0,8,1083.6970701513665,4.199999999999999,51.01747673691071,376.42068321516956,95
2354.1,11,1083.6970701513665,4.199999999999999,51.02586234769312,376.36047516298856,95
2354.2,11,1083.6970701513665,4.5,51.01901278114383,376.4058153229858,95
2354.3,11,1083.6970701513665,4.5,51.03098459406431,376.31935606675495,95
2354.4,11,1083.6970701513665,4.5,51.03068566164761,376.31921543173496,95
2354.5,11,1083.6970701513665,4.5,51.02079445846843,376.38971758963487,95
2354.6,11,1083.6970701513665,4.5,51.03243922413827,376.3028932568094,95
2354.7,11,1083.6970701513665,4.5,51.088291815499005,375.88320372902643,95
2354.8,11,1083.6970701513665,4.5,51.096124269194654,375.82673520541516,95
2354.9,11,1083.6970701513665,4.5,51.10275725995921,375.77555582621676,95
2355.0,8,1083.6970701513665,3.6,51.11314030024495,375.6988436519808,95
2355.1,8,1083.6970701513665,4.199999999999999,51.10130140674373,375.7820729745612,95
2355.2,8,1083.6970701513665,4.199999999999999,51.11467929349849,375.6823404829092,95
2355.3,8,1083.6970701513665,4.199999999999999,51.128109797746035,375.58371601414626,95
2355.4,8,1083.6970701513665,4.199999999999999,51.137334147473716,375.51458657119656,95
2355.5,8,1083.6970701513665,4.199999999999999,51.13814282112766,375.5065827592799,95
2355.6,8,1083.6970701513665,4.199999999999999,51.160553953773956,375.34204933215165,95
2355.7,8,1083.6970701513665,4.199999999999999,51.170353304169524,375.2687745194945,95
2355.8,11,1083.6970701513665,4.199999999999999,51.17138470969957,375.2588872525256,95
2355.9,8,1083.6331031241589,4.5,51.183429396860255,375.16961117024016,95
2356.0,8,1083.6331031241589,4.8999999999999995,51.19258212403111,375.10047989127224,95
2356.1,11,1083.6331031241589,4.199999999999999,51.213466389829044,374.94805826728293,95
2356.2,11,1083.6331031241589,4.5,51.19653993918709,375.0670526048133,95
2356.3,11,1083.6331031241589,4.5,51.08608739022837,375.962887660163,95
2356.4,7,1083.5921031503783,4.5,51.0892396072846,375.9376724435938,95
2356.5,7,1083.5284887247922,4.8999999999999995,51.087608983362045,375.9463839710355,95
2356.6,7,1083.5284887247922,5.6,51.09364092453414,375.8995351893918,95
2356.7,7,1083.5284887247922,5.6,51.09421503494973,375.89115972452555,95
2356.8,7,1083.5284887247922,5.6,51.100149618383995,375.8429564008162,95
2356.9,7,1083.5284887247922,5.6,51.10880582891983,375.7799864839887,95
2357.0,7,1083.5284887247922,5.6,51.11456308095965,375.73559592977847,95
2357.1,7,1083.5284887247922,5.6,51.152314950427794,375.4451636685156,95
2357.2,11,1083.5284887247922,4.8999999999999995,51.16593680474932,375.34478284048623,95
2357.3,7,1083.5284887247922,4.5,51.16873864307229,375.32176446628546,95
2357.4,7,1083.5284887247922,4.8999999999999995,51.18120350760696,375.2296218492338,95
2357.5,7,1083.5284887247922,4.8999999999999995,51.186569407229726,375.1878778682303,95
2357.6,7,1083.5284887247922,4.8999999999999995,50.92316912910208,377.07723098254735,95
2357.7,7,1083.5284887247922,4.8999999999999995,50.926930284791126,377.0476066344389,95
2357.8,7,1083.5284887247922,4.8999999999999995,50.932702794630174,377.00431112393426,95
2357.9,7,1083.5284887247922,4.8999999999999995,50.92226460370712,377.07885620360514,95
2358.0,7,1083.5284887247922,4.8999999999999995,50.91202761829872,377.15260560202546,95
2358.1,7,1083.5284887247922,4.8999999999999995,50.90609170092401,377.19519120511205,95
2358.2,7,1083.5284887247922,4.8999999999999995,50.90014809002984,377.23775228896534,95
2358.3,7,1083.5284887247922,4.8999999999999995,50.63607383776219,379.2480353056042,95
2358.4,7,1083.5284887247922,4.8999999999999995,50.63169963034679,379.2771706098661,95
2358.5,7,1083.5284887247922,4.8999999999999995,50.62392521871942,379.3335338480108,95
2358.6,7,1083.5284887247922,4.8999999999999995,50.60928081510572,379.4401141286346,95
2358.7,7,1083.5284887247922,4.8999999999999995,50.60867357206692,379.44180344457607,95
2358.8,7,1083.5284887247922,4.8999999999999995,50.596759877118956,379.52716635880927,95
2358.9,7,1083.5284887247922,4.8999999999999995,50.60045033568653,379.5013849389403,95
2359.0,7,1083.5284887247922,4.8999999999999995,50.58547124241825,379.6098526253227,95
2359.1,7,1083.5284887247922,4.8999999999999995,50.581516371209844,379.6382724199133,95
2359.2,7,1083.5284887247922,4.8999999999999995,50.576905146158005,379.67224110853067,95
2359.3,7,1083.5284887247922,4.8999999999999995,50.56947657469052,379.72799901093146,95
2359.4,7,1083.4635769279548,4.8999999999999995,50.55435329565714,379.8381529715401,95
2359.5,7,1083.4635769279548,5.6,50.595186081053214,379.5235792716297,95
2359.6,7,1083.4635769279548,5.6,50.59927967479257,379.4942444197553,95
2359.7,7,1083.4635769279548,5.6,50.59936327091863,379.4943763231859,95
2359.8,7,1083.4635769279548,4.8999999999999995,50.58496837363515,379.60157502679033,95
2359.9,7,1083.4635769279548,4.8999999999999995,50.58396799726905,379.6093272580624,95
2360.0,7,1083.4635769279548,4.8999999999999995,50.577132958098645,379.65972340092674,95
2360.1,7,1083.4635769279548,4.8999999999999995,50.585238746833724,379.5985713364886,95
2360.2,7,1083.4635769279548,4.8999999999999995,50.57809865381121,379.64989323751047,95
2360.3,7,1083.4635769279548,4.8999999999999995,50.59496017488975,379.52490797855256,95
2360.4,7,1083.4635769279548,4.8999999999999995,50.58716927744342,379.58220060264773,95
2360.5,7,1083.4635769279548,4.8999999999999995,50.59383104671717,379.5337390209737,95
2360.6,7,1083.4635769279548,4.8999999999999995,50.59389274151606,379.53325859507174,95
2360.7,7,1083.4635769279548,4.8999999999999995,50.58314277448289,379.61590961259077,95
2360.8,7,1083.4635769279548,4.8999999999999995,50.57669865752888,379.66342338887034,95
2360.9,7,1083.4635769279548,4.8999999999999995,50.584446555970494,379.60713666412636,95
2361.0,7,1083.4635769279548,4.8999999999999995,50.5709048239039,379.7097457306351,95
2361.1,8,1083.4218783277074,4.199999999999999,50.55390621826257,379.8405148319292,95
2361.2,8,1083.4218783277074,4.199999999999999,50.54811077355522,379.885717050146,95
2361.3,8,1083.4218783277074,4.199999999999999,50.55240894754229,379.857099834446,95
2361.4,8,1083.4218783277074,4.199999999999999,50.33364881105035,381.55959723554685,95
2361.5,8,1083.4218783277074,4.199999999999999,50.31274499591167,381.71795513875105,95
2361.6,8,1083.4218783277074,4.199999999999999,50.31374267684288,381.7136912280441,95
2361.7,8,1083.4218783277074,4.199999999999999,50.34914640716483,381.48514371451506,95
2361.8,7,1083.4218783277074,3.5,50.35155874786806,381.47040046540997,95
2361.9,7,1083.4218783277074,4.8999999999999995,50.353805580925474,381.4538902847029,95
2362.0,7,1083.4218783277074,4.8999999999999995,50.36973801044164,381.33198870442027,95
2362.1,7,1083.4218783277074,4.8999999999999995,50.40550036681842,381.0848309173027,95
2362.2,7,1083.4218783277074,4.8999999999999995,50.423153100612154,380.95821017720687,95
2362.3,7,1083.4218783277074,4.8999999999999995,50.427528262231725,380.92680619681664,95
2362.4,7,1083.4218783277074,4.8999999999999995,50.43903796913044,380.8463179735143,95
2362.5,7,1083.4218783277074,4.8999999999999995,50.44748926855307,380.79010765426744,95
2362.6,7,1083.4218783277074,4.8999999999999995,50.452648209760056,380.7540179075912,95
2362.7,7,1083.4218783277074,4.8999999999999995,50.480082082522486,380.55620040800716,95
2362.8,7,1083.3572116169066,4.8999999999999995,50.30977777135385,381.9148628026643,95
2362.9,7,1083.3572116169066,5.6,50.3442942589168,381.6619810771969,95
2363.0,7,1083.3572116169066,5.6,50.36765946365793,381.48030709609736,95
2363.1,7,1083.3572116169066,5.6,50.40156937948979,381.2271230411846,95
2363.2,7,1083.3572116169066,5.6,50.430329111425486,381.0072999689612,95
2363.3,7,1083.3572116169066,5.6,50.46363908956951,380.7584796426105,95
2363.4,7,1083.3572116169066,5.6,50.497016372905165,380.51092255080886,95
2363.5,7,1083.3572116169066,5.6,50.5255841746417,380.29423250261823,95
2363.6,7,1083.3572116169066,5.6,50.53357330497483,380.2310536778349,95
2363.7,7,1083.3572116169066,5.6,50.56443316747145,379.99897686257134,95
2363.8,7,1083.3572116169066,5.6,50.58727176145044,379.82674624755884,95
2363.9,7,1083.3572116169066,5.6,50.61086401401693,379.65512146839876,95
2364.0,7,1083.3572116169066,5.6,50.633581748465815,379.48557056646115,95
2364.1,7,1083.3572116169066,5.6,50.650864257492174,379.354781705409,95
2364.2,7,1083.3572116169066,5.6,50.61424601187541,379.60719532763005,95
2364.3,7,1083.3572116169066,5.6,50.6408287918657,379.41405905738384,95
2364.4,7,1083.3572116169066,5.6,50.6770329424087,379.15140397892895,95
2364.5,7,1083.3572116169066,5.6,50.68209398952787,379.11043731778045,95
2364.6,7,1083.3572116169066,5.6,50.70479725954327,378.9420506100253,95
2364.7,7,1083.3572116169066,4.8999999999999995,50.729896701286265,378.7536833119342,95
2364.8,7,1083.3572116169066,4.8999999999999995,50.76117889862809,378.5278863120186,95
2364.9,7,1083.3572116169066,4.8999999999999995,50.773702588126355,378.4321323909605,95
2365.0,7,1083.3572116169066,4.8999999999999995,50.80510430873315,378.20091793600255,95
2365.1,7,1083.3572116169066,4.8999999999999995,50.75279844320592,378.5598446975355,95
2365.2,7,1083.3572116169066,4.8999999999999995,50.7935763894873,378.26334482530103,95
2365.3,7,1083.3572116169066,4.8999999999999995,50.801935219295025,378.19740789301244,95
2365.4,7,1083.3572116169066,4.8999999999999995,50.83249052159552,377.97721780144053,95
2365.5,7,1083.3572116169066,4.8999999999999995,50.85357778299462,377.8197015925644,95
2365.6,7,1083.3572116169066,4.8999999999999995,50.892293465942984,377.53321278847426,95
2365.7,7,1083.3572116169066,4.8999999999999995,50.909841043736265,377.40297272450607,95
2365.8,7,1083.3572116169066,4.8999999999999995,50.932065744461084,377.24149011652827,95
2365.9,7,1083.3572116169066,4.8999999999999995,50.9591853816758,377.0446405724341,95
2366.0,7,1083.3572116169066,4.8999999999999995,50.968118834474936,376.9797414759472,95
2366.1,7,1083.3572116169066,4.8999999999999995,51.00475910251639,376.7125558337385,95
2366.2,7,1083.3572116169066,4.8999999999999995,50.994062419206955,376.78384401893436,95
2366.3,7,1083.3572116169066,4.8999999999999995,51.020928542585644,376.5908559129706,95
2366.4,7,1083.3572116169066,4.8999999999999995,50.86742905013729,377.81737228904285,95
2366.5,7,1083.3572116169066,4.8999999999999995,50.959472654933634,377.1133610684581,95
2366.6,7,1083.3572116169066,4.8999999999999995,50.96593717628595,377.0606362130965,95
2366.7,7,1083.3572116169066,4.8999999999999995,50.99708250803741,376.83853790387093,95
2366.8,7,1083.3572116169066,4.199999999999999,50.99146360835997,376.8752162691727,95
2366.9,7,1083.3572116169066,4.199999999999999,51.00066761801861,376.80944674286894,95
2367.0,7,1083.3572116169066,4.199999999999999,51.0090803212639,376.7510644715808,95
2367.1,7,1083.3572116169066,4.199999999999999,51.065910255136444,376.3511118028581,95
2367.2,7,1083.3572116169066,4.199999999999999,51.074024895645316,376.29120894062373,95
2367.3,7,1083.3572116169066,4.199999999999999,51.09566608227847,376.13859888515935,95
2367.4,7,1083.2923217123737,4.199999999999999,51.08731689534159,376.196571883806,95
2367.5,7,1084.0106397385837,4.8999999999999995,51.10376753475893,376.0793354351032,96
2367.6,7,1084.0106397385837,-100.0,51.11304380113259,376.0184398852824,96
2367.7,7,1084.0106397385837,4.8999999999999995,51.11887539939562,375.9785878146987,96
2367.8,7,1084.0106397385837,4.8999999999999995,51.1314855865001,375.89382411602935,96
2367.9,7,1084.0106397385837,4.8999999999999995,51.10932722082394,376.0506927597058,96
2368.0,7,1084.0106397385837,4.8999999999999995,51.1302658438556,375.90939321291006,96
2368.1,7,1084.0106397385837,4.8999999999999995,50.925716720266784,377.5159137999044,96
2368.2,7,1084.0106397385837,4.8999999999999995,50.93297644868937,377.4664305370986,96
2368.3,7,1084.0106397385837,4.8999999999999995,50.95035777921704,377.34841579806425,96
2368.4,7,1084.0106397385837,4.8999999999999995,50.9548324681912,377.31586124589705,96
2368.5,7,1084.0106397385837,4.8999999999999995,50.96409299271811,377.2530932919328,96
2368.6,7,1084.0106397385837,4.8999999999999995,50.96308423239315,377.25811037460016,96
2368.7,7,1084.0106397385837,4.8999999999999995,50.96096104436728,377.2763118693873,96
2368.8,7,1084.0106397385837,4.8999999999999995,50.98159208459626,377.1315753949843,96
2368.9,7,1084.0106397385837,4.8999999999999995,50.973566135260214,377.1860881707131,96
2369.0,7,1084.0106397385837,4.8999999999999995,50.98468263901047,377.11391156888845,96
2369.1,7,1084.0106397385837,4.8999999999999995,50.908261145905776,377.5775801254646,96
2369.2,7,1084.0106397385837,4.8999999999999995,50.903060413943614,377.6198534508435,96
2369.3,7,1084.0106397385837,4.8999999999999995,50.89285769620501,377.69425051789085,96
2369.4,7,1084.0106397385837,4.8999999999999995,50.88152451498141,377.77240365175805,96
2369.5,7,1084.0106397385837,4.8999999999999995,50.88639846810025,377.7399599971118,96
2369.6,7,1084.0106397385837,4.8999999999999995,50.89144390067217,377.7033653822849,96
2369.7,7,1084.7275249376166,4.8999999999999995,50.91913549751105,377.5163243551639,97
2369.8,7,1084.7275249376166,-100.0,50.925891032367076,377.47123969989354,97
2369.9,7,1084.7275249376166,4.8999999999999995,50.906258180426775,377.60876370818664,97
2370.0,7,1084.7275249376166,4.8999999999999995,50.89648880182715,377.6806410255346,97
2370.1,7,1084.7275249376166,4.8999999999999995,50.90874612319927,377.597464389954,97
2370.2,7,1084.7275249376166,4.8999999999999995,50.62730324889126,379.851259379763,97
2370.3,7,1084.7275249376166,4.8999999999999995,50.66561968137448,379.54608333771955,97
2370.4,7,1084.7275249376166,4.8999999999999995,50.65446620872899,379.6316889908235,97
2370.5,7,1084.7275249376166,4.8999999999999995,50.54131135225374,380.4378368582221,97
2370.6,7,1084.7275249376166,4.8999999999999995,50.51696328666971,380.6237292183082,97
2370.7,7,1084.7275249376166,4.8999999999999995,50.503683109297526,380.72256411901463,97
2370.8,7,1084.6619848870046,4.8999999999999995,50.499934758888415,380.75822358048475,97
2370.9,7,1084.6619848870046,5.6,50.50245472879834,380.7463379254099,97
2371.0,7,1084.6619848870046,5.6,50.50454304361868,380.73542456847906,97
2371.1,7,1084.6619848870046,5.6,50.48695230794805,380.8747254662777,97
2371.2,7,1084.6619848870046,5.6,50.4919669467546,380.84026527311323,97
2371.3,7,1084.6619848870046,5.6,50.48189676087678,380.91751188482976,97
2371.4,7,1084.6619848870046,5.6,50.473448647176895,380.9901441997183,97
2371.5,7,1084.6619848870046,5.6,50.467407647476136,381.0389379769879,97
2371.6,7,1084.6619848870046,5.6,50.26759511032338,382.6765550509675,97
2371.7,7,1084.6619848870046,5.6,50.26770137609701,382.68435173088517,97
2371.8,7,1084.6619848870046,5.6,50.24431680055146,382.86455829880947,97
2371.9,7,1084.6619848870046,5.6,50.235150710481946,382.94060705623485,97
2372.0,7,1084.6619848870046,5.6,50.225360151362,383.0181501837642,97
2372.1,7,1084.6619848870046,4.8999999999999995,50.20741553671885,383.1621469680259,97
2372.2,7,1084.6619848870046,4.8999999999999995,50.199041969923606,383.2277648385493,97
2372.3,7,1084.6619848870046,4.8999999999999995,50.19137564104017,383.29321689349365,97
2372.4,7,1084.6619848870046,4.8999999999999995,50.16442499916244,383.4864242667825,97
2372.5,7,1084.6619848870046,4.8999999999999995,50.176318325928634,383.4125180171072,97
2372.6,7,1084.6619848870046,4.8999999999999995,50.15075904943555,383.59891314009053,97
2372.7,7,1084.6619848870046,4.8999999999999995,50.204269905187815,383.1554918356935,97
2372.8,7,1085.3775069232297,4.8999999999999995,50.223686237783355,383.04419449955225,98
2372.9,7,1085.3775069232297,-100.0,50.218463321013175,383.08817986066947,98
2373.0,7,1085.3775069232297,4.8999999999999995,50.19332195194426,383.2764792033357,98
2373.1,7,1085.3775069232297,4.8999999999999995,50.07903407727579,384.0792974348344,98
2373.2,7,1085.3775069232297,4.8999999999999995,50.055465785826115,384.25883809237155,98
2373.3,7,1085.3775069232297,4.8999999999999995,50.01917247493395,384.5290262082658,98
2373.4,7,1085.3775069232297,4.8999999999999995,50.02865961385518,384.46599099280434,98
2373.5,7,1085.3775069232297,4.8999999999999995,50.048207451368185,384.3442561387113,98
2373.6,7,1085.3775069232297,4.8999999999999995,50.012163366934075,384.6112033786619,98
2373.7,7,1085.3775069232297,4.8999999999999995,50.00575457959713,384.677493864937,98
2373.8,7,1085.3775069232297,4.8999999999999995,49.982815177686646,384.8543407311372,98
2373.9,7,1085.3775069232297,4.8999999999999995,49.98168892293886,384.8716530389787,98
2374.0,7,1085.311137495894,4.8999999999999995,49.957177583737405,385.0578919646061,98
2374.1,7,1085.311137495894,5.6,49.940432017616324,385.19795146766353,98
2374.2,7,1085.311137495894,5.6,49.91456866215161,385.4077310966534,98
2374.3,7,1085.311137495894,4.8999999999999995,49.92470495334439,385.3464628739818,98
2374.4,7,1085.311137495894,4.8999999999999995,49.904577424062566,385.49970337274704,98
2374.5,7,1085.311137495894,4.8999999999999995,49.88113938792584,385.6775900679042,98
2374.6,7,1085.311137495894,4.8999999999999995,49.86722762046672,385.7865380668704,98
2374.7,7,1085.311137495894,4.8999999999999995,49.69525842401272,387.0181363748339,98
2374.8,7,1085.311137495894,4.8999999999999995,49.66307632778462,387.25983429325544,98
2374.9,7,1085.311137495894,4.8999999999999995,49.65769956817883,387.30663115958686,98
2375.0,7,1085.311137495894,4.8999999999999995,49.7176417481014,386.7985919018033,98
2375.1,7,1085.311137495894,4.8999999999999995,49.70719440868353,386.8869066151679,98
2375.2,7,1085.311137495894,4.8999999999999995,49.68119487871263,387.08822472753275,98
2375.3,7,1085.311137495894,4.8999999999999995,49.680165011537014,387.10173969505865,98
2375.4,7,1085.311137495894,4.8999999999999995,49.63566108653056,387.43252805664974,98
2375.5,7,1085.311137495894,4.8999999999999995,49.61806192323104,387.5710536547202,98
2375.6,7,1085.311137495894,4.8999999999999995,49.59886844307002,387.7181811284535,98
2375.7,7,1085.311137495894,4.8999999999999995,49.578057182050564,387.8760269482715,98
2375.8,7,1085.311137495894,4.8999999999999995,49.536633480524294,388.185753270991,98
2375.9,7,1085.311137495894,4.8999999999999995,49.52763925588962,388.25595009435244,98
2376.0,7,1085.311137495894,4.8999999999999995,49.50687362214988,388.4137007775927,98
2376.1,7,1085.311137495894,4.8999999999999995,49.47198750410148,388.67168018296854,98
2376.2,7,1085.311137495894,4.8999999999999995,49.45222363625215,388.826928118192,98
2376.3,7,1085.311137495894,4.8999999999999995,49.437358499559885,388.94192700823555,98
2376.4,7,1085.311137495894,4.8999999999999995,49.40417203868999,389.1906106612816,98
2376.5,7,1085.311137495894,4.8999999999999995,49.29712993003794,389.8267082210847,98
2376.6,7,1085.311137495894,4.8999999999999995,49.278631389805625,389.9725266004561,98
2376.7,7,1085.311137495894,4.8999999999999995,49.255114141579384,390.1540720927097,98
2376.8,7,1085.311137495894,4.8999999999999995,49.22829609348791,390.36150173161013,98
2376.9,7,1085.311137495894,4.8999999999999995,49.216807840974596,390.45133209565984,98
2377.0,7,1085.311137495894,4.8999999999999995,49.19810693580449,390.59364214504444,98
2377.1,7,1085.311137495894,4.8999999999999995,49.19000518122682,390.66510755773294,98
2377.2,7,1085.311137495894,4.8999999999999995,49.16294850207593,390.8722103646038,98
2377.3,7,1085.311137495894,4.8999999999999995,49.1527266763224,390.9520710244151,98
2377.4,7,1085.311137495894,4.8999999999999995,49.13409673685835,391.09254703953405,98
2377.5,7,1085.311137495894,4.8999999999999995,49.15254446091226,390.95431134744564,98
2377.6,7,1085.311137495894,4.8999999999999995,49.12614910227983,391.153962314625,98
2377.7,7,1085.311137495894,4.8999999999999995,49.129036918942546,391.13496689955116,98
2377.8,7,1085.311137495894,4.8999999999999995,49.101949669457056,391.34535526860407,98
2377.9,7,1085.311137495894,4.8999999999999995,49.0946810294099,391.40040869375787,98
2378.0,7,1085.2451759732232,4.8999999999999995,49.08747315963056,391.4600687824687,98
2378.1,7,1085.2451759732232,5.6,49.08637469016651,391.4743882999247,98
2378.2,7,1085.2451759732232,5.6,49.0805208421455,391.5224876492058,98
2378.3,7,1085.2451759732232,5.6,49.07951553518882,391.5311531653606,98
2378.4,7,1085.2451759732232,5.6,49.04898937308904,391.76903848277254,98
2378.5,7,1085.2451759732232,5.6,49.04156937320731,391.83253292698544,98
2378.6,7,1085.2451759732232,5.6,49.20684485881688,390.43612131935174,98
2378.7,7,1085.2451759732232,5.6,49.2196579230237,390.3447980958966,98
2378.8,7,1085.2451759732232,5.6,49.194110183038475,390.54538962193,98
2378.9,7,1085.2451759732232,5.6,49.19795861617233,390.5228575314065,98
2379.0,7,1085.2451759732232,5.6,49.19095025381934,390.5821943585306,98
2379.1,7,1085.2451759732232,5.6,49.18511860761558,390.63194905748594,98
2379.2,7,1085.2451759732232,5.6,49.17129467608086,390.7405894212029,98
2379.3,7,1085.2451759732232,5.6,49.17512089295963,390.71661263944395,98
2379.4,7,1085.2451759732232,5.6,49.17331217488075,390.7357125800437,98
2379.5,7,1085.2451759732232,5.6,49.169660108363274,390.7722034028203,98
2379.6,7,1085.2451759732232,5.6,49.149931697642,390.92586208341766,98
2379.7,7,1085.2451759732232,5.6,48.899465229594995,393.04401980861047,98
2379.8,7,1085.2451759732232,5.6,48.88863835450832,393.1363046615699,98
2379.9,7,1085.2451759732232,5.6,48.87917771274644,393.2072187065279,98
2380.0,7,1085.2451759732232,5.6,49.01301005798297,392.06082614292484,98
2380.1,7,1085.2451759732232,5.6,49.018090094460646,392.03327185983835,98
2380.2,7,1085.2451759732232,5.6,48.979781316444274,392.3283378568427,98
2380.3,7,1085.2451759732232,5.6,48.97659951167212,392.36397790899764,98
2380.4,7,1085.2451759732232,5.6,48.97056432372219,392.41945053035545,98
2380.5,7,1085.2451759732232,5.6,48.95816378702101,392.5172621794893,98
2380.6,7,1085.2451759732232,5.6,48.96319671276637,392.4812915505496,98
2380.7,7,1085.2451759732232,5.6,48.703435380036936,394.72066055518087,98
2380.8,7,1085.2451759732232,5.6,48.69385658739078,394.79832138214056,98
2380.9,7,1085.2451759732232,5.6,48.71802393329946,394.6191710834054,98
2381.0,7,1085.2451759732232,5.6,48.49192399822974,396.34337145249015,98
2381.1,7,1085.2451759732232,5.6,48.509479714674086,396.2214397182645,98
2381.2,7,1085.2451759732232,5.6,48.4899905359768,396.37839222988623,98
2381.3,7,1085.2451759732232,5.6,48.50850971628353,396.24089270902937,98
2381.4,7,1085.2451759732232,5.6,48.49573097936072,396.34265675201743,98
2381.5,7,1085.2451759732232,5.6,48.512460960827696,396.2207745779841,98
2381.6,7,1085.2451759732232,5.6,48.49692140683972,396.3563503741449,98
2381.7,7,1085.2451759732232,5.6,48.50735305691613,396.28174650905544,98
2381.8,7,1085.1789491262728,5.6,48.50524415676577,396.3008769773518,98
2381.9,7,1085.1789491262728,6.3,48.524733935458826,396.16549524641493,98
2382.0,7,1085.1789491262728,6.3,48.50565742358501,396.32190619305834,98
2382.1,7,1085.1789491262728,6.3,48.52108050614677,396.215427045899,98
2382.2,7,1085.1789491262728,6.3,48.64106116181353,395.16111127377485,98
2382.3,7,1085.1789491262728,6.3,48.64902037668241,395.11871715450945,98
2382.4,7,1085.1789491262728,6.3,48.64417872207734,395.1657439318075,98
2382.5,7,1085.1789491262728,6.3,48.64456235358064,395.1743794591348,98
2382.6,7,1085.1789491262728,6.3,48.64035211318672,395.2146753170478,98
2382.7,7,1085.1789491262728,6.3,48.75011929773487,394.26093416134887,98
2382.8,7,1085.1789491262728,6.3,48.73620150702854,394.37801965664585,98
2382.9,7,1085.1789491262728,6.3,48.74857367582497,394.2975374814784,98
2383.0,7,1085.1789491262728,5.6,48.73341028327707,394.41889053342106,98
2383.1,7,1085.1789491262728,5.6,48.74550005476824,394.33349693417756,98
2383.2,7,1085.1789491262728,5.6,48.73818732340463,394.39771630797645,98
2383.3,7,1085.1789491262728,5.6,48.735235409963416,394.4314248744554,98
2383.4,7,1085.1789491262728,5.6,48.72226479260079,394.5446261947313,98
2383.5,7,1085.1789491262728,5.6,48.699931727497145,394.7356213304919,98
2383.6,7,1085.1789491262728,5.6,48.69646754987919,394.7724782882334,98
2383.7,7,1085.1789491262728,5.6,48.68576833595222,394.8711900862238,98
2383.8,7,1085.1789491262728,5.6,48.67304194577028,394.9776296992586,98
2383.9,7,1085.1789491262728,5.6,48.68000708173397,394.9331381512511,98
2384.0,7,1085.1789491262728,5.6,48.66811367604305,395.04058569845114,98
2384.1,7,1085.1789491262728,5.6,48.67346142051592,395.0137270640428,98
2384.2,7,1085.1789491262728,5.6,48.66914925866891,395.05395356819224,98
2384.3,7,1085.1789491262728,5.6,48.67175459560832,395.05263771184934,98
2384.4,7,1085.1789491262728,5.6,48.67091643653428,395.06744883985414,98
2384.5,7,1085.1789491262728,5.6,48.66497582024391,395.12700802781563,98
2384.6,7,1085.1789491262728,5.6,48.667612776592364,395.12096165862033,98
2384.7,7,1085.1789491262728,5.6,48.667526090685925,395.13625653762364,98
2384.8,7,1085.1789491262728,5.6,48.65598663895692,395.23073333951044,98
2384.9,7,1085.1789491262728,5.6,48.66070219758319,395.2079710148092,98
2385.0,7,1085.1789491262728,5.6,48.65735872454188,395.236074411944,98
2385.1,7,1085.1789491262728,5.6,48.76282194734191,394.30755090779707,98
2385.2,7,1085.1789491262728,5.6,48.754612099054995,394.3865519742985,98
2385.3,7,1085.1789491262728,5.6,48.75636539887193,394.3893226802078,98
2385.4,7,1085.1789491262728,5.6,48.745571451856044,394.4808979647022,98
2385.5,7,1085.1789491262728,5.6,48.733707502881025,394.583672794389,98
2385.6,7,1085.1789491262728,5.6,48.610066376742395,395.520967369314,98
2385.7,7,1085.1789491262728,5.6,48.626783488782294,395.4025359310268,98
2385.8,7,1085.1789491262728,5.6,48.634126025125184,395.35570825261743,98
2385.9,7,1085.1789491262728,5.6,48.621023187617254,395.46360061417,98
2386.0,7,1085.1789491262728,5.6,48.625516493280415,395.43671638060596,98
2386.1,7,1085.1789491262728,5.6,48.63575576208869,395.37629689290054,98
2386.2,7,1085.1789491262728,5.6,48.618276171475685,395.5177960069652,98
2386.3,7,1085.1789491262728,5.6,48.62069095252829,395.5166448577676,98
2386.4,7,1085.1789491262728,4.8999999999999995,48.59753761838698,395.70187085514385,98
2386.5,7,1085.1789491262728,4.8999999999999995,48.605957413897215,395.6477876665175,98
2386.6,7,1085.1789491262728,4.8999999999999995,48.60231362603018,395.6820402172368,98
2386.7,7,1085.1789491262728,4.8999999999999995,48.604739375084456,395.676806062022,98
2386.8,7,1085.1789491262728,4.8999999999999995,48.61324332908028,395.61580616106306,98
2386.9,7,1085.1789491262728,4.8999999999999995,48.62999639312308,395.50023968889593,98
2387.0,7,1085.1789491262728,4.8999999999999995,48.64743579521603,395.36957037728985,98
2387.1,7,1085.1789491262728,4.8999999999999995,48.65260364035574,395.3400300892723,98
2387.2,7,1085.1789491262728,4.8999999999999995,48.64876324154882,395.38033512609866,98
2387.3,7,1085.1128428796692,4.8999999999999995,48.68096745082079,395.1453854820895,98
2387.4,7,1085.1128428796692,4.8999999999999995,48.66958694434816,395.2448895289725,98
2387.5,7,1085.1128428796692,4.8999999999999995,48.769229073525665,394.3740573834841,98
2387.6,7,1085.1128428796692,4.8999999999999995,48.77096169735412,394.37507017459427,98
2387.7,7,1085.1128428796692,4.8999999999999995,48.77549816474259,394.3465260504422,98
2387.8,7,1085.1128428796692,4.8999999999999995,48.592675127128615,395.7252764514718,98
2387.9,7,1085.1128428796692,4.8999999999999995,48.587476022394654,395.7743471331655,98
2388.0,7,1085.1128428796692,4.8999999999999995,48.607199619511015,395.6218550747578,98
2388.1,7,1085.1128428796692,4.8999999999999995,48.60146507600894,395.670857633727,98
2388.2,7,1085.1128428796692,4.8999999999999995,48.61096575858592,395.60749834503906,98
2388.3,7,1085.1128428796692,4.8999999999999995,48.62278623971074,395.53031141138337,98
2388.4,7,1085.1128428796692,4.8999999999999995,48.59204540346566,395.7699624804457,98
2388.5,7,1085.1128428796692,4.8999999999999995,48.59779911948791,395.7327206580136,98
2388.6,7,1085.1128428796692,4.8999999999999995,48.602899731283586,395.70385033878426,98
2388.7,7,1085.1128428796692,4.8999999999999995,48.55280374787503,396.0951101454031,98
2388.8,7,1085.1128428796692,4.8999999999999995,48.53250979081109,396.25963937064654,98
2388.9,7,1085.1128428796692,4.8999999999999995,48.53456477194003,396.2463359827086,98
2389.0,7,1085.1128428796692,4.8999999999999995,48.536730583148554,396.2316901488325,98
2389.1,7,1085.1128428796692,4.8999999999999995,48.53260955575696,396.26759703161486,98
2389.2,9,1085.1128428796692,4.199999999999999,48.51341327587882,396.418102696809,98
2389.3,9,1085.1128428796692,4.0,48.497537665248586,396.5456203095465,98
2389.4,9,1085.1128428796692,4.0,48.498841938959146,396.5337468918042,98
2389.5,9,1085.1128428796692,4.0,48.49429686606828,396.57723528980046,98
2389.6,9,1085.1128428796692,4.0,48.461121762002435,396.83539122787863,98
2389.7,9,1085.1128428796692,4.0,48.40237461322745,396.9348963609524,98
2389.8,9,1085.1128428796692,3.2,48.38845438185642,397.0475995888223,98
2389.9,9,1085.1128428796692,3.2,48.38389693978143,397.0870665954245,98
2390.0,9,1085.1128428796692,3.2,48.359415345606564,397.2817936962605,98
2390.1,9,1085.1128428796692,3.2,48.36229433670492,397.25968842566897,98
2390.2,9,1085.1128428796692,3.2,48.328531153900556,397.52796940369035,98
2390.3,9,1085.1128428796692,3.2,48.32754938954973,397.5413876229867,98
2390.4,9,1085.1128428796692,3.2,48.285919148439895,397.8723309203958,98
2390.5,9,1085.1128428796692,3.2,48.28811045438909,397.85935352996705,98
2390.6,9,1085.1128428796692,3.2,48.267593914529506,398.02551312728485,98
2390.7,9,1085.1128428796692,3.2,48.2557653159146,398.1235735916338,98
2390.8,9,1085.1128428796692,3.2,48.24192833751521,398.2322466230938,98
2390.9,9,1085.1128428796692,3.2,48.22031233084458,398.40897262690817,98
2391.0,9,1085.1128428796692,3.2,48.22220500281488,398.3974365128052,98
2391.1,9,1085.1128428796692,3.2,48.21244723187806,398.47992272906515,98
2391.2,8,1085.328839074438,3.2,48.2667610781332,398.22044768506083,98
2391.3,7,1085.328839074438,2.8,48.259573833471435,398.2791794561027,98
2391.4,7,1085.328839074438,4.199999999999999,48.259562446293224,398.2857654592515,98
2391.5,7,1085.328839074438,4.199999999999999,48.25151176048658,398.3526322598702,98
2391.6,7,1085.328839074438,4.199999999999999,48.25630640129566,398.3113518462893,98
2391.7,7,1085.328839074438,4.199999999999999,48.27386493710202,398.1745840725707,98
2391.8,7,1085.328839074438,4.199999999999999,48.26045156687397,398.2797875104237,98
2391.9,7,1085.328839074438,4.199999999999999,48.2584007788988,398.2992850088164,98
2392.0,7,1085.328839074438,4.199999999999999,48.24703814131908,398.3881625625414,98
2392.1,7,1085.328839074438,4.199999999999999,48.240775475872645,398.4438692087547,98
2392.2,7,1085.328839074438,4.199999999999999,48.23454974829763,398.49392293358176,98
2392.3,7,1085.328839074438,4.199999999999999,48.24251221590994,398.4334888606674,98
2392.4,7,1085.328839074438,4.199999999999999,48.23880082885583,398.46126467006627,98
2392.5,7,1085.328839074438,4.199999999999999,48.362968894069894,397.38124695242027,98
2392.6,7,1085.328839074438,4.199999999999999,48.22161859738341,398.4807318454821,98
2392.7,7,1085.328839074438,4.199999999999999,48.20630890315562,398.61004694696,98
2392.8,7,1085.328839074438,4.199999999999999,48.19306392539113,398.71407812220895,98
2392.9,7,1085.328839074438,4.199999999999999,48.19969432802229,398.6678687316927,98
2393.0,7,1085.328839074438,4.199999999999999,48.18695363930957,398.76705030628216,98
2393.1,7,1085.328839074438,4.199999999999999,48.036265456371915,400.1059879548774,98
2393.2,7,1085.328839074438,4.199999999999999,48.02652236374361,400.18840882293443,98
2393.3,7,1085.328839074438,4.199999999999999,48.026433455960316,400.19176004350095,98
2393.4,7,1085.328839074438,4.199999999999999,48.02990241807288,400.17384606328073,98
2393.5,7,1085.328839074438,4.199999999999999,48.04786686748277,400.1567455028593,98
2393.6,7,1085.328839074438,4.199999999999999,47.91040223807953,400.96922055165743,98
2393.7,9,1085.328839074438,2.8,47.91057300808797,400.9715567832317,98
2393.8,9,1085.328839074438,4.0,47.91724921942223,400.9213223239492,98
2393.9,9,1085.328839074438,4.0,47.911715900777665,400.9724394575592,98
2394.0,9,1085.328839074438,4.0,47.91669451136798,400.9429824451861,98
2394.1,9,1085.328839074438,4.0,47.931118380779566,400.82864341557763,98
2394.2,9,1085.328839074438,4.0,47.756019642551465,402.3729849588053,98
2394.3,9,1085.328839074438,4.0,47.94082290407697,400.91516426010844,98
2394.4,9,1085.328839074438,4.0,47.94845104619857,400.8581331154691,98
2394.5,9,1085.328839074438,4.0,47.9628375734015,400.74890418550433,98
2394.6,9,1085.328839074438,4.0,47.96348331505962,400.74428129012506,98
2394.7,9,1085.328839074438,4.0,47.97299768342951,400.67237192250775,98
2394.8,9,1085.328839074438,4.0,47.96697953937675,400.72382099111013,98
2394.9,9,1085.328839074438,4.0,48.07718776675995,399.7429410830075,98
2395.0,9,1085.328839074438,4.0,48.0761338861548,399.75249489624053,98
2395.1,9,1085.328839074438,4.0,48.07573081132543,399.7644390127882,98
2395.2,9,1085.328839074438,4.0,48.06793935149358,399.8325152634637,98
2395.3,9,1085.328839074438,4.0,48.0711810099003,399.8166634816116,98
2395.4,9,1085.328839074438,4.0,48.065773867707854,399.86644603007085,98
2395.5,9,1085.328839074438,4.0,48.0766302951252,399.7826469397368,98
2395.6,9,1085.328839074438,4.0,48.06313065032029,399.8928167561769,98
2395.7,9,1085.328839074438,4.0,48.065702611515064,399.88032378162336,98
2395.8,9,1085.328839074438,4.0,48.09182134580993,399.66733833387474,98
2395.9,9,1085.328839074438,4.0,48.10718165792299,399.54665736609826,98
2396.0,9,1085.328839074438,4.0,48.0987221137298,399.61401417325914,98
2396.1,9,1085.328839074438,4.0,48.10694988600473,399.5525619132527,98
2396.2,9,1085.328839074438,4.0,48.101598069570485,399.5977781863701,98
2396.3,9,1085.328839074438,4.0,48.10398968855657,399.5772467529653,98
2396.4,9,1085.328839074438,4.0,48.091123508712705,399.6839475363435,98
2396.5,9,1085.328839074438,4.0,48.110663094275075,399.5308860688179,98
2396.6,9,1085.328839074438,4.0,48.0958825758822,399.65027282181575,98
2396.7,9,1085.328839074438,4.0,48.108337182402224,399.55107883116636,98
2396.8,9,1085.328839074438,4.0,48.18843827900643,398.93584496797587,98
2396.9,9,1085.328839074438,4.0,48.198478921341874,398.86025911383365,98
2397.0,9,1085.328839074438,4.0,48.1939102857244,398.89061448062637,98
2397.1,9,1085.328839074438,4.0,48.194683926616,398.8829113994603,98
2397.2,9,1085.328839074438,4.0,48.184025846945616,398.9703660812743,98
2397.3,9,1085.328839074438,4.0,48.182222613785,398.98493820977046,98
2397.4,9,1085.328839074438,4.0,48.179912880430784,399.0050464951694,98
2397.5,9,1085.328839074438,4.0,48.16499743738907,399.1273587020983,98
2397.6,9,1085.328839074438,4.0,48.15609588530941,399.19482477264296,98
2397.7,9,1085.328839074438,4.800000000000001,48.155899208959625,399.19108821585814,98
2397.8,9,1085.328839074438,4.800000000000001,48.151805633257894,399.21661061899925,98
2397.9,9,1085.328839074438,4.0,48.15563981210308,399.1817464402129,98
2398.0,9,1085.328839074438,4.0,48.152337244496096,399.20867200439875,98
2398.1,9,1085.328839074438,4.0,48.16470384036745,399.1066063667437,98
2398.2,9,1085.328839074438,4.0,48.17015056387869,399.05965996567625,98
2398.3,9,1085.328839074438,4.0,48.19771896251337,398.8433536284756,98
2398.4,9,1085.328839074438,4.0,48.17696150859558,399.00245561570836,98
2398.5,9,1085.328839074438,4.0,48.19889914193404,398.8291208575231,98
2398.6,9,1085.328839074438,4.0,48.20769730487983,398.75817192900826,98
2398.7,9,1085.328839074438,4.0,48.208067525993876,398.7575458794802,98
2398.8,9,1085.328839074438,4.0,48.20967174972917,398.7497747999156,98
2398.9,9,1085.328839074438,4.0,48.21391883892292,398.7119381089502,98
2399.0,9,1085.328839074438,4.0,48.22670248300384,398.6108612672948,98
2399.1,9,1085.328839074438,4.0,48.230292265678095,398.59081423840337,98
2399.2,9,1085.328839074438,4.0,48.237979450796,398.5320004424067,98
2399.3,9,1085.328839074438,4.0,48.23633072692267,398.5486554167234,98
2399.4,9,1085.328839074438,4.0,48.27079296789002,398.27521974771594,98
2399.5,9,1085.328839074438,4.800000000000001,48.55840091828382,395.82609144472485,98
2399.6,9,1085.328839074438,4.800000000000001,48.576996504772936,395.68563308763737,98
2399.7,9,1085.328839074438,4.800000000000001,48.55795572562124,395.8364299230329,98
2399.8,9,1085.328839074438,4.800000000000001,48.57247493431962,395.728831603261,98
2399.9,9,1085.328839074438,4.800000000000001,48.57509658639381,395.7081618075451,98
2400.0,9,1085.328839074438,4.800000000000001,48.597814120582555,395.533665848777,98
2400.1,9,1085.328839074438,4.800000000000001,48.60046831787301,395.5110512464846,98
2400.2,9,1085.328839074438,4.800000000000001,48.61083401839059,395.42809018351636,98
2400.3,9,1085.328839074438,4.800000000000001,48.59980043973202,395.51426229041124,98
2400.4,9,1085.328839074438,4.800000000000001,48.60445549600152,395.47746673936996,98
2400.5,9,1085.328839074438,4.800000000000001,48.74534694095426,394.2620582622569,98
2400.6,9,1085.328839074438,4.800000000000001,48.74676999152682,394.2495103995593,98
2400.7,9,1085.328839074438,4.800000000000001,48.75163053422589,394.21117948939343,98
2400.8,9,1085.328839074438,4.800000000000001,48.7488574992618,394.2333056121739,98
2400.9,9,1085.328839074438,4.800000000000001,48.74280572001224,394.28102271177045,98
2401.0,9,1085.328839074438,4.800000000000001,48.76639229902032,394.0958096446943,98
2401.1,9,1085.328839074438,4.800000000000001,48.76953546930842,394.0737988680106,98
2401.2,9,1085.328839074438,4.800000000000001,48.81877922330337,393.45109028160624,98
2401.3,9,1085.328839074438,4.800000000000001,48.821408903753095,393.434366319809,98
2401.4,9,1085.328839074438,4.800000000000001,48.7457421986318,394.0188325303228,98
2401.5,9,1085.328839074438,4.800000000000001,48.75807009305081,393.9191957965154,98
2401.6,9,1085.328839074438,5.6000000000000005,48.77365895847222,393.799152883344,98
2401.7,9,1085.328839074438,5.6000000000000005,48.76886599700425,393.8368598899034,98
2401.8,9,1085.328839074438,4.800000000000001,48.83619953152915,393.3129114644148,98
2401.9,9,1085.328839074438,4.800000000000001,48.84292182849024,393.25871415379606,98
2402.0,9,1085.328839074438,4.800000000000001,48.86738614029369,393.06678698401186,98
2402.1,9,1085.328839074438,4.800000000000001,48.87633324218124,392.998811139695,98
2402.2,9,1085.328839074438,4.800000000000001,48.88199637668886,392.95285395122454,98
2402.3,9,1085.328839074438,4.800000000000001,48.89611525267499,392.8428075615641,98
2402.4,9,1085.328839074438,4.800000000000001,48.89694561239125,392.8347483017948,98
2402.5,9,1085.328839074438,4.800000000000001,48.91493019920652,392.6963030441816,98
2402.6,9,1085.328839074438,4.800000000000001,48.92336151590278,392.6280949986459,98
2402.7,9,1085.328839074438,4.0,48.93300567835919,392.5540255460071,98
2402.8,9,1085.328839074438,4.0,48.94334356851114,392.472260363162,98
2402.9,9,1085.328839074438,4.0,48.973477255028925,392.23765444710205,98
2403.0,9,1085.328839074438,4.0,48.97802226903696,392.19894384421787,98
2403.1,9,1085.328839074438,4.0,49.009386280992295,391.95466144067166,98
2403.2,9,1085.328839074438,4.0,49.01476637009157,391.91517887816514,98
2403.3,9,1085.328839074438,4.0,49.01934846904576,391.87578276448966,98
2403.4,9,1085.328839074438,4.0,49.040279314415024,391.713465128053,98
2403.5,9,1085.328839074438,4.0,49.16661401829294,390.6728284499475,98
2403.6,9,1085.328839074438,4.0,49.1814932833267,390.5597393182287,98
2403.7,9,1085.328839074438,4.0,49.185713854991064,390.52841935670904,98
2403.8,9,1085.328839074438,4.800000000000001,49.20403035635778,390.387821007576,98
2403.9,9,1085.328839074438,4.800000000000001,49.22847746318976,390.19904217217197,98
2404.0,9,1085.328839074438,4.800000000000001,49.251470201857074,390.0236031220926,98
2404.1,9,1085.328839074438,4.800000000000001,49.255616001540645,389.9919176294236,98
2404.2,9,1085.328839074438,4.800000000000001,49.27251519587322,389.86201648090145,98
2404.3,9,1085.328839074438,4.800000000000001,49.2826676942145,389.78566671046894,98
2404.4,9,1085.328839074438,4.800000000000001,49.33895334287995,389.36384166821597,98
2404.5,9,1085.328839074438,4.0,49.34333361525881,389.3343840138193,98
2404.6,9,1085.328839074438,4.0,49.339157387767486,389.3652578793668,98
2404.7,9,1085.328839074438,4.0,49.344223097135355,389.32945827966444,98
2404.8,9,1085.328839074438,4.0,49.36400850789791,389.17875709920577,98
2404.9,9,1085.328839074438,4.0,49.36126013072668,389.19931189706915,98
2405.0,9,1085.328839074438,4.0,49.3810855017052,389.0502240901187,98
2405.1,9,1085.328839074438,4.0,49.37835303492504,389.070877952345,98
2405.2,9,1085.328839074438,4.0,49.39706820960927,388.9290645692803,98
2405.3,9,1085.328839074438,4.0,49.4391379400286,388.73440472183864,98
2405.4,9,1085.328839074438,4.0,49.451851800404775,388.64147023325444,98
2405.5,9,1085.328839074438,4.0,49.46178052481838,388.568395304898,98
2405.6,9,1085.328839074438,4.0,49.48551508021208,388.3902124366299,98
2405.7,9,1085.328839074438,4.0,49.48739951884305,388.37645447203397,98
2405.8,9,1085.328839074438,4.0,49.6049408866961,387.41062849883406,98
2405.9,9,1085.328839074438,4.0,49.61667506820942,387.32390584035136,98
2406.0,9,1085.328839074438,4.0,49.63290373751783,387.2046745202688,98
2406.1,9,1085.328839074438,4.0,49.6460667382461,387.1038201647463,98
2406.2,9,1085.328839074438,4.0,49.657632182515464,387.0163582949609,98
2406.3,9,1085.328839074438,4.0,49.672320297718464,386.90815275015956,98
2406.4,9,1085.328839074438,4.0,49.683333537982875,386.8345832144216,98
2406.5,9,1085.328839074438,4.0,49.691157585666105,386.77344123742586,98
2406.6,9,1085.328839074438,4.0,49.69591344317844,386.74069192053577,98
2406.7,9,1085.328839074438,4.0,49.698908456489505,386.71900658310136,98
2406.8,9,1085.328839074438,4.0,49.70705216862437,386.6621793365441,98
2406.9,9,1085.328839074438,4.0,49.71146757174017,386.6287309187234,98
2407.0,11,1085.328839074438,3.2,49.624226849277434,387.2674337821834,98
2407.1,11,1085.328839074438,4.5,49.673624348802925,386.9082332161546,98
2407.2,11,1085.328839074438,4.5,49.66034791852351,387.0023524193201,98
2407.3,11,1085.328839074438,4.5,49.675149128939175,386.88818978631343,98
2407.4,11,1085.328839074438,4.5,49.69261660433223,386.7600408448327,98
2407.5,11,1085.328839074438,4.5,49.68889713154364,386.7891124877825,98
2407.6,11,1086.0403191846287,3.6,49.695647449293,386.73993179643674,99
2407.7,11,1086.0403191846287,-100.0,49.71158413629446,386.6236111342761,99
2407.8,11,1086.0403191846287,3.6,49.7189407512998,386.56679791419754,99
2407.9,11,1086.0403191846287,3.6,49.71105272561863,386.62504743278276,99
2408.0,11,1086.0403191846287,3.6,49.69339848596084,386.75952337211515,99
2408.1,11,1086.0403191846287,3.6,49.7907449759297,385.96225147530777,99
2408.2,11,1086.0403191846287,3.6,49.78436675371621,386.0062836529818,99
2408.3,7,1085.995257622419,3.6,49.78736561842768,385.98138484630965,99
2408.4,7,1086.009619678798,4.199999999999999,49.791333109959126,385.9552750064214,99
2408.5,7,1085.96970767833,4.199999999999999,49.77526942790648,386.07530833979513,99
2408.6,7,1085.96970767833,4.199999999999999,49.796618850530606,385.9194178882029,99
2408.7,7,1085.96970767833,4.199999999999999,49.797398672011965,385.91117488667817,99
2408.8,7,1085.96970767833,4.199999999999999,49.7917493300435,385.95134521974575,99
2408.9,7,1085.96970767833,4.199999999999999,49.7919803087605,385.94736085239686,99
2409.0,7,1085.96970767833,4.199999999999999,49.782139453438205,386.02460165999935,99
2409.1,7,1085.96970767833,4.199999999999999,49.762210573213636,386.1740973597051,99
2409.2,7,1085.96970767833,4.199999999999999,49.75998521432616,386.1962752248719,99
2409.3,11,1085.96970767833,4.199999999999999,49.753464159001794,386.2473170208609,99
2409.4,11,1085.96970767833,4.5,49.68434461384075,386.7507130903553,99
2409.5,11,1085.96970767833,4.5,49.67096010943706,386.85020434319233,99
2409.6,11,1085.96970767833,4.5,49.68025168698266,386.7831834505672,99
2409.7,11,1085.96970767833,4.5,49.67864464409212,386.79225379599825,99
2409.8,11,1085.96970767833,4.5,49.67632485088265,386.807025249929,99
2409.9,11,1085.96970767833,4.5,49.67847556613925,386.79702666144317,99
2410.0,11,1085.96970767833,4.5,49.658510149807825,386.9481522334992,99
2410.1,11,1085.96970767833,4.5,49.65355630469071,386.98548675620236,99
2410.2,11,1085.96970767833,4.5,49.65147467589067,387.0040505759474,99
2410.3,7,1085.96970767833,4.5,49.6308064748447,387.1608757320769,99
2410.4,7,1085.96970767833,4.199999999999999,49.62574945007147,387.2061464755304,99
2410.5,7,1085.96970767833,4.199999999999999,49.61840993924207,387.2660667735146,99
2410.6,7,1085.96970767833,4.199999999999999,49.59508649825243,387.44256239504193,99
2410.7,7,1085.96970767833,4.199999999999999,49.667707446373626,386.8454018062847,99
2410.8,7,1085.96970767833,4.199999999999999,49.644673126780624,387.0305228217587,99
2410.9,7,1085.96970767833,4.199999999999999,49.632832749675174,387.119486535647,99
2411.0,7,1085.9034667214748,4.199999999999999,49.63772115049783,387.09111747545194,99
2411.1,7,1085.9034667214748,4.8999999999999995,49.64492755455352,387.04165586910904,99
2411.2,7,1085.9034667214748,4.8999999999999995,49.61491965350831,387.27325833293645,99
2411.3,7,1085.9034667214748,4.8999999999999995,49.60987077603593,387.322701753194,99
2411.4,7,1085.9034667214748,4.8999999999999995,49.6142157587682,387.29501377653594,99
2411.5,7,1085.9034667214748,4.8999999999999995,49.60364003822921,387.3796161041777,99
2411.6,7,1085.9034667214748,4.8999999999999995,49.57795260223459,387.5791327113308,99
2411.7,7,1085.9034667214748,4.8999999999999995,49.56101536464823,387.71430985756854,99
2411.8,7,1085.9034667214748,4.8999999999999995,49.5702903382729,387.6501620812486,99
2411.9,7,1086.610595284436,4.8999999999999995,49.564511424458175,387.6972122323549,100
2412.0,7,1086.610595284436,-100.0,49.55677091409734,387.7636241487345,100
2412.1,7,1086.610595284436,4.8999999999999995,49.54906172157214,387.8326259304955,100
2412.2,7,1086.610595284436,4.8999999999999995,49.514693720687546,388.09861766701397,100
2412.3,7,1086.610595284436,4.8999999999999995,49.52051861103334,388.0674118568241,100
2412.4,7,1086.610595284436,4.8999999999999995,49.50662327008338,388.18124615728186,100
2412.5,7,1086.610595284436,4.8999999999999995,49.49219783999645,388.30159402236916,100
2412.6,7,1086.610595284436,4.8999999999999995,49.55764413113542,387.833349975113,100
2412.7,7,1086.610595284436,4.8999999999999995,49.53997843344383,387.9752787176049,100
2412.8,7,1086.610595284436,4.8999999999999995,49.51722489217488,388.15262039668164,100
2412.9,7,1086.610595284436,4.8999999999999995,49.5060368528154,388.2410706481967,100
2413.0,7,1086.610595284436,4.8999999999999995,49.43654865329182,388.7652305983364,100
2413.1,7,1086.610595284436,4.8999999999999995,49.419458006365346,388.89944758569703,100
2413.2,7,1086.610595284436,4.8999999999999995,49.398943224799226,389.0610409812325,100
2413.3,7,1086.610595284436,4.8999999999999995,49.45556272258111,388.57820380673274,100
2413.4,7,1086.610595284436,4.8999999999999995,49.444834102553955,388.66987815247154,100
2413.5,7,1086.610595284436,4.8999999999999995,49.42766178283814,388.80670000652606,100
2413.6,7,1086.610595284436,4.8999999999999995,49.431164205797586,388.7931998766885,100
2413.7,7,1086.610595284436,4.8999999999999995,49.39710556605702,389.05893984495407,100
2413.8,7,1086.610595284436,4.8999999999999995,49.37859536216695,389.2108678558733,100
2413.9,7,1086.610595284436,4.8999999999999995,49.37070982390314,389.28691960435833,100
2414.0,7,1086.610595284436,4.8999999999999995,49.338503267991555,389.540234662394,100
2414.1,7,1086.544409968271,4.8999999999999995,49.32138756339711,389.6795904590698,100
2414.2,7,1086.544409968271,5.6,49.3412132569809,389.53637195454473,100
2414.3,7,1086.544409968271,5.6,49.310118651001304,389.7730297808057,100
2414.4,7,1086.544409968271,5.6,49.302534938091696,389.8388411758225,100
2414.5,7,1086.544409968271,5.6,49.29869721695688,389.87712299262955,100
2414.6,7,1086.544409968271,5.6,49.29829845545557,389.88073145428376,100
2414.7,7,1086.544409968271,5.6,49.289442401979926,389.95513795162816,100
2414.8,7,1086.544409968271,5.6,49.26574866553892,390.138849639851,100
2414.9,7,1086.544409968271,5.6,49.25538455372033,390.22258682941776,100
2415.0,7,1086.544409968271,5.6,49.23671379277607,390.3718615758561,100
2415.1,7,1086.544409968271,5.6,49.22334012267075,390.47994365932504,100
2415.2,7,1086.544409968271,5.6,49.2123641150842,390.57012095539227,100
2415.3,7,1086.544409968271,5.6,49.19309686088355,390.62588363842315,100
2415.4,7,1086.544409968271,5.6,49.19051450217323,390.6563263517396,100
2415.5,7,1086.544409968271,5.6,49.18100845034556,390.73371837004476,100
2415.6,7,1086.544409968271,5.6,49.15772614284464,390.9176912992107,100
2415.7,7,1086.544409968271,5.6,49.16947687305858,390.8313953983197,100
2415.8,7,1086.544409968271,5.6,49.17492457122741,390.7884841408135,100
2415.9,7,1086.544409968271,5.6,49.21668075354568,390.41821376076746,100
2416.0,7,1086.544409968271,5.6,49.217382097919355,390.4122008499551,100
2416.1,7,1086.544409968271,5.6,49.21594840133152,390.42822364644394,100
2416.2,7,1086.544409968271,5.6,49.190344255186545,390.6250318801606,100
2416.3,7,1086.544409968271,5.6,49.18621048281536,390.66162607715347,100
2416.4,7,1086.544409968271,5.6,49.17888106185528,390.71682598189625,100
2416.5,7,1086.544409968271,5.6,49.179047881553544,390.7210341651089,100
2416.6,7,1086.544409968271,5.6,49.16599509746908,390.82243344365816,100
2416.7,7,1086.544409968271,5.6,49.17110088239801,390.7821258888389,100
2416.8,7,1086.544409968271,5.6,49.14928193463702,390.9510386460007,100
2416.9,7,1086.544409968271,5.6,49.14385057041304,390.99366158909885,100
2417.0,7,1086.544409968271,5.6,49.14552478681927,390.9787290139044,100
2417.1,7,1086.544409968271,5.6,49.14656969416107,390.96985631332075,100
2417.2,7,1086.4785854321008,5.6,49.16653842592601,390.820153594513,100
2417.3,7,1086.4785854321008,6.3,49.16222041455778,390.8512634233936,100
2417.4,7,1086.4785854321008,5.6,49.11866537763811,391.2337347204053,100
2417.5,7,1086.4785854321008,5.6,49.111239499713534,391.2852893350762,100
2417.6,7,1086.4785854321008,5.6,49.181258162503696,390.7581331238265,100
2417.7,7,1086.4785854321008,5.6,49.18322216502244,390.7389731351881,100
2417.8,7,1086.4785854321008,5.6,49.17609293828694,390.78913767816636,100
2417.9,7,1086.4785854321008,5.6,49.17936484866178,390.7596032731253,100
2418.0,7,1086.4785854321008,5.6,49.176755351754295,390.77368233634644,100
2418.1,7,1086.4785854321008,5.6,49.1907322607518,390.6571987765027,100
2418.2,7,1086.4785854321008,5.6,49.205544858150304,390.5419537429166,100
2418.3,7,1086.4785854321008,5.6,49.253526457724874,390.12664769761125,100
2418.4,7,1086.4785854321008,5.6,49.28774283642286,389.86316793482706,100
2418.5,7,1086.4785854321008,5.6,49.27910492714486,389.92001831431,100
2418.6,7,1086.4785854321008,5.6,49.220952541646554,390.3464871586911,100
2418.7,7,1086.4785854321008,5.6,49.142408739929294,391.00287254673583,100
2418.8,7,1086.4785854321008,4.8999999999999995,49.14946505988141,390.94903799217593,100
2418.9,7,1086.4785854321008,4.8999999999999995,49.14661701250573,390.9597733312818,100
2419.0,7,1086.4785854321008,4.8999999999999995,49.14887122838799,390.93968418356644,100
2419.1,7,1086.4955223904137,4.8999999999999995,49.21509178514021,390.5293316722304,100
2419.2,7,1086.4955223904137,5.6,49.22101868379505,390.4790331611616,100
2419.3,7,1086.4955223904137,5.6,49.22301820225153,390.45879085241825,100
2419.4,7,1086.4955223904137,5.6,49.20643909379572,390.5828355063144,100
2419.5,7,1086.4955223904137,5.6,49.21774384813749,390.489986168436,100
2419.6,7,1086.4955223904137,5.6,49.200845270945614,390.6104412847705,100
2419.7,7,1086.4955223904137,5.6,49.22246668905001,390.4440327023222,100
2419.8,7,1086.4955223904137,5.6,49.21612735679767,390.4823611628073,100
2419.9,7,1086.4955223904137,5.6,49.228472984190056,390.38352991434454,100
2420.0,7,1086.4955223904137,5.6,49.142812668624394,391.1040109433233,100
2420.1,7,1086.4955223904137,5.6,49.16811216723772,390.91350737738776,100
2420.2,7,1086.4955223904137,5.6,49.16741344912693,390.9123993188084,100
2420.3,7,1086.4955223904137,5.6,49.16362872589593,390.9334569527262,100
2420.4,7,1086.4955223904137,5.6,49.17863902375396,390.8159817713236,100
2420.5,7,1086.4955223904137,5.6,49.19506501534842,390.6905581804698,100
2420.6,7,1087.1989352043918,5.6,49.25217814506897,390.2598221926685,101
2420.7,7,1087.1989352043918,-100.0,49.22619289588408,390.44753387816206,101
2420.8,7,1087.1989352043918,5.6,49.23850487630136,390.3557002845439,101
2420.9,7,1087.1989352043918,5.6,49.247538092543664,390.28284461725764,101
2421.0,7,1087.1989352043918,5.6,49.2641739555382,390.1574414972837,101
2421.1,7,1087.1989352043918,5.6,49.273374788215634,390.08074069671903,101
2421.2,7,1087.1989352043918,5.6,49.26959296365861,390.0952900087874,101
2421.3,7,1087.1989352043918,5.6,49.340772668041154,389.5127814096929,101
2421.4,7,1087.1989352043918,5.6,49.36130092812664,389.3548169843033,101
2421.5,7,1087.1989352043918,5.6,49.36341422737645,389.3321618582245,101
2421.6,7,1087.1989352043918,5.6,49.36645644443031,389.30696320299234,101
2421.7,7,1087.1989352043918,5.6,49.364468142773774,389.3197499285666,101
2421.8,7,1087.1989352043918,5.6,49.235187587512584,390.27604102634723,101
2421.9,7,1087.1989352043918,5.6,49.26086928751773,390.0779286467473,101
2422.0,7,1087.1989352043918,5.6,49.251709625145004,390.1431562627793,101
2422.1,7,1087.1989352043918,5.6,49.25945929498792,390.0789677627182,101
2422.2,7,1087.1989352043918,5.6,49.1665022156061,390.8763937321303,101
2422.3,7,1087.1989352043918,5.6,49.168101168282675,390.8616476673419,101
2422.4,7,1087.1325042799383,5.6,49.191750979615335,390.6870372779224,101
2422.5,7,1087.1325042799383,6.3,49.16989484701185,390.85179469333843,101
2422.6,7,1087.1325042799383,6.3,49.18605183010615,390.7318776235266,101
2422.7,7,1087.1325042799383,6.3,49.19914073546635,390.73227547489853,101
2422.8,7,1087.1325042799383,6.3,49.19058444219766,390.79771055409304,101
2422.9,7,1087.1325042799383,6.3,49.18343228067877,390.8516646041626,101
2423.0,7,1087.1325042799383,6.3,49.20515295012642,390.6863900377074,101
2423.1,7,1087.1325042799383,6.3,49.19949638189456,390.7267783318157,101
2423.2,7,1087.1325042799383,6.3,49.218087349227815,390.5904411094916,101
2423.3,7,1087.1325042799383,6.3,49.22177003428455,390.5728444045591,101
2423.4,7,1087.1325042799383,6.3,49.08468716040663,391.7369468303333,101
2423.5,7,1087.1325042799383,6.3,48.960301060409904,392.66047163728774,101
2423.6,7,1087.1325042799383,6.3,48.96210468929672,392.6446420285813,101
2423.7,7,1087.1325042799383,6.3,48.95789088979657,392.67224689563744,101
2423.8,7,1087.1325042799383,6.3,48.961163986870744,392.6432646137397,101
2423.9,7,1087.1325042799383,6.3,49.01698966422225,392.17939022568703,101
2424.0,7,1087.1325042799383,6.3,49.0272158788976,392.1019970259131,101
2424.1,7,1087.1325042799383,6.3,49.04393371535079,391.9819906619383,101
2424.2,7,1087.1325042799383,6.3,49.014545594272995,392.2088836436858,101
2424.3,7,1087.1325042799383,6.3,49.010811556525944,392.2389703640147,101
2424.4,7,1087.1325042799383,6.3,48.996549094811385,392.3514890794002,101
2424.5,7,1087.1325042799383,6.3,48.8458353377391,393.63115836388397,101
2424.6,7,1087.1325042799383,6.3,48.8315199470654,393.74618612718507,101
2424.7,7,1087.1325042799383,6.3,48.83404037458804,393.73314613548115,101
2424.8,7,1087.1325042799383,6.3,48.823679019856584,393.8161501239988,101
2424.9,7,1087.1325042799383,6.3,48.83140152426878,393.76537645811936,101
2425.0,7,1087.1325042799383,6.3,48.82387862981881,393.82711500466826,101
2425.1,7,1087.1325042799383,6.3,48.82010488496266,393.86589783020713,101
2425.2,7,1087.0657099538712,6.3,48.82495492568535,393.83003506956334,101
2425.3,7,1087.0657099538712,7.0,48.827064358704476,393.8231941002625,101
2425.4,7,1087.0657099538712,7.0,48.80446569488008,394.004649924395,101
2425.5,7,1087.0657099538712,7.0,48.79122816803002,394.11524470376037,101
2425.6,7,1087.0657099538712,7.0,48.80159051883524,394.03801199700797,101
2425.7,7,1087.0657099538712,7.0,48.809696937364784,393.9787734868947,101
2425.8,7,1087.0657099538712,7.0,48.826759960372556,393.8445136381755,101
2425.9,7,1087.0657099538712,7.0,48.83873154061723,393.75108801166846,101
2426.0,7,1087.0657099538712,6.3,48.68404715484578,395.11357738785193,101
2426.1,7,1087.0657099538712,6.3,48.70912365267245,394.9334005597418,101
2426.2,7,1087.0657099538712,6.3,48.73734864460823,394.6656319267749,101
2426.3,7,1087.0657099538712,6.3,48.74563644655926,394.6023131119051,101
2426.4,7,1087.0657099538712,6.3,48.74531776898769,394.6101714669187,101
2426.5,7,1087.0657099538712,6.3,48.73777577646359,394.67480629619956,101
2426.6,7,1087.0657099538712,6.3,48.6329610980833,395.4614522887819,101
2426.7,7,1087.0657099538712,6.3,48.63247322233229,395.47190725528617,101
2426.8,7,1087.0657099538712,6.3,48.63378364880491,395.464212641445,101
2426.9,7,1087.0657099538712,6.3,48.63506246521206,395.459471628746,101
2427.0,7,1087.0657099538712,6.3,48.61975913046984,395.57545856930244,101
2427.1,7,1087.0657099538712,6.3,48.595633296717025,395.758931604056,101
2427.2,7,1087.0657099538712,6.3,48.59980970239995,395.73427673591715,101
2427.3,7,1087.0657099538712,5.6,48.581951455313586,395.8747792878293,101
2427.4,7,1087.0657099538712,5.6,48.60702475463112,395.69423777584177,101
2427.5,7,1087.0657099538712,5.6,48.59653051287002,395.7802232387806,101
2427.6,7,1087.0657099538712,5.6,48.59827441292556,395.7653419121625,101
2427.7,7,1087.0657099538712,5.6,48.59175382138949,395.97631395850544,101
2427.8,7,1087.0657099538712,5.6,48.58777223583889,396.0019241971107,101
2427.9,7,1087.0657099538712,5.6,48.595119653628075,395.9447344977175,101
2428.0,7,1087.0657099538712,5.6,48.41867595415464,397.5499694874991,101
2428.1,7,1087.0657099538712,5.6,48.39172254983005,397.75361540803675,101
2428.2,7,1087.0657099538712,5.6,48.24703273673866,398.84789377264923,101
2428.3,7,1087.0657099538712,5.6,48.257466588184855,398.77916377792917,101
2428.4,7,1086.9990990497952,5.6,48.23585664699009,398.95783673645957,101
2428.5,7,1086.9990990497952,6.3,48.24688597187598,398.76639081412566,101
2428.6,7,1086.9990990497952,6.3,48.24547506704427,398.7763873051906,101
2428.7,7,1086.9990990497952,5.6,48.22783895941987,398.9095128332135,101
2428.8,7,1086.9990990497952,5.6,48.25869654590883,398.6181507047545,101
2428.9,7,1086.9990990497952,5.6,48.27542636302152,398.48246594575596,101
2429.0,7,1086.9990990497952,5.6,48.276237646471564,398.4703482949417,101
2429.1,7,1086.9990990497952,5.6,48.27705001258903,398.4513436091108,101
2429.2,7,1086.9990990497952,5.6,48.259246123218716,398.5887318145393,101
2429.3,7,1086.9990990497952,5.6,48.25049920140822,398.64429426084826,101
2429.4,7,1086.9990990497952,5.6,48.14144554228479,399.61670963176743,101
2429.5,7,1086.9990990497952,5.6,48.026178792753704,400.47969169783374,101
2429.6,7,1086.9990990497952,5.6,48.01932761902552,400.5269276034071,101
2429.7,7,1086.9990990497952,5.6,48.031208392421235,400.42481442778546,101
2429.8,7,1086.9990990497952,5.6,48.0470191279767,400.2845899995831,101
2429.9,7,1086.9990990497952,5.6,48.076551385250006,400.0442913669317,101
2430.0,7,1086.9990990497952,5.6,48.09015640496413,399.91897259917914,101
2430.1,7,1086.9990990497952,5.6,48.11330983461626,399.7189008671601,101
2430.2,7,1086.9990990497952,5.6,48.13547252601124,399.5294207888559,101
2430.3,7,1086.9990990497952,5.6,48.13916438462864,399.4801037161593,101
2430.4,7,1086.9990990497952,5.6,48.16809733800646,399.2426290998278,101
2430.5,7,1086.9990990497952,5.6,48.17755983663312,399.1582408780572,101
2430.6,7,1086.9990990497952,5.6,48.142876634928136,399.3345556695686,101
2430.7,7,1086.9990990497952,5.6,48.15738824770388,399.2087423802701,101
2430.8,7,1086.9990990497952,5.6,48.16052682754959,399.1672133815716,101
2430.9,7,1086.9990990497952,5.6,48.17770314823865,399.02021712942775,101
2431.0,7,1086.9990990497952,5.6,48.18218203948328,398.9712520626236,101
2431.1,7,1086.9990990497952,5.6,48.23314833226279,398.5322080971983,101
2431.2,7,1086.9990990497952,5.6,48.2373008688783,398.48448434118666,101
2431.3,7,1086.9990990497952,5.6,48.26526252620006,398.2557723381258,101
2431.4,7,1086.9990990497952,5.6,48.279186416556044,398.13907450165016,101
2431.5,7,1086.9990990497952,5.6,48.29029502149491,398.0382151741414,101
2431.6,7,1086.9990990497952,5.6,48.32459627835407,397.76702796678103,101
2431.7,7,1086.9990990497952,5.6,48.35111270572236,397.54211457223613,101
2431.8,7,1086.9990990497952,5.6,48.383584224190244,397.2713155598392,101
2431.9,7,1086.9990990497952,5.6,48.39008661919786,397.2058422689977,101
2432.0,7,1086.9329005427417,5.6,48.42173974935662,396.94396290627293,101
2432.1,7,1086.9329005427417,6.3,48.44311074471105,396.76645630596687,101
2432.2,7,1086.9329005427417,6.3,48.48690495696516,396.4147300636411,101
2432.3,7,1086.9329005427417,6.3,48.332619836675725,397.76635515319447,101
2432.4,7,1086.9329005427417,6.3,48.36032990249132,397.5333370511033,101
2432.5,7,1086.9329005427417,6.3,48.377163647480714,397.3829646000857,101
2432.6,7,1086.9329005427417,6.3,48.37975536468947,397.3523829812452,101
2432.7,7,1086.9329005427417,6.3,48.21360227734501,398.61749453322085,101
2432.8,7,1086.9329005427417,6.3,48.24420793351835,398.3577956737679,101
2432.9,7,1086.9329005427417,6.3,48.2462180371848,398.324260562194,101
2433.0,7,1086.9329005427417,6.3,48.28054060701592,398.03798668670964,101
2433.1,7,1086.9329005427417,6.3,48.30694303099422,397.8174047263834,101
2433.2,7,1086.9329005427417,6.3,48.328505921209015,397.6365529378131,101
2433.3,7,1086.9329005427417,6.3,48.337045525460084,397.5510714569163,101
2433.4,7,1086.9329005427417,6.3,48.34292939052847,397.3988618168029,101
2433.5,7,1086.9329005427417,6.3,48.36062336980661,397.24140621292315,101
2433.6,7,1086.9329005427417,6.3,48.249142223659966,398.21979873298824,101
2433.7,7,1086.9329005427417,6.3,48.282209605191944,397.94135567989,101
2433.8,7,1086.9329005427417,6.3,48.246506961943794,398.2067972346084,101
2433.9,7,1086.9329005427417,6.3,48.28891143557547,397.8588186600535,101
2434.0,7,1086.9329005427417,6.3,48.3236594288182,397.57317407058787,101
2434.1,7,1086.9329005427417,6.3,48.33930331209268,397.4362054402003,101
2434.2,7,1086.9329005427417,6.3,48.37778485062816,397.11541069824364,101
2434.3,7,1086.9329005427417,5.6,48.403230342922,396.90230314106503,101
2434.4,7,1086.9329005427417,5.6,48.42170530814998,396.7465891975601,101
2434.5,7,1086.9329005427417,5.6,48.47953052269385,396.27053665457333,101
2434.6,7,1086.9329005427417,5.6,48.50464126896682,396.0631746676605,101
2434.7,7,1086.9329005427417,5.6,48.51651764722327,395.96126711433186,101
2434.8,7,1086.9329005427417,5.6,48.55814879183397,395.62355583710405,101
2434.9,7,1086.9329005427417,5.6,48.58475397174053,395.4046472255162,101
2435.0,7,1086.9329005427417,5.6,48.609331729453416,395.20576169780236,101
2435.1,7,1086.9329005427417,5.6,48.41432673400782,396.7201769226933,101
2435.2,7,1086.9329005427417,5.6,48.45762959168762,396.3676281733159,101
2435.3,7,1086.9329005427417,5.6,48.3324719032382,397.44777909871175,101
2435.4,7,1086.9329005427417,5.6,48.386579430681024,397.00771516188615,101
2435.5,7,1086.9329005427417,5.6,48.41171430645211,396.7988719105721,101
2435.6,7,1086.9329005427417,5.6,48.464063826892406,396.37785863418196,101
2435.7,7,1086.9329005427417,5.6,48.499344200208256,396.09458563864496,101
2435.8,7,1086.9329005427417,5.6,48.52321841965208,395.8973551073203,101
2435.9,7,1086.9329005427417,5.6,48.536320173543885,395.78176268498987,101
2436.0,7,1086.9329005427417,4.8999999999999995,48.326652477967414,397.4194684097629,101
2436.1,7,1086.9329005427417,4.8999999999999995,48.35775140149023,397.1640221761645,101
2436.2,7,1086.9329005427417,4.8999999999999995,48.39963318004979,396.8218114670343,101
2436.3,7,1086.9329005427417,4.8999999999999995,48.42746057584641,396.5923130725314,101
2436.4,7,1086.9329005427417,4.8999999999999995,48.45060421198518,396.39976030434207,101
2436.5,7,1086.9329005427417,4.8999999999999995,48.34654617165948,397.31004572967504,101
2436.6,7,1086.9329005427417,4.8999999999999995,48.38810406558959,396.9675130560529,101
2436.7,7,1086.9329005427417,4.8999999999999995,48.397086243686864,396.8864246961972,101
2436.8,7,1086.9329005427417,4.8999999999999995,48.41572226881692,396.7296080823546,101
2436.9,7,1086.866953904643,4.8999999999999995,48.465899689369735,396.3156144068905,101
2437.0,7,1086.866953904643,5.6,48.50275842430066,396.01136230032466,101
2437.1,7,1086.866953904643,5.6,48.54058865737315,395.7040219304153,101
2437.2,7,1086.866953904643,5.6,48.547382079483285,395.6430764307994,101
2437.3,7,1086.866953904643,5.6,48.57070655331717,395.4484893028294,101
2437.4,7,1086.866953904643,5.6,48.601165333318164,395.2012295297518,101
2437.5,7,1086.866953904643,4.8999999999999995,48.609867905975136,395.1281284967714,101
2437.6,7,1086.866953904643,4.8999999999999995,48.60741800757915,395.13788241514203,101
2437.7,7,1086.866953904643,4.8999999999999995,48.63413422134602,394.9218852258334,101
2437.8,7,1086.866953904643,4.8999999999999995,48.66273322442686,394.6923534703774,101
2437.9,7,1086.866953904643,4.8999999999999995,48.43425543289128,396.4879422509336,101
2438.0,7,1086.866953904643,4.8999999999999995,48.44527287620106,396.39394914587,101
2438.1,7,1086.866953904643,4.8999999999999995,48.483340389338935,396.0845560191107,101
2438.2,7,1086.866953904643,4.8999999999999995,48.51451610675829,395.8302902978687,101
2438.3,7,1086.866953904643,4.8999999999999995,48.449816308083946,396.29570093212226,101
2438.4,7,1086.866953904643,4.8999999999999995,48.44717247994624,396.3156042799071,101
2438.5,7,1086.866953904643,4.8999999999999995,48.46265372109117,396.189337946783,101
2438.6,7,1086.866953904643,4.8999999999999995,48.50131814495214,395.8754080858412,101
2438.7,7,1086.866953904643,4.8999999999999995,48.525349759013416,395.67967629577805,101
2438.8,7,1086.866953904643,4.8999999999999995,48.5512769620166,395.46864529460635,101
2438.9,7,1086.866953904643,4.8999999999999995,48.557197394403296,395.4202372977552,101
2439.0,7,1086.866953904643,4.8999999999999995,48.42661415595255,396.5034674611418,101
2439.1,9,1086.866953904643,4.199999999999999,48.455244291430674,396.2692147674645,101
2439.2,9,1086.866953904643,5.6000000000000005,48.486512615048824,396.01416603563393,101
2439.3,9,1086.866953904643,5.6000000000000005,48.5208814233401,395.7346466042153,101
2439.4,9,1086.866953904643,5.6000000000000005,48.52429097989723,395.7043436444149,101
2439.5,9,1086.866953904643,5.6000000000000005,48.559014031122416,395.4237237824888,101
2439.6,9,1086.866953904643,4.800000000000001,48.58724063427671,395.19571590850046,101
2439.7,9,1086.866953904643,4.800000000000001,48.59836448293142,395.1043750235948,101
2439.8,7,1086.801406900996,4.800000000000001,48.61715578504932,394.9517694288593,101
2439.9,7,1086.801406900996,4.8999999999999995,48.63630966981156,394.79737334773506,101
2440.0,7,1086.801406900996,4.8999999999999995,48.66728862852097,394.5479326297325,101
2440.1,7,1086.801406900996,4.8999999999999995,48.67840301156332,394.45819796200345,101
2440.2,7,1086.801406900996,4.8999999999999995,48.69739793207724,394.3044999179397,101
2440.3,7,1086.801406900996,4.8999999999999995,48.724708392230355,394.0863906723635,101
2440.4,7,1086.801406900996,4.8999999999999995,48.73748219835275,393.98284094665075,101
2440.5,7,1086.801406900996,4.8999999999999995,48.75668599861817,393.82919357555056,101
2440.6,7,1086.801406900996,4.8999999999999995,48.77680597685968,393.667489689096,101
2440.7,7,1086.801406900996,4.8999999999999995,48.679448266131644,394.4387403374452,101
2440.8,7,1086.801406900996,4.8999999999999995,48.703201018124346,394.2479506819446,101
2440.9,7,1086.801406900996,4.8999999999999995,48.734937630902785,393.99418248116496,101
2441.0,7,1086.801406900996,4.8999999999999995,48.733878578937706,394.0007110690202,101
2441.1,7,1086.801406900996,4.8999999999999995,48.762676301164504,393.77112823361756,101
2441.2,7,1086.801406900996,4.8999999999999995,48.786260608946506,393.58219318767453,101
2441.3,7,1086.801406900996,4.8999999999999995,48.81669699513428,393.33925021494827,101
2441.4,7,1087.501015049106,4.8999999999999995,48.845400055008106,393.11014176243253,102
2441.5,7,1087.501015049106,-100.0,48.861339670205986,392.98258490706144,102
2441.6,7,1087.501015049106,4.8999999999999995,48.76235249424373,393.81024210132597,102
2441.7,7,1087.501015049106,4.8999999999999995,48.77465637135594,393.7106758730846,102
2441.8,7,1087.501015049106,4.8999999999999995,48.80178664043227,393.4942049908917,102
2441.9,7,1087.501015049106,4.8999999999999995,48.83688296131577,393.21595578524494,102
2442.0,7,1087.501015049106,4.8999999999999995,48.87419323366558,392.9184927294129,102
2442.1,7,1087.501015049106,4.8999999999999995,48.872853631358,392.9267604435599,102
2442.2,7,1087.501015049106,4.8999999999999995,48.9005843853975,392.70337744798485,102
2442.3,7,1087.501015049106,4.8999999999999995,48.93005459423062,392.46976555392456,102
2442.4,7,1087.501015049106,4.199999999999999,48.9590833342333,392.24163847225554,102
2442.5,7,1087.501015049106,4.199999999999999,48.97816211331998,392.09026404494193,102
2442.6,7,1087.501015049106,4.199999999999999,48.992803140430865,391.9787661312173,102
2442.7,7,1087.501015049106,4.199999999999999,48.89145431738358,392.85625549714496,102
2442.8,7,1087.501015049106,4.199999999999999,48.904894570665164,392.7543690447403,102
2442.9,7,1087.501015049106,4.199999999999999,48.92819839905583,392.57270268569505,102
2443.0,7,1087.501015049106,4.199999999999999,48.9420161380456,392.4606285185357,102
2443.1,7,1087.501015049106,4.199999999999999,48.94523154643736,392.43132463251607,102
2443.2,7,1087.501015049106,4.199999999999999,48.97226848199095,392.2188040050113,102
2443.3,7,1087.501015049106,4.199999999999999,48.99564083139637,392.0386156008299,102
2443.4,7,1087.501015049106,4.199999999999999,49.034645419482914,391.7361162176992,102
2443.5,7,1087.501015049106,4.199999999999999,48.89512308523276,392.80744637145773,102
2443.6,7,1088.1988722736198,4.199999999999999,48.93072047269252,392.5237755102187,103
2443.7,7,1088.1988722736198,-100.0,48.95149873126351,392.3624153768082,103
2443.8,7,1088.1988722736198,4.199999999999999,48.98768263124998,392.08166521654454,103
2443.9,7,1088.1988722736198,4.199999999999999,49.00508738455309,391.94407493749907,103
2444.0,7,1088.1988722736198,4.199999999999999,49.032133558505954,391.7311596811373,103
2444.1,7,1088.1988722736198,4.199999999999999,49.03168550222418,391.7337427111793,103
2444.2,7,1088.1988722736198,4.199999999999999,49.042523440363965,391.6488582234924,103
2444.3,7,1088.1988722736198,4.199999999999999,49.06889850668408,391.4444923280892,103
2444.4,7,1088.1988722736198,4.199999999999999,49.06162095456444,391.50232869020067,103
2444.5,7,1088.1988722736198,4.199999999999999,49.0610490197771,391.5063531450951,103
2444.6,7,1088.1988722736198,4.199999999999999,49.068954380318175,391.45144869616774,103
2444.7,7,1088.1988722736198,4.199999999999999,49.08083287802256,391.36071072575527,103
2444.8,7,1088.1988722736198,4.199999999999999,49.07381333501172,391.4173357213439,103
2444.9,7,1088.1988722736198,4.199999999999999,49.07205532362475,391.4358701794629,103
2445.0,7,1088.1988722736198,4.199999999999999,49.071357479507604,391.4446392262936,103
2445.1,7,1088.1988722736198,4.199999999999999,49.05902969399423,391.5442645873851,103
2445.2,7,1088.1988722736198,4.199999999999999,49.04450184519672,391.6582523520739,103
2445.3,7,1088.1988722736198,4.199999999999999,49.05889040422622,391.55165618849287,103
2445.4,7,1088.1988722736198,4.199999999999999,48.87351281301106,393.1052169440058,103
2445.5,7,1088.1988722736198,4.199999999999999,48.884761670477175,393.020302190669,103
2445.6,7,1088.1988722736198,4.199999999999999,48.859770875300406,393.2110593588807,103
2445.7,7,1088.8967227477335,4.199999999999999,48.873011216811804,393.11073511718234,104
2445.8,8,1089.1245603010902,-100.0,48.93637442579478,392.70230264813347,104
2445.9,7,1089.1308746749712,3.5,48.927505623544064,392.77566086662546,104
2446.0,7,1089.1308746749712,4.8999999999999995,48.89933091051798,392.9919507483985,104
2446.1,7,1089.1308746749712,4.8999999999999995,48.882222315062464,393.1262141587457,104
2446.2,9,1089.1308746749712,4.199999999999999,48.865966630392265,393.2541935902611,104
2446.3,7,1089.1308746749712,4.0,48.82776734728165,393.5493945750136,104
2446.4,7,1089.0634147722462,4.199999999999999,48.80626381217607,393.7199996619721,104
2446.5,7,1089.0634147722462,4.8999999999999995,48.639638938686524,395.0039924037128,104
2446.6,7,1089.0634147722462,4.8999999999999995,48.41315659070119,396.9305097276721,104
2446.7,7,1089.0634147722462,4.8999999999999995,48.390916521045796,397.11548379497776,104
2446.8,7,1089.0634147722462,4.8999999999999995,48.376294936196956,397.22740474642774,104
2446.9,7,1089.0634147722462,4.8999999999999995,48.35219994902339,397.4174050394157,104
2447.0,7,1089.0634147722462,4.8999999999999995,48.34097821795159,397.5062421391701,104
2447.1,7,1089.0634147722462,4.8999999999999995,48.32147390717236,397.6598007613176,104
2447.2,7,1089.0634147722462,4.8999999999999995,48.16710530076297,398.71419819905407,104
2447.3,7,1089.0634147722462,4.8999999999999995,48.120384310139,399.0891205554835,104
2447.4,7,1089.0634147722462,4.8999999999999995,48.10671416507304,399.19964556388067,104
2447.5,7,1089.0634147722462,4.8999999999999995,48.090386384655915,399.3310147683369,104
2447.6,7,1089.0634147722462,4.199999999999999,48.0747022878878,399.45644660381276,104
2447.7,7,1089.0634147722462,4.199999999999999,47.90721298613791,400.88523780904603,104
2447.8,7,1089.0634147722462,4.199999999999999,47.90735613327455,400.8838615644691,104
2447.9,7,1089.0634147722462,4.199999999999999,47.883925165773036,401.0733751926807,104
2448.0,7,1089.0634147722462,4.199999999999999,47.87975269194982,401.1062544521306,104
2448.1,7,1089.0634147722462,4.199999999999999,47.871804135410244,401.1711307491275,104
2448.2,7,1089.0634147722462,4.199999999999999,47.752747874203784,402.08248356214904,104
2448.3,7,1089.0634147722462,4.199999999999999,47.5422946695815,403.8515161961716,104
2448.4,7,1089.0634147722462,4.199999999999999,47.532998307043684,403.93010504573886,104
2448.5,7,1089.0634147722462,4.199999999999999,47.53431652213576,403.9189728865474,104
2448.6,7,1089.0634147722462,4.199999999999999,47.49355795913289,404.26535850982185,104
2448.7,7,1089.0634147722462,4.199999999999999,47.493393977780315,404.2667549838848,104
2448.8,7,1089.0634147722462,4.199999999999999,47.469720704408985,404.46853296477445,104
2448.9,7,1089.0634147722462,4.199999999999999,47.45840844371046,404.56503969625834,104
2449.0,7,1089.0634147722462,3.5,47.438044000270125,404.7390523284461,104
2449.1,7,1089.0634147722462,3.5,47.43967210416592,404.725106994291,104
2449.2,9,1089.0634147722462,3.5,47.41790662398492,404.9113046752728,104
2449.3,9,1089.0634147722462,4.800000000000001,47.3983940979134,405.078456335979,104
2449.4,9,1089.0634147722462,4.800000000000001,47.430378738128,404.80471986221005,104
2449.5,7,1089.0634147722462,4.0,47.19636670816698,406.8587029245106,104
2449.6,7,1089.0634147722462,4.199999999999999,47.10172374132924,407.6585383901244,104
2449.7,7,1089.0634147722462,4.199999999999999,47.165363498980525,407.08226479136346,104
2449.8,7,1089.0634147722462,4.199999999999999,47.14828783456136,407.2309851364593,104
2449.9,7,1089.0634147722462,4.199999999999999,47.152209444592906,407.19832438580704,104
2450.0,7,1089.0634147722462,4.199999999999999,47.16147399381554,407.1184119808436,104
2450.1,7,1089.0634147722462,4.199999999999999,47.167965978406116,407.06334044668785,104
2450.2,7,1089.0634147722462,4.199999999999999,47.15699814787979,407.15905238379594,104
2450.3,7,1089.0634147722462,4.199999999999999,47.14491062190346,407.2645437143656,104
2450.4,9,1089.0634147722462,3.5,47.1644173003227,407.0953658795279,104
2450.5,9,1089.0634147722462,4.800000000000001,47.17990160039272,406.96125170622554,104
2450.6,9,1089.757522558516,4.800000000000001,47.182782752887064,406.93677188992666,105
2450.7,9,1089.757522558516,-100.0,47.20263327260682,406.76394172152186,105
2450.8,9,1089.757522558516,4.800000000000001,47.18038470436166,406.95798277731836,105
2450.9,7,1089.757522558516,4.0,47.050735688019735,408.07054326364073,105
2451.0,7,1089.757522558516,3.5,46.966661618698936,408.85955844103194,105
2451.1,5,1088.5494694355725,3.5,46.95959998393829,408.922117572339,105
2451.2,5,1088.1690044426493,4.0,46.94991349657302,409.0129150017792,105
2451.3,5,1087.8413618508837,4.0,46.98089949756158,408.7426490166217,105
2451.4,5,1087.8413618508837,4.5,46.98007686999006,408.75770170324085,105
2451.5,5,1087.8413618508837,4.5,47.0103572600749,408.49572033767856,105
2451.6,5,1087.8413618508837,4.5,47.03175248654212,408.31227036059965,105
2451.7,5,1087.8413618508837,4.5,47.03636382441777,408.2796827127361,105
2451.8,5,1087.8413618508837,4.5,47.050220524950205,408.1630969766883,105
2451.9,5,1087.8413618508837,4.5,47.07102441944541,407.9867715731243,105
2452.0,5,1087.8413618508837,4.5,47.101533312867396,407.72588439832913,105
2452.1,5,1087.8413618508837,4.5,47.11562352819719,407.60978033030585,105
2452.2,5,1087.8413618508837,4.5,47.13220149984278,407.4712433528649,105
2452.3,5,1087.8413618508837,4.5,47.1698420944435,407.1108191515566,105
2452.4,5,1087.8413618508837,4.5,47.18012451044281,407.02714089843244,105
2452.5,5,1087.8413618508837,4.5,47.20391652795536,406.8222026834246,105
2452.6,5,1087.8413618508837,4.5,47.19863811946989,406.8760815774417,105
2452.7,5,1087.8413618508837,4.5,47.22718809542971,406.6286067269373,105
2452.8,5,1087.8413618508837,4.5,47.23568910292477,406.5635914734018,105
2452.9,5,1087.8413618508837,4.5,47.265398098443626,406.30526449237175,105
2453.0,5,1087.8413618508837,4.5,47.038932178698715,408.33737601687517,105
2453.1,5,1087.8413618508837,4.5,47.04354184191939,408.30032108229346,105
2453.2,5,1087.8413618508837,4.5,46.95979352362827,408.99943866001206,105
2453.3,5,1087.8413618508837,4.5,46.986864834467184,408.7607326562595,105
2453.4,5,1087.8413618508837,4.5,47.0082244622437,408.5740082365767,105
2453.5,5,1087.8413618508837,4.5,47.02187096870249,408.45850448999875,105
2453.6,5,1087.8413618508837,4.0,47.041474336743946,408.2860246340043,105
2453.7,7,1087.7944170783007,4.0,47.073767062717465,408.0064227421947,105
2453.8,5,1087.7944170783007,4.8999999999999995,47.111399213055186,407.6766230642037,105
2453.9,5,1087.4652935366655,4.0,47.125070838226996,407.55596345920117,105
2454.0,5,1087.4652935366655,4.5,47.15597322524931,407.2880104765004,105
2454.1,5,1087.4652935366655,4.5,47.18412412767357,407.04148411366964,105
2454.2,5,1087.4652935366655,4.5,47.194062625285525,406.9578575793201,105
2454.3,5,1087.4652935366655,4.5,47.12808002621917,407.49016368455705,105
2454.4,5,1087.4652935366655,4.5,47.154979336656815,407.2559225747411,105
2454.5,5,1087.4652935366655,4.5,47.186922133967066,406.9786638026663,105
2454.6,5,1087.4652935366655,4.5,47.231898246232724,406.5838690001548,105
2454.7,5,1087.4652935366655,4.5,47.076616587449365,407.97346021795795,105
2454.8,5,1087.4652935366655,4.5,47.104047397064775,407.7333518049833,105
2454.9,5,1087.4652935366655,4.5,47.13832064869544,407.43232783212085,105
2455.0,5,1087.4652935366655,4.5,47.16739825430861,407.17648602544466,105
2455.1,5,1087.4652935366655,4.5,47.20952704884676,406.8041328738419,105
2455.2,5,1087.4652935366655,4.5,47.23156858885096,406.6149727400442,105
2455.3,5,1087.4652935366655,4.5,47.25490614565305,406.4113426169593,105
2455.4,5,1087.4652935366655,4.5,47.29463193024958,406.06288388170606,105
2455.5,5,1087.4652935366655,4.5,47.318703087678344,405.8502843277409,105
2455.6,5,1087.4652935366655,4.5,47.33646545537339,405.693428319492,105
2455.7,5,1087.4652935366655,4.5,47.36798617943315,405.41770293559614,105
2455.8,5,1087.4652935366655,4.5,47.3720397239089,405.38208941310256,105
2455.9,5,1087.4652935366655,4.5,47.392693512433354,405.19914265045185,105
2456.0,5,1087.4652935366655,4.5,47.42868652098181,404.8851251924211,105
2456.1,5,1087.4652935366655,4.5,47.4645792556811,404.57302023387706,105
2456.2,5,1087.4652935366655,4.5,47.47945229680461,404.4427881239594,105
2456.3,5,1087.4652935366655,4.5,47.49869007739673,404.2742711666987,105
2456.4,5,1087.4652935366655,4.5,47.522970608109716,404.0655057563373,105
2456.5,5,1087.4652935366655,4.5,47.55313404669123,403.803917992926,105
2456.6,5,1087.4652935366655,4.5,47.59828250892237,403.39287166970996,105
2456.7,5,1087.4652935366655,4.5,47.619420834424545,403.21121337623924,105
2456.8,5,1087.1365392701553,4.5,47.475805003560765,404.41886468393477,105
2456.9,5,1087.1365392701553,5.0,47.490003063677264,404.2972719818676,105
2457.0,5,1087.1365392701553,5.0,47.513183477309155,404.09917376364365,105
2457.1,5,1087.1365392701553,5.0,47.51121056236215,404.1161283093405,105
2457.2,5,1087.1365392701553,5.0,47.5452223801924,403.8264866231244,105
2457.3,5,1087.1365392701553,5.0,47.55820116588707,403.7160981033931,105
2457.4,5,1087.1365392701553,5.0,47.36085516288598,405.40774353405084,105
2457.5,5,1087.1365392701553,5.0,47.37922413698988,405.2493761193323,105
2457.6,5,1087.1365392701553,5.0,47.42063217849563,404.88759220194345,105
2457.7,5,1087.1365392701553,5.0,47.441387879442075,404.7101817698482,105
2457.8,5,1087.1365392701553,5.0,47.44266191251411,404.6991757877944,105
2457.9,5,1087.1365392701553,5.0,47.43656058734174,404.75124609066836,105
2458.0,5,1087.1365392701553,5.0,47.45672983579637,404.5790866602573,105
2458.1,5,1087.1365392701553,5.0,47.472135058103895,404.4477901794551,105
2458.2,5,1087.1365392701553,5.0,47.47650307558092,404.4105771774585,105
2458.3,5,1087.1365392701553,5.0,47.474187090301214,404.43030594297204,105
2458.4,5,1087.1365392701553,5.0,47.48871220721638,404.306605254431,105
2458.5,5,1087.1365392701553,5.0,47.30583579753616,405.87592502973234,105
2458.6,5,1087.1365392701553,5.0,47.32322375935051,405.7271983299788,105
2458.7,5,1087.1365392701553,5.0,47.32823984235638,405.6843927341172,105
2458.8,5,1087.1365392701553,5.0,47.38155032272283,405.26299121964166,105
2458.9,5,1087.1365392701553,5.0,47.40234167364578,405.0880408863866,105
2459.0,5,1087.1365392701553,5.0,47.421368022472905,404.92886463448525,105
2459.1,5,1087.1365392701553,5.0,47.43745338642644,404.7923702815001,105
2459.2,5,1087.1365392701553,5.0,47.47054017195872,404.51245523815084,105
2459.3,5,1087.1365392701553,5.0,47.46171171302596,404.58418664428757,105
2459.4,5,1087.1365392701553,5.0,47.48876412680098,404.3555017465379,105
2459.5,5,1086.8079093463982,5.0,47.51910719993418,404.09864444796096,105
2459.6,5,1086.8079093463982,5.5,47.3024659348942,405.91359620924084,105
2459.7,5,1086.8079093463982,5.5,47.332254673846826,405.65852557190897,105
2459.8,5,1086.8079093463982,5.5,47.36220503802875,405.4023937924686,105
2459.9,5,1086.8079093463982,5.5,47.39690838194042,405.1062425515627,105
2460.0,5,1086.8079093463982,5.5,47.4001048261665,405.07612317393085,105
2460.1,5,1086.8079093463982,5.5,47.424345617599656,404.868195132755,105
2460.2,5,1086.8079093463982,5.5,47.434215327446694,404.7815870277809,105
2460.3,5,1086.8079093463982,5.5,47.45839044821369,404.57546694209896,105
2460.4,5,1086.8079093463982,5.5,47.46914300320783,404.4819497178013,105
2460.5,5,1086.8079093463982,5.5,47.49682014408769,404.2461206948269,105
2460.6,5,1086.8079093463982,5.5,47.52408472642307,404.0140254191133,105
2460.7,5,1086.8079093463982,5.5,47.539445808131006,403.88334388967485,105
2460.8,5,1086.8079093463982,5.5,47.543765728707726,403.84543478435,105
2460.9,5,1086.8079093463982,5.5,47.56015087053457,403.70592367822314,105
2461.0,5,1086.8079093463982,5.0,47.584163643007315,403.5022867133923,105
2461.1,5,1086.8079093463982,5.0,47.4974010693671,404.2658071774923,105
2461.2,5,1086.8079093463982,4.5,47.529207642700825,403.9935959076679,105
2461.3,5,1086.8079093463982,4.5,47.536255005027115,403.9356176419923,105
2461.4,5,1086.8079093463982,4.5,47.5685923205579,403.65966548194876,105
2461.5,5,1086.8079093463982,4.5,47.600924939759416,403.3853955040395,105
2461.6,5,1086.8079093463982,4.5,47.627506329119626,403.1595267911508,105
2461.7,5,1086.8079093463982,4.5,47.65066499721735,402.9647869660661,105
2461.8,5,1086.8079093463982,4.5,47.679252328167806,402.7228564243171,105
2461.9,5,1086.8079093463982,4.5,47.706254869600706,402.4950625860393,105
2462.0,5,1086.8079093463982,4.5,47.73665503418521,402.23934643110556,105
2462.1,5,1086.480095367752,4.5,47.76831737646101,401.9728830367377,105
2462.2,5,1086.480095367752,5.0,47.80126059522061,401.69604149465715,105
2462.3,5,1086.480095367752,5.0,47.82235522502879,401.520457775465,105
2462.4,5,1086.480095367752,5.0,47.8644288228341,401.1667447688091,105
2462.5,5,1086.480095367752,5.0,47.902626204812364,400.84786344379916,105
2462.6,5,1087.168042683838,5.0,47.734767953262676,402.2333994645793,106
2462.7,5,1087.168042683838,-100.0,47.758295350373615,402.0355338487736,106
2462.8,5,1087.168042683838,5.0,47.80032626767709,401.68156765301524,106
2462.9,5,1087.168042683838,5.0,47.80999582101287,401.602275320402,106
2463.0,5,1087.168042683838,5.0,47.823651009752425,401.48917726095493,106
2463.1,5,1087.168042683838,5.0,47.85692507810693,401.2093750797503,106
2463.2,5,1087.168042683838,5.0,47.87097658027005,401.0933292449539,106
2463.3,5,1087.168042683838,5.0,47.891998948138685,400.9176702393607,106
2463.4,5,1087.168042683838,5.0,47.90331740691194,400.8257344022903,106
2463.5,5,1087.168042683838,5.0,47.68904485733839,402.6638563247668,106
2463.6,5,1087.168042683838,4.5,47.93281762298814,400.57985277978764,106
2463.7,5,1087.168042683838,4.5,47.89080170473808,401.04036450218194,106
2463.8,11,1087.168042683838,4.0,47.909841886517,400.88053985441064,106
2463.9,11,1087.168042683838,4.5,47.938074747988075,400.645462417639,106
2464.0,11,1087.168042683838,4.5,47.898697223929375,401.1005839506299,106
2464.1,11,1087.168042683838,4.5,47.898916709527356,401.10764551413524,106
2464.2,11,1087.168042683838,4.5,47.901621325401635,401.09456057353975,106
2464.3,11,1087.168042683838,4.5,47.91172838587437,401.0235975688807,106
2464.4,11,1087.168042683838,4.5,47.79738019281578,401.9348445746026,106
2464.5,11,1087.168042683838,4.5,47.799916972782,401.9243048289009,106
2464.6,11,1087.168042683838,4.5,47.81651810893046,401.7897601843571,106
2464.7,11,1087.168042683838,4.5,47.8282848420669,401.6980074855038,106
2464.8,11,1087.168042683838,4.5,47.842341681414425,401.58711301509,106
2464.9,11,1087.168042683838,4.5,47.86121647561178,401.43848541552336,106
2465.0,11,1087.168042683838,4.5,47.89052382867456,401.19873769190184,106
2465.1,5,1086.8413070014883,4.5,47.9125396609584,401.0220072674128,106
2465.2,5,1086.8413070014883,4.5,47.94860307449733,400.7303873925766,106
2465.3,5,1086.8413070014883,4.5,48.168521086179645,398.9859370813438,106
2465.4,5,1086.8413070014883,4.5,48.18574145873937,398.8516961424277,106
2465.5,5,1086.8413070014883,4.5,48.23019661922698,398.48529780107174,106
2465.6,5,1086.8413070014883,4.5,48.26438762496089,398.2029364352844,106
2465.7,5,1086.8413070014883,4.5,48.4212651405146,396.84852260661427,106
2465.8,5,1086.8413070014883,4.5,48.43551400850566,396.7357990378807,106
2465.9,5,1086.8413070014883,4.5,48.45924337575809,396.5459819128496,106
2466.0,5,1086.8413070014883,4.5,48.482041631560435,396.3620325768344,106
2466.1,5,1086.8413070014883,4.5,48.5049628544691,396.17675696703304,106
2466.2,5,1086.8413070014883,4.5,48.53140608562113,395.9723068276688,106
2466.3,5,1086.8413070014883,4.5,48.571025913385554,395.64316507377345,106
2466.4,5,1086.8413070014883,4.5,48.71127034637804,394.56266187887456,106
2466.5,5,1086.8413070014883,4.5,48.7410054071052,394.3165910598542,106
2466.6,5,1086.8413070014883,4.5,48.7628432601534,394.1396747997202,106
2466.7,5,1086.8413070014883,4.5,48.64104877960418,395.0542332648588,106
2466.8,5,1086.8413070014883,4.5,48.676049254261784,394.76114212046946,106
2466.9,5,1086.8413070014883,4.5,48.693335633774254,394.6186144488775,106
2467.0,5,1086.8413070014883,4.5,48.714997622222086,394.43920961770084,106
2467.1,5,1086.8413070014883,4.5,48.74021016206079,394.22646219499916,106
2467.2,5,1086.8413070014883,4.5,48.758687335058,394.0709131483377,106
2467.3,5,1086.8413070014883,4.5,48.7787632748403,393.899442085315,106
2467.4,5,1086.8413070014883,4.5,48.81713288924031,393.5799724826579,106
2467.5,5,1086.8413070014883,4.5,48.83494953506661,393.4263605785857,106
2467.6,5,1086.8413070014883,4.5,48.835975243280544,393.4193083457678,106
2467.7,5,1086.8413070014883,4.5,48.86641405784852,393.16470882825496,106
2467.8,5,1087.1986979395738,4.5,48.890166358294564,392.9726258328506,107
2467.9,5,1087.1986979395738,-100.0,48.917127792434826,392.74982272634213,107
2468.0,5,1087.1986979395738,5.0,48.9557139259593,392.43251858146795,107
2468.1,5,1087.1986979395738,5.0,49.03081925795811,391.8083376890493,107
2468.2,5,1087.1986979395738,5.0,49.05049147943604,391.6467023828336,107
2468.3,5,1087.1986979395738,5.0,49.06529170039559,391.5275513136828,107
2468.4,5,1087.1986979395738,5.0,49.088943401796925,391.33581474163225,107
2468.5,5,1087.1986979395738,5.0,49.118108179078604,391.0989690911902,107
2468.6,5,1087.1986979395738,5.0,49.14386200557579,390.8898763378935,107
2468.7,5,1087.1986979395738,5.0,49.3187468297283,389.5579021240983,107
2468.8,5,1087.1986979395738,5.0,49.34814439583323,389.3160361858427,107
2468.9,5,1087.1986979395738,5.0,49.36975581920739,389.14306547231024,107
2469.0,5,1087.1986979395738,5.0,49.39505213507408,388.93488521202175,107
2469.1,5,1087.1986979395738,5.0,49.423872272323536,388.70455225151966,107
2469.2,5,1087.1986979395738,5.0,49.44952895989758,388.496012129546,107
2469.3,5,1087.1986979395738,5.0,49.476625021188056,388.27844547064933,107
2469.4,5,1087.1986979395738,5.0,49.507631048517865,388.0329342777952,107
2469.5,5,1087.1986979395738,5.0,49.52845604108699,387.86406404575337,107
2469.6,5,1087.1986979395738,5.0,49.55274209523534,387.67280400311233,107
2469.7,5,1087.1986979395738,5.0,49.579546538992446,387.4593161381175,107
2469.8,5,1087.1986979395738,5.0,49.605403880454084,387.25403933258536,107
2469.9,5,1087.1986979395738,5.0,49.64040621851878,386.98110865964384,107
2470.0,5,1087.1986979395738,5.0,49.68290624299852,386.6418259475789,107
2470.1,5,1087.1986979395738,5.0,49.7054063698358,386.4690953968875,107
2470.2,5,1087.1986979395738,5.0,49.74283163900973,386.1686090487091,107
2470.3,5,1087.1986979395738,5.0,49.77412609778136,385.9228647444783,107
2470.4,5,1087.1986979395738,5.0,49.7981750864205,385.73631385305134,107
2470.5,5,1087.1986979395738,5.0,49.839590070867146,385.40758261056715,107
2470.6,5,1087.1986979395738,5.0,49.864522068691656,385.2100979212524,107
2470.7,5,1087.1986979395738,5.0,49.882602991972554,385.06879038512454,107
2470.8,5,1087.1986979395738,5.0,49.925506240701395,384.73198015501606,107
2470.9,5,1087.1986979395738,5.0,49.992081806738426,384.113768185283,107
2471.0,5,1087.1986979395738,5.0,50.15130565458528,382.91904303017026,107
2471.1,5,1087.1986979395738,5.0,50.17676506549597,382.71902781172344,107
2471.2,5,1087.1986979395738,5.0,50.19213941264856,382.60024269541424,107
2471.3,5,1087.1986979395738,5.0,50.22266346282697,382.3628022323346,107
2471.4,5,1086.871559104228,5.0,50.24487715655043,382.1919760800213,107
2471.5,5,1086.871559104228,5.5,50.26746157881716,382.0168030766248,107
2471.6,5,1086.871559104228,5.5,50.280787427769916,381.91514583415517,107
2471.7,5,1086.871559104228,5.5,50.30037874102791,381.7638022208416,107
2471.8,5,1086.871559104228,5.5,50.32145440858335,381.60011731397344,107
2471.9,5,1086.871559104228,5.5,50.35121490556179,381.37163622981404,107
2472.0,5,1086.871559104228,5.5,50.358517349946325,381.3161138896377,107
2472.1,5,1086.871559104228,5.5,50.38682284080032,381.0986330183312,107
2472.2,5,1086.871559104228,5.5,50.40073031838433,380.99129414569666,107
2472.3,5,1086.871559104228,5.5,50.404071507902344,380.9639319935835,107
2472.4,5,1086.871559104228,5.5,50.43076210629502,380.7603561387501,107
2472.5,5,1086.871559104228,5.5,50.43666219487267,380.71556119516094,107
2472.6,5,1086.871559104228,5.5,50.44891851969855,380.6210335272848,107
2472.7,5,1086.871559104228,5.5,50.46961527449456,380.4626662547654,107
2472.8,5,1086.871559104228,5.5,50.462606021217,380.516239718582,107
2472.9,5,1086.871559104228,5.5,50.471515255308375,380.44743462400675,107
2473.0,5,1086.871559104228,5.5,50.482912369127845,380.35961309261415,107
2473.1,5,1086.871559104228,5.5,50.501220501216125,380.22192140677794,107
2473.2,5,1086.871559104228,5.5,50.52204775063565,380.0625130035536,107
2473.3,5,1086.871559104228,5.5,50.53328207743938,379.9774749535977,107
2473.4,5,1086.871559104228,5.5,50.530435348799294,379.99839727945584,107
2473.5,5,1086.871559104228,5.5,50.55178776245374,379.8363907517302,107
2473.6,5,1086.871559104228,5.5,50.64497195173981,379.1491695072318,107
2473.7,5,1086.871559104228,5.5,50.64975242636758,379.11061060452323,107
2473.8,5,1086.871559104228,5.5,50.65733955243451,379.0509351034251,107
2473.9,5,1086.871559104228,5.5,50.643661047784,379.15314473435615,107
2474.0,5,1086.871559104228,5.5,50.64835861573794,379.11645861171894,107
2474.1,5,1086.871559104228,5.5,50.65551145965414,379.06138377254575,107
2474.2,5,1086.871559104228,5.5,50.64815128066898,379.1165437803917,107
2474.3,5,1086.871559104228,5.5,50.647026162779696,379.12360454576907,107
2474.4,5,1086.871559104228,5.5,50.64851036201633,379.1120424318897,107
2474.5,5,1086.871559104228,5.5,50.64968404981121,379.1023605153451,107
2474.6,5,1086.871559104228,5.5,50.666078037947585,378.9772396298028,107
2474.7,5,1086.871559104228,5.5,50.650409402055786,379.0955706967875,107
2474.8,5,1086.871559104228,5.5,50.668654031503955,378.9561600815166,107
2474.9,5,1086.871559104228,5.0,50.67351065028351,378.9192191053761,107
2475.0,5,1086.871559104228,5.0,50.684503372845185,378.8356902140962,107
2475.1,5,1086.871559104228,5.0,50.68224218384799,378.85152092958907,107
2475.2,5,1086.5453318260386,5.0,50.684871799892875,378.8319509080883,107
2475.3,5,1086.5453318260386,5.5,50.68043246038296,378.8637748213416,107
2475.4,5,1086.5453318260386,5.5,50.690389481596,378.7881451497046,107
2475.5,5,1086.5453318260386,5.5,50.68920681920253,378.7978654027964,107
2475.6,5,1086.5453318260386,5.5,50.6937430355211,378.7633421157859,107
2475.7,5,1086.5453318260386,5.5,50.70435438860091,378.68206459743374,107
2475.8,5,1086.5453318260386,5.5,50.70384539523509,378.6868030490431,107
2475.9,5,1086.5453318260386,5.0,50.710735174305114,378.63459130640103,107
2476.0,5,1086.5453318260386,5.0,50.71539896289646,378.59980907487045,107
2476.1,5,1086.5453318260386,5.0,50.71420931829414,378.6087236793585,107
2476.2,5,1086.5453318260386,5.0,50.731294176861034,378.4796564543557,107
2476.3,5,1086.5453318260386,5.0,50.896608457443016,377.2385135538027,107
2476.4,5,1086.5453318260386,5.0,50.902040784233876,377.19866388315495,107
2476.5,5,1086.5453318260386,5.0,50.91638350001432,377.0922443589103,107
2476.6,5,1086.5453318260386,5.0,50.933334106929664,376.96682944972264,107
2476.7,5,1086.5453318260386,5.0,50.960786472973254,376.763656054368,107
2476.8,5,1086.5453318260386,5.0,50.98033293512505,376.6191474752501,107
2476.9,5,1086.5453318260386,5.0,50.996266217491836,376.50100733768784,107
2477.0,5,1086.5453318260386,5.0,51.01797505259897,376.3404873310569,107
2477.1,5,1086.5453318260386,5.0,51.00976538898604,376.40164634744497,107
2477.2,5,1086.5453318260386,5.0,51.03006181715199,376.2519224261732,107
2477.3,5,1086.5453318260386,5.0,51.06451509317698,375.9975516351813,107
2477.4,5,1086.5453318260386,5.0,51.20625960481829,374.96775590456787,107
2477.5,5,1087.22863191339,5.0,51.227344888857246,374.81214884638155,108
2477.6,5,1087.22863191339,-100.0,51.229278821964066,374.7990192185508,108
2477.7,5,1087.22863191339,5.0,51.23958386203312,374.72411387027324,108
2477.8,5,1087.22863191339,4.5,51.2512475164952,374.6387845130239,108
2477.9,5,1087.22863191339,4.5,51.267648490513594,374.51895951950974,108
2478.0,5,1087.22863191339,4.5,51.28314622438067,374.40466786799084,108
2478.1,5,1087.22863191339,4.5,51.292466444096256,374.3370789227368,108
2478.2,5,1087.22863191339,4.5,51.30359096076073,374.2572747474331,108
2478.3,5,1087.22863191339,4.5,51.31675426857723,374.1608535837429,108
2478.4,5,1087.22863191339,4.5,51.33079677841414,374.05891624908793,108
2478.5,5,1087.22863191339,4.5,51.3480071879952,373.93400153355594,108
2478.6,5,1087.22863191339,4.5,51.42987767709691,373.3333692402781,108
2478.7,5,1087.22863191339,4.5,51.45360569311271,373.1609217423678,108
2478.8,5,1087.22863191339,4.5,51.486954129044584,372.9128440494932,108
2478.9,5,1087.22863191339,4.5,51.5055996432435,372.77843076634946,108
2479.0,5,1086.9027281522297,4.5,51.44390214331618,373.31683277079924,108
2479.1,5,1086.9027281522297,4.5,51.45754442028064,373.22057452891715,108
2479.2,5,1086.9027281522297,4.5,51.48511097936981,373.01521351044505,108
2479.3,5,1086.9027281522297,4.5,51.50211302311287,372.8922183520383,108
2479.4,5,1086.9027281522297,4.5,51.52950606381785,372.6917856885424,108
2479.5,5,1086.9027281522297,4.5,51.55783530779648,372.48298090973793,108
2479.6,5,1086.9027281522297,4.5,51.48610598977782,372.98640669956023,108
2479.7,5,1086.9027281522297,4.5,51.656146254863614,371.7936889614722,108
2479.8,5,1086.9027281522297,4.5,51.67385391253643,371.66540349332985,108
2479.9,5,1086.9027281522297,4.5,51.694266511279146,371.515901078556,108
2480.0,5,1086.9027281522297,4.5,51.70315144553014,371.4540205185796,108
2480.1,5,1086.9027281522297,4.5,51.710644454982145,371.40420271767437,108
2480.2,5,1086.9027281522297,4.5,51.723557206014476,371.30990189948176,108
2480.3,5,1086.9027281522297,4.5,51.744173358048016,371.1616310238945,108
2480.4,5,1086.9027281522297,4.5,51.75231083862088,371.10318563757824,108
2480.5,5,1086.9027281522297,4.5,51.75397646078201,371.0926444547484,108
2480.6,5,1086.9027281522297,4.5,51.762542605038846,371.0313318011584,108
2480.7,5,1086.9027281522297,4.5,51.7734669464763,370.9513886973075,108
2480.8,5,1086.9027281522297,4.5,51.767265598433966,370.99849703314476,108
2480.9,5,1086.9027281522297,4.0,51.79132389423142,370.8224297287662,108
2481.0,5,1086.9027281522297,4.0,51.790756199781434,370.8233553798292,108
2481.1,5,1086.9027281522297,4.0,51.88587136919462,370.1234317450243,108
2481.2,5,1086.9027281522297,4.0,51.850256037445526,370.3915875836398,108
2481.3,5,1086.9027281522297,4.0,51.851758917260824,370.38043984682884,108
2481.4,5,1086.9027281522297,4.0,51.84738253013078,370.4114266654039,108
2481.5,5,1086.9027281522297,4.0,51.863843811895826,370.2931040807424,108
2481.6,5,1086.9027281522297,4.0,51.84001135570999,370.4947137844066,108
2481.7,5,1086.9027281522297,4.0,51.75665507625122,371.0659530472123,108
2481.8,5,1086.9027281522297,4.0,51.75953429308046,371.0443645033612,108
2481.9,5,1086.9027281522297,4.0,51.76919126878059,370.9727382518304,108
2482.0,5,1086.9027281522297,4.0,51.78440742813803,370.86379238339873,108
2482.1,5,1086.9027281522297,4.0,51.77931834136431,370.9040502883684,108
2482.2,5,1086.9027281522297,4.0,51.91440568280691,369.9682251045692,108
2482.3,5,1086.9027281522297,4.0,51.93098727993511,369.8456255092485,108
2482.4,5,1086.9027281522297,4.0,51.93606808879932,369.8099179759198,108
2482.5,5,1086.9027281522297,4.0,51.95607812800172,369.66344681753264,108
2482.6,5,1086.9027281522297,4.0,51.953679923226815,369.67937618341466,108
2482.7,5,1086.7154007608447,4.0,51.97448865928655,369.4721127680788,108
2482.8,5,1086.7154007608447,4.5,51.99981171008282,369.29004727652983,108
2482.9,5,1086.7154007608447,4.5,52.004437473423344,369.2553987404904,108
2483.0,5,1086.7154007608447,4.5,51.99142319149951,369.349269228514,108
2483.1,5,1086.7154007608447,4.5,52.006494139202836,369.24054953081134,108
2483.2,5,1086.7154007608447,4.0,51.94211196806394,369.6842963463672,108
2483.3,5,1086.7154007608447,4.0,51.95826451781009,369.56778480169805,108
2483.4,5,1086.7154007608447,4.0,51.96171645027759,369.5449197558221,108
2483.5,5,1086.7154007608447,4.0,51.979138381135066,369.42014282140576,108
2483.6,5,1086.7154007608447,4.0,51.98758357376751,369.3597967187137,108
2483.7,5,1086.3898258338093,4.0,51.98540755398819,369.375207767348,108
2483.8,5,1086.3898258338093,4.5,51.9970181690811,369.2919797167267,108
2483.9,5,1086.3898258338093,4.5,51.988100238772574,369.35895401729306,108
2484.0,5,1086.3898258338093,4.5,51.97203919609959,369.4770391302152,108
2484.1,5,1086.3898258338093,4.5,51.97738014003935,369.4375655396393,108
2484.2,5,1086.3898258338093,4.5,52.001585576307306,369.2408752918267,108
2484.3,5,1086.3898258338093,4.5,52.118781021099345,368.42297455523044,108
2484.4,5,1086.3898258338093,4.5,52.115656627267114,368.44529985617737,108
2484.5,5,1086.3898258338093,4.5,52.11075684576991,368.4805870794745,108
2484.6,5,1086.3898258338093,4.5,52.105992116488665,368.51346912970087,108
2484.7,5,1086.3898258338093,4.5,52.11219190197066,368.470059688643,108
2484.8,5,1086.3898258338093,4.5,52.11451130540174,368.4543822015768,108
2484.9,5,1086.3898258338093,4.5,52.123471059822016,368.3909424937592,108
2485.0,5,1086.3898258338093,4.5,52.043008193566685,369.1295762961322,108
2485.1,5,1086.3898258338093,4.5,52.06178458736345,368.9952965934756,108
2485.2,5,1086.3898258338093,4.5,52.072436767196315,368.92279815748685,108
2485.3,5,1086.3898258338093,4.5,52.08164771716804,368.85726022105064,108
2485.4,7,1086.3898258338093,4.0,51.99713042510746,369.4285890742702,108
2485.5,7,1086.3898258338093,4.199999999999999,52.0130884215138,369.3137734806335,108
2485.6,7,1086.3898258338093,4.199999999999999,52.022207000938955,369.2469496573044,108
2485.7,7,1086.3898258338093,4.199999999999999,52.02005329840058,369.26589682424185,108
2485.8,7,1086.3898258338093,4.199999999999999,52.01973768507743,369.2684044054201,108
2485.9,7,1086.3898258338093,4.199999999999999,52.02083699423743,369.26038150480247,108
2486.0,7,1086.3898258338093,4.199999999999999,52.0176289227045,369.2864669857078,108
2486.1,5,1086.3898258338093,4.199999999999999,52.03789683319485,369.1373443287226,108
2486.2,5,1086.3898258338093,4.0,52.02167876864846,369.2546796650539,108
2486.3,7,1086.3898258338093,4.0,51.97164537124061,369.67286245605595,108
2486.4,7,1086.3898258338093,4.199999999999999,51.9653803694611,369.7169688768426,108
2486.5,7,1086.3898258338093,4.8999999999999995,51.96604565097433,369.7139800314412,108
2486.6,7,1086.3898258338093,4.8999999999999995,52.00908512926607,369.3905077105585,108
2486.7,7,1086.3898258338093,4.8999999999999995,52.01032785276663,369.38361506950275,108
2486.8,7,1086.3898258338093,4.8999999999999995,52.00133506210277,369.44820076067856,108
2486.9,7,1086.3898258338093,4.8999999999999995,52.09293626615512,368.8304255760896,108
2487.0,7,1086.3898258338093,4.8999999999999995,51.9958144134105,369.49045927246766,108
2487.1,7,1086.3898258338093,4.8999999999999995,52.007733605908356,369.4035595939303,108
2487.2,7,1086.3898258338093,4.8999999999999995,51.99317729902857,369.5144148867832,108
2487.3,7,1086.3898258338093,4.8999999999999995,52.0097138007576,369.39700800633085,108
2487.4,7,1086.3898258338093,4.8999999999999995,52.016349921305334,369.34799692080816,108
2487.5,7,1086.3898258338093,4.8999999999999995,52.01784829886748,369.33952925965616,108
2487.6,7,1086.3898258338093,4.8999999999999995,52.02636612515754,369.27848395903015,108
2487.7,7,1086.3898258338093,5.6,52.0334091401854,369.22541312381253,108
2487.8,7,1086.3898258338093,5.6,52.124762899648246,368.5495898572759,108
2487.9,7,1086.3898258338093,5.6,52.13057289537524,368.5062547840989,108
2488.0,7,1086.3898258338093,5.6,52.14546471004203,368.39766916595886,108
2488.1,7,1086.3898258338093,5.6,52.03821312661762,369.19915106431483,108
2488.2,7,1086.3898258338093,5.6,52.059631421347355,369.04160408305285,108
2488.3,7,1086.3898258338093,5.6,52.05093923438598,369.1077000586421,108
2488.4,7,1086.3898258338093,5.6,52.052882346056634,369.0887503558586,108
2488.5,7,1086.3898258338093,4.8999999999999995,52.05902329246574,369.04088095768464,108
2488.6,7,1086.3898258338093,4.8999999999999995,52.0723649388981,368.94276580599876,108
2488.7,7,1086.3898258338093,4.8999999999999995,51.947360117373734,369.7904839844499,108
2488.8,7,1086.3898258338093,4.8999999999999995,51.94944829160981,369.76752298164337,108
2488.9,7,1086.3898258338093,4.8999999999999995,51.9435259877922,369.8091500761342,108
2489.0,7,1086.3898258338093,4.8999999999999995,51.9457272453309,369.7933439269143,108
2489.1,7,1086.3898258338093,4.8999999999999995,51.95233251569084,369.74475907498396,108
2489.2,7,1086.3898258338093,4.8999999999999995,51.946128387165274,369.78380871677535,108
2489.3,7,1086.3898258338093,4.8999999999999995,52.039507379336385,369.1385204054613,108
2489.4,7,1086.3898258338093,4.199999999999999,52.037503345768414,369.1477838892416,108
2489.5,7,1086.3898258338093,4.199999999999999,52.06377670124779,368.9517752125479,108
2489.6,7,1086.3898258338093,4.199999999999999,52.070074315879125,368.89939449752717,108
2489.7,7,1086.3898258338093,4.199999999999999,51.95916212956851,369.64371528489073,108
2489.8,7,1086.3898258338093,4.199999999999999,51.950170965281785,369.70164368877954,108
2489.9,7,1086.3898258338093,4.199999999999999,51.94436192804539,369.7402228172987,108
2490.0,7,1086.3898258338093,4.199999999999999,51.95883147767972,369.6288423033268,108
2490.1,7,1086.3898258338093,4.199999999999999,51.96557050785066,369.57492866696475,108
2490.2,7,1086.3898258338093,4.199999999999999,51.978021445367844,369.4777643227237,108
2490.3,7,1086.3898258338093,4.199999999999999,51.81100919408459,370.70932080963917,108
2490.4,7,1086.3898258338093,4.199999999999999,51.90298286947326,370.0610742479753,108
2490.5,7,1086.3898258338093,4.199999999999999,51.90180408779027,370.06306414207245,108
2490.6,7,1086.3898258338093,4.199999999999999,52.009740837854984,369.26239269843205,108
2490.7,7,1086.3898258338093,4.199999999999999,52.01386921041148,369.2266812868902,108
2490.8,7,1086.3898258338093,4.199999999999999,52.008782955606264,369.2598545330943,108
2490.9,7,1086.3898258338093,4.199999999999999,52.00433852084653,369.2894107955066,108
2491.0,7,1086.3898258338093,4.8999999999999995,52.016940735783166,369.1949848497906,108
2491.1,7,1086.3898258338093,4.8999999999999995,52.01133988606348,369.2324470384575,108
2491.2,7,1086.3898258338093,4.8999999999999995,52.005744502074606,369.2690812558046,108
2491.3,7,1086.3898258338093,4.8999999999999995,52.00215910053278,369.293537208466,108
2491.4,7,1086.3898258338093,4.8999999999999995,51.9967788180321,369.32603802279283,108
2491.5,7,1086.3898258338093,4.8999999999999995,51.98139465849126,369.43360703704235,108
2491.6,7,1086.3898258338093,4.8999999999999995,51.87832676550907,370.1492971372703,108
2491.7,7,1086.3898258338093,4.199999999999999,51.888912558226764,370.07148045447747,108
2491.8,7,1086.3898258338093,4.199999999999999,51.883095923429956,370.1107660277022,108
2491.9,7,1086.3898258338093,4.199999999999999,51.740724989483596,371.1540817334829,108
2492.0,7,1086.3898258338093,4.199999999999999,51.7450641652893,371.1206635256078,108
2492.1,7,1086.3898258338093,4.199999999999999,51.74792548433223,371.0975724952002,108
2492.2,7,1086.3898258338093,4.199999999999999,51.75557819159326,371.0387888465357,108
2492.3,5,1086.0667574481306,4.199999999999999,51.7637367968938,370.9780538493506,108
2492.4,5,1086.0667574481306,3.0,51.76855474418919,370.94279656063605,108
2492.5,5,1086.0667574481306,3.0,51.77927770847963,370.8631062266144,108
2492.6,5,1086.0667574481306,3.0,51.7887582876609,370.79535225576,108
2492.7,5,1086.0667574481306,3.0,51.871849701401715,370.2101384518455,108
2492.8,7,1086.0667574481306,3.0,51.89950551062782,370.00846970694647,108
2492.9,7,1086.0667574481306,4.199999999999999,51.77949938696,370.84638159899373,108
2493.0,7,1086.0667574481306,4.199999999999999,51.79190880060705,370.75597510903003,108
2493.1,7,1086.0667574481306,4.199999999999999,51.8048789948795,370.6608304400728,108
2493.2,7,1086.0667574481306,4.8999999999999995,51.62604544642321,371.9752561317414,108
2493.3,7,1086.0667574481306,4.8999999999999995,51.62741962686536,371.96488277655385,108
2493.4,7,1086.0667574481306,4.8999999999999995,51.65080306932227,371.7917794283068,108
2493.5,7,1086.0667574481306,4.8999999999999995,51.645814815504956,371.82936812876085,108
2493.6,7,1086.0667574481306,4.8999999999999995,51.6634237503451,371.7011947993811,108
2493.7,7,1086.0667574481306,4.8999999999999995,51.67173912402191,371.63966729816923,108
2493.8,7,1086.0667574481306,4.8999999999999995,51.67789770938421,371.5953636071155,108
2493.9,7,1086.0667574481306,4.8999999999999995,51.74248674681172,371.14375957210893,108
2494.0,7,1086.0667574481306,4.8999999999999995,51.62610921291548,371.95342644965876,108
2494.1,7,1086.0667574481306,4.8999999999999995,51.42623296314384,373.43700963574463,108
2494.2,7,1086.0667574481306,4.8999999999999995,51.446607709571985,373.2859548709009,108
2494.3,7,1086.0667574481306,4.8999999999999995,51.4425629312757,373.3171833290866,108
2494.4,7,1086.0667574481306,4.8999999999999995,51.44780004623763,373.2772691095908,108
2494.5,7,1086.0667574481306,4.199999999999999,51.44270198486453,373.316486385173,108
2494.6,7,1086.0667574481306,4.199999999999999,51.465063010770365,373.15013154229365,108
2494.7,7,1086.0667574481306,4.199999999999999,51.4477286679827,373.2790625535414,108
2494.8,7,1086.0667574481306,4.199999999999999,51.46249871825877,373.1703992963394,108
2494.9,7,1086.7484812969408,4.199999999999999,51.46874667545594,373.125122455269,109
2495.0,7,1086.7484812969408,-100.0,51.490008144290755,372.9699471830301,109
2495.1,7,1086.7484812969408,4.199999999999999,51.502161647566794,372.8840268124967,109
2495.2,7,1086.7484812969408,4.199999999999999,51.52034674799773,372.7498443240245,109
2495.3,7,1086.7484812969408,4.199999999999999,51.5248715044857,372.7186953371135,109
2495.4,7,1086.7484812969408,4.199999999999999,51.54250838709426,372.5896158561576,109
2495.5,7,1086.7484812969408,4.199999999999999,51.53566597128028,372.6469460582874,109
2495.6,7,1086.7484812969408,4.199999999999999,51.56118392762138,372.4632490728245,109
2495.7,7,1086.7484812969408,4.199999999999999,51.566637187285224,372.427982865854,109
2495.8,7,1086.7484812969408,4.199999999999999,51.59102832089984,372.251700455527,109
2495.9,7,1086.7484812969408,4.199999999999999,51.593642116074236,372.2370613210604,109
2496.0,7,1086.7484812969408,4.199999999999999,51.60048264691124,372.187349458119,109
2496.1,7,1086.7484812969408,4.199999999999999,51.59656037829819,372.22062538276566,109
2496.2,7,1086.7484812969408,4.199999999999999,51.6083735209431,372.13752504801823,109
2496.3,7,1086.7484812969408,4.199999999999999,51.61774700886538,372.071765324603,109
2496.4,7,1086.7484812969408,4.199999999999999,51.622939641958,372.03581223786614,109
2496.5,7,1086.7484812969408,4.199999999999999,51.62652286082971,372.01192776051874,109
2496.6,7,1086.7484812969408,4.199999999999999,51.62647636259152,372.01500135858635,109
2496.7,7,1086.7484812969408,4.199999999999999,51.63333127100459,371.96865267453427,109
2496.8,7,1086.7484812969408,4.199999999999999,51.51815042351091,372.8364454729058,109
2496.9,7,1086.7484812969408,4.199999999999999,51.53282843886812,372.7358434022424,109
2497.0,7,1086.7484812969408,4.199999999999999,51.560585932834705,372.5318699909992,109
2497.1,9,1087.4290817060794,3.5,51.56078475431903,372.53624789919854,110
2497.2,9,1087.4290817060794,-100.0,51.577267111402165,372.41996815524544,110
2497.3,9,1087.4290817060794,4.0,51.58226181894895,372.3835084237092,110
2497.4,9,1087.4290817060794,4.0,51.60398080666462,372.22654859797296,110
2497.5,9,1087.4290817060794,4.0,51.61341111707223,372.16022956613904,110
2497.6,9,1087.4290817060794,4.0,51.629857487121555,372.0449962299733,110
2497.7,9,1087.4290817060794,4.0,51.64076508134667,371.9697999465586,110
2497.8,9,1087.4290817060794,4.0,51.50753988134716,372.98415821398163,110
2497.9,9,1087.4290817060794,4.0,51.51270844994983,372.9504389154091,110
2498.0,9,1087.4290817060794,4.0,51.531062823586865,372.8162705103744,110
2498.1,9,1087.4290817060794,4.0,51.53163770435612,372.81101539216354,110
2498.2,9,1087.4290817060794,4.0,51.54098442716062,372.7468485326913,110
2498.3,9,1087.4290817060794,4.0,51.54999618617431,372.6875908719255,110
2498.4,9,1087.4290817060794,4.0,51.55143457170922,372.678001257721,110
2498.5,9,1087.4290817060794,4.0,51.3799189186048,373.874523314293,110
2498.6,9,1087.4290817060794,4.0,51.387042751026655,373.82536223992895,110
2498.7,9,1087.4290817060794,4.0,51.38645236307812,373.8367545048278,110
2498.8,9,1087.4290817060794,4.0,51.40719522369707,373.68444872958446,110
2498.9,9,1087.4290817060794,4.0,51.49370298781335,373.0319611849637,110
2499.0,9,1087.4290817060794,4.0,51.515178620891284,372.879602505992,110
2499.1,9,1087.4290817060794,4.0,51.52471294214704,372.8113233236753,110
2499.2,9,1087.4290817060794,4.0,51.53449177860524,372.74251212746117,110
2499.3,7,1087.4290817060794,3.2,51.53452023439242,372.74569531880843,110
2499.4,7,1087.4290817060794,4.199999999999999,51.5464754084971,372.66366282652416,110
2499.5,7,1087.4290817060794,4.199999999999999,51.40944674674262,373.61791451902144,110
2499.6,7,1088.1084023081821,4.199999999999999,51.42163764229723,373.5313274918369,111
2499.7,7,1088.1084023081821,-100.0,51.43098317596555,373.46433494506454,111
2499.8,7,1088.1084023081821,4.8999999999999995,51.28618311078621,374.57131765186375,111
2499.9,7,1088.1084023081821,4.8999999999999995,51.289900555004635,374.5488438179152,111
2500.0,7,1088.1084023081821,4.8999999999999995,51.31255740028624,374.3864302809515,111
2500.1,9,1088.1084023081821,4.199999999999999,51.323022036927256,374.3099663719155,111
2500.2,9,1088.1084023081821,4.0,51.34766967426071,374.130305989062,111
2500.3,9,1088.1084023081821,4.0,51.344312735905035,374.1584047308261,111
2500.4,7,1088.1084023081821,3.2,51.37165668587215,373.95931518584683,111
2500.5,7,1088.1084023081821,4.199999999999999,51.375629489707656,373.9322614897304,111
2500.6,7,1088.1084023081821,4.199999999999999,51.394905872995366,373.79278948810514,111
2500.7,7,1088.1084023081821,4.199999999999999,51.200226190200496,375.29875855731314,111
2500.8,7,1088.1084023081821,4.199999999999999,51.20431301831084,375.2787985863142,111
2500.9,7,1088.1084023081821,4.199999999999999,51.230719136727394,375.0840625521985,111
2501.0,7,1088.1084023081821,4.199999999999999,51.23416098912313,375.06256946767036,111
2501.1,9,1088.1084023081821,3.5,51.24698307421073,374.96939841365906,111
2501.2,9,1088.1084023081821,4.0,51.25928295576,374.884762938,111
2501.3,9,1088.1084023081821,4.0,51.288165275883316,374.67162781053594,111
2501.4,9,1088.1084023081821,4.0,51.308981815933265,374.5230337422383,111
2501.5,9,1088.1084023081821,4.0,51.33065531172075,374.36852839308335,111
2501.6,9,1088.1084023081821,4.0,51.195828521021,375.30430711329143,111
2501.7,9,1088.1084023081821,4.0,51.2044825803051,375.24387982260913,111
2501.8,9,1088.7868888601943,4.0,51.21329372181856,375.1884198015735,112
2501.9,9,1088.7868888601943,-100.0,51.23258388809606,375.05307626477384,112
2502.0,9,1088.7868888601943,4.0,51.25295756772737,374.9069100186356,112
2502.1,9,1088.7868888601943,4.800000000000001,51.26437548609776,374.8333731272718,112
2502.2,9,1088.7868888601943,4.800000000000001,51.28130753152183,374.71127215495284,112
2502.3,9,1088.7868888601943,4.800000000000001,51.28840748392591,374.66924713645506,112
2502.4,9,1088.7868888601943,4.800000000000001,51.30270803785294,374.5643972852156,112
2502.5,9,1088.7868888601943,4.800000000000001,51.15856779358037,375.5668762499171,112
2502.6,9,1088.7868888601943,4.800000000000001,51.18472484998716,375.37811030029036,112
2502.7,9,1088.7868888601943,4.800000000000001,51.20495404618279,375.2290363644082,112
2502.8,9,1088.7868888601943,4.800000000000001,51.211030582290476,375.1948183848498,112
2502.9,9,1088.7868888601943,4.800000000000001,51.250802713617446,374.8948774279196,112
2503.0,9,1088.7868888601943,4.800000000000001,51.2627332773987,374.81387632137,112
2503.1,9,1088.7868888601943,4.0,51.285632889748754,374.64599890515694,112
2503.2,9,1088.7868888601943,4.0,51.30270896758001,374.5262187748132,112
2503.3,9,1088.7868888601943,4.0,51.34279058644435,374.2353795870131,112
2503.4,9,1088.7868888601943,4.0,51.3965829953585,373.8340345168517,112
2503.5,9,1088.7868888601943,4.0,51.409471580518236,373.74646033387927,112
2503.6,9,1088.7868888601943,4.0,51.44019509220014,373.5188253781503,112
2503.7,9,1088.7868888601943,4.0,51.457869777512386,373.39697370320005,112
2503.8,9,1088.7868888601943,4.0,51.4865797477766,373.19042730182,112
2503.9,9,1088.7868888601943,4.0,51.520484545985724,372.9460943273182,112
2504.0,9,1088.7868888601943,4.0,51.45810772637851,373.36192585313756,112
2504.1,9,1088.7868888601943,4.0,51.49893426485775,373.06268520411595,112
2504.2,9,1088.7868888601943,4.0,51.50534688104037,373.0241231000225,112
2504.3,9,1088.7868888601943,4.0,51.53963618821088,372.7754489066843,112
2504.4,9,1088.7868888601943,4.0,51.39073393723545,373.9267764666298,112
2504.5,9,1088.7868888601943,4.0,51.428571663554536,373.64688093901486,112
2504.6,9,1088.7868888601943,4.0,51.44795033842973,373.5090579081647,112
2504.7,9,1088.7868888601943,4.0,51.48697182459354,373.220357093576,112
2504.8,9,1088.7868888601943,4.0,51.517349080149856,372.9970261733306,112
2504.9,9,1088.7868888601943,4.0,51.51748398154587,372.9971332707828,112
2505.0,9,1088.7868888601943,4.800000000000001,51.55003683385341,372.7604580824889,112
2505.1,9,1088.7868888601943,4.800000000000001,51.57213444067419,372.60516643155495,112
2505.2,9,1088.7868888601943,4.800000000000001,51.60801879761266,372.34048105797706,112
2505.3,9,1088.7868888601943,4.800000000000001,51.64109025131222,372.09852368264467,112
2505.4,9,1088.7868888601943,4.800000000000001,51.65990754770507,371.966636372602,112
2505.5,9,1088.7868888601943,4.800000000000001,51.681908638955235,371.80584306164326,112
2505.6,9,1088.7868888601943,4.800000000000001,51.705327093744515,371.63887287713624,112
2505.7,9,1088.7868888601943,4.800000000000001,51.73243332228009,371.4431771178443,112
2505.8,9,1088.7868888601943,4.0,51.73968438525601,371.39703312943124,112
2505.9,9,1088.7868888601943,4.0,51.6586777540693,371.93578199413105,112
2506.0,9,1088.7868888601943,4.0,51.66422687904267,371.9023642596395,112
2506.1,9,1088.7868888601943,4.800000000000001,51.67281613245646,371.8496455937212,112
2506.2,9,1088.7868888601943,4.800000000000001,51.69535335495875,371.6879123415213,112
2506.3,9,1088.7868888601943,4.800000000000001,51.707615905389716,371.6107938380907,112
2506.4,9,1088.7868888601943,4.800000000000001,51.72304993927335,371.50908426867267,112
2506.5,9,1088.7868888601943,4.800000000000001,51.75669237168056,371.26422751842165,112
2506.6,9,1088.7868888601943,4.800000000000001,51.76683990622311,371.1963066889773,112
2506.7,9,1088.7868888601943,4.800000000000001,51.77530055838449,371.1423902306382,112
2506.8,9,1088.7868888601943,4.800000000000001,51.80462221721639,370.92806082784773,112
2506.9,9,1088.7868888601943,4.800000000000001,51.81835516743483,370.83230381479143,112
2507.0,9,1089.4642610821961,4.800000000000001,51.839221582928765,370.68137677292,113
2507.1,9,1089.4642610821961,-100.0,51.848253120865394,370.6190356897166,113
2507.2,9,1089.4642610821961,4.800000000000001,51.85895726551293,370.54666031663714,113
2507.3,9,1089.4642610821961,4.800000000000001,51.82645484376978,370.8008195915247,113
2507.4,9,1089.4642610821961,4.800000000000001,51.84728648785804,370.65442295071256,113
2507.5,9,1089.4642610821961,4.800000000000001,51.822409414435455,370.82603189985866,113
2507.6,9,1089.4642610821961,4.800000000000001,51.77707318911325,371.2129996674567,113
2507.7,9,1089.4642610821961,4.800000000000001,51.78296840923069,371.17888817851815,113
2507.8,9,1089.4642610821961,4.800000000000001,51.776726592896196,371.2292965473827,113
2507.9,9,1089.4642610821961,4.800000000000001,51.78971514176324,371.1409870445084,113
2508.0,9,1089.4642610821961,4.800000000000001,51.790329855363495,371.1421219670589,113
2508.1,9,1089.4642610821961,4.800000000000001,51.6355541526216,372.34521368739644,113
2508.2,9,1089.4642610821961,4.800000000000001,51.49559323501258,373.31449384398366,113
2508.3,9,1089.4642610821961,4.800000000000001,51.515226504782696,373.1674136891379,113
2508.4,9,1089.4642610821961,4.800000000000001,51.4881122598418,373.3855334212267,113
2508.5,9,1089.4642610821961,4.800000000000001,51.52313071547713,373.1252245878646,113
2508.6,9,1089.4642610821961,4.800000000000001,51.522036630401175,373.15405531698354,113
2508.7,9,1089.4642610821961,4.800000000000001,51.54033657049625,373.0260551253241,113
2508.8,9,1089.4642610821961,4.800000000000001,51.55933918880261,372.89542386921875,113
2508.9,9,1089.4642610821961,4.800000000000001,51.55208237241507,372.96586931990885,113
2509.0,9,1089.4642610821961,4.800000000000001,51.51640959721517,373.5169806632463,113
2509.1,9,1089.4642610821961,4.0,51.51817748436151,373.5239801011377,113
2509.2,9,1089.4642610821961,4.0,51.5428320326137,373.3474815641398,113
2509.3,9,1089.4642610821961,4.800000000000001,51.555995896001036,373.25908754294505,113
2509.4,9,1089.4642610821961,4.800000000000001,51.57867915816618,373.1040363373136,113
2509.5,9,1089.4642610821961,4.800000000000001,51.61038729612789,372.8750103383426,113
2509.6,9,1089.4642610821961,4.800000000000001,51.615809184803105,372.8524528271989,113
2509.7,9,1089.4642610821961,4.800000000000001,51.618461692927454,373.1547836273347,113
2509.8,9,1089.4642610821961,4.800000000000001,51.64031824958468,373.00271214161165,113
2509.9,9,1089.4642610821961,4.800000000000001,51.666916989484406,372.8152851368499,113
2510.0,9,1089.4642610821961,4.800000000000001,51.6944848871723,372.6222223810799,113
2510.1,9,1089.4642610821961,4.800000000000001,51.57290701855436,373.4028430516273,113
2510.2,9,1089.4642610821961,4.800000000000001,51.594285567398266,373.24943244432427,113
2510.3,9,1089.4642610821961,4.800000000000001,51.595161864947485,373.2714817629512,113
2510.4,9,1089.4642610821961,4.800000000000001,51.573087951008105,373.3817586125857,113
2510.5,9,1089.4642610821961,4.800000000000001,51.58903356939474,373.282533530279,113
2510.6,9,1089.4642610821961,4.800000000000001,51.62590002534153,373.01128608374074,113
2510.7,9,1089.4642610821961,4.800000000000001,51.634629134460425,372.96409011098524,113
2510.8,9,1089.4642610821961,4.800000000000001,51.669412529948886,372.7116414746444,113
2510.9,9,1089.4642610821961,4.800000000000001,51.69234956290773,372.5491368228709,113
2511.0,9,1089.4642610821961,4.800000000000001,51.72005960133694,372.357487440773,113
2511.1,9,1089.4642610821961,4.800000000000001,51.609360919824816,373.0450443982701,113
2511.2,9,1089.4642610821961,4.800000000000001,51.63360372937376,372.8795577460024,113
2511.3,9,1089.4642610821961,4.800000000000001,51.650453156363966,372.7621024208347,113
2511.4,9,1089.4642610821961,4.800000000000001,51.691829502440214,372.4554926601443,113
2511.5,9,1089.4642610821961,4.800000000000001,51.728622469794054,372.1986707775552,113
2511.6,9,1089.4642610821961,4.800000000000001,51.759887261126664,371.9745788891134,113
2511.7,9,1089.4642610821961,4.800000000000001,51.788293991570654,371.76551792009224,113
2511.8,9,1089.4642610821961,4.800000000000001,51.79761223930795,371.7161870920757,113
2511.9,9,1089.4642610821961,4.800000000000001,51.836365294082036,371.4318038498441,113
2512.0,9,1089.4642610821961,4.0,51.850623640716904,371.3394644881515,113
2512.1,9,1089.4642610821961,4.0,51.899932233451,370.9881622037939,113
2512.2,9,1089.4642610821961,4.0,51.917568121179,370.8669780039064,113
2512.3,9,1089.4642610821961,4.0,51.92953937679683,370.7980863369703,113
2512.4,9,1089.4642610821961,4.800000000000001,51.966795026118206,370.5304296267425,113
2512.5,9,1089.4642610821961,4.800000000000001,51.98857654563653,370.38479596355285,113
2512.6,9,1089.4642610821961,4.800000000000001,52.02757827424699,370.0932434622998,113
2512.7,9,1089.4642610821961,4.800000000000001,52.04474728892855,369.97414150877364,113
2512.8,9,1089.4642610821961,4.800000000000001,52.07628587864991,369.7433215304184,113
2512.9,9,1089.4642610821961,4.800000000000001,52.091401739049665,369.6477522908615,113
2513.0,9,1089.4642610821961,4.0,52.12292227586422,369.4185503410151,113
2513.1,9,1089.4642610821961,4.0,52.1417380981444,369.28673100963846,113
2513.2,9,1089.4642610821961,4.0,52.111923070825185,369.4305393745026,113
2513.3,9,1089.4642610821961,4.0,52.11857750261652,369.38832445732464,113
2513.4,9,1090.1400075932004,4.0,52.148076515028876,369.1763585678158,114
2513.5,9,1090.1400075932004,-100.0,52.17146506938432,369.0102425836802,114
2513.6,9,1090.1400075932004,4.0,52.21363725727534,368.6973419137834,114
2513.7,9,1090.1400075932004,4.0,52.161825576871394,369.13908492085477,114
2513.8,9,1090.1400075932004,4.0,52.20553655410684,368.8195805295542,114
2513.9,9,1090.1400075932004,4.0,52.226520230792914,368.6723287315827,114
2514.0,11,1090.1400075932004,3.2,52.23145358894098,368.6437623132415,114
2514.1,11,1090.1400075932004,4.5,52.35168446600495,367.6827891152833,114
2514.2,11,1090.1400075932004,4.5,52.30184093698638,368.08253569344123,114
2514.3,11,1090.1400075932004,4.5,52.26562451936858,368.3862593213512,114
2514.4,11,1090.1400075932004,4.5,52.271827636403415,368.354454967441,114
2514.5,11,1090.1400075932004,4.5,52.127761882584494,369.22905145021707,114
2514.6,11,1090.1400075932004,4.5,52.138721506322575,369.15769995263383,114
2514.7,11,1090.1400075932004,4.5,52.17396838191783,368.9000070908737,114
2514.8,9,1090.1400075932004,4.5,52.20345712276326,368.67994962116666,114
2514.9,9,1090.1400075932004,4.0,52.22561893662453,368.5204913769807,114
2515.0,7,1090.08438892336,4.0,52.249110529801484,368.3518579467003,114
2515.1,7,1090.08438892336,2.8,52.287442177614196,368.08134829106837,114
2515.2,7,1090.08438892336,2.8,52.32486268147459,367.8102262349541,114
2515.3,7,1090.08438892336,2.8,52.344387929462414,367.6721517840218,114
2515.4,9,1090.08438892336,2.8,52.37203902954035,367.4779898781918,114
2515.5,9,1090.08438892336,4.0,52.40733350483052,367.2317531135127,114
2515.6,9,1090.08438892336,4.0,52.44409299636655,366.970732374593,114
2515.7,9,1090.08438892336,4.0,52.38115135877229,367.35912170891356,114
2515.8,9,1090.08438892336,4.0,52.422495865758975,367.0587657531802,114
2515.9,9,1090.08438892336,4.0,52.42970802448161,367.01711149933965,114
2516.0,9,1090.08438892336,4.0,52.46496238591897,366.7598837391969,114
2516.1,9,1090.08438892336,4.0,52.47755691574049,366.6826348278138,114
2516.2,9,1090.08438892336,4.0,52.52473743399574,366.33935652984917,114
2516.3,9,1090.08438892336,4.0,52.55687262410397,366.10898688019165,114
2516.4,9,1090.08438892336,4.0,52.589323488060685,365.8832244001952,114
2516.5,9,1090.08438892336,4.0,52.50428459055076,366.5523994600549,114
2516.6,9,1090.08438892336,4.0,52.532195406735916,366.3564390284239,114
2516.7,9,1090.08438892336,4.0,52.560675285233536,366.15056110968123,114
2516.8,9,1090.08438892336,4.800000000000001,52.58858352404842,365.95271211202163,114
2516.9,9,1090.08438892336,4.800000000000001,52.61922630600901,365.73571808918575,114
2517.0,9,1090.08438892336,4.800000000000001,52.660947882734945,365.4382235048239,114
2517.1,9,1090.08438892336,4.800000000000001,52.707703995107885,365.09363302598933,114
2517.2,9,1090.08438892336,4.800000000000001,52.72250693894836,364.99559984158526,114
2517.3,9,1090.08438892336,4.0,52.7597626968887,364.7249097840777,114
2517.4,9,1090.08438892336,4.0,52.772120310620785,364.6490327241917,114
2517.5,9,1090.08438892336,4.0,52.7996872436657,364.4525987293363,114
2517.6,9,1090.08438892336,4.0,52.83499928240377,364.2109848815371,114
2517.7,9,1090.08438892336,4.0,52.68485431998258,365.13603280078576,114
2517.8,9,1090.08438892336,4.0,52.70129189805292,365.02178507561047,114
2517.9,9,1090.08438892336,4.0,52.624257744257875,365.62344858565893,114
2518.0,9,1090.08438892336,4.0,52.66338290822338,365.3429693906403,114
2518.1,9,1090.08438892336,4.0,52.6847816562925,365.1920523290363,114
2518.2,11,1090.08438892336,3.2,52.71237154740612,364.9982454207903,114
2518.3,11,1090.08438892336,5.4,52.728620098839585,364.88646358334216,114
2518.4,11,1090.08438892336,5.4,52.76699555545524,364.6087096507378,114
2518.5,11,1090.08438892336,5.4,52.778251753678646,364.5357607663093,114
2518.6,11,1090.08438892336,5.4,52.81648364404164,364.2681440729326,114
2518.7,11,1090.08438892336,5.4,52.83513281431328,364.13902052627697,114
2518.8,11,1090.08438892336,5.4,52.86917548413226,363.8947428502464,114
2518.9,11,1090.08438892336,5.4,52.88797945617412,363.7732908042335,114
2519.0,11,1090.08438892336,5.4,52.91804838792788,363.5566928308647,114
2519.1,11,1090.08438892336,5.4,52.9405504123528,363.3995700569509,114
2519.2,11,1090.08438892336,5.4,52.9625776341783,363.2509902609121,114
2519.3,11,1090.08438892336,5.4,52.9811189223295,363.1243626598691,114
2519.4,11,1090.08438892336,4.5,52.917634244891325,363.50011128942714,114
2519.5,11,1090.08438892336,4.5,52.93136416711872,363.4125104689864,114
2519.6,11,1090.08438892336,4.5,52.94510185273557,363.3168063538827,114
2519.7,11,1090.08438892336,4.5,52.96505460088958,363.18510438450005,114
2519.8,11,1090.08438892336,4.5,52.99755301675745,362.95258914677356,114
2519.9,11,1090.08438892336,4.5,53.020519199731055,362.79089117369847,114
2520.0,11,1090.08438892336,4.5,53.046762607070015,362.6069939794629,114
2520.1,11,1090.08438892336,4.5,53.06397730188205,362.48620596311866,114
2520.2,11,1090.08438892336,4.5,53.08309739326958,362.34521094529606,114
2520.3,11,1090.08438892336,5.4,53.09079813232344,362.2976734264032,114
2520.4,11,1090.08438892336,5.4,53.11384517082065,362.1362664221373,114
2520.5,11,1090.08438892336,5.4,53.12959853323883,362.03026091697126,114
2520.6,11,1090.08438892336,5.4,53.146483231303705,361.9056443320617,114
2520.7,11,1090.08438892336,5.4,53.1451302783625,361.9138231135588,114
2520.8,11,1090.08438892336,5.4,53.15670658960768,361.83520415860346,114
2520.9,11,1090.08438892336,5.4,53.17327240302872,361.720977937906,114
2521.0,11,1090.08438892336,5.4,53.19227502359423,361.58137207368867,114
2521.1,11,1090.08438892336,5.4,53.20096230416168,361.5262702333798,114
2521.2,11,1090.08438892336,5.4,53.219864170867986,361.3851821947301,114
2521.3,11,1090.08438892336,5.4,53.217622501259015,361.40811007318393,114
2521.4,11,1090.08438892336,5.4,53.15009998945962,361.9171352387578,114
2521.5,11,1090.758762626632,5.4,53.15669445204713,361.8727540694964,115
2521.6,11,1090.758762626632,-100.0,53.17641917595603,361.7327219235451,115
2521.7,11,1090.758762626632,5.4,53.18596312145962,361.66763582382276,115
2521.8,11,1090.758762626632,5.4,53.20051316453203,361.5672643459384,115
2521.9,11,1090.758762626632,5.4,53.21039366449962,361.4938968174675,115
2522.0,11,1090.758762626632,5.4,53.22463073362454,361.40070714835895,115
2522.1,11,1090.758762626632,5.4,53.23475760230986,361.3251439531415,115
2522.2,11,1090.758762626632,4.5,53.24933680959576,361.22376652437697,115
2522.3,11,1090.758762626632,4.5,53.247551887626955,361.23862868374897,115
2522.4,11,1090.758762626632,4.5,53.25842329248691,361.16211634266136,115
2522.5,11,1090.758762626632,4.5,53.251761133552236,361.2120561844272,115
2522.6,11,1090.758762626632,4.5,53.26273275463198,361.13854758606277,115
2522.7,11,1090.758762626632,4.5,53.262994705369465,361.1321945894704,115
2522.8,11,1090.758762626632,4.5,53.28524033440697,360.9839315211084,115
2522.9,11,1090.758762626632,4.5,53.278890868535484,361.02863819612793,115
2523.0,11,1090.758762626632,4.5,53.29053644065252,360.94351954052536,115
2523.1,11,1090.758762626632,4.5,53.28277134528559,360.9987696185502,115
2523.2,11,1090.758762626632,4.5,53.31053578065337,360.79896806907186,115
2523.3,8,1090.990748423424,3.6,53.31432193063151,360.7747000245838,115
2523.4,9,1090.990748423424,4.199999999999999,53.329955513344885,360.65860176312594,115
2523.5,9,1090.990748423424,4.0,53.33651034903214,360.6166760919125,115
2523.6,9,1090.990748423424,4.0,53.35264757540179,360.4907451779964,115
2523.7,9,1090.990748423424,4.0,53.352641566304904,360.493001229723,115
2523.8,9,1090.990748423424,4.0,53.36678539631659,360.39651376333023,115
2523.9,9,1090.990748423424,4.0,53.36602509335273,360.4010807583076,115
2524.0,9,1090.990748423424,4.0,53.37446045706517,360.34196790036845,115
2524.1,9,1090.990748423424,4.0,53.38529461011662,360.27121698516623,115
2524.2,9,1090.990748423424,4.0,53.40552074666293,360.1297201646803,115
2524.3,9,1090.990748423424,4.0,53.418636295561534,360.04240688182665,115
2524.4,9,1090.990748423424,4.0,53.4272877199203,359.98540903886993,115
2524.5,9,1090.990748423424,4.0,53.4501090834286,359.8336967821599,115
2524.6,9,1090.990748423424,4.0,53.46391301117362,359.7447306932827,115
2524.7,9,1090.990748423424,3.2,53.492071589241405,359.54877053453663,115
2524.8,8,1091.173797372336,3.2,53.498834743539604,359.5069762060298,115
2524.9,8,1091.1112831675428,4.199999999999999,53.52402839214313,359.33427464734734,115
2525.0,8,1091.1112831675428,4.199999999999999,53.52939293134958,359.29947362068924,115
2525.1,8,1091.1112831675428,4.199999999999999,53.562318389615605,359.0773212464391,115
2525.2,8,1091.1112831675428,4.199999999999999,53.580960923525545,358.9611353597083,115
2525.3,8,1091.1112831675428,4.199999999999999,53.60732086469007,358.78213964493,115
2525.4,8,1091.1112831675428,4.199999999999999,53.622791166582175,358.6804832502286,115
2525.5,8,1091.1112831675428,4.199999999999999,53.67224502167393,358.37075894524844,115
2525.6,8,1091.1112831675428,4.199999999999999,53.686719254738534,358.27309927937415,115
2525.7,9,1091.1112831675428,3.5,53.6987680611902,358.2002902801795,115
2525.8,9,1091.1112831675428,3.2,53.71066453398441,358.1200913969686,115
2525.9,11,1091.1112831675428,2.4000000000000004,53.72840299014432,358.0036607479659,115
2526.0,11,1091.1112831675428,4.5,53.75359231436184,357.83787608913747,115
2526.1,11,1091.1112831675428,4.5,53.69980425919482,358.3325421105112,115
2526.2,11,1091.1112831675428,4.5,53.72493877826609,358.1672252278968,115
2526.3,11,1091.1112831675428,4.5,53.7402544263397,358.07326959351286,115
2526.4,11,1091.1112831675428,4.5,53.75962197275186,357.95377724288574,115
2526.5,11,1091.1112831675428,4.5,53.771849088402305,357.8845587651524,115
2526.6,11,1091.1112831675428,4.5,53.79358559298498,357.7457751076756,115
2526.7,11,1091.1112831675428,4.5,53.81344109605537,357.62048071110985,115
2526.8,11,1091.1112831675428,4.5,53.832672495846396,357.49995397071234,115
2526.9,11,1091.1112831675428,4.5,53.85698174233743,357.3436153212683,115
2527.0,11,1091.1112831675428,4.5,53.88854079173596,357.1385305120436,115
2527.1,11,1091.1112831675428,4.5,53.91425751688507,356.9718489113278,115
2527.2,11,1091.1112831675428,4.5,53.94487769706212,356.7689106774201,115
2527.3,11,1091.1112831675428,4.5,53.968955386734876,356.61397029430213,115
2527.4,11,1091.1112831675428,4.5,53.91794487186607,357.0080883384244,115
2527.5,11,1091.1112831675428,4.5,53.93152682722258,356.9266309168132,115
2527.6,11,1091.1112831675428,5.4,53.96184613135124,356.7272169072437,115
2527.7,11,1091.1112831675428,4.5,53.99749935647917,356.4886000396168,115
2527.8,11,1091.1112831675428,4.5,54.023848111791665,356.3131013955335,115
2527.9,11,1091.1112831675428,4.5,54.047047642635704,356.15778480667643,115
2528.0,11,1091.1112831675428,4.5,54.075497360256165,355.96282211829254,115
2528.1,11,1091.1112831675428,4.5,54.09394644917192,355.85466914113124,115
2528.2,11,1091.1112831675428,4.5,54.126161458754346,355.63982215257977,115
2528.3,11,1091.1112831675428,4.5,54.16595371289068,355.37045269885067,115
2528.4,11,1091.7818491977205,4.5,54.1948838701796,355.18471173126255,116
2528.5,11,1091.7818491977205,-100.0,54.201643595370456,355.14040993282435,116
2528.6,9,1091.7818491977205,3.6,54.22802719240446,354.9691098430858,116
2528.7,9,1091.7818491977205,3.2,54.247445789583026,354.84649870642613,116
2528.8,9,1091.7818491977205,3.2,54.281582818710845,354.61195534100966,116
2528.9,9,1091.7818491977205,3.2,54.30058214262953,354.49285813742665,116
2529.0,9,1091.7818491977205,3.2,54.33968346427375,354.22444115369865,116
2529.1,8,1091.7173281998869,3.2,54.35086964831967,354.15199424640946,116
2529.2,8,1091.7173281998869,4.199999999999999,54.380871368522605,353.9529096986141,116
2529.3,8,1091.7173281998869,4.199999999999999,54.39669490918149,353.85632830952875,116
2529.4,8,1091.7173281998869,4.199999999999999,54.43928464331111,353.56464595684304,116
2529.5,8,1091.7173281998869,4.199999999999999,54.450855640817416,353.49625782163594,116
2529.6,8,1091.7173281998869,4.199999999999999,54.48430851808041,353.2723467249573,116
2529.7,8,1091.7173281998869,4.199999999999999,54.497839815551814,353.1887189232847,116
2529.8,8,1091.7173281998869,4.199999999999999,54.52017842096896,353.0382840275835,116
2529.9,8,1091.7173281998869,4.199999999999999,54.52709794123763,352.9949473788082,116
2530.0,8,1091.7173281998869,4.199999999999999,54.54052781555138,352.9087814776559,116
2530.1,8,1091.7173281998869,4.199999999999999,54.55155845992803,352.8394119800241,116
2530.2,8,1091.7173281998869,4.199999999999999,54.65098039591287,352.23677863679745,116
2530.3,9,1091.9097013315754,4.199999999999999,54.65439912929507,352.22253905657783,116
2530.4,9,1091.9097013315754,4.0,54.67722758904278,352.07078863902444,116
2530.5,9,1091.9097013315754,4.0,54.696106650778475,351.9441342665838,116
2530.6,9,1091.9097013315754,4.0,54.727569421364386,351.72886091864945,116
2530.7,9,1091.9097013315754,4.0,54.74244525843623,351.6294927456087,116
2530.8,9,1091.9097013315754,4.0,54.77685187841723,351.4024319393935,116
2530.9,9,1092.5766845939322,4.0,54.81023266870196,351.1848694849591,117
2531.0,9,1092.5766845939322,-100.0,54.83639697802549,351.0083991625355,117
2531.1,9,1092.5766845939322,4.0,54.85608791241566,350.8794086860597,117
2531.2,9,1092.5766845939322,4.0,54.89348363160903,350.6319444612588,117
2531.3,9,1092.5766845939322,4.0,54.95261798054402,350.21148663017993,117
2531.4,8,1092.511969935834,4.0,54.9728715858786,350.0792245995141,117
2531.5,8,1092.511969935834,4.8999999999999995,54.99946207686915,349.9074363994142,117
2531.6,8,1092.511969935834,4.8999999999999995,55.025474778064535,349.72917610139916,117
2531.7,8,1092.511969935834,4.199999999999999,55.03385144539284,349.67842456565705,117
2531.8,8,1092.511969935834,4.199999999999999,55.04713077163214,349.57782964607924,117
2531.9,8,1092.511969935834,4.199999999999999,55.07202285901617,349.4196064145432,117
2532.0,8,1092.511969935834,4.199999999999999,55.08198765059713,349.3649083258256,117
2532.1,8,1092.511969935834,4.199999999999999,55.11750474178109,349.13782177574444,117
2532.2,8,1092.511969935834,4.199999999999999,55.142359336279185,348.98021299239304,117
2532.3,8,1092.511969935834,4.199999999999999,55.17794399523899,348.76324244961734,117
2532.4,8,1092.511969935834,4.199999999999999,55.3394014078702,347.6688214871266,117
2532.5,8,1092.511969935834,4.199999999999999,55.41530346487748,347.1145032789216,117
2532.6,8,1092.511969935834,4.199999999999999,55.43546448149901,346.99846397838644,117
2532.7,8,1092.511969935834,4.199999999999999,55.45116337439096,346.91267860907817,117
2532.8,8,1092.511969935834,4.199999999999999,55.483522671479065,346.71505610410895,117
2532.9,8,1092.511969935834,4.199999999999999,55.49407590105382,346.66821277412356,117
2533.0,11,1092.511969935834,3.5,55.490598258662686,346.6768169514993,117
2533.1,11,1092.511969935834,3.6,55.519116727696435,346.5054797340548,117
2533.2,11,1092.511969935834,3.6,55.440437112627244,347.07214856329153,117
2533.3,11,1092.511969935834,3.6,55.53172199175275,346.55034177104164,117
2533.4,11,1092.511969935834,3.6,55.57128361715198,346.3077791651127,117
2533.5,11,1092.511969935834,3.6,55.587585589252555,346.2236223045482,117
2533.6,11,1092.511969935834,3.6,55.62582507686085,345.98397399725843,117
2533.7,11,1092.511969935834,3.6,55.637563210684846,345.92984202461264,117
2533.8,11,1092.511969935834,3.6,55.663364949527626,345.76444369771696,117
2533.9,11,1092.511969935834,3.6,55.6605999787946,345.7932439485117,117
2534.0,11,1092.511969935834,3.6,55.675347843234604,345.70061548924264,117
2534.1,11,1092.511969935834,3.6,55.68659971259838,345.63042089967746,117
2534.2,11,1092.511969935834,3.6,55.70608658879841,345.50605914807295,117
2534.3,11,1092.511969935834,4.5,55.71660352442618,345.442478215618,117
2534.4,11,1092.511969935834,4.5,55.74083015061679,345.2914412738203,117
2534.5,11,1092.511969935834,4.5,55.760613586389795,345.16971699249996,117
2534.6,11,1092.511969935834,4.5,55.749880443362215,345.2124158741907,117
2534.7,11,1092.511969935834,4.5,55.876767436632946,344.36446910479964,117
2534.8,11,1092.511969935834,4.5,55.89230202762445,344.2735477832771,117
2534.9,11,1092.511969935834,4.5,55.90509827949883,344.06657478655734,117
2535.0,11,1092.511969935834,4.5,55.91532614925134,344.0064719665482,117
2535.1,11,1092.511969935834,4.5,55.9303243283714,343.91448452568596,117
2535.2,11,1092.511969935834,4.5,55.93570627107215,343.88211315263993,117
2535.3,11,1092.511969935834,3.6,55.952421688921675,343.78214165619977,117
2535.4,11,1092.511969935834,3.6,56.00262890015196,343.5123847801927,117
2535.5,11,1092.511969935834,3.6,56.012676807974486,343.4503330362942,117
2535.6,11,1092.511969935834,3.6,56.008967936525025,343.47970880514924,117
2535.7,11,1092.511969935834,3.6,56.031916577157034,343.339953456054,117
2535.8,11,1092.511969935834,4.5,56.03918244071575,343.30268570986084,117
2535.9,11,1092.511969935834,4.5,56.05392564087796,343.21268699847803,117
2536.0,11,1092.511969935834,4.5,56.05579499588667,343.206197443375,117
2536.1,11,1092.511969935834,4.5,56.075453638581706,343.0824429207261,117
2536.2,11,1092.511969935834,4.5,56.09905792607031,342.94113463668805,117
2536.3,11,1092.511969935834,3.6,56.117818247137265,342.8305065039377,117
2536.4,11,1092.511969935834,3.6,56.11187655674204,342.86481755347154,117
2536.5,11,1092.511969935834,3.6,56.043277685748606,343.25147136280054,117
2536.6,11,1092.511969935834,3.6,56.04009853201708,343.27028108674807,117
2536.7,11,1093.1788806383727,3.6,56.05637096670733,343.1612424056505,118
2536.8,7,1093.339220632321,-100.0,56.05857939577446,343.13919518389156,118
2536.9,11,1093.339220632321,3.5,56.06713865810668,343.07962009896573,118
2537.0,11,1093.339220632321,3.6,56.073275117107045,343.032656564988,118
2537.1,11,1093.339220632321,3.6,56.083302582517746,342.9615371265627,118
2537.2,11,1093.339220632321,3.6,56.09718321425322,342.86576114256457,118
2537.3,11,1093.339220632321,3.6,56.101283482607855,342.83794950320294,118
2537.4,11,1093.339220632321,3.6,56.12395556803551,342.6885162446101,118
2537.5,11,1093.339220632321,3.6,56.13764867503401,342.4309865422751,118
2537.6,11,1093.339220632321,3.6,56.08069484588063,342.7378684599989,118
2537.7,11,1093.339220632321,3.6,56.12310259674936,342.49612262231966,118
2537.8,11,1093.339220632321,2.7,56.12808426411145,342.4603087835269,118
2537.9,11,1093.339220632321,2.7,56.16919627531404,342.1874858008356,118
2538.0,11,1093.339220632321,2.7,56.18513620035494,342.07821310116196,118
2538.1,7,1093.5048577789357,2.7,56.168385283812626,342.1809449732224,118
2538.2,7,1093.5239749457894,2.8,56.18209881553449,342.0880677968081,118
2538.3,8,1093.4576248011263,2.8,56.17450867748997,342.1270688486841,118
2538.4,8,1093.4576248011263,3.5,56.00549192705017,343.2226517628436,118
2538.5,8,1093.4576248011263,3.5,55.990095314935964,343.3128455793434,118
2538.6,8,1093.4576248011263,3.5,55.98750433888256,343.3203404638763,118
2538.7,8,1093.4576248011263,3.5,55.97002881202615,343.4260384534339,118
2538.8,7,1093.3916249950448,3.5,55.86251543064151,344.04454169041446,118
2538.9,11,1093.3916249950448,3.5,55.826230281631744,344.267882068117,118
2539.0,11,1093.3916249950448,3.6,55.80630745534448,344.3880817703655,118
2539.1,11,1093.3916249950448,3.6,55.807442657841804,344.3689126099862,118
2539.2,11,1093.3916249950448,3.6,55.77233175534742,344.58629249518276,118
2539.3,11,1093.3916249950448,3.6,55.76737401506655,344.6089104784471,118
2539.4,11,1093.3916249950448,3.6,55.747521898740324,344.7282380481132,118
2539.5,11,1093.3916249950448,3.6,55.724275156035375,344.8675052401356,118
2539.6,11,1093.3916249950448,3.6,55.711478719564084,344.94107721173475,118
2539.7,11,1093.3916249950448,3.6,55.682672235655225,345.11603905213866,118
2539.8,11,1093.3916249950448,3.6,55.66421311684959,345.2304771235132,118
2539.9,11,1093.3916249950448,3.6,55.69446657699868,345.05474792828073,118
2540.0,11,1093.3916249950448,3.6,55.67567959342519,345.1658601462385,118
2540.1,11,1093.3916249950448,3.6,55.64955365273426,345.32818030696825,118
2540.2,11,1093.3916249950448,3.6,55.62440978943637,345.48221312731766,118
2540.3,11,1093.3916249950448,3.6,55.59887548583818,345.6396830819127,118
2540.4,11,1093.3916249950448,4.5,55.57375340605314,345.7979890774566,118
2540.5,11,1093.3916249950448,4.5,55.53698921500616,346.02757479813204,118
2540.6,11,1093.3916249950448,4.5,55.519357590237135,346.0655945443049,118
2540.7,11,1093.3916249950448,4.5,55.486472790600644,346.27096009938475,118
2540.8,11,1093.3916249950448,4.5,55.45819546339034,346.44554734451447,118
2540.9,11,1093.3916249950448,4.5,55.42298405106669,346.6689738449866,118
2541.0,11,1093.3916249950448,4.5,55.395829177510294,346.8368725063054,118
2541.1,11,1093.3916249950448,4.5,55.36400315955633,347.03700231005985,118
2541.2,11,1093.3916249950448,3.6,55.3529866833472,347.10191383734985,118
2541.3,11,1093.3916249950448,3.6,55.32613539145376,347.2678130235559,118
2541.4,11,1093.3916249950448,3.6,55.305195875653126,347.3965209068333,118
2541.5,11,1093.3916249950448,3.6,55.27898242992823,347.5576104191292,118
2541.6,11,1093.3916249950448,3.6,55.25679093379459,347.69278849257466,118
2541.7,11,1093.3916249950448,3.6,55.22499343137247,347.89228648781136,118
2541.8,11,1093.3916249950448,3.6,55.2017693029335,348.03526424675965,118
2541.9,11,1093.3916249950448,3.6,55.17390296133019,348.2082876310226,118
2542.0,11,1093.3916249950448,3.6,55.15008854279603,348.35839334279683,118
2542.1,11,1093.3916249950448,3.6,55.131156154322156,348.4748535582152,118
2542.2,11,1093.3916249950448,3.6,54.98304458461024,349.4542824803,118
2542.3,11,1093.3916249950448,3.6,54.96556575766887,349.56157695929255,118
2542.4,11,1093.3916249950448,3.6,54.94100058458086,349.71564364634355,118
2542.5,11,1093.3916249950448,3.6,54.97263154890352,349.53034717196476,118
2542.6,11,1093.3916249950448,3.6,54.94421845931468,349.7081679425587,118
2542.7,11,1093.3916249950448,3.6,54.924344639949936,349.8313490802284,118
2542.8,11,1093.3916249950448,3.6,54.89889486595463,349.99419577848823,118
2542.9,11,1093.3916249950448,3.6,54.87106052678702,350.16914126521635,118
2543.0,11,1093.3916249950448,3.6,54.83975309741655,350.36767931235335,118
2543.1,11,1093.3916249950448,3.6,54.81108874683669,350.54878747043574,118
2543.2,11,1093.3916249950448,3.6,54.78606690046627,350.70608622749546,118
2543.3,11,1093.3916249950448,3.6,54.76783577240939,350.8175040979815,118
2543.4,11,1093.3916249950448,3.6,54.735445577444864,351.02547099479733,118
2543.5,11,1093.3916249950448,3.6,54.70387666334271,351.22514936742493,118
2543.6,7,1093.3589071318522,2.7,54.680746719282254,351.3697349813274,118
2543.7,7,1093.3589071318522,3.5,54.64242522683972,351.61413100217646,118
2543.8,7,1093.3589071318522,3.5,54.60561705603895,351.84878844888703,118
2543.9,7,1093.3589071318522,3.5,54.568570361027994,352.0874276001882,118
2544.0,7,1093.2923514942966,3.5,54.54535124776051,352.23510569739005,118
2544.1,7,1093.2923514942966,4.199999999999999,54.526321322412784,352.35297672286157,118
2544.2,7,1093.2923514942966,4.199999999999999,54.49177214576867,352.57621031867166,118
2544.3,7,1093.2923514942966,4.199999999999999,54.46420733859013,352.75188928987797,118
2544.4,7,1093.2923514942966,4.199999999999999,54.435108244363846,352.9395853536261,118
2544.5,7,1093.2923514942966,4.199999999999999,54.44239845071161,352.88191713986896,118
2544.6,7,1093.2923514942966,4.199999999999999,54.41159087261049,353.0795723564889,118
2544.7,7,1093.2923514942966,4.199999999999999,54.379565175977916,353.2861394651306,118
2544.8,7,1093.2923514942966,4.199999999999999,54.36465191914172,353.37628817858496,118
2544.9,7,1093.2923514942966,4.199999999999999,54.335892183759505,353.56089670582617,118
2545.0,7,1093.2923514942966,4.199999999999999,54.32018341927767,353.6569111453464,118
2545.1,7,1093.2923514942966,4.199999999999999,54.28034404052865,353.9169795915893,118
2545.2,7,1093.2923514942966,4.199999999999999,54.26489207099637,354.0100393412919,118
2545.3,7,1093.2923514942966,4.199999999999999,54.2268162795454,354.2596091292442,118
2545.4,7,1093.2923514942966,4.199999999999999,54.2094326588915,354.367193399837,118
2545.5,7,1093.2923514942966,4.199999999999999,54.18734729468295,354.50553131460856,118
2545.6,7,1093.2923514942966,4.199999999999999,54.16563615439483,354.6399555315209,118
2545.7,7,1093.2923514942966,4.199999999999999,54.14029704576116,354.8027705283439,118
2545.8,7,1093.2923514942966,4.199999999999999,54.116047880050345,354.9587037052043,118
2545.9,7,1093.2923514942966,4.199999999999999,54.1038849235887,355.03541460820276,118
2546.0,7,1093.2923514942966,4.199999999999999,54.08258215929678,355.1730438291503,118
2546.1,7,1093.2923514942966,4.199999999999999,54.06785075976734,355.26744616878136,118
2546.2,7,1093.2923514942966,4.199999999999999,54.05884671242907,355.3184788014408,118
2546.3,7,1093.2259203077058,4.199999999999999,54.03058265864787,355.503014689029,118
2546.4,7,1093.2259203077058,4.8999999999999995,54.01709467273518,355.583678541768,118
2546.5,7,1093.2259203077058,4.8999999999999995,54.000780085591515,355.6869732110678,118
2546.6,7,1093.2259203077058,4.8999999999999995,53.98873009496533,355.7600214061445,118
2546.7,7,1093.2259203077058,4.8999999999999995,53.97358019184793,355.8545545211375,118
2546.8,7,1093.2259203077058,4.8999999999999995,53.950412606603734,356.00555433053773,118
2546.9,7,1093.2259203077058,4.8999999999999995,53.94470652920441,356.0365004782259,118
2547.0,7,1093.2259203077058,4.8999999999999995,53.92033283545984,356.2886055211612,118
2547.1,7,1093.2259203077058,4.8999999999999995,53.892171595542024,356.47600946195854,118
2547.2,7,1093.2259203077058,4.199999999999999,53.868286671846064,356.631788232389,118
2547.3,7,1093.2259203077058,4.199999999999999,53.85299147602133,356.72886078177373,118
2547.4,7,1093.2259203077058,4.199999999999999,53.82522996006858,356.9164842142546,118
2547.5,7,1093.2259203077058,4.199999999999999,53.81339217195999,356.9912817139983,118
2547.6,7,1093.2259203077058,4.199999999999999,53.76295233290311,357.3331430244755,118
2547.7,7,1093.2259203077058,4.199999999999999,53.75288436969028,357.3957906554175,118
2547.8,7,1093.2259203077058,4.199999999999999,53.73201274238487,357.53724136884284,118
2547.9,7,1093.2259203077058,4.199999999999999,53.71126688795843,357.6764756754694,118
2548.0,7,1093.2259203077058,4.199999999999999,53.701267954356325,357.73988129917655,118
2548.1,7,1093.2259203077058,4.199999999999999,53.661710171085105,358.0076981627105,118
2548.2,7,1093.2259203077058,4.199999999999999,53.636988885162246,358.172128698538,118
2548.3,7,1093.2259203077058,4.199999999999999,53.61284388466107,358.33461533741763,118
2548.4,7,1093.2259203077058,4.199999999999999,53.59311431306233,358.4672010025116,118
2548.5,7,1093.2259203077058,4.199999999999999,53.579453009577975,358.55777443711594,118
2548.6,7,1093.1590507045325,4.199999999999999,53.559482466457325,358.6953103676302,118
2548.7,7,1093.1590507045325,4.8999999999999995,53.54010938208026,358.8283931254846,118
2548.8,7,1093.1590507045325,4.8999999999999995,53.540391423266584,358.822823799664,118
2548.9,7,1093.1590507045325,4.8999999999999995,53.53578737070687,358.85780223810934,118
2549.0,7,1093.1590507045325,4.8999999999999995,53.53934503847158,358.79888714505984,118
2549.1,7,1093.1590507045325,5.6,53.518565907290686,358.9434742436629,118
2549.2,7,1093.1590507045325,5.6,53.52289148217734,358.9133324031666,118
2549.3,7,1093.1590507045325,5.6,53.537518973551705,358.81159407695117,118
2549.4,7,1093.1590507045325,5.6,53.60048909438406,358.4156193034207,118
2549.5,7,1093.1590507045325,5.6,53.6009592028842,358.4115100031418,118
2549.6,7,1093.1590507045325,5.6,53.5933313135384,358.4650628171048,118
2549.7,7,1093.1590507045325,5.6,53.59607723833686,358.4452828923886,118
2549.8,7,1093.1590507045325,5.6,53.59995517786575,358.42189097480986,118
2549.9,7,1093.1590507045325,5.6,53.56500445045015,358.64333672888085,118
2550.0,7,1093.1590507045325,4.8999999999999995,53.559169084367824,358.69313520285186,118
2550.1,7,1093.1590507045325,4.8999999999999995,53.58808580836073,358.49501069043424,118
2550.2,7,1093.1590507045325,4.8999999999999995,53.5898783878673,358.4896635775481,118
2550.3,7,1093.1590507045325,4.8999999999999995,53.618866992856226,358.29395819795366,118
2550.4,7,1093.1590507045325,4.8999999999999995,53.63856820286823,358.16625829908753,118
2550.5,7,1093.1590507045325,4.8999999999999995,53.649307887512535,358.09715560765665,118
2550.6,7,1093.1590507045325,4.8999999999999995,53.67402751040146,357.93336833813794,118
2550.7,7,1093.1590507045325,4.8999999999999995,53.68778938532938,357.84925370634517,118
2550.8,7,1093.1590507045325,4.8999999999999995,53.70707322288435,357.72348414891167,118
2550.9,7,1093.1590507045325,4.8999999999999995,53.71794706647246,357.65494362466535,118
2551.0,7,1093.0919134573,4.8999999999999995,53.74431744931579,357.48229511670877,118
2551.1,7,1093.0919134573,5.6,53.76646162947792,357.3360256856648,118
2551.2,7,1093.0919134573,5.6,53.77438856237263,357.2924692315072,118
2551.3,7,1093.0919134573,5.6,53.56554730349579,358.71585433007226,118
2551.4,7,1093.0919134573,5.6,53.58943056232357,358.55858093447546,118
2551.5,7,1093.0919134573,5.6,53.60806541888028,358.439360509506,118
2551.6,7,1093.0919134573,5.6,53.70161992781082,357.8483275029246,118
2551.7,7,1093.0919134573,5.6,53.695256867191986,357.9033587796115,118
2551.8,7,1093.0919134573,4.8999999999999995,53.716503479956856,357.75762813970493,118
2551.9,7,1093.0919134573,4.8999999999999995,53.716586050791804,357.76264163777796,118
2552.0,7,1093.0919134573,4.8999999999999995,53.734779511370306,357.64227612551167,118
2552.1,7,1093.0919134573,4.8999999999999995,53.563167341365144,358.87428631280306,118
2552.2,7,1093.0919134573,4.8999999999999995,53.58470898049514,358.73149998715576,118
2552.3,7,1093.0919134573,4.8999999999999995,53.579465356215266,358.77472826683385,118
2552.4,7,1093.0919134573,4.8999999999999995,53.59656380090864,358.6642791437986,118
2552.5,7,1093.0919134573,4.8999999999999995,53.61524506598701,358.53920855779893,118
2552.6,7,1093.0919134573,4.8999999999999995,53.54087803742834,359.01024213451234,118
2552.7,7,1093.0919134573,4.8999999999999995,53.53783337575045,359.0370540229656,118
2552.8,7,1093.0919134573,4.8999999999999995,53.563728741868005,358.8575369357063,118
2552.9,7,1093.0919134573,4.8999999999999995,53.54228410449294,359.0160121455391,118
2553.0,7,1093.0919134573,4.8999999999999995,53.72979727553239,357.681570924644,118
2553.1,7,1093.0919134573,4.8999999999999995,53.726992647381735,357.70544506121985,118
2553.2,7,1093.0919134573,4.8999999999999995,53.731925030149014,357.6746828010438,118
2553.3,7,1093.0919134573,4.8999999999999995,53.72581232739493,357.72056657022785,118
2553.4,7,1093.0255979787237,4.8999999999999995,53.74006025383186,357.6251802278706,118
2553.5,7,1093.0255979787237,5.6,53.73025466837335,357.6993837202567,118
2553.6,7,1093.0255979787237,5.6,53.72891675084297,357.70794830875275,118
2553.7,7,1093.0255979787237,5.6,53.79099542245561,357.3203102847425,118
2553.8,7,1093.0255979787237,5.6,53.78378611179774,357.3702197559119,118
2553.9,7,1093.0255979787237,5.6,53.782568546343406,357.38667956053604,118
2554.0,7,1093.0255979787237,5.6,53.79375122573079,357.31027000564404,118
2554.1,7,1093.0255979787237,5.6,53.79231608201117,357.3235138680865,118
2554.2,7,1093.0255979787237,5.6,53.79246947359823,357.32399390575443,118
2554.3,7,1093.0255979787237,5.6,53.793470607754614,357.32438609620874,118
2554.4,7,1093.0255979787237,5.6,53.80487885704723,357.2453054813061,118
2554.5,7,1093.0255979787237,5.6,53.79743234247516,357.3028974548032,118
2554.6,7,1093.0255979787237,5.6,53.82261353831075,357.1330716232218,118
2554.7,7,1093.0255979787237,5.6,53.82140006805732,357.1459160720204,118
2554.8,7,1093.0255979787237,5.6,53.8289057364246,357.0941660728462,118
2554.9,7,1093.0255979787237,5.6,53.820919468939934,357.15200142809647,118
2555.0,7,1093.0255979787237,5.6,53.83070055800387,357.08773398516576,118
2555.1,7,1093.0255979787237,5.6,53.6842240534922,358.19790679831755,118
2555.2,7,1093.0255979787237,5.6,53.65058261802774,358.3989855096192,118
2555.3,7,1093.0255979787237,5.6,53.65157506376492,358.3972490578434,118
2555.4,7,1093.0255979787237,5.6,53.65017161278708,358.41413408651306,118
2555.5,7,1093.0255979787237,5.6,53.66870422970303,358.28549198050746,118
2555.6,7,1093.0255979787237,5.6,53.66051635562542,358.35094535922593,118
2555.7,7,1093.0255979787237,5.6,53.68152986302084,358.2112991352792,118
2555.8,7,1093.0255979787237,5.6,53.69806138993076,358.10065794165934,118
2555.9,7,1093.0255979787237,5.6,53.691393983743026,358.15684771764114,118
2556.0,7,1092.9591746341616,5.6,53.70100611054799,358.092728357753,118
2556.1,7,1092.9591746341616,6.3,53.7221529246508,357.9474186936052,118
2556.2,7,1092.9591746341616,6.3,53.7251108084333,357.93441091580064,118
2556.3,7,1092.9591746341616,5.6,53.73788286003965,357.8506195087756,118
2556.4,7,1092.9591746341616,5.6,53.7269529697509,357.93230232654264,118
2556.5,7,1092.9591746341616,5.6,53.73765279752726,357.8587332885158,118
2556.6,7,1092.9591746341616,5.6,53.73106113953199,357.9129256027241,118
2556.7,7,1092.9591746341616,5.6,53.73049404340468,357.91744331016497,118
2556.8,7,1092.9591746341616,5.6,53.73166046019555,357.90765310383364,118
2556.9,7,1092.9591746341616,5.6,53.72636950454578,357.94647187284,118
2557.0,7,1092.9591746341616,5.6,53.72436720979718,357.9633238609903,118
2557.1,7,1092.9591746341616,5.6,53.71845588666331,358.0044068411015,118
2557.2,7,1092.9591746341616,5.6,53.70828549244662,358.0820164649275,118
2557.3,7,1092.9591746341616,5.6,53.703713805459515,358.1131520442739,118
2557.4,7,1092.9591746341616,5.6,53.61505445078818,358.6623839836309,118
2557.5,7,1092.9591746341616,5.6,53.616237059661884,358.652701504349,118
2557.6,7,1092.9591746341616,5.6,53.61420785022449,358.6697103599288,118
2557.7,7,1092.9591746341616,5.6,53.64098885873719,358.50226178741786,118
2557.8,7,1092.9591746341616,5.6,53.64485564487657,358.47476595550575,118
2557.9,7,1092.9591746341616,5.6,53.647016577234155,358.4545342858031,118
2558.0,7,1092.9591746341616,5.6,53.693892775623794,358.11061696779393,118
2558.1,7,1092.9591746341616,5.6,53.705671031980984,358.0298365515598,118
2558.2,7,1092.9591746341616,5.6,53.69933453741251,358.06732385499527,118
2558.3,7,1092.9591746341616,5.6,53.6911982536555,358.1205751952545,118
2558.4,7,1092.9591746341616,5.6,53.446477573270215,359.89678156600723,118
2558.5,7,1092.8918109534975,5.6,53.452374066179964,359.85237079079025,118
2558.6,7,1092.8918109534975,6.3,53.44268241699487,359.9220046534988,118
2558.7,7,1092.8918109534975,5.6,53.4818350385373,359.6757497173823,118
2558.8,7,1092.8918109534975,5.6,53.46470136947022,359.8036742589636,118
2558.9,7,1092.8918109534975,5.6,53.47443350803158,359.71927242115976,118
2559.0,7,1092.8918109534975,5.6,53.47604369395898,359.70336376674265,118
2559.1,7,1092.8918109534975,5.6,53.46950111968522,359.7447948616712,118
2559.2,7,1092.8918109534975,5.6,53.481750384021154,359.6474688032809,118
2559.3,7,1092.8918109534975,5.6,53.454841990481796,359.8442180976109,118
2559.4,7,1092.8918109534975,5.6,53.36586420431787,360.3972697993414,118
2559.5,7,1092.8918109534975,5.6,53.386229352451636,360.24916849959607,118
2559.6,7,1092.8918109534975,5.6,53.37656320479589,360.30581205493866,118
2559.7,7,1092.8918109534975,5.6,53.37687175652506,360.2988547652806,118
2559.8,7,1092.8918109534975,5.6,53.36661966649886,360.3606072967315,118
2559.9,7,1092.8918109534975,5.6,53.36279274261882,360.38080584078864,118
2560.0,7,1092.8918109534975,5.6,53.363056557322594,360.3739049747784,118
2560.1,7,1092.8918109534975,5.6,53.36478042715831,360.3495429381646,118
2560.2,7,1092.8918109534975,5.6,53.36465317805425,360.34445687979485,118
2560.3,7,1092.8918109534975,5.6,53.34901949064595,360.45662749820883,118
2560.4,7,1092.8918109534975,5.6,53.32827922164249,360.58019640182386,118
2560.5,7,1092.8918109534975,5.6,53.31673435176213,360.659236389876,118
2560.6,7,1092.8918109534975,5.6,53.418325373465976,359.91538313786253,118
2560.7,7,1092.8918109534975,5.6,53.423872741515396,359.8702925535858,118
2560.8,7,1092.8918109534975,5.6,53.42697729023702,359.8416478542987,118
2560.9,7,1092.8252418890227,5.6,53.423105952581636,359.86593867060026,118
2561.0,7,1092.8252418890227,6.3,53.42468917283435,359.855356682259,118
2561.1,7,1092.8252418890227,6.3,53.43445621066793,359.78302823215733,118
2561.2,7,1092.8252418890227,6.3,53.43675171310281,359.75811617258876,118
2561.3,7,1092.8252418890227,6.3,53.4222224291954,359.8606232619178,118
2561.4,7,1092.8252418890227,6.3,53.42627515634684,359.8214588882103,118
2561.5,7,1092.8252418890227,6.3,53.42295190553728,359.8461262410719,118
2561.6,7,1092.8252418890227,6.3,53.37318016134711,360.1385530242859,118
2561.7,7,1092.8252418890227,6.3,53.36543314120868,360.1900083648225,118
2561.8,7,1092.8252418890227,6.3,53.368158808111474,360.1701780185747,118
2561.9,7,1092.8252418890227,6.3,53.36871117356203,360.16556269772894,118
2562.0,7,1092.8252418890227,6.3,53.35249890676472,360.28128070328927,118
2562.1,7,1092.8252418890227,5.6,53.336300421321766,360.3926124390703,118
2562.2,7,1092.8252418890227,5.6,53.33259564075932,360.41711821870325,118
2562.3,7,1092.8252418890227,5.6,53.31904951792097,360.509667172807,118
2562.4,7,1092.8252418890227,5.6,53.3156095232976,360.53096364724706,118
2562.5,7,1092.8252418890227,5.6,53.28957787288862,360.70732541147515,118
2562.6,7,1092.8252418890227,5.6,53.29042688432922,360.6999369076931,118
2562.7,7,1092.8252418890227,5.6,53.286171218455664,360.7225862837983,118
2562.8,7,1092.8252418890227,5.6,53.362375203960795,360.1637159951189,118
2562.9,7,1092.8252418890227,5.6,53.440685044416654,359.66550296702223,118
2563.0,7,1092.8252418890227,5.6,53.332788610033546,360.35499411456,118
2563.1,7,1092.8252418890227,5.6,53.32153854690449,360.43491395110163,118
2563.2,7,1092.8252418890227,5.6,53.32025907579455,360.4396085644694,118
2563.3,7,1092.8252418890227,5.6,53.15851543963895,361.60835035901073,118
2563.4,7,1092.8252418890227,5.6,53.14638062370105,361.6926081041929,118
2563.5,7,1092.8252418890227,5.6,53.15038435196105,361.6660449897209,118
2563.6,7,1092.8252418890227,5.6,53.133092113594245,361.7927091891838,118
2563.7,7,1092.7582331459123,4.8999999999999995,53.11899520660164,361.88788751982986,118
2563.8,7,1092.7582331459123,5.6,53.11251991068482,361.93108971206317,118
2563.9,7,1092.7582331459123,5.6,53.09718157755824,362.0289586294856,118
2564.0,7,1092.7582331459123,5.6,53.08511056445814,362.11120906293024,118
2564.1,7,1092.7582331459123,5.6,53.05873696838083,362.29740093956985,118
2564.2,7,1092.7582331459123,5.6,53.05611805810702,362.3100458034721,118
2564.3,7,1092.7582331459123,5.6,53.03683903545396,362.4425768417666,118
2564.4,7,1092.7582331459123,5.6,53.03358957645533,362.4611608458503,118
2564.5,7,1092.7582331459123,5.6,53.02462770818565,362.52139170550595,118
2564.6,7,1092.7582331459123,5.6,52.88627019452216,363.4185351314984,118
2564.7,7,1092.7582331459123,5.6,52.8689401581276,363.5391421484396,118
2564.8,7,1092.7582331459123,5.6,52.863348102275324,363.5725090797619,118
2564.9,7,1092.7582331459123,5.6,52.858028849846136,363.60076130354935,118
2565.0,7,1092.7582331459123,5.6,52.70806504218261,364.70347589288997,118
2565.1,7,1092.7582331459123,5.6,52.69010029028942,364.8308398815158,118
2565.2,7,1092.7582331459123,5.6,52.87280596256861,363.5342959193519,118
2565.3,7,1092.7582331459123,5.6,52.8698842456337,363.54739157839833,118
2565.4,7,1092.7582331459123,5.6,52.84756723675375,363.7017683035145,118
2565.5,7,1092.7582331459123,5.6,52.83991311958609,363.74519833231,118
2565.6,7,1092.7582331459123,5.6,52.82723891748833,363.8276311823097,118
2565.7,7,1092.7582331459123,5.6,52.801338750666616,364.0051630264278,118
2565.8,7,1092.7582331459123,5.6,52.793674692004544,364.0516571999459,118
2565.9,7,1092.7582331459123,5.6,52.77770110611118,364.1596484758984,118
2566.0,7,1092.7582331459123,5.6,52.764063076175404,364.24354995660224,118
2566.1,7,1092.7582331459123,4.8999999999999995,52.74928054232274,364.346135121198,118
2566.2,7,1092.7582331459123,4.8999999999999995,52.72194424846167,364.53708523116103,118
2566.3,7,1092.7582331459123,4.8999999999999995,52.71222608073577,364.602026275164,118
2566.4,7,1092.7582331459123,4.8999999999999995,52.575859656885314,365.4828323927504,118
2566.5,7,1092.7582331459123,4.8999999999999995,52.56588334682429,365.54979800723925,118
2566.6,7,1092.7582331459123,4.8999999999999995,52.55571062227401,365.61833059991943,118
2566.7,7,1092.7582331459123,4.8999999999999995,52.54206701191718,365.7156582512889,118
2566.8,7,1092.7582331459123,4.8999999999999995,52.565898986435386,365.5129510693621,118
2566.9,7,1092.7582331459123,4.8999999999999995,52.550425098990104,365.61948850922283,118
2567.0,7,1092.7582331459123,4.8999999999999995,52.52969034325147,365.76096023389516,118
2567.1,7,1092.7582331459123,4.8999999999999995,52.52767986059253,365.7725975662978,118
2567.2,7,1092.7582331459123,4.8999999999999995,52.34550450835246,366.99291127269294,118
2567.3,7,1092.7582331459123,4.8999999999999995,52.33931720380777,367.0314695882058,118
2567.4,7,1092.7582331459123,4.8999999999999995,52.33033703550068,367.08862099001976,118
2567.5,7,1092.7582331459123,4.8999999999999995,52.51995197850967,365.7410252872205,118
2567.6,7,1092.7582331459123,4.199999999999999,52.50092358589728,365.87488537404244,118
2567.7,7,1092.7582331459123,4.199999999999999,52.50435840587497,365.8445857084878,118
2567.8,7,1092.7582331459123,4.199999999999999,52.49713888085641,365.8947800598936,118
2567.9,7,1092.7582331459123,4.199999999999999,52.50319605455097,365.848082722803,118
2568.0,7,1092.7582331459123,4.199999999999999,52.4967606354559,365.8886897824824,118
2568.1,7,1092.7582331459123,4.199999999999999,52.492464334216145,365.9159759357076,118
2568.2,7,1092.7582331459123,4.199999999999999,52.48323626324735,365.97844062382103,118
2568.3,7,1092.7582331459123,4.199999999999999,52.47859312088249,366.00569431971167,118
2568.4,7,1092.7582331459123,4.199999999999999,52.4792239002185,365.9988325866899,118
2568.5,7,1092.7582331459123,4.199999999999999,52.486061180818545,365.94746524769147,118
2568.6,7,1092.7582331459123,4.199999999999999,52.48206396723148,365.9738367299478,118
2568.7,7,1092.7582331459123,4.199999999999999,52.473785748871705,366.0281186906044,118
2568.8,7,1092.7582331459123,4.199999999999999,52.480327030887736,365.9776649689933,118
2568.9,7,1092.7582331459123,4.199999999999999,52.46472955853065,366.08630988349415,118
2569.0,7,1092.7582331459123,4.199999999999999,52.47083024512417,366.03752202751446,118
2569.1,7,1092.7582331459123,4.199999999999999,52.44322802891859,366.23239894310575,118
2569.2,7,1092.7582331459123,4.199999999999999,52.43308548409556,366.3038402525216,118
2569.3,7,1092.7582331459123,4.199999999999999,52.43773118640843,366.26979807270754,118
2569.4,7,1092.7582331459123,4.199999999999999,52.43096325820275,366.314497292751,118
2569.5,7,1092.7582331459123,4.199999999999999,52.418259859692256,366.4031254402915,118
2569.6,9,1092.7582331459123,3.5,52.41833992448681,366.40247001343084,118
2569.7,9,1092.7582331459123,5.6000000000000005,52.407404027457886,366.4768890656411,118
2569.8,9,1092.7582331459123,5.6000000000000005,52.51846583508636,365.6729084807322,118
2569.9,9,1092.7582331459123,5.6000000000000005,52.51618026852639,365.68877976656245,118
2570.0,9,1092.7582331459123,5.6000000000000005,52.59014144630272,365.1917887916343,118
2570.1,9,1092.7582331459123,5.6000000000000005,52.55234203095356,365.458910047956,118
2570.2,9,1092.7582331459123,5.6000000000000005,52.54465688180191,365.5113918433046,118
2570.3,9,1092.7582331459123,5.6000000000000005,52.53820056723737,365.5543174478314,118
2570.4,9,1092.7582331459123,5.6000000000000005,52.534750582990576,365.57973910188986,118
2570.5,9,1092.7582331459123,5.6000000000000005,52.51988917800499,365.6811973607802,118
2570.6,9,1092.7582331459123,5.6000000000000005,52.50662769752561,365.77546227395703,118
2570.7,9,1092.7582331459123,5.6000000000000005,52.50629928845714,365.7761760761504,118
2570.8,9,1092.7582331459123,5.6000000000000005,52.50700424942235,365.7734932818118,118
2570.9,9,1092.7582331459123,5.6000000000000005,52.497912974076385,365.83687145267027,118
2571.0,9,1092.7582331459123,5.6000000000000005,52.49528820882219,365.85430187175257,118
2571.1,9,1092.7582331459123,5.6000000000000005,52.474131812205115,366.0049217158187,118
2571.2,9,1092.7582331459123,5.6000000000000005,52.47092948292348,366.0268290638679,118
2571.3,9,1092.7582331459123,5.6000000000000005,52.45495781106884,366.1388351067508,118
2571.4,9,1092.7582331459123,5.6000000000000005,52.44784348924949,366.187572667287,118
2571.5,9,1092.7582331459123,5.6000000000000005,52.42180036626966,366.37483035520347,118
2571.6,9,1092.7582331459123,6.4,52.41508805678161,366.4214756697803,118
2571.7,9,1092.7582331459123,6.4,52.39810490796185,366.5411818725436,118
2571.8,9,1092.7582331459123,6.4,52.39162589471233,366.58536756391567,118
2571.9,9,1092.7582331459123,6.4,52.32595146509311,367.06221958924857,118
2572.0,9,1092.7582331459123,6.4,52.30492895780598,367.2158291916033,118
2572.1,9,1092.7582331459123,6.4,52.29569369333943,367.2824134216812,118
2572.2,9,1092.7582331459123,6.4,52.376959613694524,366.73543724179535,118
2572.3,9,1092.7582331459123,5.6000000000000005,52.370350736246124,366.77956724389185,118
2572.4,9,1092.7582331459123,5.6000000000000005,52.483234135009866,365.95632324278165,118
2572.5,9,1092.7582331459123,5.6000000000000005,52.47980504628795,365.98053497285787,118
2572.6,9,1092.7582331459123,5.6000000000000005,52.465373008849234,366.08351725360825,118
2572.7,9,1092.7582331459123,5.6000000000000005,52.45069748196074,366.1861486624841,118
2572.8,9,1092.7582331459123,5.6000000000000005,52.4460821980263,366.2173214634288,118
2572.9,9,1092.7582331459123,5.6000000000000005,52.44307048861128,366.2402978851984,118
2573.0,9,1092.7582331459123,5.6000000000000005,52.440152724443365,366.2573549077618,118
2573.1,9,1092.7582331459123,5.6000000000000005,52.419380627215396,366.40899178894875,118
2573.2,9,1092.7582331459123,5.6000000000000005,52.417810040645676,366.41579235573585,118
2573.3,9,1092.7582331459123,5.6000000000000005,52.404315940109,366.50769151052793,118
2573.4,9,1092.7582331459123,5.6000000000000005,52.405518494261756,366.4950780390493,118
2573.5,9,1092.7582331459123,5.6000000000000005,52.375354424891285,366.7111302879847,118
2573.6,9,1092.7582331459123,4.800000000000001,52.37844901667516,366.68646999157227,118
2573.7,9,1092.7582331459123,4.800000000000001,52.377191814288715,366.69478635421615,118
2573.8,9,1092.7582331459123,4.800000000000001,52.38102935174342,366.6679611133298,118
2573.9,9,1092.7582331459123,4.800000000000001,52.372238165579205,366.7333774444911,118
2574.0,9,1092.7582331459123,4.800000000000001,52.38505253961823,366.6370183788769,118
2574.1,9,1092.7582331459123,4.800000000000001,52.37146873749036,366.73380159742624,118
2574.2,9,1092.7582331459123,4.800000000000001,52.36335494054782,366.7910127974687,118
2574.3,9,1092.7582331459123,4.800000000000001,52.34018535037788,366.9584491058107,118
2574.4,9,1092.7582331459123,4.800000000000001,52.33425844669539,367.00092731364964,118
2574.5,9,1092.7582331459123,4.800000000000001,52.32887932037056,367.04033980641947,118
2574.6,9,1092.7582331459123,4.800000000000001,52.515362769804156,365.7291786061814,118
2574.7,9,1092.7582331459123,5.6000000000000005,52.51138271674846,365.75815130337105,118
2574.8,9,1092.7582331459123,5.6000000000000005,52.51615047186696,365.723596537937,118
2574.9,9,1092.7582331459123,5.6000000000000005,52.50515967958509,365.8041192065414,118
2575.0,9,1092.7582331459123,5.6000000000000005,52.50115370824781,365.83457089658964,118
2575.1,9,1092.7582331459123,5.6000000000000005,52.49245862683213,365.89398722703993,118
2575.2,9,1092.7582331459123,5.6000000000000005,52.487290385990114,365.9334964928405,118
2575.3,9,1092.7582331459123,5.6000000000000005,52.47541023269593,366.0181885209743,118
2575.4,9,1092.7582331459123,5.6000000000000005,52.47956958342249,365.9887007588326,118
2575.5,9,1092.7582331459123,5.6000000000000005,52.4709764160377,366.049934371071,118
2575.6,9,1092.7582331459123,5.6000000000000005,52.468803578485264,366.064765115007,118
2575.7,9,1092.7582331459123,5.6000000000000005,52.46263031918308,366.10987986052646,118
2575.8,9,1092.7582331459123,5.6000000000000005,52.45376374537118,366.17442577497013,118
2575.9,9,1092.7582331459123,5.6000000000000005,52.459760463566425,366.1342526230875,118
2576.0,9,1092.7582331459123,5.6000000000000005,52.45401107713653,366.1769588575438,118
2576.1,9,1092.7582331459123,5.6000000000000005,52.47011296382958,366.0435423345311,118
2576.2,9,1092.7582331459123,5.6000000000000005,52.48648837631015,365.92970364506834,118
2576.3,9,1092.7582331459123,5.6000000000000005,52.47558597806091,366.0112196682014,118
2576.4,9,1092.7582331459123,5.6000000000000005,52.47161709864626,366.04086169792265,118
2576.5,9,1092.7582331459123,5.6000000000000005,52.44844241574222,366.2089504535753,118
2576.6,9,1092.7582331459123,5.6000000000000005,52.44037649846633,366.26703110495544,118
2576.7,9,1092.7582331459123,5.6000000000000005,52.41831653280109,366.42653974633004,118
2576.8,9,1092.7582331459123,5.6000000000000005,52.519006776050034,365.69812447841116,118
2576.9,9,1092.7582331459123,5.6000000000000005,52.52734608594956,365.64096808283875,118
2577.0,9,1092.7582331459123,5.6000000000000005,52.452034356986736,366.18724693270485,118
2577.1,9,1092.7582331459123,5.6000000000000005,52.44437316834325,366.24648788074694,118
2577.2,9,1092.7582331459123,4.800000000000001,52.44710394274947,366.22789090463874,118
2577.3,9,1092.7582331459123,4.800000000000001,52.44765030533782,366.2267215738864,118
2577.4,9,1092.7582331459123,4.800000000000001,52.4349540666812,366.32175977942353,118
2577.5,9,1092.7582331459123,4.800000000000001,52.41869187343447,366.44035644431995,118
2577.6,9,1092.7582331459123,4.800000000000001,52.41502727878712,366.4722368260495,118
2577.7,9,1092.7582331459123,4.800000000000001,52.39483564398205,366.62173697089105,118
2577.8,9,1092.7582331459123,4.800000000000001,52.37839845667994,366.7448956999933,118
2577.9,9,1092.7582331459123,4.800000000000001,52.36754101822682,366.8231514102314,118
2578.0,9,1092.7582331459123,4.800000000000001,52.39560643372019,366.6104201453897,118
2578.1,9,1092.7582331459123,4.800000000000001,52.37904119441333,366.7336207023352,118
2578.2,9,1092.7582331459123,4.800000000000001,52.37256298411061,366.78451441631495,118
2578.3,9,1092.7582331459123,4.800000000000001,52.3683441712393,366.817104639019,118
2578.4,9,1092.7582331459123,4.800000000000001,52.35102972796996,366.9447912326849,118
2578.5,9,1092.7582331459123,4.800000000000001,52.33749172195098,367.0457015712898,118
2578.6,9,1092.7582331459123,4.800000000000001,52.35583928135688,366.9169275936458,118
2578.7,9,1092.7582331459123,4.0,52.350616390218946,366.9620000694697,118
2578.8,9,1092.7582331459123,4.0,52.35748341326567,366.918590351654,118
2578.9,9,1092.7582331459123,4.0,52.4606746706962,366.16705910308485,118
2579.0,9,1092.7582331459123,4.0,52.48203971063103,366.01808987173945,118
2579.1,9,1092.7582331459123,4.0,52.47908325972236,366.04728964578453,118
2579.2,9,1092.7582331459123,4.0,52.48315279366092,366.0194013909148,118
2579.3,9,1092.7582331459123,4.0,52.49424447972479,365.94925139797306,118
2579.4,9,1092.7582331459123,4.800000000000001,52.498249372009305,365.9264024618939,118
2579.5,9,1092.7582331459123,4.800000000000001,52.50183429710691,365.9065165431863,118
2579.6,9,1092.7582331459123,4.800000000000001,52.501552800576306,365.9136521047219,118
2579.7,9,1092.7582331459123,4.800000000000001,52.68681464317977,364.6996825937938,118
2579.8,9,1092.7582331459123,4.800000000000001,52.68277357650087,364.7321423518217,118
2579.9,9,1092.7582331459123,4.800000000000001,52.6785325256492,364.772133146897,118
2580.0,9,1092.7582331459123,4.800000000000001,52.67184854582258,364.8250235989152,118
2580.1,9,1092.7582331459123,4.800000000000001,52.68005725199945,364.7734542627204,118
2580.2,9,1092.7582331459123,4.800000000000001,52.67920986482427,364.784473334721,118
2580.3,9,1092.7582331459123,4.800000000000001,52.682726116333114,364.7652397334479,118
2580.4,9,1092.7582331459123,4.800000000000001,52.68200754442876,364.7770219673266,118
2580.5,9,1092.7582331459123,4.800000000000001,52.69900447032525,364.66243169119195,118
2580.6,9,1092.7582331459123,4.800000000000001,52.86298551981257,363.6094788136886,118
2580.7,9,1092.7582331459123,4.800000000000001,52.85654406657184,363.66095573712244,118
2580.8,9,1092.7582331459123,4.800000000000001,52.868058327438895,363.59336701791835,118
2580.9,9,1092.7582331459123,4.800000000000001,52.87092102141342,363.57774558053495,118
2581.0,9,1092.7582331459123,4.800000000000001,52.9775978055676,362.8000774418997,118
2581.1,9,1092.7582331459123,4.800000000000001,52.977216960146215,362.8091348987898,118
2581.2,9,1092.7582331459123,4.800000000000001,52.9682397312107,362.8793384470865,118
2581.3,9,1092.7582331459123,4.800000000000001,52.97915411779731,362.8130155903861,118
2581.4,9,1092.7582331459123,4.800000000000001,53.01180990843087,362.56023266967685,118
2581.5,9,1092.7582331459123,4.800000000000001,53.01105110108158,362.5744224549027,118
2581.6,9,1092.7582331459123,4.800000000000001,53.019990193758616,362.51887719265767,118
2581.7,9,1092.7582331459123,4.800000000000001,53.01779122956002,362.54581471921017,118
2581.8,9,1092.7582331459123,4.800000000000001,53.01860027283231,362.55123703962647,118
2581.9,9,1092.7582331459123,4.800000000000001,53.024999967459095,362.5133365312882,118
2582.0,9,1092.7582331459123,4.800000000000001,53.02037640420065,362.55731371284196,118
2582.1,9,1092.7582331459123,4.800000000000001,53.03938174836819,362.4310630436936,118
2582.2,9,1092.7582331459123,4.800000000000001,53.067790698766245,362.24301970045894,118
2582.3,9,1092.7582331459123,4.800000000000001,53.08061302382103,362.16553706258287,118
2582.4,9,1092.7582331459123,4.800000000000001,53.091647001791046,362.0978873414201,118
2582.5,10,1093.4374069478501,4.0,53.117817851534795,361.9225482033946,118
2582.6,11,1093.4374069478501,3.2,53.120517832422294,361.91106213533885,118
2582.7,11,1093.4374069478501,4.5,53.13924012150545,361.79275311817213,118
2582.8,11,1093.4374069478501,4.5,53.13907929713252,361.81133972994684,118
2582.9,11,1093.4374069478501,4.5,53.27049059247757,360.9927577935706,118
2583.0,11,1093.4374069478501,4.5,53.27008091601166,361.0112559186474,118
2583.1,11,1093.4374069478501,4.5,53.279322484142824,360.951080385039,118
2583.2,11,1093.4374069478501,4.5,53.28371058701772,360.9348964342456,118
2583.3,11,1093.4374069478501,4.5,53.293875666775534,360.8812471679208,118
2583.4,11,1093.4374069478501,4.5,53.314998143271794,360.7342413542809,118
2583.5,11,1093.4374069478501,4.5,53.322656924054755,360.6932223852826,118
2583.6,11,1093.4374069478501,4.5,53.293173415412966,360.7773292458381,118
2583.7,9,1093.4374069478501,3.6,53.30807987795107,360.6856431290586,118
2583.8,9,1093.4374069478501,4.0,53.32182443233755,360.60360087397805,118
2583.9,9,1093.4374069478501,4.0,53.33814852226554,360.4918089717021,118
2584.0,9,1093.4374069478501,4.0,53.34050420673651,360.48437579986324,118
2584.1,9,1093.4374069478501,4.0,53.354568580039725,360.3929705665885,118
2584.2,9,1093.4374069478501,4.0,53.362240242675895,360.35245763713516,118
2584.3,9,1093.4374069478501,4.0,53.36521203593235,360.3362249820889,118
2584.4,9,1093.4374069478501,4.0,53.3755805236857,360.2705219949312,118
2584.5,9,1093.4374069478501,4.0,53.379374769789564,360.2488568539608,118
2584.6,11,1093.4374069478501,3.2,53.37831699745884,360.26557733495366,118
2584.7,11,1093.4374069478501,4.5,53.39714319857307,360.1406300996805,118
2584.8,11,1093.4374069478501,4.5,53.40036360998415,360.1283963188889,118
2584.9,11,1093.4374069478501,4.5,53.40389402241368,360.1114803956713,118
2585.0,11,1093.4374069478501,4.5,53.406438530480855,360.0990813118437,118
2585.1,11,1093.4374069478501,4.5,53.40984038532297,360.08378116529695,118
2585.2,11,1093.4374069478501,4.5,53.42583156461539,359.980126805831,118
2585.3,11,1093.4374069478501,4.5,53.421244081971125,360.0307612009482,118
2585.4,11,1093.4374069478501,4.5,53.43540093813559,359.9347608618235,118
2585.5,11,1093.4374069478501,4.5,53.43268909644901,359.9632427588545,118
2585.6,11,1093.4374069478501,4.5,53.43354356564856,359.9642954008374,118
2585.7,11,1093.4374069478501,4.5,53.31832227613404,360.68945786744945,118
2585.8,11,1093.4374069478501,5.4,53.34050923603931,360.54673874644993,118
2585.9,11,1093.4374069478501,5.4,53.37189808760823,360.3713938743445,118
2586.0,11,1093.4374069478501,5.4,53.380244895813604,360.32497979011396,118
2586.1,11,1093.4374069478501,5.4,53.387881386210225,360.27854710900084,118
2586.2,11,1093.4374069478501,5.4,53.38944741148364,360.2714615767286,118
2586.3,11,1093.4374069478501,5.4,53.335528616228224,360.6816980504417,118
2586.4,11,1093.4374069478501,5.4,53.349628014849145,360.5869356854697,118
2586.5,11,1093.4374069478501,5.4,53.34538874887673,360.6255077835176,118
2586.6,11,1093.4374069478501,5.4,53.35749974719762,360.5450775845637,118
2586.7,11,1093.4374069478501,5.4,53.242148732240615,361.261889378801,118
2586.8,11,1093.4374069478501,5.4,53.25287962539749,361.19658158122775,118
2586.9,11,1093.4374069478501,5.4,53.25600811916331,361.1844785729794,118
2587.0,11,1093.4374069478501,5.4,53.25757247212026,361.18675315264727,118
2587.1,11,1093.4374069478501,5.4,53.27042844504182,361.1045458441158,118
2587.2,11,1093.4374069478501,5.4,53.26878262158341,361.12866841450875,118
2587.3,11,1093.4374069478501,5.4,53.305489499507644,360.869679150173,118
2587.4,11,1093.4374069478501,4.5,53.31632162811715,360.80224300327427,118
2587.5,11,1093.4374069478501,4.5,53.3105439301618,360.85614561479764,118
2587.6,11,1093.4374069478501,5.4,53.30230672064305,360.92952394180327,118
2587.7,11,1093.4374069478501,5.4,53.309210898690296,360.8846363459052,118
2587.8,11,1093.4374069478501,5.4,53.29210594693575,361.02331102057417,118
2587.9,11,1093.4374069478501,5.4,53.29777281958986,360.99144733926914,118
2588.0,11,1093.4374069478501,5.4,53.29264622823551,361.04740341462633,118
2588.1,11,1093.4374069478501,5.4,53.297315644219225,361.024787046626,118
2588.2,11,1093.4374069478501,5.4,53.3034900223157,360.9944978974288,118
2588.3,11,1093.4374069478501,5.4,53.30243353328653,361.01080043794997,118
2588.4,11,1093.4374069478501,5.4,53.29560580284324,361.0708672884549,118
2588.5,11,1093.4374069478501,5.4,53.31208968437879,360.96109456549385,118
2588.6,11,1093.4374069478501,5.4,53.343264155565905,360.7992380318219,118
2588.7,11,1093.4374069478501,5.4,53.34332519892831,360.80816600382957,118
2588.8,11,1093.4374069478501,5.4,53.350185488334,360.77088486347304,118
2588.9,11,1093.4374069478501,5.4,53.35222599689068,360.7747260785123,118
2589.0,11,1093.4374069478501,5.4,53.22279091812855,361.5588438601543,118
2589.1,11,1093.4374069478501,5.4,53.218393369173214,361.60600437591484,118
2589.2,11,1093.4374069478501,5.4,53.2178565527394,361.6146336827768,118
2589.3,11,1093.4374069478501,5.4,53.211950775005974,361.67489935509565,118
2589.4,11,1093.4374069478501,5.4,53.20759134503412,361.72829040794073,118
2589.5,11,1093.4374069478501,5.4,53.204320946343486,361.7582437117778,118
2589.6,11,1093.4374069478501,5.4,53.20077236216561,361.80397504682134,118
2589.7,11,1093.4374069478501,5.4,53.206757844632236,361.7664279239672,118
2589.8,11,1093.4374069478501,4.5,53.2006113940828,361.8199743844482,118
2589.9,11,1093.4374069478501,4.5,53.208975478549405,361.77294046015214,118
2590.0,11,1093.4374069478501,4.5,53.213523675771995,361.7505059057057,118
2590.1,11,1093.4374069478501,4.5,53.218742317489315,361.72015558595115,118
2590.2,11,1093.4374069478501,4.5,53.13199765347412,362.25599636720585,118
2590.3,11,1093.4374069478501,4.5,53.15877592086073,362.07618007792644,118
2590.4,11,1093.4374069478501,4.5,53.15528653162288,362.1132940773922,118
2590.5,11,1093.4374069478501,4.5,53.16141727616184,362.0770159837689,118
2590.6,11,1093.4374069478501,4.5,53.16867833936851,362.0360420340776,118
2590.7,11,1093.4374069478501,4.5,53.18863924019213,361.90849738774125,118
2590.8,11,1093.4374069478501,4.5,53.240230992979555,361.6042750418584,118
2590.9,11,1093.4374069478501,4.5,53.250032859776056,361.5482084687015,118
2591.0,11,1093.4374069478501,4.5,53.271873005568544,361.4021099555048,118
2591.1,11,1093.4374069478501,4.5,53.30175414365021,361.19255472930433,118
2591.2,11,1093.4374069478501,4.5,53.297944493317445,361.22876767128946,118
2591.3,11,1093.4374069478501,4.5,53.32359734159464,361.05755935353943,118
2591.4,11,1093.4374069478501,4.5,53.34418970578242,360.92058602840143,118
2591.5,11,1093.4374069478501,4.5,53.36042010577603,360.8162901077394,118
2591.6,11,1093.4374069478501,4.5,53.372973288366964,360.73791189747993,118
2591.7,11,1093.4374069478501,5.4,53.40062757296758,360.55636920683924,118
2591.8,11,1093.4374069478501,5.4,53.42957578526015,360.35279229904336,118
2591.9,11,1093.4374069478501,5.4,53.46353415485825,360.1209609088286,118
2592.0,11,1093.4374069478501,5.4,53.429922283994934,360.3882744961704,118
2592.1,11,1093.4374069478501,5.4,53.46085492743248,360.17838348200644,118
2592.2,11,1093.4374069478501,5.4,53.47993620267373,360.0550862198536,118
2592.3,11,1093.4374069478501,5.4,53.511108966960585,359.8377139949184,118
2592.4,11,1093.4374069478501,5.4,53.517037099270944,359.8049499117402,118
2592.5,11,1093.4374069478501,4.5,53.63068244761993,358.9671327064664,118
2592.6,11,1093.4374069478501,4.5,53.65498894234442,358.80461615798674,118
2592.7,11,1093.4374069478501,4.5,53.66639857515341,358.727822876268,118
2592.8,11,1093.4374069478501,4.5,53.621308650058666,359.080489748645,118
2592.9,11,1093.4374069478501,4.5,53.641010161695405,358.94687343337785,118
2593.0,11,1093.4374069478501,5.4,53.6584027577168,358.83434399577345,118
2593.1,11,1093.4374069478501,5.4,53.67930504357182,358.68942382402054,118
2593.2,11,1093.4374069478501,5.4,53.69137667724594,358.61423748504166,118
2593.3,11,1093.4374069478501,5.4,53.81303093463582,357.7948785225498,118
2593.4,11,1093.4374069478501,5.4,53.84636009761622,357.5654047727584,118
2593.5,11,1093.4374069478501,5.4,53.86506239259289,357.4470900295662,118
2593.6,11,1093.4374069478501,5.4,53.88793675025917,357.29857702046303,118
2593.7,11,1093.4374069478501,5.4,53.8489872105887,357.6088801310375,118
2593.8,11,1094.0926596796414,4.5,53.88413682362721,357.36342819799245,119
2593.9,11,1094.0926596796414,-100.0,53.90578706726073,357.2217660284241,119
2594.0,11,1094.0926596796414,4.5,53.916661894353616,357.1512611289114,119
2594.1,11,1094.0926596796414,4.5,53.94036566821283,356.9990523662986,119
2594.2,11,1094.0926596796414,4.5,53.82576127371644,357.66273160122444,119
2594.3,11,1094.0926596796414,4.5,53.84475535849879,357.53249966010173,119
2594.4,11,1094.0926596796414,4.5,53.862798106497685,357.4189653292814,119
2594.5,11,1094.0926596796414,4.5,53.869565955201246,357.37996909034536,119
2594.6,11,1094.0926596796414,4.5,53.89189288972989,357.23155202309465,119
2594.7,11,1094.0926596796414,4.5,53.90435307629019,357.15517627833907,119
2594.8,7,1094.331939683318,4.5,53.922418707925594,357.03979790818835,119
2594.9,11,1094.331939683318,4.8999999999999995,53.95521377937945,356.8199720674372,119
2595.0,11,1094.331939683318,4.5,53.97946593262654,356.66114319326834,119
2595.1,11,1094.331939683318,4.5,54.001828985557296,356.51476457322906,119
2595.2,11,1094.331939683318,4.5,53.91328132547238,357.0285587252338,119
2595.3,11,1094.331939683318,4.5,53.92694583726891,356.93753825434715,119
2595.4,11,1094.331939683318,4.5,53.95104772963326,356.7787032402358,119
2595.5,11,1094.331939683318,4.5,53.97163243624942,356.64091276668944,119
2595.6,11,1094.331939683318,4.5,53.98996677562751,356.52167081880316,119
2595.7,11,1094.331939683318,4.5,54.012101066177124,356.371351294998,119
2595.8,11,1094.331939683318,4.5,54.088189178160945,355.9012231764141,119
2595.9,11,1094.331939683318,4.5,54.17102011737594,355.30687102568584,119
2596.0,11,1094.331939683318,4.5,54.19554678921728,355.1480696333456,119
2596.1,7,1094.46183673482,3.6,54.22210363726519,354.9729552978353,119
2596.2,10,1095.4346308816325,4.199999999999999,54.14497299133903,355.5472413002067,119
2596.3,10,1095.8187830660206,4.0,54.169239674918245,355.3909273512088,119
2596.4,10,1096.1032861268388,4.0,54.05426105167743,356.0627299186817,119
2596.5,10,1096.1032861268388,4.0,54.06073544869053,356.0247467707976,119
2596.6,10,1096.1032861268388,4.0,54.076807174057166,355.9202877141418,119
2596.7,10,1096.1032861268388,4.0,54.082983585662866,355.88300016530775,119
2596.8,10,1096.1032861268388,4.0,54.0826592848513,355.8935187190496,119
2596.9,10,1096.1032861268388,4.0,54.091365143991624,355.83611423944194,119
2597.0,10,1096.1032861268388,4.0,54.09646059395816,355.80539166559726,119
2597.1,10,1096.1032861268388,4.0,54.10154304656072,355.7830150346275,119
2597.2,7,1096.1032861268388,3.2,53.97151756689705,356.54376316935134,119
2597.3,7,1096.1032861268388,4.199999999999999,53.978381227765325,356.5018813108409,119
2597.4,12,1096.6816911494996,4.199999999999999,53.97044937848004,356.55651566811827,119
2597.5,12,1096.6816911494996,3.6,53.98233931371995,356.4890975848934,119
2597.6,12,1096.6816911494996,3.6,53.95899261164294,356.6638434500766,119
2597.7,12,1096.6816911494996,3.6,53.965207217247425,356.63155924629484,119
2597.8,12,1096.6816911494996,3.6,53.96227427627477,356.663544448591,119
2597.9,12,1096.6816911494996,3.6,53.97021450274224,356.61385747118936,119
2598.0,12,1096.6816911494996,3.6,53.94518691651476,356.79696819772437,119
2598.1,12,1096.6816911494996,3.6,53.94172329419093,356.82499281483365,119
2598.2,12,1096.6816911494996,3.6,53.93105945511862,356.9052116130443,119
2598.3,12,1096.6816911494996,3.6,53.92161623189096,356.97642377585544,119
2598.4,12,1096.6816911494996,3.6,53.9103954456982,357.0666392671992,119
2598.5,10,1096.6816911494996,2.7,53.90352584750123,357.12217043265997,119
2598.6,10,1096.6816911494996,3.2,53.72975200309797,358.19190579155327,119
2598.7,10,1096.6816911494996,3.2,53.72132209035539,358.25483076279386,119
2598.8,10,1096.6816911494996,3.2,53.68550296912617,358.5155030671453,119
2598.9,10,1096.6816911494996,3.2,53.76236363678027,357.95505942681746,119
2599.0,10,1096.6816911494996,3.2,53.88093845864226,357.2581046579177,119
2599.1,10,1096.6816911494996,3.2,53.745868319721495,358.2589234690721,119
2599.2,10,1096.864320544164,3.2,53.73230348330621,358.35958811060357,119
2599.3,10,1096.864320544164,4.0,53.70536629782934,358.55842142134117,119
2599.4,10,1096.864320544164,4.0,53.67983677640609,358.73524251658614,119
2599.5,10,1096.864320544164,4.0,53.65437682629461,358.92421655030955,119
2599.6,10,1096.864320544164,4.0,53.631138376318106,359.09638089832026,119
2599.7,10,1096.864320544164,4.0,53.61378964598666,359.2238716919302,119
2599.8,12,1096.864320544164,3.2,53.57902235692626,359.4818807575365,119
2599.9,12,1096.864320544164,3.6,53.55933275299344,359.62471933579786,119
2600.0,12,1096.864320544164,3.6,53.53216989047437,359.82138943031043,119
2600.1,12,1096.864320544164,3.6,53.383922573855514,360.9397632236995,119
2600.2,6,1095.7863214653817,3.6,53.36728720099593,361.05568834810094,119
2600.3,6,1095.3397548031035,4.0,53.33270117945116,361.315055933179,119
2600.4,6,1095.3397548031035,4.0,53.29190627717257,361.60925822803955,119
2600.5,6,1095.3397548031035,4.0,53.24791941791721,361.92901694978565,119
2600.6,6,1095.3397548031035,3.5,53.210894360270345,362.2142222340723,119
2600.7,6,1095.3397548031035,3.5,53.16657551863661,362.5442182855171,119
2600.8,6,1095.3397548031035,3.5,53.13823203246332,362.76393597106824,119
2600.9,6,1095.3397548031035,3.5,53.09862682551465,363.06334295055217,119
2601.0,6,1095.3397548031035,3.5,53.06513977297023,363.333051832882,119
2601.1,6,1095.3397548031035,3.5,53.20549559933676,362.51769211066073,119
2601.2,6,1095.3397548031035,3.5,53.046743002495326,363.531766781348,119
2601.3,6,1095.3397548031035,3.5,53.01200412517198,363.7928941602804,119
2601.4,6,1095.3397548031035,3.5,52.97778293239534,364.06281671951933,119
2601.5,6,1095.3397548031035,3.5,52.93811252608829,364.36489183324375,119
2601.6,6,1095.3397548031035,3.5,52.861991644105515,364.9494046690642,119
2601.7,6,1095.3397548031035,3.5,52.822750481405066,365.26632019867736,119
2601.8,6,1095.3397548031035,3.5,52.784639980137825,365.5621639701201,119
2601.9,6,1095.3397548031035,3.5,52.73894713864891,365.9187370431532,119
2602.0,6,1095.3397548031035,3.5,52.69864794891711,366.2497032499158,119
2602.1,6,1095.3397548031035,3.5,52.661300322519715,366.5517029154091,119
2602.2,6,1095.3397548031035,3.5,52.627685570783875,366.81371935470906,119
2602.3,6,1095.3397548031035,3.5,52.59297216612191,367.091484624009,119
2602.4,6,1095.3397548031035,3.5,52.62441182109653,366.96043427232746,119
2602.5,6,1095.0237219507064,3.5,52.41621143172243,368.6628440579709,119
2602.6,6,1095.0237219507064,4.0,52.37925780358066,368.9660387387287,119
2602.7,6,1095.0237219507064,4.0,52.34571093046859,369.2515124786987,119
2602.8,6,1095.0237219507064,4.0,52.218128710552556,370.41891704711225,119
2602.9,6,1095.0237219507064,4.0,52.180002935008694,370.7235985344427,119
2603.0,6,1095.0237219507064,4.0,52.137472151553084,371.0791377477212,119
2603.1,6,1095.0237219507064,4.0,52.10703333022427,371.3241636347965,119
2603.2,6,1095.0237219507064,4.0,52.014157860290446,371.9782001855859,119
2603.3,6,1095.0237219507064,4.0,51.99640908422447,372.1314941464118,119
2603.4,6,1095.0237219507064,4.0,52.04746258389416,371.7309035386331,119
2603.5,6,1095.0237219507064,4.0,52.02524612206901,371.93510217848984,119
2603.6,6,1095.0237219507064,4.0,51.99838653978086,372.15408547913,119
2603.7,10,1095.2068388398827,4.0,51.97854520242541,372.3198836198833,119
2603.8,10,1095.2068388398827,4.0,51.92662969497037,372.43258582435504,119
2603.9,10,1095.2068388398827,4.0,51.921890587782215,372.4769379897872,119
2604.0,6,1095.2068388398827,3.2,51.90852691368302,372.59711945422,119
2604.1,6,1095.2068388398827,3.5,52.04025410795197,371.4829599418121,119
2604.2,6,1095.2068388398827,3.5,52.041523177097915,371.4826496031815,119
2604.3,6,1095.2068388398827,3.5,52.05970939425848,371.35989135948864,119
2604.4,6,1095.2068388398827,3.5,51.94163203017163,372.38420946302944,119
2604.5,6,1095.2068388398827,3.5,52.006225778855345,371.9923744473352,119
2604.6,6,1095.2068388398827,3.5,52.007818147007384,372.0061791150365,119
2604.7,6,1095.2068388398827,3.5,52.02429533090308,371.8935982227212,119
2604.8,6,1095.2068388398827,3.5,52.011717568271806,372.0257596743338,119
2604.9,6,1095.2068388398827,3.5,52.01601091788661,372.01864563271,119
2605.0,6,1094.891403454144,3.5,52.002127733264956,372.1695954153654,119
2605.1,6,1094.891403454144,4.0,52.019151169728985,372.0516472868602,119
2605.2,6,1094.891403454144,4.0,52.03463210281171,371.9316690557657,119
2605.3,6,1094.891403454144,4.0,52.05463126302221,371.7901995939792,119
2605.4,6,1094.891403454144,4.0,52.06797704806659,371.69650741510117,119
2605.5,6,1094.891403454144,4.0,52.08216662468102,371.61024603397897,119
2605.6,6,1094.891403454144,4.0,52.10739161091357,371.4267899190974,119
2605.7,6,1094.891403454144,4.0,52.14882880052702,371.1186666456003,119
2605.8,6,1094.891403454144,4.0,52.175542456213535,370.91848992285304,119
2605.9,6,1094.891403454144,4.0,52.09047863485975,371.3607472674857,119
2606.0,6,1094.891403454144,4.0,52.10528980304851,371.24753960397015,119
2606.1,6,1094.891403454144,4.0,52.14328390194652,370.94966876385297,119
2606.2,6,1094.891403454144,4.0,52.1705507285489,370.73834260160106,119
2606.3,10,1095.0738228675461,4.0,52.309174492135,369.5901786842154,119
2606.4,10,1095.0738228675461,4.0,52.40022967593222,369.0187344785976,119
2606.5,10,1095.0738228675461,4.0,52.43566396877723,368.73818175465135,119
2606.6,10,1095.0738228675461,4.0,52.47022515084284,368.4560171877122,119
2606.7,10,1095.0738228675461,4.0,52.499531090635465,368.2288903539474,119
2606.8,10,1095.0738228675461,4.0,52.53784582096549,367.9229077692149,119
2606.9,10,1095.0738228675461,4.0,52.59490437274798,367.5383657490068,119
2607.0,10,1095.0738228675461,4.0,52.62489210215196,367.2961884792328,119
2607.1,10,1095.0738228675461,4.0,52.65348343456371,367.08375160407485,119
2607.2,10,1095.0738228675461,4.0,52.582721498251075,367.43765280533614,119
2607.3,10,1095.0738228675461,4.0,52.62142711371153,367.1296699014798,119
2607.4,10,1095.0738228675461,4.0,52.51639195649049,368.01204337945757,119
2607.5,6,1094.760200634234,3.2,52.53925804467028,367.8275377297632,119
2607.6,6,1094.760200634234,4.0,52.58048963977018,367.5162942138744,119
2607.7,6,1094.760200634234,4.0,52.60986446024934,367.2936293783527,119
2607.8,6,1094.760200634234,4.0,52.63117783655266,367.14267978257624,119
2607.9,6,1094.760200634234,4.0,52.64733163753871,367.02301848044743,119
2608.0,6,1094.760200634234,4.0,52.68733937633331,366.71612304480016,119
2608.1,6,1094.760200634234,4.0,52.696555601361354,366.64352788288653,119
2608.2,6,1094.760200634234,4.0,52.727485139567705,366.4151026858993,119
2608.3,6,1094.760200634234,4.0,52.74877065004331,366.2609437082881,119
2608.4,6,1094.760200634234,4.0,52.76995635373954,366.10830508500004,119
2608.5,6,1094.760200634234,4.0,52.685781099863554,366.5622609456599,119
2608.6,6,1094.760200634234,4.0,52.70077183049372,366.45964663206735,119
2608.7,6,1094.760200634234,4.0,52.721708040168,366.30024530568045,119
2608.8,6,1094.760200634234,4.0,52.74237211718901,366.14405607485605,119
2608.9,6,1094.760200634234,4.0,52.76104512508541,366.0026079591462,119
2609.0,6,1094.760200634234,4.0,52.88405216183865,365.0260455754096,119
2609.1,6,1094.760200634234,4.0,52.93866229602111,364.67585386976106,119
2609.2,6,1094.760200634234,4.0,52.965511952446874,364.483363322433,119
2609.3,6,1094.760200634234,4.0,52.9709315971395,364.4388146197517,119
2609.4,6,1094.760200634234,4.0,52.98893812493374,364.3067066044342,119
2609.5,6,1094.760200634234,4.0,53.014735485851574,364.11400021618465,119
2609.6,12,1094.760200634234,4.0,53.02713300757945,364.0354189815666,119
2609.7,12,1094.760200634234,4.5,53.03731485396976,363.9593813302221,119
2609.8,12,1094.760200634234,4.5,53.05253309823601,363.85633440520775,119
2609.9,12,1094.760200634234,4.5,53.04945677530253,363.8815352992584,119
2610.0,12,1094.760200634234,4.5,53.06374845665516,363.77715167724455,119
2610.1,12,1094.760200634234,4.5,53.081027272335916,363.66821059338974,119
2610.2,12,1094.760200634234,4.5,53.09309121614056,363.57534539256767,119
2610.3,12,1094.760200634234,4.5,52.83785476959744,365.62873532911254,119
2610.4,12,1094.760200634234,4.5,52.84080231429202,365.61816284493716,119
2610.5,12,1094.760200634234,4.5,52.85557131252243,365.50365512594163,119
2610.6,12,1094.760200634234,4.5,52.859149767813065,365.48879067663324,119
2610.7,12,1094.760200634234,4.5,52.865203827628555,365.45926029655413,119
2610.8,12,1094.760200634234,4.5,52.87362681616813,365.40189088014944,119
2610.9,12,1094.760200634234,4.5,52.888342169268455,365.2941328643094,119
2611.0,12,1094.760200634234,4.5,52.890509020700094,365.29495633648855,119
2611.1,12,1094.760200634234,4.5,52.90553120231266,365.17730181259196,119
2611.2,6,1094.4570213897587,3.6,53.009756675738544,364.3502817425892,119
2611.3,6,1094.4570213897587,4.0,53.01792661326171,364.3016611189306,119
2611.4,6,1094.4570213897587,4.0,52.87526163734772,365.1435986363729,119
2611.5,6,1094.4570213897587,4.0,52.90778284462743,364.97586188918876,119
2611.6,6,1094.4570213897587,4.0,52.905985745694494,364.9964443829341,119
2611.7,6,1094.4570213897587,4.0,52.91083458790801,364.9593177459474,119
2611.8,6,1094.4570213897587,4.0,52.90238742375611,365.02814470571906,119
2611.9,6,1094.4570213897587,4.0,52.90561852300344,365.00792401920785,119
2612.0,6,1094.4570213897587,4.0,52.90526511000011,365.01259703980975,119
2612.1,6,1094.4570213897587,4.0,52.90752363127882,365.0075871538702,119
2612.2,6,1094.4570213897587,4.0,52.92073297289464,364.9111018267332,119
2612.3,6,1094.4570213897587,4.0,52.93238288667882,364.8226082554911,119
2612.4,6,1094.4570213897587,4.0,52.93677046241217,364.79286028520625,119
2612.5,6,1094.4570213897587,4.0,52.94274068203497,364.7328270452799,119
2612.6,6,1094.4570213897587,4.0,52.95128187975341,364.66681846208627,119
2612.7,6,1094.4570213897587,4.0,52.96839742193805,364.54233446700596,119
2612.8,6,1094.4570213897587,4.0,52.9805941059166,364.44560877452346,119
2612.9,6,1094.4570213897587,4.0,52.97930380596287,364.46117637503653,119
2613.0,6,1094.4570213897587,4.0,52.993409592340896,364.3501293046871,119
2613.1,6,1094.4570213897587,4.0,53.003405590149775,364.2686992252152,119
2613.2,6,1094.4570213897587,3.5,53.008488791068146,364.22584202246037,119
2613.3,6,1094.4570213897587,3.5,53.03698835171627,364.01483195282196,119
2613.4,6,1094.4570213897587,3.5,53.0512828207323,363.91000438090373,119
2613.5,6,1094.4570213897587,3.5,53.059592329360385,363.8497187294245,119
2613.6,6,1094.4570213897587,3.5,53.07474702636431,363.74890411200045,119
2613.7,6,1094.4570213897587,3.5,53.08655382505673,363.66033066545367,119
2613.8,6,1094.4570213897587,3.5,53.099484900519165,363.5679465186149,119
2613.9,6,1094.4570213897587,3.5,53.11529751241374,363.45316907558527,119
2614.0,6,1094.4570213897587,3.5,53.17863417398962,363.04023082550793,119
2614.1,6,1094.1426985066712,3.5,53.19686893323413,362.9004085171872,119
2614.2,6,1094.1426985066712,4.0,53.28828357138812,362.19209297657017,119
2614.3,6,1094.1426985066712,4.0,53.30405038116196,362.0847674483998,119
2614.4,6,1094.1426985066712,4.0,53.31491120619831,362.00748775440627,119
2614.5,6,1094.1426985066712,4.0,53.39199509929186,361.3841980080439,119
2614.6,6,1094.1426985066712,4.0,53.40759498775512,361.27121966980815,119
2614.7,6,1094.1426985066712,4.0,53.405028956817944,361.29779977497117,119
2614.8,6,1094.1426985066712,4.0,53.41331606451376,361.24984057547795,119
2614.9,6,1094.1426985066712,4.0,53.42044479187336,361.2004969866624,119
2615.0,6,1094.1426985066712,4.0,53.4417927123245,361.05539941004815,119
2615.1,6,1094.1426985066712,4.0,53.446855269907644,361.0177132481017,119
2615.2,6,1094.1426985066712,4.0,53.46535356550159,360.8831213489924,119
2615.3,6,1094.1426985066712,4.0,53.511194855245776,360.54213538253816,119
2615.4,6,1094.1426985066712,4.0,53.52992870101335,360.4199022833944,119
2615.5,6,1094.1426985066712,4.0,53.529578972492175,360.42268150308763,119
2615.6,6,1094.1426985066712,4.0,53.56117756386725,360.20401314951556,119
2615.7,6,1094.1426985066712,4.0,53.58092831388352,360.0868755900798,119
2615.8,6,1094.1426985066712,4.0,53.609220319406845,359.89686411920957,119
2615.9,6,1094.1426985066712,4.0,53.63206224288079,359.7466994197482,119
2616.0,6,1094.1426985066712,4.0,53.659670332921564,359.5706625327567,119
2616.1,6,1094.1426985066712,4.0,53.692210726496825,359.34408990291115,119
2616.2,6,1094.1426985066712,4.0,53.72408844860611,359.13400786381237,119
2616.3,6,1094.1426985066712,4.0,53.755483323270376,358.9281122097739,119
2616.4,6,1094.1426985066712,4.0,53.72766421489092,359.2804662892526,119
2616.5,6,1094.1426985066712,4.0,53.75801785061832,359.0780433064678,119
2616.6,7,1094.3625983484199,4.0,53.78011426953236,358.94336455491714,119
2616.7,7,1094.4757509947444,4.8999999999999995,53.81156822052482,358.7272864680107,119
2616.8,7,1094.5320148737705,4.8999999999999995,53.837916646309075,358.53817134872247,119
2616.9,7,1094.5320148737705,4.8999999999999995,53.870255282623376,358.3069723382966,119
2617.0,7,1094.5320148737705,4.8999999999999995,53.89042164694127,358.17325723128937,119
2617.1,7,1094.5320148737705,4.8999999999999995,53.9038346814301,358.08575845632276,119
2617.2,6,1094.5320148737705,4.199999999999999,53.91842947602305,357.9834844483482,119
2617.3,6,1094.5320148737705,4.0,53.926788178122194,357.9174397670149,119
2617.4,6,1094.5320148737705,4.0,53.94471417675453,357.7926390714522,119
2617.5,6,1094.5320148737705,4.0,53.95870953720705,357.6906320916551,119
2617.6,6,1094.5320148737705,4.0,53.82026645889691,358.75453612047033,119
2617.7,7,1094.5320148737705,3.5,53.837069022615516,358.6242137426262,119
2617.8,7,1094.5320148737705,4.199999999999999,53.89858517409334,358.15717319003784,119
2617.9,7,1094.5320148737705,4.199999999999999,53.911548746525085,358.0617881386278,119
2618.0,7,1094.5320148737705,4.199999999999999,53.9127478739822,358.0419228130676,119
2618.1,7,1094.5320148737705,4.199999999999999,53.92931609860429,357.90682000423834,119
2618.2,7,1094.5320148737705,4.199999999999999,53.89901830540313,358.0765353622074,119
2618.3,7,1094.5320148737705,4.199999999999999,53.90349175082987,358.0277315214656,119
2618.4,7,1094.5320148737705,4.199999999999999,53.89468853591359,358.0885784710417,119
2618.5,7,1094.5320148737705,4.199999999999999,53.89986442128539,358.04679359680597,119
2618.6,7,1094.5320148737705,4.199999999999999,53.896486877058535,358.06296592400804,119
2618.7,7,1094.5320148737705,4.199999999999999,53.888776186981545,358.10350146856274,119
2618.8,7,1094.5320148737705,4.199999999999999,53.90912957317363,357.97305104877546,119
2618.9,7,1094.5320148737705,4.199999999999999,53.89839298271049,358.0449906548324,119
2619.0,7,1094.5320148737705,4.199999999999999,53.86889772560251,357.962492797281,119
2619.1,7,1094.5320148737705,4.199999999999999,53.848827491918655,358.086757612837,119
2619.2,7,1094.5320148737705,4.199999999999999,53.799710209788685,358.3614958235389,119
2619.3,7,1094.5320148737705,4.199999999999999,53.787637775889664,358.4452582071086,119
2619.4,7,1094.5320148737705,4.199999999999999,53.76575677300876,358.5912613424948,119
2619.5,7,1094.5320148737705,4.199999999999999,53.74060158045559,358.76047296214483,119
2619.6,8,1094.5320148737705,3.5,53.71600207089969,358.9214993822838,119
2619.7,8,1094.5320148737705,4.199999999999999,53.6899615929851,359.09477570877067,119
2619.8,8,1094.5320148737705,4.199999999999999,53.68282060349767,359.13004615771433,119
2619.9,8,1094.5320148737705,4.199999999999999,53.67844855670941,359.1527304408469,119
2620.0,8,1094.5320148737705,4.199999999999999,53.555182875126604,360.0763420064127,119
2620.1,8,1094.5320148737705,4.199999999999999,53.53516559396233,360.20836037226854,119
2620.2,8,1094.5320148737705,4.199999999999999,53.504443666455636,360.4172489081869,119
2620.3,8,1094.5320148737705,4.199999999999999,53.488322048579946,360.52054392470757,119
2620.4,8,1094.5320148737705,4.199999999999999,53.46135441286491,360.70019952026007,119
2620.5,8,1094.5320148737705,4.199999999999999,53.44115721727307,360.8314994364804,119
2620.6,8,1094.5320148737705,4.199999999999999,53.42640690167569,360.92815922540376,119
2620.7,8,1094.5320148737705,4.199999999999999,53.4117538952347,361.02116447809783,119
2620.8,8,1094.5320148737705,4.199999999999999,53.393784944296414,361.1492311025502,119
2620.9,8,1094.5320148737705,4.8999999999999995,53.37922880905542,361.24592594053115,119
2621.0,8,1094.5320148737705,4.8999999999999995,53.41606976633817,360.9481581064683,119
2621.1,8,1094.5320148737705,4.8999999999999995,53.391728164277225,361.1114504256842,119
2621.2,8,1094.5320148737705,4.8999999999999995,53.39412308457485,361.120026964771,119
2621.3,8,1094.5320148737705,4.8999999999999995,53.371394153566655,361.2836472890788,119
2621.4,11,1094.5320148737705,4.199999999999999,53.35564281210186,361.389834705751,119
2621.5,11,1094.5320148737705,4.5,53.33416771244363,361.5412029567028,119
2621.6,11,1094.5320148737705,4.5,53.31348079427296,361.68596954497457,119
2621.7,11,1094.5320148737705,4.5,53.2965008137252,361.80960249222665,119
2621.8,11,1094.5320148737705,4.5,53.27164625432907,361.99632955759876,119
2621.9,11,1094.5320148737705,4.5,53.24266845953582,362.20689114912034,119
2622.0,11,1094.5320148737705,4.5,53.21334804497229,362.41112692074313,119
2622.1,11,1094.5320148737705,4.5,53.176787628213845,362.6698909744668,119
2622.2,11,1094.5320148737705,4.5,53.04421109863986,363.4928717074524,119
2622.3,11,1094.5320148737705,4.5,53.02892831394223,363.5867623648575,119
2622.4,11,1094.5320148737705,4.5,53.01582828895217,363.6586689549244,119
2622.5,8,1094.5320148737705,4.5,52.99886759114385,363.7753129417955,119
2622.6,8,1094.5320148737705,4.8999999999999995,52.98937473790589,363.8303437302068,119
2622.7,8,1094.5320148737705,4.8999999999999995,52.97337883370921,363.9394831858857,119
2622.8,8,1094.5320148737705,4.8999999999999995,52.95964083147397,364.0270879232568,119
2622.9,8,1094.5320148737705,4.8999999999999995,52.94839510657373,364.0906344271539,119
2623.0,8,1094.5320148737705,4.8999999999999995,52.779816921268534,365.39267821146854,119
2623.1,8,1094.5320148737705,4.8999999999999995,52.76446377058369,365.50045381406125,119
2623.2,8,1094.5320148737705,4.8999999999999995,52.74307557260731,365.6456197609486,119
2623.3,8,1094.5320148737705,4.8999999999999995,52.64649263486608,366.2510421623829,119
2623.4,8,1094.5320148737705,4.8999999999999995,52.64284623650765,366.2693139842642,119
2623.5,8,1094.5320148737705,4.8999999999999995,52.69090728647157,365.87045083774643,119
2623.6,8,1094.5320148737705,4.8999999999999995,52.66430164370273,366.05727316687586,119
2623.7,8,1094.5320148737705,4.8999999999999995,52.64612292794755,366.18489587569417,119
2623.8,11,1094.5320148737705,4.8999999999999995,52.63407596295448,366.2601484832067,119
2623.9,11,1094.5320148737705,5.4,52.62016185125893,366.35714628286166,119
2624.0,8,1094.5320148737705,4.5,52.64643413471373,366.2071867329232,119
2624.1,8,1094.5320148737705,4.8999999999999995,52.626900090747355,366.3316588807942,119
2624.2,8,1094.5320148737705,5.6,52.61203076740392,366.42026240293984,119
2624.3,8,1094.5320148737705,5.6,52.596989340663825,366.51596403125023,119
2624.4,8,1094.5320148737705,5.6,52.582503141440995,366.6097376116913,119
2624.5,8,1094.5320148737705,5.6,52.46009951087707,367.36968790805867,119
2624.6,8,1094.5320148737705,5.6,52.44509494316193,367.4734305028281,119
2624.7,8,1094.5320148737705,5.6,52.42099092227354,367.6491797131567,119
2624.8,8,1094.5320148737705,4.8999999999999995,52.41090946398067,367.72430577150055,119
2624.9,8,1094.5320148737705,4.8999999999999995,52.40377121888632,367.7749550345822,119
2625.0,8,1094.5320148737705,4.8999999999999995,52.402638462031334,367.7809336019933,119
2625.1,8,1094.5320148737705,4.8999999999999995,52.40136515966123,367.7888618367002,119
2625.2,8,1094.5320148737705,4.8999999999999995,52.40199548481597,367.77541390734206,119
2625.3,8,1094.5320148737705,4.8999999999999995,52.40006061775486,367.7861900869168,119
2625.4,8,1094.5320148737705,4.8999999999999995,52.39492942033965,367.8128273898126,119
2625.5,8,1094.5320148737705,4.8999999999999995,52.451999378791555,367.2512734426472,119
2625.6,8,1094.5320148737705,4.8999999999999995,52.45239005627963,367.2448250263052,119
2625.7,8,1094.5320148737705,4.8999999999999995,52.477443901301655,367.0544549405553,119
2625.8,8,1094.5320148737705,4.8999999999999995,52.46662656983668,367.131857933039,119
2625.9,8,1094.5320148737705,4.8999999999999995,52.326736320010426,368.0072290353602,119
2626.0,8,1094.5320148737705,4.8999999999999995,52.319643557897024,368.0531771130599,119
2626.1,8,1094.5320148737705,4.8999999999999995,52.28682003374814,368.2953434659492,119
2626.2,8,1094.5320148737705,4.8999999999999995,52.36962539365243,367.65292248944775,119
2626.3,8,1094.5320148737705,4.8999999999999995,52.367306501159966,367.6675640228663,119
2626.4,8,1094.5320148737705,4.8999999999999995,52.37601845613152,367.5983905281987,119
2626.5,8,1094.5320148737705,4.8999999999999995,52.37401312948171,367.61877906410007,119
2626.6,8,1094.5320148737705,4.8999999999999995,52.447297777013745,367.13829780808203,119
2626.7,8,1094.5320148737705,4.8999999999999995,52.45309786294108,367.08903370195895,119
2626.8,8,1094.5320148737705,4.8999999999999995,52.45490116059467,367.07133610480093,119
2626.9,8,1094.5320148737705,4.8999999999999995,52.46424727223932,367.0038755179702,119
2627.0,8,1094.5320148737705,4.8999999999999995,52.471043986740874,366.9495115872197,119
2627.1,8,1094.5320148737705,4.8999999999999995,52.48159789320423,366.87767331181385,119
2627.2,8,1094.5320148737705,4.8999999999999995,52.49186176361561,366.79661078290457,119
2627.3,8,1094.5320148737705,4.8999999999999995,52.494462227645656,366.76949515340334,119
2627.4,8,1094.5320148737705,4.8999999999999995,52.491555652987344,366.7876237819112,119
2627.5,8,1094.5320148737705,4.8999999999999995,52.50313090067256,366.69871993350876,119
2627.6,8,1094.5320148737705,4.8999999999999995,52.51261895050566,366.6220230077111,119
2627.7,8,1094.5320148737705,4.8999999999999995,52.507435961602845,366.65911097603754,119
2627.8,8,1094.5320148737705,4.8999999999999995,52.511824243033864,366.6159991443393,119
2627.9,8,1094.5320148737705,4.8999999999999995,52.49258314435269,366.7425417234157,119
2628.0,8,1094.5320148737705,4.8999999999999995,52.489053423554964,366.7523623912793,119
2628.1,8,1094.5320148737705,5.6,52.4750758986322,366.8577366766143,119
2628.2,8,1094.5320148737705,4.8999999999999995,52.480269906138034,366.8140742213718,119
2628.3,9,1094.5320148737705,4.8999999999999995,52.47638919449563,366.8409236773546,119
2628.4,9,1094.5320148737705,4.800000000000001,52.468741762362484,366.8905780974691,119
2628.5,9,1094.5320148737705,4.800000000000001,52.47186347516525,366.8638343381904,119
2628.6,9,1094.5320148737705,4.800000000000001,52.52898644822387,366.3277428754935,119
2628.7,9,1094.5320148737705,4.800000000000001,52.581563254692604,365.91615743391293,119
2628.8,9,1094.5320148737705,4.800000000000001,52.57416927869551,365.96513789551847,119
2628.9,9,1094.5320148737705,4.800000000000001,52.56463981123572,366.0281648403187,119
2629.0,9,1094.5320148737705,4.800000000000001,52.54379855475422,366.10004211099476,119
2629.1,9,1094.5320148737705,4.800000000000001,52.587398702261,365.8382612155192,119
2629.2,9,1094.5320148737705,4.800000000000001,52.57933290138921,365.8879678489168,119
2629.3,9,1094.5320148737705,4.800000000000001,52.55979353085593,366.0312041137641,119
2629.4,9,1094.5320148737705,4.800000000000001,52.55980023322958,366.03066537090785,119
2629.5,9,1094.5320148737705,4.800000000000001,52.55283386429301,366.07733337249493,119
2629.6,9,1094.5320148737705,4.800000000000001,52.54302290829027,366.1540200745036,119
2629.7,9,1094.5320148737705,4.800000000000001,52.53667549397033,366.1925644411682,119
2629.8,9,1094.5320148737705,4.800000000000001,52.52676043549347,366.2593899128326,119
2629.9,9,1094.5320148737705,4.800000000000001,52.51218551653943,366.3652436683903,119
2630.0,9,1094.5320148737705,4.800000000000001,52.49033835371782,366.52964519314634,119
2630.1,9,1094.5320148737705,4.800000000000001,52.46459739809137,366.71970946526017,119
2630.2,8,1094.5320148737705,4.0,52.451544942758375,366.8100319067755,119
2630.3,8,1094.5320148737705,4.8999999999999995,52.44025029788325,366.89156934277156,119
2630.4,8,1094.5320148737705,4.8999999999999995,52.43212052330535,366.94905947970256,119
2630.5,8,1094.5320148737705,4.8999999999999995,52.42581622907596,366.9886337652524,119
2630.6,8,1094.5320148737705,4.8999999999999995,52.411513219507256,367.0941374778838,119
2630.7,9,1094.5320148737705,4.199999999999999,52.39197765038707,367.23373819236446,119
2630.8,9,1094.5320148737705,4.0,52.366174499934246,367.4145020418523,119
2630.9,9,1094.5320148737705,4.0,52.35049656783083,367.52886027012914,119
2631.0,9,1094.5320148737705,4.0,52.336291073940245,367.62914003424385,119
2631.1,9,1094.5320148737705,4.0,52.31973214609256,367.7476240163196,119
2631.2,8,1094.5320148737705,4.0,52.30356921111033,367.86284043088494,119
2631.3,9,1094.5320148737705,4.8999999999999995,52.3457861462293,367.52646773848716,119
2631.4,9,1094.5320148737705,4.800000000000001,52.323732783175814,367.68691703480454,119
2631.5,9,1094.5320148737705,4.800000000000001,52.31869866642844,367.71849806585965,119
2631.6,9,1094.5320148737705,4.800000000000001,52.36413177368358,367.4433539515466,119
2631.7,9,1094.5320148737705,4.800000000000001,52.35017080368244,367.54176796033954,119
2631.8,9,1094.5320148737705,4.800000000000001,52.331289464513475,367.6820521791709,119
2631.9,9,1094.5320148737705,4.800000000000001,52.20315303682278,368.66443884171946,119
2632.0,9,1094.5320148737705,4.800000000000001,52.186445676648674,368.78368700580756,119
2632.1,9,1094.5320148737705,4.800000000000001,52.16770293793889,368.92029568260955,119
2632.2,9,1094.5320148737705,4.800000000000001,52.16520315741258,368.9334834823378,119
2632.3,9,1094.5320148737705,4.800000000000001,52.13071428681071,369.19403735839126,119
2632.4,9,1094.5320148737705,4.800000000000001,52.124580321250804,369.2367111312102,119
2632.5,9,1094.5320148737705,4.800000000000001,52.10698627670435,369.36042588662,119
2632.6,9,1094.5320148737705,4.800000000000001,51.952277296921444,370.3694792021985,119
2632.7,9,1094.5320148737705,4.800000000000001,51.922662954654285,370.59715150973835,119
2632.8,9,1094.5320148737705,4.800000000000001,51.921974455650414,370.5902236885504,119
2632.9,9,1094.5320148737705,4.800000000000001,51.908775307456864,370.68575039621294,119
2633.0,9,1094.5320148737705,4.800000000000001,51.896531457562745,370.77801963819184,119
2633.1,9,1094.5320148737705,4.800000000000001,51.8788669465695,370.90793325899966,119
2633.2,9,1094.5320148737705,4.800000000000001,51.86921611493463,370.985752677466,119
2633.3,9,1094.5320148737705,4.800000000000001,51.83724497230227,371.2238249629644,119
2633.4,9,1094.5320148737705,4.800000000000001,51.8224941072772,371.32943057705074,119
2633.5,9,1094.5320148737705,4.800000000000001,51.81167926461757,371.416769565492,119
2633.6,9,1094.5320148737705,4.800000000000001,51.8160816671752,371.375855999775,119
2633.7,9,1094.5320148737705,4.800000000000001,51.789739024585735,371.57240313027125,119
2633.8,9,1094.5320148737705,4.800000000000001,51.78906332268102,371.57151243480996,119
2633.9,9,1094.5320148737705,4.800000000000001,51.81351861434534,371.43923947607453,119
2634.0,9,1094.5320148737705,4.800000000000001,51.72758481497107,372.11301536038104,119
2634.1,9,1094.5320148737705,4.800000000000001,51.73274131784342,372.06713563633195,119
2634.2,9,1094.5320148737705,4.800000000000001,51.663854204573894,372.50432477767765,119
2634.3,9,1094.5320148737705,4.800000000000001,51.64829201333611,372.61828114481796,119
2634.4,9,1094.5320148737705,4.800000000000001,51.63017634717866,372.75768599547814,119
2634.5,9,1094.5320148737705,4.800000000000001,51.62293558549105,372.8089891194212,119
2634.6,8,1094.5320148737705,4.0,51.618984196634656,372.8426774577066,119
2634.7,8,1094.5320148737705,4.199999999999999,51.59355682726007,373.0320749034085,119
2634.8,8,1094.5320148737705,4.199999999999999,51.58475160047563,373.10349565923866,119
2634.9,8,1094.5320148737705,4.199999999999999,51.5703001893295,373.2112476439196,119
2635.0,8,1094.5320148737705,4.199999999999999,51.560701248997205,373.2889630514695,119
2635.1,8,1094.5320148737705,4.199999999999999,51.56485101913802,373.24848770350985,119
2635.2,8,1094.5320148737705,4.199999999999999,51.46763415316268,373.907944153307,119
2635.3,8,1094.5320148737705,4.199999999999999,51.45779616839173,373.98325417370455,119
2635.4,8,1094.5320148737705,4.199999999999999,51.442184036863274,374.10801708621204,119
2635.5,8,1094.5320148737705,4.8999999999999995,51.635869088296175,372.56732796986034,119
2635.6,8,1094.5320148737705,4.8999999999999995,51.61893227935652,372.70155059644134,119
2635.7,8,1094.5320148737705,4.8999999999999995,51.60514902464912,372.80876547449486,119
2635.8,8,1094.5320148737705,4.8999999999999995,51.584276336851445,372.97564423869557,119
2635.9,8,1094.5320148737705,4.8999999999999995,51.568304692737804,373.1002704809748,119
2636.0,8,1094.5320148737705,4.8999999999999995,51.5533667041294,373.2161475023164,119
2636.1,8,1094.5320148737705,4.8999999999999995,51.525900414735524,373.4309382601234,119
2636.2,8,1094.5320148737705,4.8999999999999995,51.56779112360617,373.1672945025333,119
2636.3,8,1094.5320148737705,4.8999999999999995,51.54847428686413,373.3243370134927,119
2636.4,8,1094.5320148737705,4.8999999999999995,51.5397290564278,373.39452825178483,119
2636.5,8,1094.5320148737705,4.8999999999999995,51.54049012309213,373.3972807604579,119
2636.6,8,1094.5320148737705,4.8999999999999995,51.534216062164774,373.45062094714,119
2636.7,8,1094.5320148737705,4.8999999999999995,51.52178311461027,373.54832895625407,119
2636.8,8,1094.5320148737705,4.8999999999999995,51.51488459669663,373.5989012568124,119
2636.9,8,1094.5320148737705,4.8999999999999995,51.506777582850304,373.658454557228,119
2637.0,8,1094.5320148737705,4.8999999999999995,51.50703820685128,373.6659590512598,119
2637.1,8,1094.5320148737705,4.8999999999999995,51.51488832234779,373.61289730837143,119
2637.2,8,1094.5320148737705,4.8999999999999995,51.507249611515405,373.6836335922431,119
2637.3,8,1094.5320148737705,4.8999999999999995,51.50051988348429,373.73950141521925,119
2637.4,8,1094.5320148737705,4.8999999999999995,51.493761259288675,373.80916633487686,119
2637.5,8,1094.5320148737705,4.8999999999999995,51.50902498415033,373.7013983655927,119
2637.6,8,1094.5320148737705,4.8999999999999995,51.515743299085614,373.64791036643646,119
2637.7,8,1094.5320148737705,4.8999999999999995,51.35509524770272,374.7297298801733,119
2637.8,8,1094.5320148737705,4.8999999999999995,51.34893412624841,374.783569050643,119
2637.9,8,1094.5320148737705,4.8999999999999995,51.35801591990829,374.7157582069063,119
2638.0,8,1094.5320148737705,4.8999999999999995,51.50968806982553,373.50077683341067,119
2638.1,8,1094.5320148737705,4.8999999999999995,51.50087598238234,373.5686115957059,119
2638.2,8,1094.5320148737705,4.8999999999999995,51.50279271726917,373.5547305417727,119
2638.3,8,1094.5320148737705,4.8999999999999995,51.496568742492485,373.6041447744103,119
2638.4,8,1094.5320148737705,4.8999999999999995,51.49195320627578,373.6425137522483,119
2638.5,8,1094.5320148737705,4.8999999999999995,51.48902532848231,373.66963432613045,119
2638.6,8,1094.5320148737705,4.8999999999999995,51.36954366463475,374.46508646719286,119
2638.7,8,1094.5320148737705,4.8999999999999995,51.40815642493875,374.22020876744466,119
2638.8,8,1094.5320148737705,4.8999999999999995,51.41407942788203,374.17260281219427,119
2638.9,8,1094.5320148737705,4.8999999999999995,51.411754941691655,374.2018258255839,119
2639.0,8,1094.5320148737705,4.199999999999999,51.42996125050317,374.0660886738259,119
2639.1,8,1094.5320148737705,4.199999999999999,51.410179646682096,374.22208000746826,119
2639.2,8,1094.5320148737705,4.199999999999999,51.416622732425196,374.174271804779,119
2639.3,8,1094.5320148737705,4.199999999999999,51.41089193847293,374.22285003554134,119
2639.4,8,1094.5320148737705,4.199999999999999,51.36461703102836,374.66642411971657,119
2639.5,8,1094.5320148737705,4.199999999999999,51.379542449588826,374.5533152458725,119
2639.6,8,1094.5320148737705,4.199999999999999,51.377506891334846,374.56662541918956,119
2639.7,8,1094.5320148737705,4.199999999999999,51.38887004037223,374.4823500013721,119
2639.8,8,1095.1697129732656,4.199999999999999,51.39671686180594,374.42285017078376,120
2639.9,8,1095.1697129732656,-100.0,51.38829813859443,374.4909032808014,120
2640.0,8,1095.1697129732656,4.199999999999999,51.40672547638485,374.345960857585,120
2640.1,8,1095.1697129732656,4.199999999999999,51.40599422041581,374.3488607446289,120
2640.2,8,1095.1697129732656,4.199999999999999,51.405547670424504,374.35592012925247,120
2640.3,8,1095.1697129732656,4.199999999999999,51.41765971664968,374.2659693719827,120
2640.4,8,1095.103389791895,4.199999999999999,51.406843444530644,374.3529289343004,120
2640.5,8,1095.103389791895,4.8999999999999995,51.425002005711704,374.21575565995676,120
2640.6,8,1095.103389791895,4.8999999999999995,51.43324116143181,374.1553054668578,120
2640.7,8,1095.103389791895,4.8999999999999995,51.44348400501456,374.0835681053841,120
2640.8,8,1095.103389791895,4.8999999999999995,51.44975352459825,374.04040334954817,120
2640.9,10,1095.103389791895,4.199999999999999,51.53648439144713,373.35827232037445,120
2641.0,10,1095.103389791895,4.800000000000001,51.55235227110515,373.24990547410937,120
2641.1,8,1095.103389791895,4.0,51.39174735981298,374.3116456519235,120
2641.2,8,1095.103389791895,4.199999999999999,51.41550301630505,374.12729270720706,120
2641.3,8,1095.103389791895,4.199999999999999,51.441707513311655,373.9493567476989,120
2641.4,8,1095.103389791895,4.199999999999999,51.4462949142451,373.90875670167213,120
2641.5,8,1095.103389791895,4.199999999999999,51.4566242706994,373.82983879035197,120
2641.6,8,1095.103389791895,4.199999999999999,51.4665864287698,373.7569487905613,120
2641.7,8,1095.103389791895,4.199999999999999,51.477339491012316,373.6781813972161,120
2641.8,8,1095.103389791895,4.199999999999999,51.49344387726911,373.5588739524689,120
2641.9,8,1095.103389791895,4.199999999999999,51.506569870468695,373.4654693844677,120
2642.0,8,1095.103389791895,4.199999999999999,51.52014339657857,373.36568400455263,120
2642.1,8,1095.103389791895,4.199999999999999,51.52259589367957,373.34655093960805,120
2642.2,8,1095.103389791895,4.199999999999999,51.52691052939659,373.31312109754583,120
2642.3,8,1095.103389791895,4.199999999999999,51.53661485563143,373.23366940813014,120
2642.4,8,1095.103389791895,4.199999999999999,51.54093726584379,373.20608340379124,120
2642.5,10,1095.103389791895,3.5,51.552008935272255,373.12187035511806,120
2642.6,10,1095.103389791895,4.800000000000001,51.5582023350771,373.077538117245,120
2642.7,10,1095.103389791895,4.800000000000001,51.56073603466524,373.0631668684995,120
2642.8,10,1095.103389791895,4.800000000000001,51.576635168694736,372.9372310261499,120
2642.9,10,1095.103389791895,4.800000000000001,51.59115080183511,372.83732481015727,120
2643.0,10,1095.103389791895,4.800000000000001,51.60048358951083,372.76474584770085,120
2643.1,10,1095.103389791895,4.800000000000001,51.609253548999426,372.6954685122332,120
2643.2,10,1095.103389791895,4.800000000000001,51.617990963430216,372.6344561536936,120
2643.3,10,1095.103389791895,4.800000000000001,51.537668476904166,373.16388527564027,120
2643.4,10,1095.103389791895,4.800000000000001,51.555942764943296,373.03231822258397,120
2643.5,10,1095.103389791895,4.0,51.56568504804608,372.96496730375816,120
2643.6,10,1095.103389791895,4.0,51.57970837485317,372.86695055408165,120
2643.7,10,1095.103389791895,4.0,51.5969919082858,372.74436576810456,120
2643.8,8,1095.0401522082905,4.0,51.662537550766444,372.23405902712176,120
2643.9,8,1095.0401522082905,4.199999999999999,51.66738007190994,372.20182302957267,120
2644.0,8,1095.0401522082905,4.199999999999999,51.66908407609708,372.195621261596,120
2644.1,8,1095.0401522082905,4.199999999999999,51.68498424813215,372.07371098454746,120
2644.2,10,1095.0401522082905,3.5,51.582751472206006,372.76017087781327,120
2644.3,10,1095.0401522082905,4.800000000000001,51.60249428700632,372.6194744963092,120
2644.4,10,1095.0401522082905,4.800000000000001,51.61209580453267,372.55563863074394,120
2644.5,10,1095.0401522082905,4.800000000000001,51.62192164455391,372.4891110095414,120
2644.6,10,1095.0401522082905,4.800000000000001,51.638269466946255,372.372085103659,120
2644.7,10,1095.0401522082905,4.800000000000001,51.6431378752516,372.3429879266148,120
2644.8,11,1095.0401522082905,4.800000000000001,51.66269262186885,372.20091865031725,120
2644.9,11,1095.0401522082905,5.4,51.65626928455934,372.2500277203942,120
2645.0,11,1095.0401522082905,5.4,51.67697176614561,372.0998051586887,120
2645.1,11,1095.0401522082905,5.4,51.68507359712953,372.0471128590358,120
2645.2,11,1095.0401522082905,5.4,51.57364675230002,372.7869281549784,120
2645.3,11,1095.0401522082905,5.4,51.571487658651584,372.8140042728841,120
2645.4,11,1095.0401522082905,5.4,51.57952924497222,372.75674275718194,120
2645.5,10,1095.0401522082905,5.4,51.574718992152626,372.8024837742627,120
2645.6,10,1095.0401522082905,4.800000000000001,51.59257997828438,372.67229597431447,120
2645.7,10,1095.0401522082905,4.800000000000001,51.59062395738182,372.69251678856983,120
2645.8,10,1095.0401522082905,4.800000000000001,51.606184974317884,372.5809644516786,120
2645.9,10,1095.0401522082905,4.800000000000001,51.76429627187906,371.5340630977712,120
2646.0,10,1095.0401522082905,4.800000000000001,51.8113541809892,371.1881345470986,120
2646.1,10,1095.0401522082905,4.0,51.81863920557074,371.1384623984769,120
2646.2,10,1095.0401522082905,4.0,51.82846268348371,371.0613416735754,120
2646.3,10,1095.0401522082905,4.0,51.838933861119685,370.98579862286715,120
2646.4,10,1095.0401522082905,4.0,51.853951442579145,370.87741512621665,120
2646.5,10,1095.0401522082905,4.0,51.85711294242425,370.8511283614389,120
2646.6,10,1095.0401522082905,4.0,51.94122739633953,370.2071570708255,120
2646.7,12,1095.0401522082905,4.0,51.949478108912494,370.14492553465016,120
2646.8,8,1094.9788783109477,3.6,51.92861317086291,370.31552551581126,120
2646.9,8,1094.9788783109477,4.199999999999999,51.93305614159075,370.29273838025813,120
2647.0,8,1094.9788783109477,4.199999999999999,51.95441289059866,370.13566601595437,120
2647.1,8,1094.9788783109477,4.199999999999999,51.95994941933712,370.0972321598788,120
2647.2,8,1094.9788783109477,4.199999999999999,51.97896749376317,369.95615877942737,120
2647.3,8,1094.9788783109477,4.199999999999999,51.944013865457094,370.28540291503396,120
2647.4,8,1094.9788783109477,4.199999999999999,51.9660962762634,370.12592920444945,120
2647.5,8,1094.9788783109477,4.199999999999999,51.97022031939285,370.1024005782074,120
2647.6,12,1094.9788783109477,3.5,51.994594733326906,369.92661818616716,120
2647.7,12,1094.9788783109477,3.6,52.005726934651996,369.8518006654187,120
2647.8,12,1094.9788783109477,3.6,52.03430937909413,369.6434288818154,120
2647.9,12,1094.9788783109477,3.6,52.050648925872906,369.5322813983059,120
2648.0,9,1095.42254743871,3.6,52.067921010258814,369.41522220838095,120
2648.1,10,1095.42254743871,4.0,52.0837585459897,369.31045770121835,120
2648.2,10,1095.42254743871,4.0,52.2200818068718,368.42553206782884,120
2648.3,10,1095.42254743871,4.0,52.22372307677803,368.4078137682643,120
2648.4,12,1095.42254743871,3.2,52.253249350481525,368.1962538212583,120
2648.5,12,1095.42254743871,4.5,52.20683176842054,368.4861771263116,120
2648.6,12,1095.42254743871,4.5,52.2330084655615,368.30654154499734,120
2648.7,12,1095.42254743871,4.5,52.24259528841832,368.2395135105571,120
2648.8,12,1095.42254743871,4.5,52.26540656855403,368.0837719471158,120
2648.9,12,1095.42254743871,4.5,52.288842688839814,367.9179638413031,120
2649.0,12,1095.42254743871,4.5,52.322061273419756,367.6786547529797,120
2649.1,12,1095.42254743871,4.5,52.34032846383015,367.55319762083616,120
2649.2,12,1095.42254743871,4.5,52.28678938414592,367.9797003137352,120
2649.3,12,1095.42254743871,4.5,52.311356680288384,367.79886501185155,120
2649.4,12,1095.42254743871,4.5,52.406232764102,367.0811881930838,120
2649.5,12,1095.42254743871,4.5,52.389560168328565,367.29032882543186,120
2649.6,12,1095.42254743871,4.5,52.420611569660835,367.07152985400137,120
2649.7,12,1095.42254743871,4.5,52.440394629310674,366.93496501826775,120
2649.8,12,1095.42254743871,4.5,52.47782181519924,366.66954110430527,120
2649.9,12,1095.42254743871,4.5,52.50376562659065,366.48950560109273,120
2650.0,12,1095.42254743871,4.5,52.54922257231732,366.16399797442443,120
2650.1,12,1095.42254743871,4.5,52.571244392994274,366.00877131028756,120
2650.2,12,1095.42254743871,4.5,52.61211292034542,365.7106464309743,120
2650.3,12,1095.42254743871,4.5,52.67121227028021,365.3225073124568,120
2650.4,12,1095.42254743871,4.5,52.71108149864044,365.0407771607639,120
2650.5,10,1095.42254743871,4.5,52.7369122539482,364.86619915032054,120
2650.6,10,1095.42254743871,4.0,52.778326267122424,364.57252052838936,120
2650.7,12,1095.42254743871,4.0,52.681715635432454,365.3283303562506,120
2650.8,12,1095.42254743871,3.6,52.70997369053585,365.1324471713755,120
2650.9,12,1095.42254743871,3.6,52.7278517015404,365.0137610744124,120
2651.0,12,1095.42254743871,3.6,52.762294326942275,364.7771167580241,120
2651.1,12,1095.42254743871,3.6,52.779752369320484,364.655801611548,120
2651.2,10,1095.42254743871,3.6,52.817874397257256,364.3832963118706,120
2651.3,10,1095.42254743871,4.0,52.828764591076094,364.32148980773,120
2651.4,10,1095.42254743871,4.0,52.881277958346445,363.94703794947867,120
2651.5,10,1095.42254743871,4.0,52.90238086689621,363.811420958667,120
2651.6,10,1095.42254743871,4.0,52.93832680961859,363.5572405220361,120
2651.7,10,1095.42254743871,4.0,52.949217699057066,363.4875627810391,120
2651.8,10,1095.42254743871,4.0,52.97893803311754,363.2836055140324,120
2651.9,12,1095.42254743871,4.0,52.985830510803495,363.2435746696817,120
2652.0,10,1095.42254743871,3.6,52.908160169461674,363.7193840036784,120
2652.1,10,1095.42254743871,4.0,52.92148185020935,363.63181111277856,120
2652.2,10,1095.42254743871,4.0,52.93343637283556,363.5522842589168,120
2652.3,10,1095.42254743871,4.0,52.93901324254695,363.51950819937,120
2652.4,10,1095.42254743871,4.0,52.955388894448106,363.41094098791825,120
2652.5,10,1095.42254743871,4.0,52.962163473220514,363.3673397217443,120
2652.6,10,1095.42254743871,4.0,52.99002050107502,363.17325949344706,120
2652.7,10,1095.42254743871,4.0,52.99717394839073,363.1293284583168,120
2652.8,10,1095.42254743871,4.0,52.90990174964835,363.8016010602594,120
2652.9,10,1095.42254743871,4.0,52.92695584754653,363.6907126308163,120
2653.0,10,1095.42254743871,4.0,52.96496699027044,363.42717854778334,120
2653.1,10,1095.42254743871,4.0,53.0156712168762,363.1174415022205,120
2653.2,10,1095.42254743871,4.0,53.24808410772631,361.38134090845153,120
2653.3,10,1095.42254743871,4.0,53.15060455378084,361.9899602117782,120
2653.4,10,1095.42254743871,4.0,53.16250043273384,361.9108586981944,120
2653.5,10,1095.42254743871,4.0,53.16707220549104,361.8905614539271,120
2653.6,9,1095.9440810601845,4.0,53.0482519535139,362.8027736895946,120
2653.7,10,1095.9440810601845,4.0,53.04648394893586,362.82667730718583,120
2653.8,10,1095.9440810601845,4.0,53.05181986299591,362.79648993528247,120
2653.9,10,1095.9440810601845,4.0,53.046465726718594,362.8490617732423,120
2654.0,10,1095.9440810601845,4.0,53.06173286613755,362.75678912024955,120
2654.1,10,1095.9440810601845,4.0,53.064518843320855,362.7472442697242,120
2654.2,10,1095.9440810601845,4.0,53.066193104031335,362.7498719596426,120
2654.3,10,1095.9440810601845,4.800000000000001,53.07433454034724,362.7081384621713,120
2654.4,10,1095.9440810601845,4.800000000000001,53.09449184810571,362.5726080958684,120
2654.5,10,1095.9440810601845,4.800000000000001,53.093533526021346,362.59421072930786,120
2654.6,10,1095.9440810601845,4.800000000000001,53.11791016471852,362.4395580287588,120
2654.7,10,1095.9440810601845,4.800000000000001,52.968582577902254,363.5909375576068,120
2654.8,10,1095.9440810601845,4.800000000000001,53.00013379864374,363.3775732741359,120
2654.9,10,1095.9440810601845,4.800000000000001,53.008241817515824,363.33191861614534,120
2655.0,10,1095.9440810601845,4.800000000000001,52.92427983708481,363.8426590981591,120
2655.1,10,1095.9440810601845,4.0,52.94781256979402,363.67773731009163,120
2655.2,10,1095.9440810601845,4.0,52.96296407890737,363.5881408743106,120
2655.3,10,1095.9440810601845,4.0,52.97491151789015,363.5147915967152,120
2655.4,10,1095.9440810601845,4.0,52.98570922187195,363.44134435211936,120
2655.5,10,1095.9440810601845,4.0,52.990431122318796,363.41950506347473,120
2655.6,8,1095.8245535217623,4.0,53.13144451933411,362.3657825902677,120
2655.7,8,1095.8245535217623,4.199999999999999,53.143287255543186,362.29410150815636,120
2655.8,8,1095.8245535217623,4.199999999999999,53.15305192514596,362.2333796131006,120
2655.9,8,1095.8245535217623,4.199999999999999,53.161694970153654,362.19536700625326,120
2656.0,8,1095.8245535217623,4.199999999999999,53.18283522746172,362.0521545353813,120
2656.1,9,1096.112202179126,4.199999999999999,53.19600384153367,361.96352591865707,120
2656.2,9,1096.2935624302604,4.800000000000001,53.20979352494372,361.871790931576,120
2656.3,9,1096.2935624302604,4.800000000000001,53.224901596837874,361.7706708638269,120
2656.4,9,1096.2935624302604,4.800000000000001,53.236481583920245,361.68850414857764,120
2656.5,10,1096.2935624302604,4.800000000000001,53.22851082508703,361.7513575631182,120
2656.6,6,1094.924531113901,3.2,53.23922622367269,361.6795103687317,120
2656.7,6,1094.924531113901,3.5,53.25783170042824,361.541063972189,120
2656.8,6,1094.924531113901,3.5,53.27182407271842,361.4444946487929,120
2656.9,6,1094.924531113901,3.5,53.29751644474405,361.2550044028456,120
2657.0,6,1094.924531113901,3.5,53.446216239732735,360.15890758431806,120
2657.1,9,1094.924531113901,3.5,53.458148932183306,360.07493919539513,120
2657.2,6,1094.924531113901,4.0,53.47249520231509,359.97349098228915,120
2657.3,6,1094.924531113901,3.5,53.30100278113365,361.2540497478257,120
2657.4,6,1094.924531113901,3.5,53.191857900290316,361.92410247335766,120
2657.5,6,1094.924531113901,3.5,53.19247776181115,361.91800251572914,120
2657.6,6,1094.924531113901,3.5,53.19121722751785,361.9245329460508,120
2657.7,6,1094.924531113901,3.5,53.16687573549444,362.10302736958045,120
2657.8,6,1094.924531113901,3.5,53.361418691074846,360.91638523758246,120
2657.9,6,1094.924531113901,3.5,53.35219150017342,360.99057909782226,120
2658.0,6,1094.924531113901,3.5,53.35381406243721,360.978316395957,120
2658.1,6,1094.924531113901,3.5,53.36087065762846,360.91990315577027,120
2658.2,6,1094.924531113901,3.5,53.34070147281016,361.05850299513963,120
2658.3,6,1094.924531113901,3.5,53.318870555044896,361.2174187010618,120
2658.4,6,1094.924531113901,3.5,53.30330248496436,361.3190331661312,120
2658.5,8,1094.924531113901,3.0,53.284596139691715,361.46180135247914,120
2658.6,8,1094.924531113901,4.8999999999999995,53.26904383347206,361.56655789084226,120
2658.7,8,1094.924531113901,4.8999999999999995,53.25579645341689,361.656749549192,120
2658.8,8,1094.924531113901,4.8999999999999995,53.23475131989648,361.8068466665477,120
2658.9,8,1094.924531113901,4.199999999999999,53.10308329373231,362.6124969583026,120
2659.0,8,1094.924531113901,4.199999999999999,52.939541183497795,363.8427406685837,120
2659.1,6,1094.618272870933,4.199999999999999,52.908876132062886,364.0650910620052,120
2659.2,6,1094.618272870933,3.5,52.88842924401066,364.20128758842475,120
2659.3,6,1094.618272870933,3.5,52.97328839183969,363.525200034955,120
2659.4,6,1094.618272870933,3.5,52.957489967817736,363.63186973610135,120
2659.5,6,1094.618272870933,3.5,52.917571380808326,363.9140684603967,120
2659.6,6,1094.618272870933,3.5,52.880464068364944,364.18268019322977,120
2659.7,6,1094.618272870933,3.5,52.84839229941932,364.40613634111594,120
2659.8,6,1094.618272870933,3.5,52.797615698073486,364.78013898932636,120
2659.9,6,1094.618272870933,3.5,52.76522701557519,365.0133591172048,120
2660.0,6,1094.618272870933,3.5,52.71627986756414,365.3626274844396,120
2660.1,6,1094.618272870933,3.5,52.67489348126263,365.66239139090544,120
2660.2,6,1094.618272870933,3.5,52.5271047909163,366.6229644192123,120
2660.3,6,1094.618272870933,3.5,52.49900498501417,366.83029785267934,120
2660.4,6,1094.618272870933,3.5,52.45651286471613,367.1435951142179,120
2660.5,6,1094.618272870933,3.5,52.43363384925956,367.3114113139202,120
2660.6,6,1094.618272870933,3.5,52.4493843555464,367.08617178809186,120
2660.7,6,1094.618272870933,3.5,52.41256950853224,367.35154694779516,120
2660.8,6,1094.618272870933,3.5,52.45742531045369,367.1201819741302,120
2660.9,8,1094.618272870933,3.5,52.425551702740044,367.34382780784756,120
2661.0,8,1094.618272870933,4.199999999999999,52.38117202864228,367.6692743266044,120
2661.1,8,1094.618272870933,4.199999999999999,52.35906450098725,367.82650178498443,120
2661.2,8,1094.618272870933,4.199999999999999,52.31580231944281,368.14428357497934,120
2661.3,8,1094.618272870933,4.199999999999999,52.281935523474466,368.3933505141324,120
2661.4,8,1094.618272870933,4.8999999999999995,52.248010239288206,368.6646440346514,120
2661.5,8,1094.618272870933,4.8999999999999995,52.22030713810002,368.87148213820257,120
2661.6,8,1094.618272870933,4.8999999999999995,52.193645058119856,369.073845080717,120
2661.7,8,1094.618272870933,4.8999999999999995,52.1616942554779,369.3123316521622,120
2661.8,8,1094.618272870933,4.8999999999999995,52.1331746748226,369.52650561784816,120
2661.9,8,1094.618272870933,4.8999999999999995,52.094900941378484,369.81718185456486,120
2662.0,8,1094.618272870933,4.8999999999999995,52.16349023603699,369.4325749457675,120
2662.1,8,1094.618272870933,4.8999999999999995,52.250682587633854,368.74088182205685,120
2662.2,8,1094.618272870933,4.8999999999999995,52.21516552667717,369.0123595875574,120
2662.3,8,1094.618272870933,4.8999999999999995,52.184624208323015,369.25115365448676,120
2662.4,8,1094.618272870933,4.8999999999999995,52.151820068985856,369.51253652884066,120
2662.5,8,1094.618272870933,4.8999999999999995,52.12964448997059,369.685647835384,120
2662.6,8,1094.618272870933,4.8999999999999995,52.10732528850353,369.87017494421684,120
2662.7,8,1094.618272870933,4.8999999999999995,52.08049363362876,370.080809208058,120
2662.8,8,1094.618272870933,4.8999999999999995,51.994887261561246,370.80368824536174,120
2662.9,8,1094.618272870933,4.8999999999999995,51.973789230305,370.9877764230087,120
2663.0,8,1094.618272870933,4.8999999999999995,51.9517677857266,371.16520490199673,120
2663.1,8,1094.618272870933,4.8999999999999995,51.78184700070596,372.27658187567164,120
2663.2,8,1094.618272870933,4.8999999999999995,51.741446741669186,372.6032735447575,120
2663.3,8,1094.618272870933,4.8999999999999995,51.62477615146901,373.56955216485335,120
2663.4,8,1094.618272870933,4.8999999999999995,51.614952217263436,373.6553112350087,120
2663.5,8,1094.618272870933,4.8999999999999995,51.594982198884566,373.8154514097189,120
2663.6,8,1094.618272870933,4.8999999999999995,51.588949027410905,373.8755157030324,120
2663.7,8,1094.618272870933,4.8999999999999995,51.5686062916262,374.0552379203416,120
2663.8,8,1094.618272870933,4.8999999999999995,51.55376005507995,374.1883338677121,120
2663.9,8,1094.618272870933,4.8999999999999995,51.55883082131016,374.1706894100454,120
2664.0,8,1094.618272870933,4.8999999999999995,51.56027563975538,374.171245860749,120
2664.1,8,1094.618272870933,4.8999999999999995,51.5573937296967,374.2086737511264,120
2664.2,8,1094.618272870933,4.8999999999999995,51.55459324909786,374.25045264249025,120
2664.3,7,1094.8944656390145,5.6,51.552858534177766,374.28550317360794,120
2664.4,8,1094.8944656390145,4.8999999999999995,51.420921124841016,375.1434220358325,120
2664.5,8,1094.8944656390145,5.6,51.49960969724206,374.5177102899603,120
2664.6,8,1094.8944656390145,5.6,51.50698374290104,374.4826229355228,120
2664.7,8,1094.8944656390145,5.6,51.523166406867574,374.3867691638171,120
2664.8,8,1094.8944656390145,5.6,51.54160313919229,374.26522405793355,120
2664.9,8,1094.8944656390145,5.6,51.54849340526357,374.25303063980925,120
2665.0,8,1094.8944656390145,5.6,51.56627991080683,374.12676368018253,120
2665.1,8,1094.8944656390145,5.6,51.57758576073452,374.06650220659765,120
2665.2,8,1094.8944656390145,5.6,51.593309941483994,373.9645450757689,120
2665.3,8,1094.8944656390145,5.6,51.59718664403763,373.95302445081836,120
2665.4,8,1094.8944656390145,5.6,51.62865075267439,373.73591402408096,120
2665.5,8,1094.8944656390145,5.6,51.64135703417482,373.6628924328038,120
2665.6,8,1094.8944656390145,5.6,51.43968018735067,375.3949009480562,120
2665.7,8,1094.8944656390145,5.6,51.46442002227121,375.226907153604,120
2665.8,8,1094.8944656390145,5.6,51.472373930094264,375.19135824722696,120
2665.9,8,1094.8944656390145,5.6,51.48813068902464,375.09171258879053,120
2666.0,8,1094.8944656390145,5.6,51.49686351902771,375.0619775793665,120
2666.1,8,1094.8944656390145,5.6,51.51802546673761,374.91011937419387,120
2666.2,8,1094.8944656390145,5.6,51.52488372089971,374.88813662006385,120
2666.3,8,1094.8944656390145,5.6,51.524615301268355,374.92073341296987,120
2666.4,8,1094.8944656390145,5.6,51.52782569217314,374.9230114124034,120
2666.5,8,1094.8944656390145,5.6,51.53558872811888,374.883349007534,120
2666.6,8,1094.8944656390145,5.6,51.53661242995422,374.90296839075984,120
2666.7,8,1094.8944656390145,5.6,51.537886857041904,374.90690666666535,120
2666.8,8,1094.8944656390145,5.6,51.55126472259804,374.8205613547691,120
2666.9,8,1094.8944656390145,4.8999999999999995,51.541052787371115,374.9286170325636,120
2667.0,8,1094.8944656390145,4.8999999999999995,51.542428950823805,374.9341592310875,120
2667.1,8,1094.8944656390145,4.8999999999999995,51.53337376072314,375.02616442375063,120
2667.2,8,1094.8944656390145,4.8999999999999995,51.535252231296894,375.01667697458976,120
2667.3,8,1094.8944656390145,4.8999999999999995,51.517019645660255,375.1970962194176,120
2667.4,8,1094.8944656390145,4.8999999999999995,51.50666042978326,375.2817791861803,120
2667.5,8,1094.8944656390145,4.8999999999999995,51.4822941106689,375.4780254738246,120
2667.6,8,1094.8944656390145,4.8999999999999995,51.47226370967796,375.5797217183549,120
2667.7,8,1094.8944656390145,4.8999999999999995,51.458634788976696,375.69375869826104,120
2667.8,8,1094.8944656390145,4.8999999999999995,51.4768988115271,375.6231423502709,120
2667.9,8,1094.8944656390145,4.8999999999999995,51.47012969015668,375.6954706117347,120
2668.0,8,1094.8944656390145,4.8999999999999995,51.45263923203176,375.8434287804984,120
2668.1,8,1094.8944656390145,4.8999999999999995,51.442328831685316,375.927717500365,120
2668.2,8,1094.8944656390145,4.8999999999999995,51.434242390120154,375.9997457390495,120
2668.3,7,1095.0011925017398,4.8999999999999995,51.42177911787488,376.08967329421034,120
2668.4,7,1095.0424852188492,4.8999999999999995,51.40597745976186,376.21801257324796,120
2668.5,7,1094.9824020258038,4.8999999999999995,51.3917337352467,376.32842068142327,120
2668.6,8,1094.9824020258038,4.8999999999999995,51.38296446134168,376.4111225530379,120
2668.7,8,1094.9824020258038,4.8999999999999995,51.37516454617664,376.47217897812027,120
2668.8,8,1094.9824020258038,4.8999999999999995,51.24572625542009,377.27868566406795,120
2668.9,8,1094.9824020258038,4.8999999999999995,51.2367842539901,377.3563284298192,120
2669.0,8,1094.9824020258038,4.8999999999999995,51.20470539217796,377.61269999047295,120
2669.1,8,1094.9824020258038,4.8999999999999995,51.203347532152065,377.60325154208124,120
2669.2,8,1094.9824020258038,4.8999999999999995,51.17320611895685,377.83896998199936,120
2669.3,8,1094.9824020258038,4.8999999999999995,51.163993375837435,377.894625925054,120
2669.4,8,1094.9824020258038,4.8999999999999995,51.12722188172222,378.19197902530254,120
2669.5,8,1094.9824020258038,4.8999999999999995,51.120290208393136,378.2247560867048,120
2669.6,8,1094.9824020258038,4.8999999999999995,51.09656569937993,378.39342897963263,120
2669.7,8,1094.9824020258038,4.8999999999999995,51.079590215798305,378.5169928575144,120
2669.8,8,1094.9824020258038,4.8999999999999995,50.945097831185635,379.4015662395566,120
2669.9,8,1094.9824020258038,4.8999999999999995,51.192778575455414,377.23344855468054,120
2670.0,8,1094.9824020258038,4.8999999999999995,51.16367328399039,377.4558459028092,120
2670.1,8,1094.9824020258038,4.8999999999999995,51.140097628628986,377.6236539658,120
2670.2,8,1094.9824020258038,4.8999999999999995,50.99876305828782,378.8137806753101,120
2670.3,8,1094.9824020258038,4.8999999999999995,51.01637680625072,378.73173707252624,120
2670.4,8,1094.9824020258038,4.8999999999999995,50.99344843605904,378.89635701289797,120
2670.5,8,1094.9824020258038,4.8999999999999995,50.981741800230445,378.96848478368014,120
2670.6,8,1094.9824020258038,4.8999999999999995,50.9609456312518,379.1195764720716,120
2670.7,8,1094.9824020258038,4.8999999999999995,50.938488812506904,379.27568177487444,120
2670.8,8,1094.9824020258038,4.8999999999999995,50.91803692571545,379.40944008390335,120
2670.9,8,1094.9824020258038,4.8999999999999995,50.90427642893782,379.4855387052287,120
2671.0,8,1094.9824020258038,4.8999999999999995,50.76941105011136,380.34527779110886,120
2671.1,8,1094.9824020258038,4.8999999999999995,50.74033822793138,380.547596815249,120
2671.2,8,1094.9824020258038,4.8999999999999995,50.71624888958304,380.70697367195737,120
2671.3,8,1094.9824020258038,4.8999999999999995,50.62454184948503,381.5912651794587,120
2671.4,8,1094.9824020258038,4.8999999999999995,50.5941942131514,381.80164499691284,120
2671.5,8,1094.9824020258038,4.8999999999999995,50.572032567010524,381.95294378584595,120
2671.6,8,1094.9824020258038,4.8999999999999995,50.550227730351686,382.0965972390984,120
2671.7,8,1094.9824020258038,4.8999999999999995,50.54535446863724,382.0997958838412,120
2671.8,6,1094.2820664574253,4.199999999999999,50.51357432599433,382.335792929495,120
2671.9,6,1094.2820664574253,4.0,50.50551742057589,382.36896109306065,120
2672.0,8,1094.2820664574253,4.0,50.48684007090064,382.4849107278202,120
2672.1,6,1094.2820664574253,4.199999999999999,50.47900297084396,382.53054262294233,120
2672.2,6,1094.2820664574253,4.0,50.45334891219909,382.33676274856646,120
2672.3,6,1093.9769907093084,4.0,50.43269162107684,382.4845249257013,120
2672.4,6,1093.9769907093084,4.5,50.34137800232446,383.0686084863163,120
2672.5,6,1093.9769907093084,4.5,50.466063314710524,381.9740178474679,120
2672.6,6,1093.9769907093084,4.5,50.46025075553564,381.99688171426055,120
2672.7,6,1093.9769907093084,4.5,50.46146102886775,381.9483970379124,120
2672.8,6,1093.9769907093084,4.5,50.41385300891587,382.32005646112447,120
2672.9,6,1093.9769907093084,4.5,50.4089656061535,382.317295682559,120
2673.0,6,1093.9769907093084,4.5,50.37196654019506,382.5992397892346,120
2673.1,6,1093.9769907093084,4.5,50.368860120587854,382.5883608916324,120
2673.2,6,1093.9769907093084,4.5,50.34686039165388,382.74221540377346,120
2673.3,6,1093.9769907093084,4.5,50.329882657021415,382.8680800138981,120
2673.4,6,1093.9769907093084,4.5,50.32486603154435,382.8747257045821,120
2673.5,6,1093.9769907093084,4.5,50.30455118599427,383.008708521992,120
2673.6,6,1093.9769907093084,4.5,50.29144301353256,383.11304461070796,120
2673.7,6,1093.9769907093084,4.5,50.272365520354455,383.2420909512222,120
2673.8,6,1093.9769907093084,4.5,50.2568089321601,383.3420711951081,120
2673.9,6,1093.9769907093084,4.5,50.241256349258464,383.4541309980969,120
2674.0,6,1093.9769907093084,4.5,50.21154773908076,383.68385979503194,120
2674.1,6,1093.9769907093084,4.5,50.19847903580948,383.7675992477771,120
2674.2,6,1093.9769907093084,4.5,50.17021925650962,383.975680588434,120
2674.3,6,1093.9769907093084,4.5,50.16386567034443,384.00763917759286,120
2674.4,6,1093.9769907093084,4.5,50.148226032456165,384.1157897636889,120
2674.5,6,1093.9769907093084,4.5,50.12577285963427,384.27720986364477,120
2674.6,6,1093.9769907093084,4.5,50.1031077447612,384.45595040437377,120
2674.7,6,1093.9769907093084,4.5,50.103071132098734,384.42616369810503,120
2674.8,6,1093.9769907093084,4.5,50.06017798850682,384.76629311389684,120
2674.9,6,1093.9769907093084,4.5,50.049423471500646,384.8350195036114,120
2675.0,6,1093.9769907093084,4.5,50.03325878727527,384.9570617632522,120
2675.1,6,1093.9769907093084,4.5,50.03042412062307,384.9785882115609,120
2675.2,6,1093.9769907093084,4.5,50.028075483309124,384.99741077749655,120
2675.3,6,1093.9769907093084,4.5,50.02494266764374,385.0132480167414,120
2675.4,6,1093.9769907093084,4.5,50.00872701747848,385.1546476189359,120
2675.5,6,1093.9769907093084,4.5,50.003972895051014,385.1826434176728,120
2675.6,8,1093.9769907093084,4.0,49.99246089670925,385.2870099449684,120
2675.7,8,1093.9769907093084,4.8999999999999995,50.04679506333819,384.7921768201017,120
2675.8,8,1093.9769907093084,4.8999999999999995,50.07169694152729,384.5718148399769,120
2675.9,8,1093.9769907093084,4.8999999999999995,50.05691992396973,384.6859218708789,120
2676.0,8,1093.9769907093084,4.8999999999999995,50.03708986410072,384.84021637504895,120
2676.1,8,1093.9769907093084,4.8999999999999995,50.01806589421303,384.9954397946457,120
2676.2,6,1093.678688236877,4.8999999999999995,49.997221120293894,385.16604172131616,120
2676.3,8,1093.678688236877,4.5,50.025314719615494,384.96373769845263,120
2676.4,8,1093.678688236877,4.8999999999999995,50.02381243727164,384.9730057338206,120
2676.5,8,1093.678688236877,4.8999999999999995,50.021848638385364,384.9857530641532,120
2676.6,8,1093.678688236877,4.8999999999999995,50.03612257777591,384.87529365555247,120
2676.7,8,1093.678688236877,4.8999999999999995,50.043129798495066,384.80704323338944,120
2676.8,8,1093.678688236877,4.8999999999999995,50.03605332633175,384.8803492228296,120
2676.9,8,1093.678688236877,4.8999999999999995,50.05882687720579,384.6899241414986,120
2677.0,8,1093.678688236877,4.8999999999999995,50.06542839096116,384.64157907777656,120
2677.1,8,1093.678688236877,4.8999999999999995,50.06942265265309,384.608039036848,120
2677.2,8,1093.678688236877,4.8999999999999995,50.08603351348701,384.46842248041406,120
2677.3,8,1093.678688236877,4.8999999999999995,50.09296395001377,384.4253441815582,120
2677.4,8,1093.678688236877,4.8999999999999995,50.11217549991937,384.27653715959315,120
2677.5,8,1093.678688236877,4.8999999999999995,50.13332057247018,384.11733330933157,120
2677.6,8,1093.678688236877,4.8999999999999995,50.142018419189974,384.04241107813516,120
2677.7,7,1093.6859215506404,4.8999999999999995,50.143234720326575,384.044881403869,120
2677.8,7,1093.6905123455374,5.6,50.14547159951857,384.0233737566746,120
2677.9,7,1093.6306283887234,5.6,50.162314328988316,383.87471489817483,120
2678.0,8,1093.6306283887234,5.6,50.150529153738674,383.9603308197019,120
2678.1,8,1093.6306283887234,5.6,50.16281745482084,383.8639555780458,120
2678.2,8,1093.6306283887234,5.6,50.17041184216042,383.7916688657061,120
2678.3,8,1093.6306283887234,5.6,50.185756758035346,383.6501324875774,120
2678.4,8,1093.6306283887234,5.6,50.17987910739161,383.69025007117887,120
2678.5,8,1093.6306283887234,5.6,50.197674968036736,383.54126032312075,120
2678.6,8,1093.6306283887234,5.6,50.198679435539354,383.5220270802839,120
2678.7,8,1093.6306283887234,5.6,50.19724496326447,383.52356794911077,120
2678.8,8,1093.6306283887234,5.6,50.21452198972947,383.37795900490187,120
2678.9,8,1093.6306283887234,5.6,50.22752024642719,383.2608165809147,120
2679.0,8,1093.6306283887234,5.6,50.23650726886561,383.1816417844192,120
2679.1,8,1093.6306283887234,5.6,50.24663187592873,383.0925099435781,120
2679.2,8,1093.6306283887234,5.6,50.26414814361941,382.94320178926574,120
2679.3,8,1093.6306283887234,5.6,50.2704355565376,382.88906773486,120
2679.4,8,1093.6306283887234,5.6,50.291075830505065,382.7141611515515,120
2679.5,8,1093.6306283887234,5.6,50.297010325072804,382.66240295112755,120
2679.6,8,1093.6306283887234,5.6,50.302150502579806,382.6125881374609,120
2679.7,8,1093.6306283887234,5.6,50.32613260367255,382.4064260020516,120
2679.8,8,1093.6306283887234,5.6,50.331517917161534,382.35959506482084,120
2679.9,8,1093.6306283887234,4.8999999999999995,50.353919796415184,382.1788905219565,120
2680.0,8,1093.6306283887234,4.8999999999999995,50.36705465749359,382.0669724415353,120
2680.1,8,1093.6306283887234,4.8999999999999995,50.37878888349937,381.96773473013263,120
2680.2,7,1093.5683810954067,4.8999999999999995,50.38628669578158,381.90730198914207,120
2680.3,8,1093.5683810954067,5.6,50.61496382870103,380.0199141082112,120
2680.4,8,1093.5683810954067,5.6,50.614561407331664,380.0192474022439,120
2680.5,8,1093.5683810954067,5.6,50.81028358910294,378.6618469675733,120
2680.6,8,1093.5683810954067,5.6,50.808456643263995,378.6754712033472,120
2680.7,8,1093.5683810954067,5.6,50.838047370064395,378.4361351826611,120
2680.8,8,1093.5683810954067,5.6,50.843608189398296,378.39031689448336,120
2680.9,8,1093.5683810954067,5.6,50.862728286299664,378.229239368198,120
2681.0,8,1093.5683810954067,5.6,50.868556417919635,378.17606894510186,120
2681.1,8,1093.5683810954067,5.6,50.875019029552675,378.127128981106,120
2681.2,8,1093.5683810954067,5.6,50.88034015743344,378.08232322156846,120
2681.3,8,1093.5683810954067,5.6,50.92750309742486,377.6637321681849,120
2681.4,8,1093.5683810954067,5.6,50.93255739213467,377.62141346649935,120
2681.5,8,1093.5683810954067,5.6,50.938519695948685,377.5754425783923,120
2681.6,8,1093.5683810954067,5.6,50.94721290660884,377.50234388616127,120
2681.7,8,1093.5683810954067,5.6,50.95128871854047,377.4635258193215,120
2681.8,8,1093.5683810954067,6.3,50.953794983549585,377.44509153657054,120
2681.9,8,1093.5683810954067,6.3,50.96945012439644,377.317939708068,120
2682.0,8,1093.5683810954067,6.3,50.95931405810096,377.39025881041584,120
2682.1,8,1093.5683810954067,6.3,50.975310342372325,377.25459161173086,120
2682.2,8,1093.5683810954067,6.3,50.967601120068394,377.3129022518592,120
2682.3,8,1093.5683810954067,6.3,50.98682034543012,377.1540429721973,120
2682.4,8,1093.5683810954067,6.3,51.15563202822352,375.80491861628525,120
2682.5,8,1093.5683810954067,6.3,51.16486311626209,375.7346581261882,120
2682.6,8,1093.5683810954067,6.3,51.17148931398002,375.6800799388926,120
2682.7,8,1093.5683810954067,6.3,51.197785111305265,375.47278994332544,120
2682.8,8,1093.5683810954067,6.3,51.206135649624855,375.4037176821478,120
2682.9,8,1093.5683810954067,6.3,51.20975205161322,375.376071223401,120
2683.0,8,1093.5683810954067,6.3,51.208016950139765,375.38004626927386,120
2683.1,8,1093.5683810954067,5.6,51.27453264252618,374.92013867889204,120
2683.2,8,1093.5683810954067,5.6,51.28355036560954,374.8443468807417,120
2683.3,8,1093.5683810954067,5.6,51.379841459249334,374.0960894059749,120
2683.4,8,1093.5683810954067,5.6,51.4054222691655,373.9071822755551,120
2683.5,8,1093.5683810954067,5.6,51.41443193039879,373.84271319295306,120
2683.6,8,1093.5683810954067,5.6,51.43102614960236,373.7172847410495,120
2683.7,8,1093.5683810954067,5.6,51.442026539458524,373.6283645294516,120
2683.8,8,1093.5683810954067,5.6,51.44564348649791,373.602267084195,120
2683.9,8,1093.5683810954067,5.6,51.461098006653586,373.4872572239894,120
2684.0,8,1093.5683810954067,5.6,51.46083956377977,373.49239535095154,120
2684.1,8,1093.5683810954067,5.6,51.47895427354938,373.3604435543003,120
2684.2,8,1093.5683810954067,5.6,51.488205857942944,373.2937024829823,120
2684.3,8,1093.5683810954067,6.3,51.50986506016826,373.1300659287705,120
2684.4,8,1093.5683810954067,6.3,51.509560784133186,373.1447334093275,120
2684.5,8,1093.5683810954067,6.3,51.54385163574373,372.8862356466883,120
2684.6,8,1093.5683810954067,6.3,51.541600833867975,372.9056597010566,120
2684.7,8,1093.5683810954067,6.3,51.567533719064905,372.7099040302513,120
2684.8,8,1093.5683810954067,6.3,51.573677694729426,372.67313182057376,120
2684.9,8,1093.5683810954067,6.3,51.591017989091654,372.5447128480341,120
2685.0,8,1093.5683810954067,6.3,51.602822297190535,372.4562062555556,120
2685.1,8,1093.5683810954067,6.3,51.62101359909244,372.32214605654275,120
2685.2,8,1093.5683810954067,6.3,51.630874169603075,372.367511070618,120
2685.3,8,1093.5683810954067,6.3,51.64321503124525,372.2741693599918,120
2685.4,8,1093.5683810954067,5.6,51.655809628311644,372.1863946026779,120
2685.5,8,1093.5683810954067,5.6,51.68043830090067,372.0020106493546,120
2685.6,8,1093.5683810954067,5.6,51.75830398823112,371.4788081473773,120
2685.7,8,1093.5683810954067,5.6,51.78524544207708,371.27879218654624,120
2685.8,8,1093.5683810954067,6.3,51.79871171929069,371.18163734140353,120
2685.9,8,1093.5683810954067,6.3,51.897201265439165,370.4290744373818,120
2686.0,8,1093.5683810954067,6.3,51.918539144174105,370.27181116445945,120
2686.1,8,1093.5683810954067,6.3,51.94247787131178,370.0906344674923,120
2686.2,8,1093.5683810954067,6.3,51.953424088973904,370.0090574374987,120
2686.3,8,1093.5683810954067,6.3,51.9670308927979,369.90795776595166,120
2686.4,8,1093.5683810954067,6.3,51.97431291975575,369.847655715473,120
2686.5,8,1093.5683810954067,6.3,51.98447988518468,369.7711118821493,120
2686.6,8,1093.5683810954067,6.3,51.99999289838101,369.6577026650921,120
2686.7,8,1093.5683810954067,6.3,52.02099489931885,369.5038744343709,120
2686.8,8,1093.5683810954067,6.3,52.09576339434997,368.93752465783564,120
2686.9,8,1093.5683810954067,6.3,52.11473682050102,368.798506983048,120
2687.0,8,1093.5683810954067,6.3,52.126668611199705,368.711367233763,120
2687.1,8,1093.5683810954067,6.3,52.14956045655428,368.5410216120416,120
2687.2,8,1093.5683810954067,5.6,52.16170380716369,368.45673567386325,120
2687.3,8,1093.5683810954067,5.6,52.1983617116916,368.19246644801126,120
2687.4,8,1093.5683810954067,5.6,52.21074438938815,368.1096379292961,120
2687.5,8,1093.5683810954067,5.6,52.243803724653375,367.8734007817284,120
2687.6,8,1094.1896469949907,5.6,52.272631038250424,367.6651783018135,121
2687.7,8,1094.1896469949907,-100.0,52.2835222605583,367.5917138438751,121
2687.8,8,1094.1896469949907,5.6,52.306844921435584,367.4258092645692,121
2687.9,8,1094.1896469949907,5.6,52.33170306579157,367.2489799494399,121
2688.0,8,1094.1896469949907,5.6,52.458464943945046,366.40048613931907,121
2688.1,8,1094.1896469949907,5.6,52.47782269036185,366.2662172835064,121
2688.2,8,1094.1896469949907,5.6,52.49739141420251,366.1312472866472,121
2688.3,8,1094.1896469949907,5.6,52.52120062711206,365.9595243571622,121
2688.4,8,1094.1896469949907,5.6,52.539062505825044,365.8358611701822,121
2688.5,8,1094.1896469949907,5.6,52.57231319094426,365.59906089737746,121
2688.6,8,1094.1896469949907,5.6,52.587675070634354,365.49082730649224,121
2688.7,8,1094.1896469949907,5.6,52.61112386277937,365.32755343437384,121
2688.8,8,1094.1896469949907,5.6,52.636997586997396,365.1435707067077,121
2688.9,10,1094.1896469949907,4.8999999999999995,52.650197522308495,365.05373663240783,121
2689.0,10,1094.1896469949907,5.6000000000000005,52.66194300150428,364.96775006237465,121
2689.1,10,1094.1896469949907,5.6000000000000005,52.67945703971211,364.75963248837655,121
2689.2,9,1094.1896469949907,4.0,52.67403608349265,364.80313386575756,121
2689.3,9,1094.1896469949907,5.6000000000000005,52.71928030485063,364.4754806012919,121
2689.4,9,1094.1896469949907,5.6000000000000005,52.72961192030347,364.4080971537579,121
2689.5,9,1094.1896469949907,5.6000000000000005,52.7539101355262,364.2399651433299,121
2689.6,9,1094.1896469949907,5.6000000000000005,52.769436645116784,364.1320757273975,121
2689.7,8,1094.1896469949907,4.800000000000001,52.786546933871335,364.0115593443883,121
2689.8,8,1094.1896469949907,5.6,52.792448477435116,363.9720119796576,121
2689.9,8,1094.1896469949907,5.6,52.81384038954286,363.8211397252692,121
2690.0,8,1094.1896469949907,5.6,52.827672305901096,363.7255870626944,121
2690.1,8,1094.1896469949907,5.6,52.860438127434236,363.4968513880439,121
2690.2,8,1094.1896469949907,5.6,52.9696869901354,362.7838791725423,121
2690.3,8,1094.1896469949907,5.6,52.99275669928973,362.6243164889298,121
2690.4,8,1094.1896469949907,5.6,53.003930696070775,362.54508255119106,121
2690.5,8,1094.1896469949907,5.6,53.02599459960203,362.38925720875034,121
2690.6,8,1094.1896469949907,5.6,53.040820445986895,362.2864759752212,121
2690.7,8,1094.1896469949907,6.3,53.060531242471825,362.1473054295595,121
2690.8,8,1094.1896469949907,5.6,53.07558834221477,362.0447237677675,121
2690.9,8,1094.1896469949907,5.6,53.10416649484206,361.84469862507524,121
2691.0,8,1094.1896469949907,5.6,53.139835294992494,361.5636092360568,121
2691.1,8,1094.1896469949907,5.6,53.15801667352507,361.4322333801436,121
2691.2,8,1094.1896469949907,5.6,53.17132249965425,361.3353549282404,121
2691.3,8,1094.1896469949907,5.6,53.16822171852546,361.3528789750419,121
2691.4,8,1094.1896469949907,5.6,53.18080841298441,361.2624554619539,121
2691.5,8,1094.1896469949907,5.6,53.18212417433622,361.25591396989813,121
2691.6,8,1094.1896469949907,5.6,53.201190340200995,361.120439703422,121
2691.7,8,1094.1896469949907,5.6,53.192359826837254,361.18434183446163,121
2691.8,8,1094.1896469949907,5.6,53.20514697724825,361.09280180359076,121
2691.9,8,1094.1896469949907,5.6,53.207122970911776,361.07921013505404,121
2692.0,8,1094.1896469949907,5.6,53.21616160112265,361.01822025108254,121
2692.1,8,1094.1896469949907,5.6,53.20716526162255,361.08356955003245,121
2692.2,8,1094.1896469949907,5.6,53.180029453197676,361.28621653665994,121
2692.3,8,1094.1896469949907,5.6,53.26270512234041,360.75173646634835,121
2692.4,8,1094.1896469949907,5.6,53.26394318512109,360.7471425762295,121
2692.5,8,1094.1896469949907,5.6,53.35220235868,360.12219259492895,121
2692.6,8,1094.1896469949907,5.6,53.346811616008125,360.1630203919855,121
2692.7,8,1094.1896469949907,5.6,53.34115676039694,360.2025389829842,121
2692.8,8,1094.1896469949907,5.6,53.36321470920649,360.05347053906644,121
2692.9,8,1094.1896469949907,5.6,53.36728808089606,360.0299121599194,121
2693.0,8,1094.1896469949907,5.6,53.36459773224445,360.04986194859316,121
2693.1,8,1094.1896469949907,5.6,53.364717199447654,360.05481080245147,121
2693.2,8,1094.1896469949907,5.6,53.37627481925764,359.97714608222714,121
2693.3,8,1094.1896469949907,5.6,53.39757576631713,359.82932769184475,121
2693.4,8,1094.1896469949907,5.6,53.39094509359326,359.87928002938384,121
2693.5,8,1094.1896469949907,5.6,53.40337294962857,359.79490272111764,121
2693.6,8,1094.1896469949907,5.6,53.41584917374001,359.7106736710518,121
2693.7,8,1094.1896469949907,5.6,53.448966591311304,359.4817151408422,121
2693.8,8,1094.1896469949907,5.6,53.44920154209194,359.48748428492024,121
2693.9,8,1094.1896469949907,5.6,53.47758137053886,359.2908884840869,121
2694.0,8,1094.8104712610207,5.6,53.48066961841606,359.2800598977584,122
2694.1,8,1094.8104712610207,-100.0,53.50896430470067,359.0865644153381,122
2694.2,8,1094.8104712610207,5.6,53.51585212718793,359.04359984886895,122
2694.3,8,1094.8104712610207,5.6,53.54599218638238,358.8381279681084,122
2694.4,9,1094.8104712610207,5.6,53.62242829904115,358.354369423722,122
2694.5,8,1094.8104712610207,5.6000000000000005,53.637605186020274,358.25393169297547,122
2694.6,8,1094.8104712610207,6.3,53.65226234733012,358.1566729821529,122
2694.7,8,1094.8104712610207,6.3,53.68684656530729,357.9229040305514,122
2694.8,8,1094.8104712610207,6.3,53.703857007502585,357.79370170605125,122
2694.9,8,1094.8104712610207,6.3,53.72689037209557,357.64068778318835,122
2695.0,8,1094.8104712610207,6.3,53.73804496472904,357.5727844554524,122
2695.1,8,1094.8104712610207,6.3,53.824177227578545,356.97476183653885,122
2695.2,8,1094.8104712610207,6.3,53.82558305156138,356.9706576637891,122
2695.3,8,1094.8104712610207,6.3,53.85377611931616,356.78572311959897,122
2695.4,8,1094.8104712610207,6.3,53.850062187626406,356.8209685333719,122
2695.5,8,1094.8104712610207,6.3,53.84743420921809,356.84522592932683,122
2695.6,8,1094.8104712610207,7.0,53.88278390731329,356.60804979905834,122
2695.7,8,1094.8104712610207,6.3,53.86898433378682,356.7679144287961,122
2695.8,8,1094.8104712610207,6.3,53.90116261332729,356.553036144118,122
2695.9,8,1094.8104712610207,6.3,53.92028531648165,356.4371335181744,122
2696.0,8,1094.8104712610207,6.3,53.94892997241021,356.24748654519453,122
2696.1,8,1094.8104712610207,6.3,53.975842679898946,356.07470759594366,122
2696.2,8,1094.8104712610207,6.3,54.01455022822336,355.82343170516333,122
2696.3,8,1094.8104712610207,6.3,54.05225226926366,355.5778593230047,122
2696.4,8,1094.8104712610207,6.3,54.086768229737686,355.35204472619984,122
2696.5,8,1094.8104712610207,6.3,54.108993318541025,355.2150138488247,122
2696.6,8,1094.8104712610207,6.3,54.123292053166004,355.1180091810463,122
2696.7,8,1094.8104712610207,6.3,54.158688360276656,354.8894736459872,122
2696.8,8,1094.8104712610207,6.3,54.202210363167765,354.6091627425453,122
2696.9,8,1094.8104712610207,6.3,54.24725068283673,354.32177407247735,122
2697.0,8,1094.8104712610207,6.3,54.28010717476123,354.10820375391916,122
2697.1,8,1094.8104712610207,6.3,54.37963292542124,353.481895004099,122
2697.2,8,1094.8104712610207,6.3,54.415044862517504,353.2566505450214,122
2697.3,8,1094.8104712610207,6.3,54.45962665967439,352.9705476535844,122
2697.4,8,1094.8104712610207,6.3,54.56866828241171,352.2341808840528,122
2697.5,8,1094.8104712610207,6.3,54.54834662696648,352.4012616625729,122
2697.6,8,1094.8104712610207,6.3,54.543308017466906,352.42471517932097,122
2697.7,8,1094.8104712610207,6.3,54.5841086754059,352.16102364344965,122
2697.8,8,1094.8104712610207,6.3,54.62129734911541,351.9264329013727,122
2697.9,8,1094.8104712610207,6.3,54.66717539530603,351.63313101767255,122
2698.0,8,1094.8104712610207,5.6,54.69665131621581,351.4534250158559,122
2698.1,8,1094.8104712610207,5.6,54.72799094043229,351.2532860093321,122
2698.2,8,1094.8104712610207,5.6,54.76302245477779,351.0329146073193,122
2698.3,8,1094.8104712610207,5.6,54.7923543619266,350.850605342868,122
2698.4,8,1094.745982958633,5.6,54.82149814635489,350.66973208846497,122
2698.5,8,1094.745982958633,6.3,54.85965116679354,350.4288320980714,122
2698.6,8,1094.745982958633,6.3,54.86461103331631,350.3917267076136,122
2698.7,8,1094.745982958633,6.3,54.898015395643924,350.1810304207091,122
2698.8,8,1094.745982958633,6.3,54.93089374367497,349.97575173422047,122
2698.9,8,1094.745982958633,6.3,54.958248734047785,349.8070317850281,122
2699.0,8,1094.745982958633,6.3,54.9837220350446,349.65510829771836,122
2699.1,8,1094.745982958633,6.3,55.01724199199544,349.44001718105324,122
2699.2,8,1094.745982958633,6.3,55.03892080262638,349.313073505468,122
2699.3,8,1094.745982958633,6.3,55.026508860608665,349.4143212483422,122
2699.4,8,1094.745982958633,6.3,55.045138397141685,349.3042262749331,122
2699.5,8,1094.745982958633,6.3,55.07034322039737,349.144157115834,122
2699.6,8,1094.745982958633,6.3,55.078298922874126,348.98510441569886,122
2699.7,8,1094.745982958633,6.3,55.111717235575256,348.77851276413395,122
2699.8,8,1094.745982958633,6.3,55.13090159920003,348.660677700484,122
2699.9,8,1094.745982958633,6.3,55.15601706629957,348.5055308483599,122
2700.0,8,1094.745982958633,6.3,55.17785490422327,348.37724509170835,122
2700.1,8,1094.745982958633,6.3,55.20251616546092,348.2242212616246,122
2700.2,8,1094.745982958633,6.3,55.18007047199851,348.35417843822006,122
2700.3,8,1094.745982958633,6.3,55.20784359419868,348.17983861795915,122
2700.4,8,1094.745982958633,6.3,55.35647320854562,347.1957302671683,122
2700.5,8,1094.745982958633,6.3,55.36828171881177,347.1275526508897,122
2700.6,8,1094.745982958633,6.3,55.373651641304086,347.10556856875417,122
2700.7,8,1094.745982958633,6.3,55.38643599464643,347.027539974774,122
2700.8,8,1094.745982958633,6.3,55.39193173895629,346.9999113471493,122
2700.9,8,1094.745982958633,6.3,55.401039321669906,346.9504889396783,122
2701.0,8,1094.745982958633,5.6,55.41777902645242,346.8494352826479,122
2701.1,8,1094.745982958633,5.6,55.42978781046734,346.7780521858284,122
2701.2,8,1094.745982958633,5.6,55.441073672397295,346.7083047355768,122
2701.3,8,1094.745982958633,5.6,55.59892355263914,345.7945512573212,122
2701.4,8,1094.681291279037,5.6,55.60713130921667,345.7497973830342,122
2701.5,8,1094.681291279037,6.3,55.64281773921317,345.52112316410546,122
2701.6,8,1094.681291279037,6.3,55.65653319184005,345.43997664510573,122
2701.7,8,1094.681291279037,6.3,55.68139560505548,345.27996661357383,122
2701.8,8,1094.681291279037,6.3,55.599375483970775,345.83446513565576,122
2701.9,8,1094.681291279037,6.3,55.61435375039863,345.74318671518506,122
2702.0,8,1094.681291279037,6.3,55.62778452374518,345.66028275886026,122
2702.1,8,1094.681291279037,6.3,55.6493084711459,345.5229734732475,122
2702.2,8,1094.681291279037,6.3,55.67251846157441,345.37792111868924,122
2702.3,8,1094.681291279037,6.3,55.68331824847592,345.3075045512089,122
2702.4,8,1094.681291279037,6.3,55.688722699932555,345.28073770884544,122
2702.5,8,1094.681291279037,5.6,55.705814724135536,345.1692013920331,122
2702.6,8,1094.681291279037,5.6,55.71644178169598,345.1040532123218,122
2702.7,8,1094.681291279037,5.6,55.73970117434352,344.94753243618095,122
2702.8,8,1094.681291279037,5.6,55.7440604756926,344.925989634557,122
2702.9,8,1094.681291279037,5.6,55.76683586957766,344.78306833003694,122
2703.0,8,1094.681291279037,5.6,55.766196416466144,344.7882100151455,122
2703.1,8,1094.681291279037,5.6,55.782089261578065,344.6894696411528,122
2703.2,8,1094.681291279037,5.6,55.77795790661395,344.7192502841374,122
2703.3,8,1094.681291279037,5.6,55.77777754542278,344.7242161293531,122
2703.4,8,1094.681291279037,5.6,55.7950587853703,344.6183204135931,122
2703.5,8,1094.681291279037,5.6,55.72372793535268,345.03938638475375,122
2703.6,8,1094.681291279037,5.6,55.71934008188264,345.06912254885617,122
2703.7,8,1094.681291279037,5.6,55.83743682424654,344.392481514937,122
2703.8,8,1094.681291279037,5.6,55.84426872736394,344.35679131736487,122
2703.9,8,1094.681291279037,5.6,55.85301693748292,344.2985823038292,122
2704.0,8,1094.681291279037,5.6,55.74093816372017,345.05501895765207,122
2704.1,11,1094.681291279037,5.6,55.74366052217222,345.0408220420767,122
2704.2,11,1094.681291279037,5.4,55.73282095959725,345.11122990995227,122
2704.3,11,1094.681291279037,5.4,55.739029278971934,345.0695648022953,122
2704.4,8,1094.6186239704296,5.4,55.73167954480748,345.1174978504779,122
2704.5,8,1094.6186239704296,6.3,55.7312384972358,345.12548303102807,122
2704.6,8,1094.6186239704296,6.3,55.720710103946715,345.19842370775393,122
2704.7,11,1094.6186239704296,5.6,55.70702137955259,345.28132508750497,122
2704.8,11,1094.6186239704296,5.4,55.69748297640356,345.3482070677585,122
2704.9,11,1094.6186239704296,5.4,55.69069438670297,345.39698653426785,122
2705.0,8,1094.6186239704296,4.5,55.68238891010443,345.46295348276806,122
2705.1,8,1094.6186239704296,5.6,55.689816108455304,345.4198198376522,122
2705.2,8,1094.6186239704296,5.6,55.6895173710998,345.4318023852914,122
2705.3,8,1094.6186239704296,5.6,55.7917739227714,344.74994069197453,122
2705.4,11,1094.6186239704296,5.6,55.78559082630984,344.7985085843845,122
2705.5,11,1094.6186239704296,5.4,55.79075301727414,344.7729796807157,122
2705.6,11,1094.6186239704296,5.4,55.786731986660804,344.807849797061,122
2705.7,11,1094.6186239704296,5.4,55.78415155233787,344.82937778853113,122
2705.8,11,1094.6186239704296,5.4,55.78420296151242,344.8392169756347,122
2705.9,11,1094.6186239704296,5.4,55.787764327826764,344.82578212005035,122
2706.0,11,1094.6186239704296,5.4,55.8668988764922,344.3790750693802,122
2706.1,11,1094.6186239704296,5.4,55.863563995111704,344.4062693416,122
2706.2,11,1094.6186239704296,5.4,55.866854942848846,344.3908210440133,122
2706.3,11,1094.6186239704296,5.4,55.87281973127499,344.3547294418465,122
2706.4,11,1094.6186239704296,5.4,55.87880602931254,344.3232562714594,122
2706.5,11,1094.6186239704296,5.4,55.885741202692316,344.2792869553772,122
2706.6,11,1094.6186239704296,5.4,55.908502030436665,344.13889240881355,122
2706.7,11,1094.6186239704296,5.4,55.91673891917482,344.09404789816665,122
2706.8,10,1094.6186239704296,4.5,55.924003125341436,344.0535773282062,122
2706.9,11,1094.6186239704296,4.800000000000001,55.942963159418156,343.94200717658157,122
2707.0,11,1094.6186239704296,5.4,55.9529683592699,343.88681022453176,122
2707.1,11,1094.6186239704296,5.4,55.96489091055562,343.8159699351179,122
2707.2,8,1094.5556074681492,5.4,55.91962121942305,344.0676331808193,122
2707.3,8,1094.5556074681492,5.6,55.92846688979262,344.02002354310935,122
2707.4,8,1094.5556074681492,5.6,55.93359860141129,343.984391549974,122
2707.5,8,1094.5556074681492,5.6,55.95526073594085,343.85092459667453,122
2707.6,8,1094.5556074681492,5.6,56.04812160515458,343.2314016623218,122
2707.7,8,1094.5556074681492,5.6,56.056450299538966,343.1805847725666,122
2707.8,8,1094.5556074681492,5.6,56.06072294596709,343.1572782671261,122
2707.9,8,1094.5556074681492,5.6,56.07354993166632,343.07759434153144,122
2708.0,11,1094.5556074681492,4.8999999999999995,56.093108613456835,342.9573020817294,122
2708.1,10,1094.5556074681492,4.5,56.10708733225787,342.87165375218444,122
2708.2,10,1094.5556074681492,4.800000000000001,56.074970781064124,343.09665955132965,122
2708.3,10,1094.5556074681492,4.800000000000001,56.18093393896173,342.5021164671166,122
2708.4,10,1094.5556074681492,4.800000000000001,56.20498221138706,342.3524098174331,122
2708.5,10,1094.5556074681492,4.800000000000001,56.22780821198994,342.2095313318099,122
2708.6,10,1094.5556074681492,4.800000000000001,56.243392346854996,342.1133790898805,122
2708.7,10,1094.5556074681492,4.800000000000001,56.26316189145964,341.9940855790861,122
2708.8,10,1094.5556074681492,4.800000000000001,56.28031205937053,341.8887000942816,122
2708.9,10,1094.5556074681492,4.800000000000001,56.294859004659074,341.79536537681713,122
2709.0,10,1094.5556074681492,4.800000000000001,56.245465102825904,342.0693689347705,122
2709.1,10,1094.5556074681492,4.800000000000001,56.26328782937845,341.9562444320517,122
2709.2,10,1094.5556074681492,4.800000000000001,56.27434653134617,341.8881108565195,122
2709.3,10,1094.5556074681492,4.800000000000001,56.278189740021304,341.8665272269023,122
2709.4,10,1094.5556074681492,5.6000000000000005,56.28421891241121,341.82522805174466,122
2709.5,10,1094.5556074681492,5.6000000000000005,56.279110520300236,341.86377461786986,122
2709.6,10,1094.5556074681492,5.6000000000000005,56.2880561862476,341.80442555310253,122
2709.7,10,1094.5556074681492,5.6000000000000005,56.302125360552736,341.71695080942345,122
2709.8,10,1094.5556074681492,5.6000000000000005,56.317895018678286,341.61604033805827,122
2709.9,10,1094.5556074681492,4.800000000000001,56.34500594353848,341.43570835385555,122
2710.0,10,1094.5556074681492,4.800000000000001,56.34989433272115,341.40559508502906,122
2710.1,10,1094.5556074681492,4.800000000000001,56.36984063448962,341.281919456287,122
2710.2,10,1094.5556074681492,4.800000000000001,56.4898429524884,340.49038289126406,122
2710.3,10,1094.5556074681492,4.800000000000001,56.34434366007679,341.44806576525525,122
2710.4,10,1094.5556074681492,4.800000000000001,56.366120082139744,341.3106926296065,122
2710.5,10,1094.5556074681492,4.800000000000001,56.46934368646504,340.73612209600685,122
2710.6,10,1094.5556074681492,4.800000000000001,56.48538771319315,340.63107472125483,122
2710.7,10,1094.5556074681492,4.800000000000001,56.50757169977696,340.4925855107804,122
2710.8,10,1094.5556074681492,4.800000000000001,56.53084130451836,340.34629338187995,122
2710.9,10,1094.5556074681492,4.800000000000001,56.541462403641205,340.27439507292456,122
2711.0,10,1094.5556074681492,4.800000000000001,56.5600816614122,340.1609053141277,122
2711.1,10,1094.5556074681492,4.800000000000001,56.58487894299937,340.0087819969548,122
2711.2,10,1094.5556074681492,4.800000000000001,56.606053301322916,339.8765069067405,122
2711.3,10,1094.5556074681492,4.800000000000001,56.62510572226908,339.76113180821767,122
2711.4,10,1094.5556074681492,4.800000000000001,56.573319343356516,340.03967055690487,122
2711.5,10,1094.5556074681492,4.800000000000001,56.583586674275836,339.97455846638337,122
2711.6,10,1094.5556074681492,4.800000000000001,56.61061434865914,339.7989750961524,122
2711.7,10,1094.5556074681492,4.800000000000001,56.62509017985472,339.71318446883026,122
2711.8,10,1094.5556074681492,4.800000000000001,56.64052475529189,339.6126810631113,122
2711.9,10,1094.5556074681492,4.800000000000001,56.65620093654968,339.51514799673606,122
2712.0,10,1094.5556074681492,4.800000000000001,56.677351701786264,339.37959737161975,122
2712.1,10,1094.5556074681492,4.800000000000001,56.69511766514865,339.264935891851,122
2712.2,10,1094.5556074681492,4.800000000000001,56.715985883879995,339.13205874807494,122
2712.3,10,1094.5556074681492,4.800000000000001,56.821552435540085,338.4490858271911,122
2712.4,10,1094.5556074681492,4.800000000000001,56.83783222961732,338.3419882534398,122
2712.5,10,1094.5556074681492,4.800000000000001,56.86165540998812,338.1966092922088,122
2712.6,10,1094.5556074681492,4.800000000000001,56.8822303217034,338.0661343368189,122
2712.7,10,1094.5556074681492,4.800000000000001,56.80348416971261,338.5764998331168,122
2712.8,10,1094.5556074681492,4.800000000000001,56.91136301470853,337.9679716669647,122
2712.9,10,1094.5556074681492,4.800000000000001,56.92622190028911,337.86856434240315,122
2713.0,10,1094.5556074681492,5.6000000000000005,56.94402877501848,337.76021772649096,122
2713.1,10,1094.5556074681492,5.6000000000000005,56.920902500629126,337.87195795967085,122
2713.2,10,1094.5556074681492,5.6000000000000005,56.93921139968089,337.7559456767655,122
2713.3,10,1094.5556074681492,5.6000000000000005,56.95913664268067,337.6326881398986,122
2713.4,10,1094.5556074681492,5.6000000000000005,56.98160183010448,337.4947935450398,122
2713.5,10,1094.5556074681492,5.6000000000000005,57.00491850855239,337.3490955872536,122
2713.6,10,1094.5556074681492,5.6000000000000005,57.02582812175511,337.21300673823237,122
2713.7,10,1094.5556074681492,5.6000000000000005,57.0421015968829,337.11415710163004,122
2713.8,10,1094.5556074681492,6.4,57.05547568657409,337.02899791313473,122
2713.9,10,1094.5556074681492,6.4,57.01967949018476,337.215041959106,122
2714.0,10,1094.5556074681492,6.4,57.04156762054449,337.08045155859884,122
2714.1,10,1094.5556074681492,6.4,57.0569457542135,336.98540463626784,122
2714.2,10,1094.5556074681492,6.4,57.06977194191249,336.9027490382625,122
2714.3,10,1094.5556074681492,5.6000000000000005,57.077190537768615,336.8563231897871,122
2714.4,10,1094.5556074681492,5.6000000000000005,56.978618606920904,337.48674513073354,122
2714.5,10,1094.5556074681492,5.6000000000000005,56.99582553608163,337.38435083896377,122
2714.6,10,1094.5556074681492,5.6000000000000005,57.02089982292439,337.2243327846161,122
2714.7,10,1094.5556074681492,5.6000000000000005,57.039066419871546,337.1155017788258,122
2714.8,10,1094.5556074681492,5.6000000000000005,57.139812199577406,336.47942509339214,122
2714.9,10,1094.5556074681492,5.6000000000000005,57.1599687054661,336.36001999773134,122
2715.0,10,1094.5556074681492,5.6000000000000005,57.17231718606277,336.2800298842975,122
2715.1,10,1094.5556074681492,5.6000000000000005,57.17946104266768,336.23919559819444,122
2715.2,10,1094.5556074681492,5.6000000000000005,57.25383017935917,335.82581771042453,122
2715.3,10,1094.5556074681492,5.6000000000000005,57.28111101393577,335.66280390713564,122
2715.4,10,1094.5556074681492,5.6000000000000005,57.300827018907995,335.5405807858948,122
2715.5,10,1094.5556074681492,5.6000000000000005,57.30321217884877,335.52655584535466,122
2715.6,10,1094.5556074681492,5.6000000000000005,57.31651220116768,335.44863790692136,122
2715.7,10,1094.5556074681492,5.6000000000000005,57.337650285329815,335.3201211206989,122
2715.8,9,1095.1551898547668,4.800000000000001,57.34522831215672,335.27480657468635,122
2715.9,10,1095.1551898547668,3.2,57.34982871726544,335.2470569601878,122
2716.0,10,1095.1551898547668,4.800000000000001,57.35993306631906,335.1903485770135,122
2716.1,10,1095.1551898547668,4.800000000000001,57.377672859346106,335.0838014206157,122
2716.2,10,1095.1551898547668,4.800000000000001,57.385108712853025,335.04182108946577,122
2716.3,10,1095.1551898547668,4.800000000000001,57.39906758093015,334.9626616123488,122
2716.4,10,1095.1551898547668,4.800000000000001,57.40822029489996,334.9122560175281,122
2716.5,10,1095.1551898547668,4.800000000000001,57.43113106750185,334.77525699081485,122
2716.6,10,1095.1551898547668,4.800000000000001,57.4332250319623,334.7664364870276,122
2716.7,10,1095.1551898547668,4.800000000000001,57.44824846872066,334.6784009636941,122
2716.8,10,1095.1551898547668,4.800000000000001,57.4609107326003,334.60955007412724,122
2716.9,10,1095.1551898547668,4.800000000000001,57.47779553967759,334.5129136260464,122
2717.0,10,1095.1551898547668,4.800000000000001,57.49378388815363,334.41934906592206,122
2717.1,10,1095.1551898547668,4.800000000000001,57.58206615341065,333.8713870516241,122
2717.2,10,1095.1551898547668,4.800000000000001,57.586820909694055,333.8469010888658,122
2717.3,10,1095.1551898547668,4.800000000000001,57.60165517358369,333.75870172632006,122
2717.4,10,1095.1551898547668,4.800000000000001,57.607375382235645,333.72919141604234,122
2717.5,10,1095.1551898547668,4.800000000000001,57.53914730993816,334.08938317879915,122
2717.6,10,1095.1551898547668,4.800000000000001,57.53436155839586,334.1184868389506,122
2717.7,10,1095.1551898547668,4.800000000000001,57.558522301820034,333.9762140435199,122
2717.8,10,1095.1551898547668,4.800000000000001,57.61788803884857,333.6600330065156,122
2717.9,10,1095.1551898547668,4.800000000000001,57.63681544340786,333.55059795229715,122
2718.0,10,1095.1551898547668,4.800000000000001,57.64753765051343,333.48975536590575,122
2718.1,9,1095.4973543872477,4.0,57.656928979405535,333.43525582457346,122
2718.2,9,1095.7180621808157,3.2,57.59440129820126,333.7725768808405,122
2718.3,9,1095.7180621808157,3.2,57.60384327918954,333.7185929775577,122
2718.4,8,1095.6929851353548,3.2,57.601317367856524,333.73571115379747,122
2718.5,8,1095.6929851353548,4.8999999999999995,57.623934810703325,333.60264197030375,122
2718.6,8,1095.6929851353548,4.8999999999999995,57.54418693347073,334.10115057946956,122
2718.7,10,1095.6929851353548,4.199999999999999,57.551625956384015,334.0539708852432,122
2718.8,10,1095.6929851353548,4.800000000000001,57.57522671481257,333.91456298549906,122
2718.9,10,1095.6929851353548,4.800000000000001,57.57822329032375,333.89178204032953,122
2719.0,9,1095.869083280218,4.800000000000001,57.57564355005972,333.9078019040033,122
2719.1,10,1095.869083280218,4.0,57.57639393613249,333.90075372545925,122
2719.2,10,1095.869083280218,4.800000000000001,57.578226257154924,333.89491049139815,122
2719.3,10,1095.869083280218,4.800000000000001,57.58317347081018,333.86105100043386,122
2719.4,9,1095.869083280218,4.0,57.649291256835824,333.45069307136805,122
2719.5,9,1095.869083280218,4.0,57.65468149216177,333.4171884603327,122
2719.6,9,1095.869083280218,4.0,57.64752298288849,333.46026199407663,122
2719.7,9,1095.869083280218,4.0,57.64598297453885,333.4704893065218,122
2719.8,9,1095.869083280218,4.0,57.65037255822227,333.44494847050254,122
2719.9,9,1095.869083280218,4.0,57.64801554115994,333.4606283011404,122
2720.0,10,1095.869083280218,3.2,57.66129029793992,333.38933308013185,122
2720.1,10,1095.869083280218,4.800000000000001,57.66070197568945,333.3911386042563,122
2720.2,10,1095.869083280218,4.800000000000001,57.51560419285768,334.2987670834295,122
2720.3,10,1095.869083280218,4.800000000000001,57.573022189579895,333.9965867059842,122
2720.4,10,1095.869083280218,4.800000000000001,57.45666992982596,334.63164331577855,122
2720.5,10,1095.869083280218,4.800000000000001,57.4378177871503,334.7442354754029,122
2720.6,10,1095.869083280218,4.800000000000001,57.43733052135456,334.748696327712,122
2720.7,10,1095.869083280218,4.800000000000001,57.42597756496229,334.81103497830384,122
2720.8,10,1095.869083280218,4.800000000000001,57.41331409317624,334.88913988794434,122
2720.9,10,1095.869083280218,4.800000000000001,57.4065911268692,334.92933731083616,122
2721.0,10,1095.869083280218,4.800000000000001,57.39936472478617,334.9723702970805,122
2721.1,10,1095.869083280218,4.800000000000001,57.387657666608746,335.04660847362817,122
2721.2,10,1095.869083280218,4.800000000000001,57.38141358777048,335.08167459842457,122
2721.3,10,1095.869083280218,4.800000000000001,57.3619913544058,335.19381251057666,122
2721.4,10,1095.869083280218,4.800000000000001,57.331769570927364,335.3782203539603,122
2721.5,10,1095.869083280218,4.800000000000001,57.32460700962846,335.4228867180505,122
2721.6,10,1095.869083280218,4.800000000000001,57.14781540042303,336.54175616748125,122
2721.7,10,1095.869083280218,4.800000000000001,57.128704758116896,336.6553709676281,122
2721.8,10,1095.869083280218,4.800000000000001,57.10398422703866,336.8043374897794,122
2721.9,9,1096.0574035607071,4.800000000000001,57.072079042479615,336.9331826920997,122
2722.0,9,1096.0574035607071,4.0,57.047447069974204,337.0860472367373,122
2722.1,9,1096.0574035607071,4.0,57.02215937076345,337.2428052913258,122
2722.2,9,1096.0574035607071,4.0,56.999462043812876,337.37782574471964,122
2722.3,9,1096.0574035607071,4.0,56.975916196929404,337.5248359835577,122
2722.4,9,1096.0574035607071,3.2,56.951441575992924,337.6727818733981,122
2722.5,9,1096.0574035607071,3.2,56.9289866232856,337.814663843503,122
2722.6,9,1096.0574035607071,3.2,56.90701487600663,337.9472782351466,122
2722.7,10,1096.0574035607071,3.2,56.791538065120385,338.60352520368315,122
2722.8,10,1096.0574035607071,4.800000000000001,56.770235989665736,338.7321212257525,122
2722.9,10,1096.0574035607071,4.800000000000001,56.77382511512849,338.72740321196136,122
2723.0,10,1096.0574035607071,4.800000000000001,56.75445249329005,338.84278056766965,122
2723.1,10,1096.0574035607071,4.800000000000001,56.727657879497784,339.0064306769073,122
2723.2,10,1096.0574035607071,4.800000000000001,56.70420702113909,339.1421357101032,122
2723.3,10,1096.0574035607071,4.800000000000001,56.66405685553503,339.38456890052146,122
2723.4,10,1096.0574035607071,4.800000000000001,56.636135006530424,339.5521611809915,122
2723.5,10,1096.0574035607071,4.800000000000001,56.596204963877334,339.78957393648346,122
2723.6,10,1096.0574035607071,4.800000000000001,56.55554950943744,340.0365050533766,122
2723.7,10,1096.0574035607071,4.800000000000001,56.523400262161644,340.2366761888503,122
2723.8,10,1096.0574035607071,4.800000000000001,56.49554401895274,340.3966360447796,122
2723.9,10,1096.0574035607071,4.800000000000001,56.33931577303825,341.40393223435785,122
2724.0,10,1096.0574035607071,5.6000000000000005,56.3100283146353,341.5788267226742,122
2724.1,10,1096.0574035607071,5.6000000000000005,56.27350781850586,341.7966231165216,122
2724.2,10,1096.0574035607071,5.6000000000000005,56.246175597545275,341.95496405258683,122
2724.3,10,1096.0574035607071,5.6000000000000005,56.086248021233345,342.7475335559338,122
2724.4,10,1096.0574035607071,5.6000000000000005,56.05504323613361,342.93498958937676,122
2724.5,10,1096.0574035607071,5.6000000000000005,56.0282686466457,343.09733713953347,122
2724.6,10,1096.0574035607071,4.800000000000001,56.00604006622055,343.2263704275452,122
2724.7,10,1096.0574035607071,4.800000000000001,55.98163137745264,343.3744535734219,122
2724.8,10,1096.0574035607071,4.800000000000001,55.9458288504546,343.5906119361651,122
2724.9,10,1096.0574035607071,4.800000000000001,55.92124528209608,343.73738453147416,122
2725.0,10,1096.0574035607071,4.800000000000001,55.88682180729497,343.9460130766763,122
2725.1,10,1096.0574035607071,4.800000000000001,55.847369026808444,344.1935113177216,122
2725.2,10,1096.0574035607071,4.800000000000001,55.82158795378871,344.34400412082346,122
2725.3,10,1096.0574035607071,4.800000000000001,55.79561327009729,344.5048772149622,122
2725.4,10,1096.0574035607071,4.800000000000001,55.773325632982946,344.63326921778025,122
2725.5,10,1096.0574035607071,4.800000000000001,55.68791048937917,345.139317321459,122
2725.6,10,1096.0574035607071,5.6000000000000005,55.66932936091821,345.2544933937686,122
2725.7,10,1096.0574035607071,5.6000000000000005,55.65921147920049,345.3177425244753,122
2725.8,10,1096.0574035607071,5.6000000000000005,55.635734741222294,345.46477185339074,122
2725.9,10,1096.0574035607071,5.6000000000000005,55.631115381043216,345.4934607497099,122
2726.0,10,1096.0574035607071,5.6000000000000005,55.61895156059055,345.56885841202063,122
2726.1,10,1096.0574035607071,5.6000000000000005,55.62037934127653,345.5634374911932,122
2726.2,10,1096.0574035607071,5.6000000000000005,55.63056751350108,345.49861453275093,122
2726.3,10,1096.0574035607071,5.6000000000000005,55.61657603983806,345.58715197414887,122
2726.4,10,1096.6703690427553,5.6000000000000005,55.61670530374665,345.5896597215799,123
2726.5,10,1096.6703690427553,-100.0,55.614145314434175,345.6025967836981,123
2726.6,10,1096.6703690427553,5.6000000000000005,55.610699547431196,345.62749151586513,123
2726.7,10,1096.6703690427553,5.6000000000000005,55.62856186747912,345.51236970973287,123
2726.8,10,1096.6703690427553,5.6000000000000005,55.636618354134626,345.45959889402855,123
2726.9,10,1096.6703690427553,5.6000000000000005,55.75769683349884,344.6725972936299,123
2727.0,10,1096.6703690427553,5.6000000000000005,55.76740155613569,344.61376017632097,123
2727.1,10,1096.6703690427553,5.6000000000000005,55.79449763342067,344.4459519212502,123
2727.2,10,1096.6703690427553,5.6000000000000005,55.816448096778075,344.3133882741508,123
2727.3,10,1096.6703690427553,5.6000000000000005,55.837489589301086,344.17944897848497,123
2727.4,10,1096.6703690427553,5.6000000000000005,55.8553884518072,344.06983396865826,123
2727.5,10,1096.6703690427553,5.6000000000000005,55.86834970098167,343.9880742684737,123
2727.6,10,1096.6703690427553,5.6000000000000005,55.914385301038905,343.66476265132667,123
2727.7,10,1096.6703690427553,5.6000000000000005,56.03597711011902,342.8783796360835,123
2727.8,10,1096.6703690427553,5.6000000000000005,56.034714518240314,342.895571973021,123
2727.9,10,1096.6703690427553,5.6000000000000005,56.04890400259721,342.8104574857357,123
2728.0,10,1096.6703690427553,5.6000000000000005,56.06877904427689,342.6919836887708,123
2728.1,10,1096.6703690427553,5.6000000000000005,56.07607855203447,342.64710125255203,123
2728.2,10,1096.6703690427553,5.6000000000000005,56.07867940210816,342.6379495292788,123
2728.3,10,1096.6703690427553,5.6000000000000005,56.094248568391855,342.5432153131825,123
2728.4,10,1096.6703690427553,5.6000000000000005,56.10343269642397,342.49280080462984,123
2728.5,10,1096.6703690427553,5.6000000000000005,56.12730746123981,342.3444282451761,123
2728.6,10,1096.6703690427553,4.800000000000001,56.13763250615433,342.28734724607426,123
2728.7,10,1096.6703690427553,4.800000000000001,56.162142879813715,342.14186121361865,123
2728.8,10,1096.6703690427553,4.800000000000001,56.175432926527286,342.06941401930555,123
2728.9,10,1096.6703690427553,4.800000000000001,56.21031710120997,341.8582083421824,123
2729.0,10,1096.6703690427553,4.800000000000001,56.2269995368885,341.75609069834945,123
2729.1,10,1096.6703690427553,4.800000000000001,56.255054204956984,341.5885795275533,123
2729.2,10,1096.6703690427553,4.800000000000001,56.33605097396395,341.12997648186274,123
2729.3,10,1096.6703690427553,4.800000000000001,56.24884265179337,341.620188836829,123
2729.4,10,1096.6703690427553,4.800000000000001,56.27662857617632,341.45338013544654,123
2729.5,9,1097.129721675169,4.0,56.30682645689344,341.2728259886847,123
2729.6,12,1097.129721675169,4.800000000000001,56.32080640289759,341.18728659197086,123
2729.7,12,1097.129721675169,4.5,56.33398805234348,341.10833745918154,123
2729.8,12,1097.129721675169,4.5,56.33842628373584,341.0848941999619,123
2729.9,12,1097.129721675169,4.5,56.34810861702988,341.02751889429067,123
2730.0,12,1097.129721675169,4.5,56.365243722542075,340.92521150281357,123
2730.1,10,1097.129721675169,3.6,56.39161837703112,340.765578764446,123
2730.2,10,1097.129721675169,4.0,56.40223980679606,340.7019498439221,123
2730.3,10,1097.129721675169,4.0,56.418067718575124,340.60489748093175,123
2730.4,10,1097.129721675169,4.0,56.43417144223247,340.50759632293307,123
2730.5,10,1097.129721675169,4.800000000000001,56.37913292929049,340.8662819260297,123
2730.6,10,1097.129721675169,4.800000000000001,56.37445283323906,340.89553853125176,123
2730.7,10,1097.129721675169,4.800000000000001,56.38216473213117,340.8496031356393,123
2730.8,10,1097.129721675169,4.800000000000001,56.3916176355889,340.7904347635681,123
2730.9,10,1097.129721675169,4.800000000000001,56.39196541798775,340.7887979795556,123
2731.0,10,1097.129721675169,4.800000000000001,56.52674652249081,339.9252957374697,123
2731.1,10,1097.129721675169,4.800000000000001,56.52857949857169,339.91358549184747,123
2731.2,10,1097.129721675169,4.800000000000001,56.54017919221049,339.84459659731317,123
2731.3,10,1097.129721675169,4.800000000000001,56.53237707837795,339.8928533985081,123
2731.4,10,1097.129721675169,4.800000000000001,56.53483815875377,339.87974053462926,123
2731.5,10,1097.129721675169,4.800000000000001,56.63114188891687,339.338613335624,123
2731.6,10,1097.129721675169,4.800000000000001,56.62829745031918,339.3550115929847,123
2731.7,10,1097.129721675169,4.800000000000001,56.6185102827675,339.41905059154954,123
2731.8,10,1097.129721675169,4.800000000000001,56.62233493610481,339.39656674867337,123
2731.9,10,1097.129721675169,4.800000000000001,56.631846510873075,339.3395461615182,123
2732.0,10,1097.129721675169,4.800000000000001,56.64017104358054,339.2850189778592,123
2732.1,10,1097.129721675169,4.800000000000001,56.65175827999636,339.21172021165467,123
2732.2,10,1097.129721675169,4.800000000000001,56.665103783012256,339.12468961310447,123
2732.3,10,1097.129721675169,4.800000000000001,56.62695648178343,339.32977299143425,123
2732.4,10,1097.129721675169,4.800000000000001,56.63393159945073,339.2816738359064,123
2732.5,10,1097.129721675169,4.800000000000001,56.64348894545631,339.21833476066763,123
2732.6,10,1097.129721675169,4.800000000000001,56.667346062671534,339.0681239230074,123
2732.7,10,1097.129721675169,4.800000000000001,56.681335804684224,338.9786312048409,123
2732.8,12,1097.129721675169,4.0,56.68711376449749,338.94398926671255,123
2732.9,12,1097.129721675169,4.5,56.68477191393504,338.95385815105897,123
2733.0,12,1097.129721675169,4.5,56.684018150194234,338.9534029054436,123
2733.1,12,1097.129721675169,4.5,56.80675997364736,338.18139713926826,123
2733.2,12,1097.129721675169,4.5,56.77535419400519,338.40277577195184,123
2733.3,12,1097.129721675169,4.5,56.767084379370715,338.4500453082985,123
2733.4,12,1097.129721675169,3.6,56.76709472014021,338.4475913851642,123
2733.5,10,1097.129721675169,3.6,56.765539446829784,338.4543994642444,123
2733.6,10,1097.129721675169,4.0,56.70343082759011,338.80753326498876,123
2733.7,10,1097.129721675169,4.0,56.71065442574867,338.7534015513762,123
2733.8,10,1097.129721675169,4.800000000000001,56.701885053280265,338.8061166789656,123
2733.9,10,1097.129721675169,4.800000000000001,56.70872179464664,338.76257331792436,123
2734.0,10,1097.129721675169,4.800000000000001,56.717425986424175,338.71225680126963,123
2734.1,12,1097.129721675169,4.0,56.728422605347234,338.64522148942086,123
2734.2,12,1097.129721675169,4.5,56.73489131264382,338.60699531579877,123
2734.3,12,1097.129721675169,4.5,56.744222217095455,338.5495525733421,123
2734.4,12,1097.129721675169,4.5,56.75589290548624,338.48107225939134,123
2734.5,12,1097.129721675169,4.5,56.64719310836673,339.1676315696316,123
2734.6,12,1097.129721675169,4.5,56.665121068604776,339.05898112676414,123
2734.7,12,1097.129721675169,4.5,56.6728634950633,339.01720189114894,123
2734.8,12,1097.129721675169,4.5,56.69330560026489,338.8936834434014,123
2734.9,12,1097.129721675169,4.5,56.71485392748029,338.76584440385443,123
2735.0,12,1097.129721675169,4.5,56.74505506842628,338.58709007064743,123
2735.1,12,1097.129721675169,4.5,56.76926013046234,338.4452411665076,123
2735.2,12,1097.129721675169,4.5,56.78672793642559,338.34321481500626,123
2735.3,12,1097.129721675169,4.5,56.800820951687825,338.2625840272759,123
2735.4,12,1097.129721675169,4.5,56.820837928838415,338.0808910750931,123
2735.5,12,1097.129721675169,4.5,56.83747960779011,337.98456545293686,123
2735.6,12,1097.129721675169,4.5,56.860908274148784,337.8457161103757,123
2735.7,12,1097.129721675169,4.5,56.87228100321359,337.78002884803334,123
2735.8,12,1097.129721675169,4.5,56.881843403729846,337.7272360127542,123
2735.9,12,1097.129721675169,4.5,56.83446280482282,338.0309601546036,123
2736.0,12,1097.129721675169,4.5,56.86563737863496,337.84632285015107,123
2736.1,12,1097.129721675169,4.5,56.88934645167551,337.7061023530614,123
2736.2,10,1097.304812312517,4.5,56.906344246158035,337.6052808139022,123
2736.3,10,1097.304812312517,4.800000000000001,56.924115836297155,337.5016110987823,123
2736.4,10,1097.304812312517,4.800000000000001,56.94225269710209,337.3956747144167,123
2736.5,10,1097.304812312517,4.800000000000001,56.96116315785749,337.2870157237161,123
2736.6,10,1097.304812312517,4.800000000000001,56.974196327017964,337.20942430705713,123
2736.7,10,1097.304812312517,4.800000000000001,56.97831902212961,337.19172328034915,123
2736.8,10,1097.304812312517,4.800000000000001,57.00217783427478,337.0507414686626,123
2736.9,10,1097.304812312517,4.800000000000001,57.00946913194681,337.00890823930223,123
2737.0,10,1097.304812312517,4.800000000000001,57.02617678763681,336.91295638824323,123
2737.1,10,1097.304812312517,4.800000000000001,57.04751674083464,336.7866585255926,123
2737.2,10,1097.304812312517,4.800000000000001,57.06865207406399,336.6605209553733,123
2737.3,10,1097.304812312517,4.800000000000001,57.07014034416947,336.6553689298132,123
2737.4,10,1097.304812312517,4.800000000000001,57.08393372977402,336.57486482689865,123
2737.5,10,1097.304812312517,4.800000000000001,57.09688939209646,336.49962766114004,123
2737.6,10,1097.304812312517,4.800000000000001,57.19974109879881,335.8680472076419,123
2737.7,10,1097.304812312517,4.800000000000001,57.21393060320205,335.7861949379709,123
2737.8,10,1097.304812312517,4.800000000000001,57.23442386604152,335.66720003684134,123
2737.9,10,1097.304812312517,4.800000000000001,57.3901285524811,334.8493855830403,123
2738.0,10,1097.304812312517,4.800000000000001,57.403092271209985,334.77269358002565,123
2738.1,10,1097.304812312517,4.800000000000001,57.403461374815706,334.77546186621885,123
2738.2,10,1097.304812312517,4.800000000000001,57.42839904529797,334.62966198134677,123
2738.3,10,1097.475692713982,4.800000000000001,57.43333934196524,334.60547769850825,123
2738.4,10,1097.475692713982,5.6000000000000005,57.44300010322285,334.55075204121493,123
2738.5,10,1097.475692713982,5.6000000000000005,57.45254529467833,334.49764428464687,123
2738.6,10,1097.475692713982,5.6000000000000005,57.477500319486495,334.3517574043948,123
2738.7,10,1097.475692713982,5.6000000000000005,57.42337778243122,334.6401873997579,123
2738.8,10,1097.475692713982,5.6000000000000005,57.45379803435709,334.46269354261415,123
2738.9,10,1097.475692713982,5.6000000000000005,57.47604376209202,334.33538860104255,123
2739.0,10,1097.475692713982,5.6000000000000005,57.49620613795353,334.222637663622,123
2739.1,10,1097.475692713982,5.6000000000000005,57.49515994753774,334.2320417034017,123
2739.2,10,1097.475692713982,5.6000000000000005,57.502194364968325,334.1969775129197,123
2739.3,10,1097.475692713982,5.6000000000000005,57.5273195064986,334.05353703751854,123
2739.4,10,1097.475692713982,5.6000000000000005,57.53600559772654,334.0050437585312,123
2739.5,10,1097.475692713982,5.6000000000000005,57.563720926870516,333.84588097387376,123
2739.6,10,1097.475692713982,5.6000000000000005,57.57937299799488,333.7624715371621,123
2739.7,12,1097.475692713982,4.800000000000001,57.60274225826646,333.6277544718499,123
2739.8,10,1097.475692713982,4.5,57.61120563167425,333.58118795598705,123
2739.9,10,1097.475692713982,4.800000000000001,57.63337648961592,333.45373066708135,123
2740.0,10,1097.475692713982,4.800000000000001,57.61789690963356,333.47911093123906,123
2740.1,10,1097.475692713982,4.800000000000001,57.62759790887533,333.4263026301445,123
2740.2,10,1097.475692713982,4.800000000000001,57.64858760690754,333.30715666661297,123
2740.3,10,1097.475692713982,4.800000000000001,57.6599677264611,333.2422106812884,123
2740.4,10,1097.475692713982,4.800000000000001,57.671078190631476,333.1827045211156,123
2740.5,10,1097.475692713982,4.800000000000001,57.68676604750418,333.09385751926243,123
2740.6,10,1097.475692713982,4.800000000000001,57.80795206444884,332.4341213309858,123
2740.7,12,1097.475692713982,4.0,57.81812059339889,332.3761501730436,123
2740.8,12,1097.475692713982,4.5,57.8141938971505,332.4054771682695,123
2740.9,12,1097.475692713982,4.5,57.82623578488874,332.3391239855479,123
2741.0,12,1097.475692713982,4.5,57.839777842002924,332.263298579267,123
2741.1,12,1097.475692713982,4.5,57.857624908457616,332.1625024647602,123
2741.2,10,1097.651314928384,3.6,57.87401634726774,332.1120357504518,123
2741.3,10,1097.651314928384,4.800000000000001,57.888420568845845,332.0286239848879,123
2741.4,10,1097.651314928384,4.800000000000001,57.89279627483083,332.0118389193599,123
2741.5,10,1097.651314928384,4.800000000000001,57.908017862023904,331.92225031703106,123
2741.6,10,1097.651314928384,4.800000000000001,57.91072543123529,331.9120696712046,123
2741.7,12,1097.651314928384,4.0,57.9276994746823,331.8125790462384,123
2741.8,12,1097.651314928384,4.5,57.9389509031768,331.7517883780049,123
2741.9,12,1097.651314928384,4.5,57.95573251776568,331.6564683059771,123
2742.0,12,1097.651314928384,4.5,57.95334336166039,331.67254444931064,123
2742.1,12,1097.651314928384,4.5,57.9607152989549,331.63519044693317,123
2742.2,12,1097.651314928384,4.5,57.90164950259536,331.95364648492205,123
2742.3,12,1097.651314928384,4.5,58.00566946250751,331.3286351712493,123
2742.4,12,1097.651314928384,4.5,58.01464397088043,331.2779043412973,123
2742.5,12,1097.651314928384,4.5,57.948181038972976,331.6884177065799,123
2742.6,12,1097.651314928384,4.5,57.97186247730241,331.552949443703,123
2742.7,12,1097.651314928384,4.5,57.98133421204918,331.5017345617772,123
2742.8,12,1097.651314928384,4.5,57.98721578018519,331.49577911591706,123
2742.9,12,1097.651314928384,4.5,57.99962743477804,331.42919361019335,123
2743.0,12,1097.651314928384,4.5,58.00538329288071,331.3997494331045,123
2743.1,12,1097.651314928384,4.5,58.023294852265025,331.3048172208825,123
2743.2,12,1097.651314928384,4.5,58.05022876346362,331.14782416668123,123
2743.3,12,1097.651314928384,4.5,58.05757329545408,331.11130722427885,123
2743.4,9,1098.1659063695124,4.5,58.07908295333711,330.9903242031547,123
2743.5,12,1098.1659063695124,3.2,58.10526469792998,330.8399375775247,123
2743.6,12,1098.1659063695124,4.5,58.11824744096008,330.7680033075286,123
2743.7,12,1098.1659063695124,3.6,58.1403197259238,330.639386724181,123
2743.8,12,1098.1659063695124,3.6,58.14670081156181,330.6018737898969,123
2743.9,12,1098.1659063695124,3.6,58.12299733571977,330.71675098754145,123
2744.0,12,1098.1659063695124,3.6,58.12163026403758,330.7248024913589,123
2744.1,12,1098.1659063695124,3.6,58.13602995430189,330.63976760249324,123
2744.2,12,1098.1659063695124,3.6,58.138617200741706,330.62484197198796,123
2744.3,12,1098.1659063695124,3.6,58.14427147347024,330.5899725281073,123
2744.4,12,1098.1659063695124,3.6,58.163078029603696,330.47765420305586,123
2744.5,12,1098.1659063695124,3.6,58.16408218376411,330.47601378569755,123
2744.6,12,1098.1659063695124,3.6,58.24930769477395,329.96568922682945,123
2744.7,12,1098.1659063695124,3.6,58.254434698150035,329.9390570595417,123
2744.8,12,1098.1659063695124,3.6,58.27451313582272,329.8225353198852,123
2744.9,10,1098.3381257382719,3.6,58.18352368737864,330.37621770783625,123
2745.0,10,1098.3381257382719,4.800000000000001,58.194684616408814,330.31079865386744,123
2745.1,10,1098.3381257382719,4.800000000000001,58.11546626850138,330.72343367890994,123
2745.2,10,1098.3381257382719,4.800000000000001,58.1204132692152,330.690316169726,123
2745.3,10,1098.3381257382719,4.800000000000001,58.103968421859335,330.78361824142246,123
2745.4,12,1098.3381257382719,4.0,58.107981709434455,330.75924617558974,123
2745.5,12,1098.3381257382719,3.6,58.11533205374724,330.71562798419075,123
2745.6,9,1098.6302511167546,3.6,58.10041296621287,330.8042720043789,123
2745.7,12,1098.6302511167546,3.2,58.11207541086591,330.7280880076646,123
2745.8,7,1098.9266439270878,3.6,58.08271813186139,330.8968721696275,123
2745.9,9,1099.124250845349,4.199999999999999,58.09055521488871,330.8515730943416,123
2746.0,9,1099.124250845349,3.2,58.07974892134715,330.9207627231168,123
2746.1,9,1099.124250845349,3.2,58.132776318432676,330.6297107955389,123
2746.2,9,1099.124250845349,3.2,58.12872984149787,330.65759699699095,123
2746.3,9,1099.124250845349,3.2,58.116663824069555,330.73060982595996,123
2746.4,9,1099.124250845349,4.0,58.11522104451224,330.74209238026083,123
2746.5,10,1099.124250845349,4.0,58.116587422389344,330.7392019067787,123
2746.6,10,1099.124250845349,4.0,58.099989938361084,330.8365005549897,123
2746.7,10,1099.124250845349,4.0,58.09134130155299,330.8857914431268,123
2746.8,10,1099.124250845349,4.0,57.98277651381042,331.4752474969544,123
2746.9,10,1099.124250845349,4.0,58.03632338476904,331.1473160860186,123
2747.0,10,1099.124250845349,4.0,58.02276311800167,331.22503061346686,123
2747.1,10,1099.124250845349,4.0,57.997203748203994,331.3762915002292,123
2747.2,10,1099.124250845349,4.0,57.98295278091361,331.4543835382124,123
2747.3,10,1099.124250845349,4.0,57.96287349657153,331.5755682672668,123
2747.4,10,1099.124250845349,4.0,57.93185757092938,331.7526517965598,123
2747.5,10,1099.124250845349,4.0,57.890587199582356,331.99602680859056,123
2747.6,10,1099.124250845349,4.0,57.87716287387245,332.07361431487016,123
2747.7,10,1099.124250845349,4.0,57.834554140793585,332.32340702285455,123
2747.8,10,1099.124250845349,4.0,57.68532192266866,333.2361405729641,123
2747.9,10,1099.124250845349,4.0,57.64647555710222,333.4659920342241,123
2748.0,10,1099.124250845349,4.0,57.51099013698578,334.21759396357817,123
2748.1,10,1099.124250845349,4.0,57.47460247939889,334.42807380638067,123
2748.2,10,1099.124250845349,4.0,57.44421919084516,334.6080214138,123
2748.3,10,1099.124250845349,4.0,57.408262117200316,334.8214409013709,123
2748.4,9,1099.124250845349,4.0,57.36164240912689,335.09581374481195,123
2748.5,9,1099.124250845349,4.0,57.37007755197229,335.06721613340636,123
2748.6,9,1099.124250845349,4.800000000000001,57.32022638749778,335.36297402421854,123
2748.7,12,1099.124250845349,4.800000000000001,57.26775014735142,335.6708845964516,123
2748.8,12,1099.124250845349,4.5,57.23376199050971,335.8699443165387,123
2748.9,12,1099.124250845349,4.5,57.18711161713125,336.1483194114549,123
2749.0,12,1099.124250845349,4.5,57.13442253484922,336.46385576639466,123
2749.1,8,1099.3492862198316,4.5,57.09359526829976,336.7010849397743,123
2749.2,9,1099.3492862198316,4.199999999999999,57.04958791353003,336.96144014023184,123
2749.3,9,1099.3492862198316,4.800000000000001,57.09143332352396,336.67656015955214,123
2749.4,9,1099.3492862198316,4.800000000000001,57.04496954327672,336.953275471547,123
2749.5,9,1099.3492862198316,4.800000000000001,56.87551546140634,338.00414226104635,123
2749.6,9,1099.3492862198316,4.800000000000001,56.72132125533444,338.8901429174797,123
2749.7,9,1099.3492862198316,4.800000000000001,56.68447364670949,339.1095287128751,123
2749.8,9,1099.3492862198316,4.800000000000001,56.644280180373805,339.3525876262359,123
2749.9,9,1099.3492862198316,4.800000000000001,56.60012391103071,339.61689930896733,123
2750.0,10,1099.3492862198316,4.0,56.56282227429848,339.8434971457893,123
2750.1,10,1099.3492862198316,4.0,56.52766120632329,340.05238828617473,123
2750.2,10,1099.3492862198316,4.0,56.48375385413098,340.3191460378449,123
2750.3,10,1099.3492862198316,4.0,56.43285777755841,340.63132042153876,123
2750.4,9,1099.3492862198316,4.0,56.41123595539825,340.75662017785055,123
2750.5,9,1099.3492862198316,4.0,56.413830387301644,340.77000763585426,123
2750.6,9,1099.3492862198316,4.0,56.39770347837685,340.86600253424945,123
2750.7,9,1099.3492862198316,4.0,56.357844010415505,341.11035317276884,123
2750.8,9,1099.3492862198316,4.0,56.32329525886331,341.32018043828555,123
2750.9,7,1099.276163049196,4.0,56.287294074512744,341.5404428526832,123
2751.0,8,1099.4093310084193,4.199999999999999,56.26648333672958,341.6706043162551,123
2751.1,8,1099.467011554094,4.199999999999999,56.117215576419845,342.64587975841226,123
2751.2,8,1099.409857758965,4.199999999999999,56.09135851707151,342.80676883579724,123
2751.3,8,1099.409857758965,4.199999999999999,56.06766938430491,342.9491088966174,123
2751.4,8,1099.409857758965,4.199999999999999,56.02276621011964,343.233250753902,123
2751.5,8,1099.409857758965,4.199999999999999,56.01455519240062,343.28081387017954,123
2751.6,8,1099.409857758965,4.199999999999999,56.07585429957771,342.8659462423926,123
2751.7,9,1099.409857758965,4.199999999999999,56.048463783688156,343.0368676936689,123
2751.8,9,1099.409857758965,4.800000000000001,56.01673047365071,343.2376654118508,123
2751.9,10,1099.409857758965,4.800000000000001,56.00918557894893,343.29808879107014,123
2752.0,10,1099.409857758965,4.800000000000001,55.985884610737855,343.45180686279093,123
2752.1,10,1099.409857758965,4.800000000000001,55.90768449886264,343.90551103311424,123
2752.2,10,1099.409857758965,4.800000000000001,55.86825072781804,344.16512544223644,123
2752.3,10,1099.409857758965,4.800000000000001,55.850379415531116,344.27890830035847,123
2752.4,10,1099.409857758965,4.800000000000001,55.81791607939633,344.48670586124535,123
2752.5,10,1099.409857758965,4.800000000000001,55.7912453198759,344.66027988170094,123
2752.6,10,1099.409857758965,4.800000000000001,55.771478129746285,344.78855548131753,123
2752.7,10,1099.409857758965,4.800000000000001,55.74422367910544,344.96545022272176,123
2752.8,9,1099.409857758965,4.0,55.67991417306897,345.4485258937,123
2752.9,9,1099.409857758965,4.800000000000001,55.64916329663971,345.65043499550654,123
2753.0,9,1099.409857758965,4.800000000000001,55.611835290216604,345.89024620481575,123
2753.1,9,1100.0099325114763,4.800000000000001,55.59195449127185,346.01860964213677,124
2753.2,9,1100.0099325114763,-100.0,55.59988392346773,345.88008819503625,124
2753.3,9,1100.0099325114763,4.800000000000001,55.5707708524135,346.07300312068776,124
2753.4,9,1100.0099325114763,4.800000000000001,55.528206081845056,346.34210579898786,124
2753.5,9,1100.0099325114763,4.800000000000001,55.49215764779646,346.5761216966009,124
2753.6,9,1100.0099325114763,4.800000000000001,55.44402542580663,346.88561441416977,124
2753.7,9,1100.0099325114763,4.800000000000001,55.314511926098085,347.6595760378773,124
2753.8,9,1100.0099325114763,4.800000000000001,55.24023245833814,348.13531254251984,124
2753.9,9,1100.0099325114763,5.6000000000000005,55.211098286293584,348.33150897292427,124
2754.0,9,1100.0099325114763,4.800000000000001,55.179462201300325,348.5499787481208,124
2754.1,9,1100.0099325114763,4.800000000000001,55.27110944289166,347.9235279153749,124
2754.2,9,1100.0099325114763,4.800000000000001,55.230498260319365,348.19612856761455,124
2754.3,9,1100.0099325114763,4.800000000000001,55.21040188991638,348.334380314139,124
2754.4,9,1100.0099325114763,4.800000000000001,55.187875915079445,348.48486278404556,124
2754.5,9,1100.0099325114763,4.800000000000001,55.15389166107067,348.7140856992205,124
2754.6,9,1100.0099325114763,4.800000000000001,55.14499271456057,348.77959893869854,124
2754.7,9,1100.0099325114763,4.800000000000001,55.1277353366695,348.89565507541147,124
2754.8,9,1100.0099325114763,4.800000000000001,55.10768883885165,349.0391323822553,124
2754.9,9,1100.0099325114763,4.800000000000001,55.109000583860436,349.0451950285769,124
2755.0,9,1100.0099325114763,4.800000000000001,55.08623315306814,349.19896602379794,124
2755.1,9,1100.0099325114763,4.800000000000001,55.070197795391394,349.31700636658,124
2755.2,9,1100.0099325114763,4.800000000000001,55.07768276349299,349.27942390797557,124
2755.3,9,1100.0099325114763,4.800000000000001,55.13237036395907,348.99149641652707,124
2755.4,9,1100.0099325114763,4.800000000000001,55.124600640942774,349.0504791256168,124
2755.5,9,1100.0099325114763,4.800000000000001,55.11836001011498,349.1137461507292,124
2755.6,9,1100.0099325114763,4.800000000000001,55.102247907203896,349.2286120934742,124
2755.7,9,1100.0099325114763,4.800000000000001,55.095867949376185,349.28743529840966,124
2755.8,9,1100.0099325114763,4.800000000000001,55.08364264108806,349.38220978018796,124
2755.9,9,1100.0099325114763,4.800000000000001,55.07550355203492,349.46156837200215,124
2756.0,9,1100.0099325114763,4.800000000000001,55.06875423873916,349.5233906587313,124
2756.1,9,1100.0099325114763,4.800000000000001,55.065124847056566,349.56813444741374,124
2756.2,9,1100.0099325114763,4.800000000000001,55.07622958725827,349.5116741706279,124
2756.3,9,1100.0099325114763,4.800000000000001,55.15252236971443,348.9959568110908,124
2756.4,9,1100.0099325114763,4.800000000000001,55.155155917714765,348.98628379538,124
2756.5,9,1100.0099325114763,4.800000000000001,55.149791141267684,349.04050775468625,124
2756.6,9,1100.0099325114763,4.800000000000001,55.149407612271986,349.0642530392299,124
2756.7,9,1100.0099325114763,4.800000000000001,55.14502253096767,349.111324543345,124
2756.8,9,1100.0099325114763,4.800000000000001,55.15137815737904,349.08901460543336,124
2756.9,9,1100.0099325114763,4.800000000000001,55.15848946602755,349.0531709455573,124
2757.0,9,1100.0099325114763,4.800000000000001,55.16090374685566,349.06378507051375,124
2757.1,9,1100.0099325114763,4.800000000000001,55.175279396506596,348.97540075649556,124
2757.2,9,1100.0099325114763,4.800000000000001,55.16791318698454,349.049131069841,124
2757.3,9,1100.0099325114763,4.800000000000001,55.17070664063511,349.0442403684492,124
2757.4,9,1100.0099325114763,4.800000000000001,55.17677055762151,349.0193699857221,124
2757.5,9,1100.0099325114763,4.800000000000001,55.17393745716009,349.05029660103503,124
2757.6,9,1100.0099325114763,4.800000000000001,55.1841622718688,349.0065665116201,124
2757.7,9,1100.0099325114763,4.800000000000001,55.18084025629977,349.04070930701766,124
2757.8,9,1100.0099325114763,4.800000000000001,55.25909691655312,348.5938041911081,124
2757.9,7,1099.935239168881,4.800000000000001,55.26137480646297,348.5850976738386,124
2758.0,7,1099.935239168881,4.8999999999999995,55.27789822775438,348.49091820231615,124
2758.1,7,1099.935239168881,4.8999999999999995,55.25840860132387,348.3616990466485,124
2758.2,7,1099.935239168881,4.8999999999999995,55.27965529640896,348.23474578129316,124
2758.3,7,1099.935239168881,4.8999999999999995,55.18050030971759,348.9498843895508,124
2758.4,7,1099.935239168881,4.8999999999999995,55.204058311200264,348.8084621445611,124
2758.5,7,1099.935239168881,4.8999999999999995,55.21291872167173,348.7625051577403,124
2758.6,7,1099.935239168881,4.8999999999999995,55.237900036921154,348.60933484145386,124
2758.7,7,1099.935239168881,4.8999999999999995,55.32921775729268,348.091346720597,124
2758.8,7,1099.935239168881,4.8999999999999995,55.35286315807036,347.94831085998726,124
2758.9,7,1099.935239168881,4.8999999999999995,55.36669076179773,347.87196661096493,124
2759.0,7,1099.935239168881,4.8999999999999995,55.520605477340055,346.8116402295731,124
2759.1,7,1099.935239168881,4.8999999999999995,55.38804256120919,347.5663367288536,124
2759.2,7,1099.935239168881,4.8999999999999995,55.41100047107473,347.43756819862915,124
2759.3,7,1099.935239168881,4.8999999999999995,55.436426479338,347.27841992420053,124
2759.4,7,1099.935239168881,4.8999999999999995,55.458042197179765,347.15722120956,124
2759.5,7,1099.935239168881,4.8999999999999995,55.47131755145335,347.0864636919116,124
2759.6,9,1099.935239168881,4.199999999999999,55.47781433673585,347.0560993721331,124
2759.7,9,1099.935239168881,4.800000000000001,55.48631321897984,347.0154867152137,124
2759.8,9,1099.935239168881,4.800000000000001,55.49012364618859,347.00643029246027,124
2759.9,9,1099.935239168881,4.800000000000001,55.5013784352425,346.94276038062617,124
2760.0,9,1099.935239168881,4.800000000000001,55.50610529845351,346.92489235096326,124
2760.1,9,1099.935239168881,4.800000000000001,55.52442112481452,346.8122612391254,124
2760.2,8,1099.9168816344802,4.800000000000001,55.5449002859746,346.6861462595168,124
2760.3,9,1099.9168816344802,4.8999999999999995,55.55621401054202,346.62372767821614,124
2760.4,9,1099.9168816344802,4.800000000000001,55.55900872955719,346.6131298096795,124
2760.5,9,1099.9168816344802,4.800000000000001,55.58260987762022,346.4584903775875,124
2760.6,9,1099.9168816344802,4.800000000000001,55.5914426775317,346.4077552378735,124
2760.7,9,1099.9168816344802,4.800000000000001,55.593655331875304,346.3984278075966,124
2760.8,7,1099.8538512195175,4.0,55.59860212768622,346.375715755703,124
2760.9,7,1099.8538512195175,4.8999999999999995,55.71694443340627,345.7009538735974,124
2761.0,7,1099.8538512195175,4.8999999999999995,55.72253690676584,345.6767341099626,124
2761.1,8,1099.8556937621881,4.8999999999999995,55.73031052178023,345.62334808514436,124
2761.2,8,1099.7926768836383,4.8999999999999995,55.72493683904895,345.6594140659747,124
2761.3,8,1099.7926768836383,4.8999999999999995,55.67171402131969,346.03540617710956,124
2761.4,8,1099.7926768836383,4.8999999999999995,55.6770853168313,345.9998359256879,124
2761.5,8,1099.7926768836383,4.8999999999999995,55.76111476684832,345.42722308754867,124
2761.6,8,1099.7926768836383,4.8999999999999995,55.772089190118294,345.35886687090044,124
2761.7,8,1099.7926768836383,4.8999999999999995,55.76604529109015,345.3999481497232,124
2761.8,8,1099.7926768836383,4.8999999999999995,55.76915936602438,345.37815066769156,124
2761.9,8,1099.7926768836383,4.8999999999999995,55.775310691011754,345.33363497563266,124
2762.0,8,1099.7926768836383,4.8999999999999995,55.76590590683795,345.39516091423127,124
2762.1,8,1099.7926768836383,4.8999999999999995,55.78772886626042,345.25109588034366,124
2762.2,8,1099.7926768836383,4.8999999999999995,55.78556208094744,345.2705496911967,124
2762.3,8,1099.7926768836383,4.8999999999999995,55.79656272540949,345.19667153925775,124
2762.4,8,1099.7926768836383,4.8999999999999995,55.80338564443506,345.15303305622444,124
2762.5,10,1099.7926768836383,4.199999999999999,55.92413715559782,344.483824865429,124
2762.6,10,1099.7926768836383,4.800000000000001,55.922417322430675,344.4990321673572,124
2762.7,10,1099.7926768836383,4.800000000000001,55.921915356078046,344.5024577109349,124
2762.8,10,1099.7926768836383,4.800000000000001,55.831591918831016,345.1268477623288,124
2762.9,10,1099.7926768836383,4.800000000000001,55.8180534659404,345.21354175203044,124
2763.0,10,1099.7926768836383,4.800000000000001,55.81691816271923,345.22766781897803,124
2763.1,9,1099.7926768836383,4.800000000000001,55.82381160103863,345.1743682745396,124
2763.2,9,1099.7926768836383,4.800000000000001,55.8205507067133,345.19575149443244,124
2763.3,9,1099.7926768836383,4.800000000000001,55.83748461803162,345.08055467408076,124
2763.4,9,1099.7926768836383,4.800000000000001,55.74373187224975,345.5890387309987,124
2763.5,9,1099.7926768836383,4.800000000000001,55.74279489022434,345.59498518902603,124
2763.6,9,1099.7926768836383,4.800000000000001,55.74035305191664,345.60939499361615,124
2763.7,8,1099.7290882268067,4.800000000000001,55.74242381062286,345.59193759877616,124
2763.8,8,1099.7290882268067,4.8999999999999995,55.73543804298241,345.63825623194236,124
2763.9,8,1099.7290882268067,4.8999999999999995,55.737243093082284,345.6252442928242,124
2764.0,8,1099.7290882268067,4.8999999999999995,55.733697545550044,345.64396436199786,124
2764.1,8,1099.7290882268067,4.8999999999999995,55.73527968512637,345.62421737628415,124
2764.2,8,1099.7290882268067,4.8999999999999995,55.73441568993562,345.6218845771577,124
2764.3,10,1099.7290882268067,4.8999999999999995,55.62510890654673,346.23826568394986,124
2764.4,8,1099.7290882268067,4.800000000000001,55.69687196995994,345.7381572982232,124
2764.5,9,1099.7290882268067,4.8999999999999995,55.68110143128253,345.84033943435327,124
2764.6,9,1099.7290882268067,4.800000000000001,55.692535916466454,345.7608832852923,124
2764.7,9,1099.7290882268067,4.800000000000001,55.67904736780281,345.85621634710566,124
2764.8,9,1099.7290882268067,4.800000000000001,55.73819369707124,345.4049176530627,124
2764.9,9,1099.7290882268067,4.800000000000001,55.726034102478096,345.4952510545918,124
2765.0,9,1099.7290882268067,4.800000000000001,55.72514940334574,345.5054437972806,124
2765.1,9,1099.7290882268067,4.800000000000001,55.841969134715924,344.8556617554603,124
2765.2,9,1099.7290882268067,4.800000000000001,55.8584035747017,344.7491236357273,124
2765.3,9,1099.7290882268067,4.800000000000001,55.85681247956465,344.767333840589,124
2765.4,8,1099.7290882268067,4.0,55.86261030328937,344.7255110768335,124
2765.5,8,1099.7290882268067,4.8999999999999995,55.85323204696054,344.7905830630878,124
2765.6,8,1099.7290882268067,4.8999999999999995,55.84934819154921,344.82440942742613,124
2765.7,8,1099.7290882268067,4.8999999999999995,55.847171553393906,344.8360433437027,124
2765.8,8,1099.7290882268067,4.8999999999999995,55.845891906666495,344.83966547645457,124
2765.9,8,1099.7290882268067,4.8999999999999995,55.84539397194645,344.8421508918009,124
2766.0,8,1099.7290882268067,4.8999999999999995,55.854888907218665,344.78328128482843,124
2766.1,8,1099.7290882268067,4.8999999999999995,55.84386075951329,344.8607346154243,124
2766.2,10,1099.7290882268067,4.199999999999999,55.688226948874686,345.94777200435516,124
2766.3,10,1099.7290882268067,4.800000000000001,55.69876823006079,345.8771137299852,124
2766.4,10,1099.7290882268067,4.800000000000001,55.68255973983804,345.9866760855182,124
2766.5,10,1099.7290882268067,4.800000000000001,55.68417995773352,345.96921461412654,124
2766.6,10,1099.7290882268067,4.800000000000001,55.68381428933574,345.97322292056583,124
2766.7,10,1099.7290882268067,4.800000000000001,55.75757848559199,345.45712794320775,124
2766.8,10,1099.7290882268067,4.800000000000001,55.75189799255749,345.49463961629874,124
2766.9,10,1099.7290882268067,4.800000000000001,55.57968168109099,346.45248568964803,124
2767.0,10,1099.7290882268067,4.800000000000001,55.724729001470635,345.6485568872489,124
2767.1,10,1099.7290882268067,4.800000000000001,55.712122585642945,345.72860982702787,124
2767.2,10,1099.7290882268067,4.800000000000001,55.69606690800276,345.82570965969967,124
2767.3,10,1099.7290882268067,4.800000000000001,55.68596384621871,345.87963106010204,124
2767.4,10,1099.7290882268067,4.800000000000001,55.684812689360356,345.88388261209,124
2767.5,10,1099.7290882268067,4.800000000000001,55.642084501096974,346.0914150120489,124
2767.6,10,1099.7290882268067,4.800000000000001,55.6477983316717,346.04234694820275,124
2767.7,10,1099.7290882268067,4.800000000000001,55.642931902742305,346.0776507880124,124
2767.8,10,1099.7290882268067,4.800000000000001,55.638580830480436,346.09651715344353,124
2767.9,10,1099.7290882268067,4.800000000000001,55.649472646006885,346.0229928642027,124
2768.0,10,1099.7290882268067,4.800000000000001,55.28097608299795,348.3369008261731,124
2768.1,10,1099.7290882268067,4.800000000000001,55.27639976545906,348.35418603038147,124
2768.2,10,1099.7290882268067,4.800000000000001,55.258402463067384,348.46857745740505,124
2768.3,10,1099.7290882268067,4.800000000000001,55.26005042266593,348.45355850087344,124
2768.4,10,1099.7290882268067,4.800000000000001,55.26292781217839,348.4358279071287,124
2768.5,9,1099.7290882268067,4.0,55.25454622880153,348.49084354445847,124
2768.6,9,1099.7290882268067,4.800000000000001,55.25458971084669,348.4831708061568,124
2768.7,9,1099.7290882268067,4.800000000000001,55.24910677266405,348.5217163703983,124
2768.8,9,1099.7290882268067,4.800000000000001,55.25189369594394,348.5002842222399,124
2768.9,9,1099.7290882268067,4.800000000000001,55.24078622911041,348.5767846541627,124
2769.0,9,1099.7290882268067,4.800000000000001,55.24545222244462,348.549334186683,124
2769.1,9,1099.7290882268067,4.800000000000001,55.24844288970535,348.5275841828407,124
2769.2,9,1099.7290882268067,4.800000000000001,55.249793737547904,348.5208267671673,124
2769.3,10,1099.7290882268067,4.800000000000001,55.24718508304163,348.5439564043304,124
2769.4,10,1099.7290882268067,4.800000000000001,55.24693500035653,348.54122824563444,124
2769.5,10,1099.7290882268067,4.800000000000001,55.24661675196954,348.5497564838687,124
2769.6,10,1099.7290882268067,4.800000000000001,55.24160319969676,348.5862236369939,124
2769.7,10,1099.7290882268067,4.800000000000001,55.2380413190253,348.6145184062641,124
2769.8,10,1099.7290882268067,4.800000000000001,55.347982226804646,347.84496052585246,124
2769.9,10,1099.7290882268067,4.800000000000001,55.34480988108727,347.8637045592021,124
2770.0,10,1099.7290882268067,4.800000000000001,55.3331853892287,347.9460908577355,124
2770.1,10,1099.7290882268067,4.800000000000001,55.3429408633,347.8828972222809,124
2770.2,10,1099.7290882268067,4.800000000000001,55.34493223575177,347.86339172564317,124
2770.3,10,1099.7290882268067,4.800000000000001,55.35059495645268,347.8240209244185,124
2770.4,10,1099.7290882268067,4.800000000000001,55.34763854575654,347.83831683986006,124
2770.5,10,1099.7290882268067,4.800000000000001,55.34299925828784,347.8606127216832,124
2770.6,10,1099.7290882268067,4.800000000000001,55.336179768705435,347.9178145757795,124
2770.7,10,1099.7290882268067,4.800000000000001,55.34680110046547,347.8476444060253,124
2770.8,10,1099.7290882268067,4.800000000000001,55.33511826501265,347.9227209339829,124
2770.9,10,1099.7290882268067,4.800000000000001,55.531048828213144,346.80685224604736,124
2771.0,10,1099.7290882268067,4.800000000000001,55.52606095773345,346.8394863245445,124
2771.1,10,1099.7290882268067,4.800000000000001,55.526145004857916,346.8364098843206,124
2771.2,10,1099.7290882268067,4.800000000000001,55.522003033162946,346.8613941474606,124
2771.3,10,1099.7290882268067,4.0,55.52765392443493,346.81223438415407,124
2771.4,10,1099.7290882268067,4.0,55.51561374485836,346.8971707668351,124
2771.5,10,1099.7290882268067,4.0,55.515262330575965,346.89247389801596,124
2771.6,10,1099.7290882268067,4.0,55.51392029703099,346.9002107300755,124
2771.7,8,1099.698427260988,4.0,55.39885824314382,347.69968408665204,124
2771.8,8,1099.6362105544529,4.8999999999999995,55.394929250495544,347.7176216456568,124
2771.9,8,1099.6362105544529,4.8999999999999995,55.39248446385683,347.73418315178765,124
2772.0,8,1099.6362105544529,4.8999999999999995,55.38922456604911,347.75425299294454,124
2772.1,8,1099.6362105544529,4.8999999999999995,55.37979211839475,347.8085524033472,124
2772.2,8,1099.6362105544529,4.8999999999999995,55.37394147283772,347.8590170704091,124
2772.3,8,1099.6362105544529,4.8999999999999995,55.48908440074841,347.0482963601055,124
2772.4,8,1099.6362105544529,4.8999999999999995,55.49021950795567,347.0343865613283,124
2772.5,8,1099.6362105544529,4.8999999999999995,55.48806572230407,347.04869844677563,124
2772.6,8,1099.6362105544529,4.8999999999999995,55.48156061246742,347.09258936750484,124
2772.7,8,1099.6362105544529,4.8999999999999995,55.48338417232928,347.07615119388123,124
2772.8,8,1099.6362105544529,4.8999999999999995,55.487373285131675,347.04564288578854,124
2772.9,8,1099.6362105544529,4.8999999999999995,55.47124968722824,347.15402826288636,124
2773.0,8,1099.6362105544529,4.8999999999999995,55.47263785542313,347.14597009804487,124
2773.1,8,1099.6362105544529,4.8999999999999995,55.474198353914474,347.1457223088053,124
2773.2,8,1099.6362105544529,4.8999999999999995,55.47177866882521,347.15587376332263,124
2773.3,8,1099.6362105544529,4.8999999999999995,55.47156673485307,347.1594819590974,124
2773.4,8,1099.6362105544529,4.8999999999999995,55.53956447489951,346.7858032619856,124
2773.5,8,1099.6362105544529,4.8999999999999995,55.52770257433764,346.86010635718134,124
2773.6,8,1099.6362105544529,4.8999999999999995,55.53136312049567,346.83662343942416,124
2773.7,8,1099.6362105544529,4.8999999999999995,55.53495988877387,346.81929394913254,124
2773.8,8,1099.6362105544529,4.8999999999999995,55.53413863049708,346.8244461140546,124
2773.9,8,1099.6362105544529,4.8999999999999995,55.52197988549608,346.9106239179903,124
2774.0,8,1099.6362105544529,4.8999999999999995,55.52277259873995,346.90281914458876,124
2774.1,8,1099.6362105544529,4.8999999999999995,55.5236985795689,346.90488849338897,124
2774.2,8,1099.6362105544529,4.8999999999999995,55.53192161830104,346.8533131004576,124
2774.3,8,1099.5706163864334,4.8999999999999995,55.523087960800964,346.9209941218609,124
2774.4,8,1099.5706163864334,5.6,55.52368523557609,346.91668524043234,124
2774.5,8,1099.5706163864334,5.6,55.51312955045701,346.9913583212353,124
2774.6,8,1099.5706163864334,5.6,55.60236057092871,346.3794790673237,124
2774.7,8,1099.5706163864334,5.6,55.60226340598052,346.3782531451968,124
2774.8,8,1099.5706163864334,5.6,55.60186029113082,346.38373771086435,124
2774.9,8,1099.5706163864334,5.6,55.59117442839745,346.4587435300849,124
2775.0,8,1099.5706163864334,5.6,55.6005925572281,346.4014002463096,124
2775.1,8,1099.5706163864334,5.6,55.583755320461805,346.5189242863223,124
2775.2,8,1099.5706163864334,5.6,55.59956834486857,346.41886047682874,124
2775.3,8,1099.5706163864334,5.6,55.59329218388023,346.46072156328137,124
2775.4,8,1099.5706163864334,5.6,55.58344953201839,346.5268800476779,124
2775.5,8,1099.5706163864334,5.6,55.44083968275815,347.5510220595139,124
2775.6,8,1099.5706163864334,5.6,55.454725511306904,347.455582871661,124
2775.7,8,1099.5706163864334,5.6,55.45974659735152,347.4311088396588,124
2775.8,8,1099.5706163864334,5.6,55.46900790108681,347.3679498406234,124
2775.9,11,1099.5706163864334,4.8999999999999995,55.50300895322413,347.17305667805516,124
2776.0,9,1099.5706163864334,3.6,55.50889559644607,347.1394237396448,124
2776.1,9,1099.5706163864334,4.800000000000001,55.50557291888967,347.16695293361954,124
2776.2,9,1099.5706163864334,4.800000000000001,55.50702578309847,347.1629830982797,124
2776.3,9,1099.5706163864334,4.800000000000001,55.50383041730652,347.18923511848976,124
2776.4,8,1099.5706163864334,4.800000000000001,55.5053958081955,347.18821040987143,124
2776.5,8,1099.5706163864334,4.8999999999999995,55.50783969995388,347.18367096336823,124
2776.6,8,1099.5706163864334,4.8999999999999995,55.50413553286509,347.22078983645065,124
2776.7,8,1099.5706163864334,4.8999999999999995,55.51156139241182,347.1779616216536,124
2776.8,8,1099.5706163864334,4.8999999999999995,55.52126138952587,347.12260858251295,124
2776.9,8,1099.5706163864334,4.8999999999999995,55.60372265246724,346.55026975526573,124
2777.0,8,1099.5706163864334,4.8999999999999995,55.59969299452649,346.5891093491832,124
2777.1,8,1099.5706163864334,4.8999999999999995,55.601562765532876,346.5780513587909,124
2777.2,8,1099.5058311964663,4.8999999999999995,55.60590852762674,346.55240682213673,124
2777.3,8,1099.5058311964663,5.6,55.604345205108885,346.57255279085064,124
2777.4,8,1099.5058311964663,5.6,55.61268168491704,346.5197315047624,124
2777.5,8,1099.5058311964663,5.6,55.56206621464551,346.86974987362305,124
2777.6,8,1099.5058311964663,5.6,55.5677466997905,346.8370060002038,124
2777.7,8,1099.5058311964663,5.6,55.56018062189359,346.89614438255455,124
2777.8,8,1099.5058311964663,5.6,55.57222102561195,346.80900627375183,124
2777.9,8,1099.5058311964663,5.6,55.56801532906493,346.8428157007354,124
2778.0,8,1099.5058311964663,5.6,55.514314062325866,347.1424040566624,124
2778.1,8,1099.5058311964663,4.8999999999999995,55.564669274385714,346.83376546428894,124
2778.2,8,1099.5058311964663,4.8999999999999995,55.55712296008478,346.88700873930793,124
2778.3,8,1099.5058311964663,4.8999999999999995,55.5644187785296,346.83700564435344,124
2778.4,8,1099.5058311964663,4.8999999999999995,55.477833362715884,347.45958147092244,124
2778.5,8,1099.5058311964663,4.8999999999999995,55.48962841551804,347.3873601965968,124
2778.6,8,1099.5058311964663,4.8999999999999995,55.49236021383888,347.3720697183806,124
2778.7,8,1099.5058311964663,4.8999999999999995,55.493540442333185,347.36669584107057,124
2778.8,8,1099.5058311964663,4.8999999999999995,55.482179780416416,347.45473748638216,124
2778.9,8,1099.5058311964663,4.8999999999999995,55.48853789245811,347.4098093554678,124
2779.0,8,1099.5058311964663,4.8999999999999995,55.4869092082355,347.4249767233746,124
2779.1,8,1099.5058311964663,4.8999999999999995,55.48205099897352,347.45907017265597,124
2779.2,8,1099.5058311964663,4.8999999999999995,55.573953405437756,346.8125050643828,124
2779.3,8,1099.5058311964663,4.8999999999999995,55.57288484958195,346.82508121965606,124
2779.4,12,1099.5058311964663,4.8999999999999995,55.583362009754886,346.75442574904685,124
2779.5,12,1099.5058311964663,5.4,55.579980476730526,346.7843621551658,124
2779.6,12,1099.5058311964663,4.5,55.584705307284274,346.7570601286087,124
2779.7,12,1099.5058311964663,4.5,55.583307428051214,346.7752376943499,124
2779.8,12,1099.5058311964663,4.5,55.58302464358116,346.78101277604424,124
2779.9,12,1099.5058311964663,4.5,55.589518119311954,346.74277177218664,124
2780.0,12,1099.5058311964663,4.5,55.60031530881116,346.66824915217853,124
2780.1,12,1099.5058311964663,4.5,55.57972441306201,346.81040294517254,124
2780.2,12,1099.5058311964663,4.5,55.54010072060649,347.0062521032256,124
2780.3,12,1099.5058311964663,4.5,55.534909303209375,347.0447761168358,124
2780.4,12,1099.5058311964663,4.5,55.54211592267755,346.9951859992786,124
2780.5,12,1099.5058311964663,4.5,55.56578170624182,346.8701399913686,124
2780.6,12,1099.5058311964663,4.5,55.56469193913482,346.8760636850002,124
2780.7,12,1099.5058311964663,4.5,55.57560867741381,346.81058750911745,124
2780.8,8,1099.4489002473729,4.5,55.589101428828215,346.7319509070647,124
2780.9,8,1099.4489002473729,4.8999999999999995,55.59644223126415,346.6743614779498,124
2781.0,8,1099.4489002473729,4.8999999999999995,55.60079324194483,346.6514318764142,124
2781.1,8,1099.4489002473729,4.8999999999999995,55.61468076323976,346.5569027037983,124
2781.2,8,1099.4489002473729,4.8999999999999995,55.62398317714802,346.4886578964916,124
2781.3,8,1099.4489002473729,4.8999999999999995,55.63234614940839,346.4336424394452,124
2781.4,8,1099.4489002473729,4.8999999999999995,55.654227037182025,346.29478711593447,124
2781.5,8,1099.4489002473729,4.8999999999999995,55.65679551389124,346.2803113834042,124
2781.6,11,1099.4489002473729,4.8999999999999995,55.76994585917484,345.661362596578,124
2781.7,11,1099.4489002473729,4.5,55.782960641870815,345.5717325122132,124
2781.8,11,1099.4489002473729,4.5,55.77722231678517,345.60792185705316,124
2781.9,11,1099.4489002473729,4.5,55.780620687442,345.5785769625579,124
2782.0,11,1099.4489002473729,4.5,55.787918200280046,345.5262084664622,124
2782.1,11,1099.4489002473729,4.5,55.80082266687147,345.43731674604453,124
2782.2,11,1099.4489002473729,4.5,55.79177857048023,345.49310717142555,124
2782.3,11,1099.4489002473729,4.5,55.797375065383235,345.4502882157245,124
2782.4,12,1099.4489002473729,4.5,55.80920331747659,345.3811182260946,124
2782.5,12,1099.4489002473729,5.4,55.81897132534474,345.3207925900789,124
2782.6,12,1099.4489002473729,5.4,55.82762747859699,345.26944980708384,124
2782.7,12,1099.4489002473729,5.4,55.832715908251394,345.23750137364664,124
2782.8,12,1099.4489002473729,5.4,55.843500371114814,345.17265641965787,124
2782.9,12,1099.4489002473729,5.4,55.853294037375505,345.1107361809662,124
2783.0,11,1099.4489002473729,4.5,55.897654000535894,344.856701557846,124
2783.1,11,1099.4489002473729,4.5,55.90405370663954,344.80815484838433,124
2783.2,11,1099.4489002473729,4.5,55.912654153916755,344.7483227984418,124
2783.3,11,1099.4489002473729,4.5,55.918942823906704,344.7106838201835,124
2783.4,11,1099.4489002473729,4.5,55.940697447042226,344.5655449059849,124
2783.5,11,1099.4489002473729,4.5,55.86068056588675,344.9864810118195,124
2783.6,11,1099.4489002473729,4.5,55.872253282902506,344.9139833294329,124
2783.7,11,1099.4489002473729,4.5,55.890235407827035,344.8014124367604,124
2783.8,11,1099.4489002473729,4.5,55.90594985793852,344.7004656856135,124
2783.9,11,1099.4489002473729,4.5,55.91614905765027,344.6342920780978,124
2784.0,11,1099.4489002473729,4.5,55.852105166046215,345.08433484335893,124
2784.1,11,1099.4489002473729,4.5,55.94489501599965,344.43888949754955,124
2784.2,11,1099.4489002473729,4.5,55.951926215433,344.38824384862653,124
2784.3,11,1099.4489002473729,4.5,55.96035662167911,344.3428028697173,124
2784.4,11,1099.4489002473729,4.5,55.98291730996866,344.1988591838745,124
2784.5,11,1099.4489002473729,4.5,55.993430546288124,344.14013302266846,124
2784.6,11,1099.4489002473729,4.5,56.002241005680595,344.0842348666413,124
2784.7,10,1099.4489002473729,3.6,56.01492121456731,343.99774104255755,124
2784.8,10,1099.4489002473729,4.0,56.025537245749945,343.9320609424194,124
2784.9,10,1099.4489002473729,4.0,56.02373949934134,343.9515123043127,124
2785.0,10,1099.4489002473729,4.0,56.04249978847304,343.83151693618527,124
2785.1,10,1099.4489002473729,4.0,56.042129859068,343.83577606475825,124
2785.2,10,1099.4489002473729,4.0,56.046008473260564,343.8173669725281,124
2785.3,8,1099.3544836788792,4.0,56.05344731439166,343.7712323148394,124
2785.4,8,1099.3544836788792,4.8999999999999995,55.94984988583632,344.3210716166816,124
2785.5,8,1099.3544836788792,4.8999999999999995,55.94549152993973,344.3458950474691,124
2785.6,8,1099.3544836788792,4.8999999999999995,55.98586632269952,344.1261250526852,124
2785.7,8,1099.3544836788792,4.8999999999999995,55.88043313838509,344.8496686326456,124
2785.8,8,1099.3544836788792,4.8999999999999995,55.88413099169743,344.8151492641515,124
2785.9,11,1099.3544836788792,4.8999999999999995,55.86808503894979,344.9206861587255,124
2786.0,11,1099.3544836788792,4.5,55.88082241080117,344.8252652889072,124
2786.1,8,1099.3544836788792,4.5,55.87414060352004,344.8691997560129,124
2786.2,8,1099.3544836788792,4.8999999999999995,55.85487887379549,344.99655590159244,124
2786.3,8,1099.3544836788792,4.8999999999999995,55.85020918041196,345.0231342966448,124
2786.4,8,1099.3544836788792,4.8999999999999995,55.83342289556576,345.13395608994375,124
2786.5,8,1099.3544836788792,4.8999999999999995,55.80369072079216,345.16550168303775,124
2786.6,8,1099.3544836788792,4.8999999999999995,55.79514328170989,345.21922357972585,124
2786.7,8,1099.3544836788792,4.8999999999999995,55.900771654977405,344.48955901187105,124
2786.8,8,1099.3544836788792,4.8999999999999995,55.90085241489991,344.4890157888664,124
2786.9,8,1099.3544836788792,4.8999999999999995,55.89000240791188,344.55275340266644,124
2787.0,8,1099.3544836788792,4.8999999999999995,55.882067180981025,344.6011512095066,124
2787.1,8,1099.3544836788792,4.8999999999999995,55.87602399447054,344.6459926296263,124
2787.2,8,1099.3544836788792,4.8999999999999995,55.86614654280621,344.7124417896138,124
2787.3,8,1099.3544836788792,4.8999999999999995,55.87117214465775,344.6832287921171,124
2787.4,8,1099.3544836788792,4.8999999999999995,55.8672845923395,344.7119246813538,124
2787.5,8,1099.3544836788792,4.8999999999999995,55.87627125809675,344.6513715021855,124
2787.6,8,1099.3544836788792,4.8999999999999995,55.87684757702378,344.65038954425546,124
2787.7,8,1099.3544836788792,4.8999999999999995,55.91923490464879,344.4285706371479,124
2787.8,8,1099.2894092857066,4.8999999999999995,55.91904922514449,344.43477513556934,124
2787.9,8,1099.2894092857066,5.6,55.91273715764821,344.48334253186556,124
2788.0,8,1099.2894092857066,5.6,55.924680680660785,344.4185991724131,124
2788.1,8,1099.2894092857066,5.6,55.938958402627065,344.32709967339395,124
2788.2,8,1099.2894092857066,5.6,55.92969684094666,344.39390382059764,124
2788.3,8,1099.2894092857066,5.6,55.93569494134405,344.3638351912882,124
2788.4,8,1099.2894092857066,5.6,55.934897618150664,344.3744785904622,124
2788.5,8,1099.2894092857066,5.6,55.937253441507835,344.36623129521394,124
2788.6,8,1099.2894092857066,5.6,55.93372535688198,344.4063010769627,124
2788.7,8,1099.2894092857066,5.6,55.940709726017054,344.3680610021561,124
2788.8,8,1099.2894092857066,5.6,55.94286837768713,344.36692278621985,124
2788.9,8,1099.2894092857066,5.6,55.880530576163416,344.71396414847777,124
2789.0,8,1099.2894092857066,5.6,55.88859738952593,344.67877709550896,124
2789.1,8,1099.2894092857066,5.6,55.756512616078496,345.60492487073674,124
2789.2,8,1099.2894092857066,5.6,55.75905702487536,345.6008145031074,124
2789.3,8,1099.2894092857066,5.6,55.763394400145735,345.58840630320833,124
2789.4,8,1099.2894092857066,5.6,55.770275721519155,345.5551802610433,124
2789.5,8,1099.2894092857066,4.8999999999999995,55.778479846577056,345.52555597965255,124
2789.6,8,1099.2894092857066,4.8999999999999995,55.91936982930894,344.5647214931943,124
2789.7,8,1099.2894092857066,4.8999999999999995,55.94147994671802,344.43814253223695,124
2789.8,8,1099.2894092857066,4.8999999999999995,55.93993876203516,344.4693485693265,124
2789.9,8,1099.2894092857066,4.8999999999999995,55.953809941645815,344.3854285687278,124
2790.0,8,1099.2894092857066,4.8999999999999995,56.010078429950866,344.08602294136256,124
2790.1,8,1099.2894092857066,4.8999999999999995,56.016000060339294,344.0575265238866,124
2790.2,8,1099.2894092857066,4.8999999999999995,56.0169547585967,344.07105838038035,124
2790.3,8,1099.2894092857066,4.8999999999999995,56.02718194667597,344.01869969069537,124
2790.4,8,1099.2894092857066,4.8999999999999995,56.03452264480474,343.9967705197157,124
2790.5,8,1099.2249263572119,4.8999999999999995,56.05104377159557,343.9016236819698,124
2790.6,8,1099.2249263572119,4.8999999999999995,56.05991906684994,343.8642470589675,124
2790.7,8,1099.2249263572119,4.8999999999999995,55.95431778441485,344.4471029247254,124
2790.8,8,1099.2249263572119,4.8999999999999995,55.976420452061966,344.3195969793828,124
2790.9,8,1099.2249263572119,4.8999999999999995,55.98931093488417,344.2544522493543,124
2791.0,8,1099.2249263572119,4.8999999999999995,56.019434801872116,344.076347727251,124
2791.1,8,1099.2249263572119,4.8999999999999995,56.029712287658825,344.01938385488893,124
2791.2,8,1099.2249263572119,4.8999999999999995,56.05933529697609,343.83725852144477,124
2791.3,8,1099.2249263572119,4.8999999999999995,56.07577653672343,343.7369484165315,124
2791.4,8,1099.2249263572119,4.8999999999999995,56.08671265771633,343.6693743068399,124
2791.5,8,1099.2249263572119,4.8999999999999995,56.108816866300515,343.5385235710048,124
2791.6,8,1099.2249263572119,4.8999999999999995,56.13163877766104,343.40332190813456,124
2791.7,8,1099.2249263572119,4.8999999999999995,56.15274733784301,343.2774361479844,124
2791.8,8,1099.2249263572119,4.8999999999999995,56.180119031281826,343.12005621470036,124
2791.9,8,1099.2249263572119,4.8999999999999995,56.21037529263152,342.9280874908055,124
2792.0,8,1099.2249263572119,4.8999999999999995,56.08337161844646,343.6155158217058,124
2792.1,8,1099.2249263572119,4.8999999999999995,56.09583109277095,343.54275244773925,124
2792.2,8,1099.2249263572119,4.8999999999999995,56.10126630979677,343.5084619073032,124
2792.3,8,1099.2249263572119,4.8999999999999995,56.14221667501363,343.2947141341653,124
2792.4,8,1099.2249263572119,4.8999999999999995,56.151919515821575,343.2356387681728,124
2792.5,8,1099.2249263572119,4.8999999999999995,56.155388176053755,343.2115123419526,124
2792.6,8,1099.2249263572119,4.8999999999999995,56.171518345651094,343.1057548072898,124
2792.7,8,1099.2249263572119,4.8999999999999995,56.168828876301895,343.11913481372545,124
2792.8,8,1099.2249263572119,4.8999999999999995,56.181219142181405,343.03891113936015,124
2792.9,8,1099.2249263572119,4.8999999999999995,56.1678566922655,343.1216629815897,124
2793.0,8,1099.2249263572119,4.8999999999999995,56.17264443654055,343.08629451651774,124
2793.1,8,1099.159862647992,4.8999999999999995,56.09533887929588,343.48482584410783,124
2793.2,8,1099.159862647992,5.6,56.10558506678253,343.42186709006364,124
2793.3,8,1099.159862647992,4.8999999999999995,56.11106565962183,343.3932178628115,124
2793.4,8,1099.159862647992,4.8999999999999995,56.118462658061794,343.3578456635747,124
2793.5,8,1099.159862647992,4.8999999999999995,56.128444728348555,343.30026350026355,124
2793.6,8,1099.159862647992,4.8999999999999995,56.140898672915895,343.2180033802715,124
2793.7,8,1099.159862647992,4.8999999999999995,56.15751498809385,343.12166828415695,124
2793.8,8,1099.159862647992,4.8999999999999995,56.17642109948042,343.0000169334923,124
2793.9,8,1099.159862647992,4.8999999999999995,56.195749971529054,342.88581637957816,124
2794.0,8,1099.159862647992,4.8999999999999995,56.19645046964588,342.88168692240106,124
2794.1,8,1099.159862647992,4.8999999999999995,56.083547122646905,343.49654012634835,124
2794.2,8,1099.159862647992,4.8999999999999995,56.09897819333631,343.39106707130674,124
2794.3,8,1099.159862647992,4.8999999999999995,56.1221065080623,343.24455296393126,124
2794.4,8,1099.159862647992,4.8999999999999995,56.13085487478301,343.1977521994227,124
2794.5,8,1099.159862647992,4.8999999999999995,56.147890299621125,343.0954711931486,124
2794.6,8,1099.159862647992,4.8999999999999995,56.158577148103575,343.03001760157156,124
2794.7,8,1099.159862647992,4.8999999999999995,56.17288505206854,342.9435611996006,124
2794.8,8,1099.159862647992,4.8999999999999995,56.24249382987786,342.5454683362634,124
2794.9,8,1099.159862647992,4.8999999999999995,56.255136218274075,342.46518305046425,124
2795.0,8,1099.159862647992,4.8999999999999995,56.3512878745436,341.8225201655445,124
2795.1,8,1099.159862647992,4.8999999999999995,56.35905663460059,341.7769578664487,124
2795.2,8,1099.159862647992,4.8999999999999995,56.36106604932553,341.7672919200412,124
2795.3,8,1099.159862647992,4.8999999999999995,56.373840850470195,341.6971875772791,124
2795.4,8,1099.159862647992,4.8999999999999995,56.37884294185851,341.67618237809006,124
2795.5,8,1099.159862647992,4.8999999999999995,56.39579384196669,341.5703181558231,124
2795.6,8,1099.159862647992,4.8999999999999995,56.389982511856246,341.6114901849677,124
2795.7,8,1099.0949144083552,4.8999999999999995,56.26162311948927,342.3099487473688,124
2795.8,8,1099.0949144083552,5.6,56.27161729913796,342.2459013862591,124
2795.9,8,1099.0949144083552,5.6,56.27787589201466,342.21422165645964,124
2796.0,8,1099.0949144083552,4.8999999999999995,56.225161485583165,342.5753778880551,124
2796.1,8,1099.0949144083552,4.8999999999999995,56.23185133653204,342.53667617234834,124
2796.2,8,1099.0949144083552,4.8999999999999995,56.223994158156344,342.5973089406725,124
2796.3,8,1099.0949144083552,4.8999999999999995,56.314689412868994,342.09974207734354,124
2796.4,8,1099.0949144083552,4.8999999999999995,56.32046331158979,342.06398664028046,124
2796.5,8,1099.0949144083552,4.8999999999999995,56.30742378122815,342.15738216970715,124
2796.6,8,1099.0949144083552,4.8999999999999995,56.3112778078805,342.13246543797993,124
2796.7,8,1099.0949144083552,4.8999999999999995,56.306010239007335,342.17383167279024,124
2796.8,8,1099.0949144083552,4.8999999999999995,56.301516956422844,342.2056531626229,124
2796.9,8,1099.0949144083552,4.8999999999999995,56.29769620235592,342.2298149921336,124
2797.0,8,1099.0949144083552,4.8999999999999995,56.28943121204402,342.2959326345846,124
2797.1,8,1099.0949144083552,4.8999999999999995,56.290383905402294,342.28733833796764,124
2797.2,8,1099.0949144083552,4.8999999999999995,56.27102418773089,342.42383096884544,124
2797.3,10,1099.0949144083552,4.199999999999999,56.26519918723375,342.467493358104,124
2797.4,10,1099.0949144083552,4.800000000000001,56.26066557139187,342.5049790718462,124
2797.5,10,1099.0949144083552,4.800000000000001,56.25518723999569,342.54168462551115,124
2797.6,10,1099.0949144083552,4.800000000000001,56.33243985830053,342.0127514847758,124
2797.7,10,1099.0949144083552,4.800000000000001,56.26848737997362,342.37279329416816,124
2797.8,10,1099.0949144083552,4.800000000000001,56.27872561870153,342.30546981820504,124
2797.9,10,1099.0949144083552,4.800000000000001,56.264434024839105,342.41202010599375,124
2798.0,10,1099.0949144083552,4.800000000000001,56.255378515057444,342.4731071912893,124
2798.1,10,1099.0949144083552,4.800000000000001,56.25359755019966,342.4908864648976,124
2798.2,9,1099.6913955759424,4.0,56.252868880782785,342.50763489762693,124
2798.3,9,1099.9727853427548,3.2,56.24937702597442,342.5326541066119,124
2798.4,9,1100.1732511435218,3.2,56.24271849876494,342.5890947594097,124
2798.5,9,1100.1732511435218,3.2,56.30569364389815,342.25923857855213,124
2798.6,9,1100.1732511435218,3.2,56.292633056651624,342.343545186097,124
2798.7,9,1100.3377147934787,3.2,56.20245149824151,342.8315239559108,124
2798.8,10,1100.3377147934787,4.0,56.17076088853075,343.0358152681837,124
2798.9,10,1100.3377147934787,4.800000000000001,56.15715887691515,343.1161842908773,124
2799.0,10,1100.3377147934787,4.800000000000001,56.13293491353792,343.27156370959045,124
2799.1,10,1100.3377147934787,4.800000000000001,56.12665243022782,343.3054219528298,124
2799.2,10,1100.3377147934787,4.800000000000001,56.10326799841178,343.45362752903077,124
2799.3,10,1100.3377147934787,4.800000000000001,56.086733221175315,343.5536144154106,124
2799.4,10,1100.3377147934787,4.800000000000001,56.07638776538545,343.6248441030526,124
2799.5,10,1100.3377147934787,4.800000000000001,56.05397120581836,343.7654845764987,124
2799.6,10,1100.3377147934787,4.800000000000001,56.04561669714245,343.8128339774026,124
2799.7,10,1100.3377147934787,4.800000000000001,56.01814868727932,343.99070067956796,124
2799.8,10,1100.3377147934787,4.800000000000001,56.006628114699055,344.06166387438793,124
2799.9,10,1100.3377147934787,4.800000000000001,55.99158533583281,344.1634050190472,124
2800.0,10,1100.3377147934787,4.800000000000001,55.97260203728353,344.2815261333592,124
2800.1,10,1100.3377147934787,4.800000000000001,55.94599913549122,344.4553116234355,124
2800.2,10,1100.3377147934787,4.800000000000001,55.937788221398506,344.5002584146316,124
2800.3,10,1100.3377147934787,4.800000000000001,55.924470369690894,344.58314644706775,124
2800.4,10,1100.3377147934787,4.800000000000001,55.897635897909915,344.75251266356275,124
2800.5,10,1100.3377147934787,4.800000000000001,55.88405082350894,344.83744948053265,124
2800.6,10,1100.3377147934787,4.800000000000001,55.94744005742197,344.4924887382098,124
2800.7,10,1100.3377147934787,4.800000000000001,56.01101773124046,344.0399413355251,124
2800.8,10,1100.3377147934787,4.800000000000001,55.994643471767915,344.14817805754615,124
2800.9,10,1100.3377147934787,4.800000000000001,55.98180742824853,344.2248133663596,124
2801.0,10,1100.3377147934787,5.6000000000000005,55.96124292913625,344.35017784981864,124
2801.1,10,1100.3377147934787,5.6000000000000005,55.94445185636285,344.44875086103076,124
2801.2,10,1100.3377147934787,5.6000000000000005,55.801359413706535,345.2971418450272,124
2801.3,10,1100.3377147934787,5.6000000000000005,55.777951004334646,345.44031115074154,124
2801.4,10,1100.3377147934787,5.6000000000000005,55.75341750910773,345.59752599174755,124
2801.5,10,1100.3377147934787,5.6000000000000005,55.73916424455646,345.6819489732097,124
2801.6,10,1100.3377147934787,5.6000000000000005,55.71163384608883,345.8531111855099,124
2801.7,10,1100.3377147934787,5.6000000000000005,55.677819141337544,346.0656030364361,124
2801.8,10,1100.3377147934787,5.6000000000000005,55.66092573679927,346.1695998006843,124
2801.9,10,1100.3377147934787,5.6000000000000005,55.646392973956864,346.26442166672075,124
2802.0,10,1100.3377147934787,5.6000000000000005,55.56215933425895,346.8393596832674,124
2802.1,10,1100.3377147934787,5.6000000000000005,55.54093338531636,346.9731120300387,124
2802.2,10,1100.3377147934787,5.6000000000000005,55.52554418347729,347.07947749537743,124
2802.3,10,1100.3377147934787,5.6000000000000005,55.56371033701501,346.79208902476387,124
2802.4,10,1100.3377147934787,5.6000000000000005,55.42981080353074,347.5525307246854,124
2802.5,10,1100.3377147934787,5.6000000000000005,55.410611056553236,347.6774003140671,124
2802.6,10,1100.3377147934787,5.6000000000000005,55.38844093130092,347.8144074215325,124
2802.7,10,1100.3377147934787,5.6000000000000005,55.35846576996488,348.0167585153514,124
2802.8,10,1100.3377147934787,5.6000000000000005,55.34527419208945,348.0972296760393,124
2802.9,10,1100.3377147934787,5.6000000000000005,55.323703588295714,348.23231869722406,124
2803.0,10,1100.3377147934787,5.6000000000000005,55.210037461558144,349.011612645157,124
2803.1,10,1100.3377147934787,5.6000000000000005,55.1839916541645,349.1812051161678,124
2803.2,10,1100.3377147934787,5.6000000000000005,55.16969080173086,349.26477639134066,124
2803.3,10,1100.3377147934787,5.6000000000000005,55.14959114291594,349.399443814141,124
2803.4,10,1100.3377147934787,5.6000000000000005,55.12724344084094,349.54201791369167,124
2803.5,10,1100.3377147934787,5.6000000000000005,55.114286259671466,349.61174449214207,124
2803.6,10,1100.3377147934787,5.6000000000000005,55.09781755598171,349.71674371238305,124
2803.7,10,1100.3377147934787,5.6000000000000005,55.06159191410279,349.95078457845625,124
2803.8,10,1100.3377147934787,5.6000000000000005,55.04414647537308,350.0678275465531,124
2803.9,10,1100.3377147934787,5.6000000000000005,55.03378913200014,350.1354123877641,124
2804.0,10,1100.3377147934787,5.6000000000000005,55.009195844229566,350.2948049888023,124
2804.1,10,1100.3377147934787,5.6000000000000005,54.985278133958346,350.45345615082766,124
2804.2,10,1100.3377147934787,5.6000000000000005,54.97864226310499,350.47895078894203,124
2804.3,10,1100.3377147934787,5.6000000000000005,54.95947533084436,350.605403763235,124
2804.4,10,1100.3377147934787,5.6000000000000005,54.93609096704111,350.7493012130204,124
2804.5,10,1100.9269244035895,5.6000000000000005,55.10201705445998,349.83058759792584,125
2804.6,10,1100.9269244035895,-100.0,55.09204791023493,349.8980911010527,125
2804.7,10,1100.9269244035895,4.800000000000001,55.05878807202143,350.10952811888507,125
2804.8,10,1100.9269244035895,4.800000000000001,55.04174350856925,350.21350955748505,125
2804.9,8,1100.907317955298,4.800000000000001,55.02230351359411,350.3460990222168,125
2805.0,10,1100.907317955298,4.199999999999999,55.01524145702429,350.38018340461974,125
2805.1,10,1100.907317955298,4.800000000000001,55.158850772907684,349.32791375709894,125
2805.2,10,1100.907317955298,4.800000000000001,55.13757361523223,349.46171828776437,125
2805.3,10,1100.907317955298,5.6000000000000005,55.12781062437979,349.5195340819562,125
2805.4,10,1100.907317955298,5.6000000000000005,55.03149863829785,350.06743902875166,125
2805.5,10,1100.907317955298,4.800000000000001,54.82323852894452,351.5195084175991,125
2805.6,10,1100.907317955298,4.800000000000001,54.82487461726132,351.5091734085198,125
2805.7,10,1100.907317955298,4.800000000000001,54.82494806176156,351.5164553389463,125
2805.8,10,1100.907317955298,4.800000000000001,54.82609897086158,351.5115139666136,125
2805.9,10,1100.907317955298,4.800000000000001,54.80960378287966,351.62879522489834,125
2806.0,10,1100.907317955298,4.800000000000001,54.813574336496885,351.6082544019288,125
2806.1,10,1100.907317955298,4.800000000000001,54.82247981505485,351.56005805549233,125
2806.2,10,1100.907317955298,4.800000000000001,54.82044257408731,351.5866989637103,125
2806.3,10,1100.907317955298,4.800000000000001,54.836852510345764,351.4760118955519,125
2806.4,10,1100.907317955298,5.6000000000000005,54.83530097674573,351.49676529541284,125
2806.5,10,1100.907317955298,5.6000000000000005,54.83871976749343,351.47275299390526,125
2806.6,10,1100.907317955298,5.6000000000000005,54.74485776899685,352.15665641529466,125
2806.7,10,1100.907317955298,5.6000000000000005,54.741362832518945,352.1905649536527,125
2806.8,10,1100.907317955298,5.6000000000000005,54.73593995026432,352.2309998863822,125
2806.9,10,1100.907317955298,5.6000000000000005,54.75084812469349,352.1309278696944,125
2807.0,10,1100.907317955298,5.6000000000000005,54.74395942706991,352.18626682091167,125
2807.1,10,1100.907317955298,5.6000000000000005,54.758107734150826,352.0925147316966,125
2807.2,10,1100.907317955298,5.6000000000000005,54.832152305694336,351.68327064331424,125
2807.3,10,1100.907317955298,5.6000000000000005,54.96346459692473,350.7219935808559,125
2807.4,10,1100.907317955298,5.6000000000000005,54.96355727590243,350.7231590915191,125
2807.5,10,1100.907317955298,5.6000000000000005,54.96710825733828,350.6959182993304,125
2807.6,10,1100.907317955298,5.6000000000000005,54.98165138897943,350.5928895077468,125
2807.7,10,1100.907317955298,5.6000000000000005,54.955451868086655,350.77332467053657,125
2807.8,10,1100.907317955298,5.6000000000000005,54.95180073516475,350.7883364456045,125
2807.9,10,1100.907317955298,5.6000000000000005,54.95486705446487,350.76204944492724,125
2808.0,10,1100.907317955298,5.6000000000000005,54.94918011173763,350.79453518208425,125
2808.1,10,1100.907317955298,5.6000000000000005,54.94739575584802,350.8008053628397,125
2808.2,10,1100.907317955298,4.800000000000001,54.95485985031594,350.7446224978739,125
2808.3,10,1100.907317955298,4.800000000000001,54.9406192674612,350.8321719700193,125
2808.4,10,1100.907317955298,4.800000000000001,54.959938989130336,350.69523052203635,125
2808.5,10,1100.907317955298,4.800000000000001,54.959946545588764,350.6975664924511,125
2808.6,10,1100.907317955298,4.800000000000001,54.96056983681349,350.6900436277627,125
2808.7,10,1100.907317955298,4.800000000000001,54.953217661523084,350.74553307016606,125
2808.8,10,1100.907317955298,4.800000000000001,54.904910737947716,350.9992129701469,125
2808.9,10,1100.907317955298,4.800000000000001,54.91056246898969,350.9565348569972,125
2809.0,10,1100.907317955298,4.800000000000001,54.907351514527214,350.9720084416496,125
2809.1,10,1100.907317955298,4.800000000000001,54.90755689082215,350.96734051669523,125
2809.2,10,1100.907317955298,4.800000000000001,54.91364770747063,350.9247149569057,125
2809.3,10,1100.907317955298,4.800000000000001,54.91704491698271,350.8977756771604,125
2809.4,10,1100.907317955298,4.800000000000001,54.90720067664331,350.9702565451017,125
2809.5,10,1100.907317955298,4.800000000000001,54.97373323864396,350.58781353016286,125
2809.6,10,1100.907317955298,4.800000000000001,54.843316356458786,351.5419617423738,125
2809.7,10,1100.907317955298,4.800000000000001,54.98047384673717,350.55772249759605,125
2809.8,10,1100.907317955298,4.800000000000001,54.97157853830474,350.6186983365056,125
2809.9,10,1100.907317955298,4.800000000000001,54.9752380075371,350.60650828774766,125
2810.0,10,1100.907317955298,4.800000000000001,54.9896798464807,350.51460233065467,125
2810.1,10,1100.907317955298,4.800000000000001,54.991831382492464,350.508724111569,125
2810.2,10,1100.907317955298,4.800000000000001,55.00635947354845,350.412965580427,125
2810.3,10,1100.907317955298,4.800000000000001,55.00874332812619,350.4053400608579,125
2810.4,10,1100.907317955298,4.800000000000001,55.02591208466326,350.28103539725987,125
2810.5,10,1100.907317955298,4.800000000000001,55.0195141347144,350.3412424124429,125
2810.6,10,1100.907317955298,4.800000000000001,54.83374299439646,351.8081903747848,125
2810.7,10,1100.907317955298,4.800000000000001,54.823495903418504,351.8848311245965,125
2810.8,10,1100.907317955298,4.800000000000001,54.83199856297375,351.83560509792466,125
2810.9,10,1100.907317955298,4.800000000000001,54.84409939490881,351.75565051074216,125
2811.0,10,1100.907317955298,4.800000000000001,54.85748981428864,351.65658040032565,125
2811.1,10,1100.907317955298,4.0,54.849262194949155,351.73081769256453,125
2811.2,10,1100.907317955298,4.0,54.854497976851846,351.70335762624666,125
2811.3,10,1100.907317955298,4.0,54.85306920629678,351.73123137279697,125
2811.4,10,1100.907317955298,4.0,54.857200200217044,351.7185209277113,125
2811.5,10,1100.907317955298,4.0,54.874322368950445,351.6037309204208,125
2811.6,10,1100.907317955298,4.0,54.860378168231804,351.72011366973237,125
2811.7,10,1100.907317955298,4.0,54.884806110940225,351.59056071862244,125
2811.8,10,1100.907317955298,4.0,54.88318283339349,351.6268124261502,125
2811.9,10,1100.907317955298,4.0,54.94723996228073,351.16768682810175,125
2812.0,10,1100.907317955298,4.0,54.94584789047721,351.20013822695756,125
2812.1,10,1100.907317955298,4.0,54.95741151282962,351.1313316803474,125
2812.2,10,1100.907317955298,4.0,54.96727140704835,351.0859163318145,125
2812.3,10,1100.907317955298,4.0,54.97140224749862,351.08333105791576,125
2812.4,10,1100.907317955298,4.800000000000001,54.981440500463144,351.0361830393977,125
2812.5,12,1100.907317955298,4.0,54.99351372508909,350.96688254387414,125
2812.6,12,1100.907317955298,4.5,54.990370653312645,351.022627882534,125
2812.7,12,1100.907317955298,4.5,55.00371923414923,350.9392711840916,125
2812.8,12,1100.907317955298,4.5,55.010497115953314,350.92139024101766,125
2812.9,12,1100.907317955298,4.5,55.0360228859327,350.75202375968433,125
2813.0,12,1100.907317955298,4.5,55.03218084839173,350.7971587585471,125
2813.1,12,1100.907317955298,4.5,55.03984371362823,350.7538448129119,125
2813.2,12,1100.907317955298,4.5,55.04352991271329,350.7524540882007,125
2813.3,12,1100.907317955298,4.5,54.943314450453386,351.50765498536225,125
2813.4,12,1100.907317955298,4.5,54.9458556689119,351.5147089949993,125
2813.5,12,1100.907317955298,4.5,54.95739447591006,351.44846357135276,125
2813.6,12,1100.907317955298,4.5,54.96429685067888,351.41256392925993,125
2813.7,12,1100.907317955298,4.5,55.023407055023696,351.03040306010155,125
2813.8,12,1100.907317955298,4.5,55.05533625260909,350.8270211179462,125
2813.9,12,1100.907317955298,5.4,55.133837875583986,350.3778851173445,125
2814.0,12,1100.907317955298,5.4,55.14481895743265,350.3104079093392,125
2814.1,12,1100.907317955298,5.4,55.155633005891815,350.23973550554206,125
2814.2,12,1100.907317955298,5.4,55.17195128439441,350.14163966455527,125
2814.3,12,1100.907317955298,5.4,55.19018930676894,350.01563864979397,125
2814.4,12,1100.907317955298,5.4,55.19180835016146,350.0018354845116,125
2814.5,12,1100.907317955298,5.4,55.2070090694166,349.9041465428304,125
2814.6,12,1100.907317955298,5.4,55.23478243934653,349.70226113633385,125
2814.7,12,1100.907317955298,5.4,55.319170467810345,349.0827622861698,125
2814.8,12,1100.907317955298,5.4,55.334818753166225,348.97670530512187,125
2814.9,12,1100.907317955298,5.4,55.41401719333541,348.42136302553115,125
2815.0,12,1100.907317955298,5.4,55.428863828564275,348.3195192522502,125
2815.1,12,1100.907317955298,5.4,55.43807805230924,348.2510451863467,125
2815.2,12,1100.907317955298,6.3,55.44250892132977,348.22355358260495,125
2815.3,12,1100.907317955298,6.3,55.45611169274934,348.1146844410404,125
2815.4,12,1100.907317955298,6.3,55.46122459880256,348.0775140058952,125
2815.5,12,1100.907317955298,6.3,55.41292363885996,348.2870932039846,125
2815.6,12,1100.907317955298,6.3,55.415172050615155,348.26735351378755,125
2815.7,12,1100.907317955298,6.3,55.432892638557966,348.15529495563953,125
2815.8,12,1100.907317955298,6.3,55.454857290532615,348.00321712554637,125
2815.9,12,1100.907317955298,6.3,55.47145221452389,347.88844545330926,125
2816.0,12,1100.907317955298,6.3,55.48854738995777,347.7715874003123,125
2816.1,12,1100.907317955298,6.3,55.54897017433005,347.46330205125093,125
2816.2,12,1100.907317955298,6.3,55.55229892095307,347.44397661245483,125
2816.3,12,1100.907317955298,6.3,55.55235543822921,347.44051538916176,125
2816.4,12,1100.907317955298,6.3,55.55046042693643,347.4581713641429,125
2816.5,12,1100.907317955298,5.4,55.54317390619657,347.50903150633894,125
2816.6,12,1100.907317955298,5.4,55.54498896754099,347.4971931238405,125
2816.7,12,1100.907317955298,5.4,55.539605412897885,347.5408995319259,125
2816.8,12,1100.907317955298,5.4,55.542561337608845,347.52592348089286,125
2816.9,12,1100.907317955298,5.4,55.550150382494365,347.4773041965211,125
2817.0,12,1100.907317955298,5.4,55.5520194059679,347.4640632421148,125
2817.1,12,1100.907317955298,5.4,55.651608872033464,346.7534685829014,125
2817.2,12,1100.907317955298,5.4,55.65708532205961,346.7290363618788,125
2817.3,11,1101.36375855866,4.5,55.667564401251894,346.6526525528699,125
2817.4,12,1101.36375855866,4.5,55.68654121605573,346.5377931825858,125
2817.5,12,1101.36375855866,4.5,55.697909428411265,346.4570694358865,125
2817.6,12,1101.36375855866,4.5,55.705030920738196,346.40421926633434,125
2817.7,12,1101.36375855866,4.5,55.72401561229066,346.2768693964083,125
2817.8,12,1101.36375855866,4.5,55.732643393082895,346.2227727010019,125
2817.9,12,1101.36375855866,4.5,55.735397961024645,346.20492129840227,125
2818.0,12,1101.36375855866,4.5,55.73994433848559,346.1848681395087,125
2818.1,12,1101.36375855866,4.5,55.76501098919418,346.0054384430827,125
2818.2,12,1101.36375855866,4.5,55.767234630349584,346.00362214693394,125
2818.3,12,1101.36375855866,4.5,55.78250488174417,345.8998010823831,125
2818.4,12,1101.36375855866,5.4,55.777280028035825,345.9367613114823,125
2818.5,12,1101.36375855866,5.4,55.79370373322012,345.8088887656683,125
2818.6,12,1101.36375855866,5.4,55.79226980166916,345.8183659388678,125
2818.7,12,1101.36375855866,5.4,55.80771492736428,345.7145983251777,125
2818.8,12,1101.36375855866,5.4,55.819232565152404,345.63460352345237,125
2818.9,12,1101.36375855866,5.4,55.82188361443039,345.61681551494166,125
2819.0,12,1101.36375855866,5.4,55.84222095589118,345.4741789681179,125
2819.1,12,1101.36375855866,5.4,55.84024808667199,345.47500711297255,125
2819.2,12,1101.36375855866,5.4,55.83962075419225,345.47370754488185,125
2819.3,8,1101.3698843986012,5.4,55.842777767501055,345.44340971214115,125
2819.4,8,1101.5439701595924,5.6,55.87151740725935,345.23839395332584,125
2819.5,12,1101.5439701595924,5.6,55.88359319130156,345.1426490832057,125
2819.6,12,1101.5439701595924,6.3,55.97940311348273,344.47398101811166,125
2819.7,12,1101.5439701595924,6.3,56.0003999925531,344.3162641522192,125
2819.8,8,1101.5439701595924,5.4,55.99841158926114,344.31507509092944,125
2819.9,12,1101.5439701595924,4.8999999999999995,56.015655377618614,344.18871792201196,125
2820.0,12,1101.5439701595924,5.4,56.03487296715302,344.0474660983175,125
2820.1,12,1101.5439701595924,5.4,56.048115943887666,343.9447112503285,125
2820.2,12,1101.5439701595924,5.4,56.05496094905627,343.88994694172777,125
2820.3,12,1101.5439701595924,5.4,56.0758443132233,343.7379625184218,125
2820.4,12,1101.5439701595924,5.4,56.08358290543124,343.6734814865547,125
2820.5,12,1101.5439701595924,5.4,56.104518018004434,343.52100289205214,125
2820.6,12,1101.5439701595924,5.4,56.1064963173496,343.4987867249883,125
2820.7,12,1101.5439701595924,5.4,56.12232192865407,343.383054391188,125
2820.8,12,1101.5439701595924,5.4,56.1886004662437,342.9224332412715,125
2820.9,12,1101.5439701595924,5.4,56.20062154407488,342.8322239868211,125
2821.0,12,1101.5439701595924,5.4,56.20632522028626,342.78643930545854,125
2821.1,12,1101.5439701595924,5.4,56.23826919724801,342.5871561980463,125
2821.2,12,1101.5439701595924,5.4,56.24229626748376,342.5453655595346,125
2821.3,12,1101.5439701595924,5.4,56.24635510434106,342.509975446312,125
2821.4,12,1101.5439701595924,5.4,56.25686589366487,342.4415604746534,125
2821.5,12,1101.5439701595924,5.4,56.2738440611672,342.31903873305885,125
2821.6,12,1101.5439701595924,5.4,56.274886357129446,342.31066087333465,125
2821.7,12,1101.5439701595924,5.4,56.280655084201776,342.26491717793255,125
2821.8,12,1101.5439701595924,5.4,56.28463693093373,342.23854131440197,125
2821.9,12,1101.5439701595924,5.4,56.29757597694815,342.1477205025873,125
2822.0,8,1101.480054391705,5.4,56.29837836516184,342.1344894878956,125
2822.1,8,1101.480054391705,5.6,56.30340777274674,342.0928991926835,125
2822.2,8,1101.480054391705,5.6,56.30143595238701,342.10512530744336,125
2822.3,8,1101.480054391705,5.6,56.298482744514494,342.1196724735039,125
2822.4,8,1101.480054391705,5.6,56.29238063509717,342.15678210533787,125
2822.5,8,1101.480054391705,5.6,56.28734810564018,342.18507138824316,125
2822.6,8,1101.480054391705,5.6,56.27980627782321,342.2391177692283,125
2822.7,8,1101.480054391705,5.6,56.29011632476779,342.1745885615762,125
2822.8,8,1101.480054391705,4.8999999999999995,56.28508684117,342.2107202457129,125
2822.9,8,1101.480054391705,4.8999999999999995,56.27846659671919,342.25734257635474,125
2823.0,8,1101.480054391705,4.8999999999999995,56.30626072839439,342.0792631871235,125
2823.1,8,1101.480054391705,4.8999999999999995,56.315772540285124,342.0198313952826,125
2823.2,8,1101.480054391705,4.8999999999999995,56.33109089498693,341.9191218863941,125
2823.3,8,1101.480054391705,4.8999999999999995,56.32613065120624,341.94608704456164,125
2823.4,8,1101.480054391705,4.8999999999999995,56.3784531690424,341.5923417953157,125
2823.5,8,1101.480054391705,4.8999999999999995,56.390795863858834,341.5090968225363,125
2823.6,8,1101.480054391705,4.8999999999999995,56.40849863855823,341.42102083477175,125
2823.7,8,1101.480054391705,4.8999999999999995,56.40547011378915,341.43974611633473,125
2823.8,8,1101.480054391705,4.8999999999999995,56.39482597406532,341.5178035936185,125
2823.9,8,1101.480054391705,4.8999999999999995,56.41730289795845,341.3766716507753,125
2824.0,8,1101.480054391705,4.8999999999999995,56.4066891535964,341.45170811642794,125
2824.1,8,1101.480054391705,4.8999999999999995,56.41294272506467,341.40510754098034,125
2824.2,8,1101.480054391705,4.8999999999999995,56.413094551851714,341.4120062110841,125
2824.3,8,1101.480054391705,4.8999999999999995,56.4149964591944,341.39890093078566,125
2824.4,8,1101.480054391705,4.8999999999999995,56.42242229390226,341.3608537422491,125
2824.5,8,1101.4142290898553,4.8999999999999995,56.43381984880614,341.2949104261174,125
2824.6,8,1101.4142290898553,5.6,56.448477891471754,341.20127397938904,125
2824.7,8,1101.4142290898553,5.6,56.445719783744025,341.2252551266812,125
2824.8,8,1101.4142290898553,5.6,56.44394112585833,341.2342405023454,125
2824.9,8,1101.4142290898553,5.6,56.4299868842356,341.3350956056472,125
2825.0,8,1101.4142290898553,5.6,56.44552145798641,341.2385784524298,125
2825.1,8,1101.4142290898553,5.6,56.42736632616578,341.3675425778488,125
2825.2,8,1101.4142290898553,5.6,56.43765469188904,341.3064879746237,125
2825.3,8,1101.4142290898553,5.6,56.43270379890082,341.3484640623085,125
2825.4,8,1101.4142290898553,5.6,56.434863144879294,341.34121127797465,125
2825.5,8,1101.4142290898553,5.6,56.433922111610684,341.36262595199463,125
2825.6,8,1101.4142290898553,5.6,56.4239125506126,341.4360428473577,125
2825.7,8,1101.4142290898553,5.6,56.42719089089545,341.427285761293,125
2825.8,8,1101.4142290898553,5.6,56.41193990491819,341.54415378608445,125
2825.9,8,1101.4142290898553,5.6,56.44359396121917,341.3829021265138,125
2826.0,8,1101.4142290898553,5.6,56.44982575096796,341.35661498060523,125
2826.1,8,1101.4142290898553,5.6,56.489943056089004,341.13911849803776,125
2826.2,8,1101.4142290898553,5.6,56.49096889692391,341.1523137158463,125
2826.3,8,1101.9994834648667,5.6,56.50827122971213,341.0567981802227,126
2826.4,8,1101.9994834648667,-100.0,56.51434619540123,341.0281299863986,126
2826.5,8,1101.9994834648667,5.6,56.51950746115801,341.01597289238333,126
2826.6,8,1101.9994834648667,5.6,56.51803001940583,341.04257398640584,126
2826.7,8,1101.9994834648667,5.6,56.52009653164506,341.04952747187235,126
2826.8,8,1101.9994834648667,5.6,56.60107892706199,340.50323734684537,126
2826.9,8,1101.9994834648667,5.6,56.60898676370087,340.46620215067685,126
2827.0,8,1101.9994834648667,5.6,56.62778709966311,340.34546866439024,126
2827.1,8,1101.9994834648667,5.6,56.63166509597929,340.3298530889715,126
2827.2,8,1101.9994834648667,5.6,56.65696066401523,340.17996830212223,126
2827.3,8,1101.9994834648667,5.6,56.66523229002673,340.13202278150266,126
2827.4,8,1101.9339770342126,5.6,56.65677111674317,340.1686580735693,126
2827.5,8,1101.9339770342126,6.3,56.714600591771244,339.78706771712604,126
2827.6,8,1101.9339770342126,6.3,56.715391658455125,339.79310579809487,126
2827.7,8,1101.9339770342126,5.6,56.72848164328924,339.70951594887305,126
2827.8,8,1101.9339770342126,5.6,56.7379489939383,339.6650311844658,126
2827.9,8,1101.9339770342126,5.6,56.70021582619181,339.9307876092604,126
2828.0,8,1101.9339770342126,5.6,56.695829770483115,339.96264894908074,126
2828.1,8,1101.9339770342126,5.6,56.70401603993745,339.9096623583353,126
2828.2,8,1101.9339770342126,5.6,56.69796910324916,339.9606168761005,126
2828.3,8,1101.9339770342126,5.6,56.71785518602227,339.8477464252295,126
2828.4,8,1101.9339770342126,5.6,56.716748134465064,339.85638689691234,126
2828.5,8,1101.9339770342126,5.6,56.722786301321605,339.82056071642154,126
2828.6,8,1101.9339770342126,5.6,56.72726142282362,339.8030920964857,126
2828.7,8,1101.9339770342126,5.6,56.748553106374054,339.6698442155863,126
2828.8,8,1101.9339770342126,5.6,56.742674144457524,339.71174158154645,126
2828.9,8,1101.9339770342126,5.6,56.75258149909875,339.6561689711814,126
2829.0,8,1101.9339770342126,5.6,56.769745493377144,339.5533299574707,126
2829.1,8,1101.9339770342126,5.6,56.78137901741765,339.49007791314324,126
2829.2,8,1101.9339770342126,5.6,56.799728201711616,339.3760174985601,126
2829.3,8,1101.9339770342126,5.6,56.87439935967251,338.99527125058376,126
2829.4,8,1101.9339770342126,4.8999999999999995,56.784634685330005,339.5990955856439,126
2829.5,8,1101.9339770342126,4.8999999999999995,56.77418845475012,339.66845068691356,126
2829.6,8,1101.9339770342126,4.8999999999999995,56.774547936163415,339.6676048285943,126
2829.7,8,1101.9339770342126,4.8999999999999995,56.77170871727271,339.6843509126264,126
2829.8,8,1101.9339770342126,4.8999999999999995,56.76900620580625,339.7067314003301,126
2829.9,8,1101.9339770342126,4.8999999999999995,56.775410662196165,339.67041025207755,126
2830.0,8,1101.9339770342126,4.8999999999999995,56.77653450221809,339.6742092405551,126
2830.1,8,1101.9339770342126,4.8999999999999995,56.78623388203728,339.6115053256186,126
2830.2,8,1101.8679024731819,4.8999999999999995,56.84126462849978,339.24252827997503,126
2830.3,8,1101.8679024731819,5.6,56.83765508285727,339.2701767698181,126
2830.4,8,1101.8679024731819,5.6,56.853374038750104,339.1770248633708,126
2830.5,8,1101.8679024731819,5.6,56.84123057650261,339.26511449317553,126
2830.6,8,1101.8679024731819,5.6,56.84475784518071,339.24992021853745,126
2830.7,8,1101.8679024731819,5.6,56.85647739742143,339.18121100769224,126
2830.8,8,1101.8679024731819,5.6,56.77478938419739,339.61423503452465,126
2830.9,8,1101.8679024731819,5.6,56.769197510223144,339.65030434246285,126
2831.0,8,1101.8679024731819,5.6,56.7649022636458,339.6752359198152,126
2831.1,8,1101.8679024731819,4.8999999999999995,56.76499840316059,339.6806600606325,126
2831.2,8,1101.8679024731819,4.8999999999999995,56.75170429008202,339.77217492554814,126
2831.3,8,1101.8679024731819,4.8999999999999995,56.743186458431964,339.8300537440008,126
2831.4,8,1101.8679024731819,4.8999999999999995,56.72100595390825,339.97004479150223,126
2831.5,8,1101.8679024731819,4.8999999999999995,56.778962391342674,339.6795908800114,126
2831.6,8,1101.8679024731819,4.8999999999999995,56.76155690761138,339.79117353529284,126
2831.7,8,1101.8679024731819,4.8999999999999995,56.746755392195716,339.88433883850723,126
2831.8,8,1101.8679024731819,4.8999999999999995,56.74299800807928,339.9087990877553,126
2831.9,8,1101.8679024731819,4.8999999999999995,56.73610989385379,339.946234533813,126
2832.0,8,1101.8679024731819,4.8999999999999995,56.725314027569226,340.0087370049608,126
2832.1,8,1101.8679024731819,4.8999999999999995,56.71294767394048,340.0826117099582,126
2832.2,8,1101.8679024731819,4.8999999999999995,56.57106260022552,341.06199552628505,126
2832.3,8,1101.8679024731819,4.8999999999999995,56.56617787571098,341.08627574865545,126
2832.4,8,1101.8679024731819,4.8999999999999995,56.55678542878383,341.1379377944043,126
2832.5,8,1101.8679024731819,4.8999999999999995,56.618918019185074,340.7047366571321,126
2832.6,8,1101.8679024731819,4.8999999999999995,56.61310400512059,340.7398492136971,126
2832.7,8,1101.8679024731819,4.8999999999999995,56.59641144022434,340.8433671249618,126
2832.8,9,1103.2584594522014,4.199999999999999,56.57680047345618,340.9763412119772,127
2832.9,9,1103.5749956866077,-100.0,56.56453252609476,341.04546141698825,127
2833.0,9,1103.8026671942798,4.0,56.52803457228643,341.2832344200028,127
2833.1,9,1103.8026671942798,4.0,56.50789302270812,341.4071808082281,127
2833.2,9,1103.8026671942798,4.0,56.41713701078207,341.9906455048548,127
2833.3,9,1103.8026671942798,4.0,56.3901553800622,342.1503436277245,127
2833.4,9,1103.8026671942798,4.0,56.35491668606002,342.3686670419101,127
2833.5,9,1103.8026671942798,4.0,56.33845241608543,342.47027733880134,127
2833.6,9,1103.8026671942798,4.0,56.316705377545304,342.6129525731128,127
2833.7,9,1103.8026671942798,4.0,56.28905192482756,342.789529324976,127
2833.8,9,1103.8026671942798,4.0,56.28173609235894,342.8303520510336,127
2833.9,9,1103.8026671942798,4.0,56.30744417586736,342.7100465858784,127
2834.0,9,1103.8026671942798,4.0,56.30556900798556,342.7216507655322,127
2834.1,10,1103.8026671942798,4.0,56.30880140008219,342.7110964927141,127
2834.2,10,1103.8026671942798,4.800000000000001,56.299968516941576,342.7642788267001,127
2834.3,10,1103.8026671942798,4.800000000000001,56.28991450875629,342.8335629950876,127
2834.4,10,1103.8026671942798,4.800000000000001,56.29673087768769,342.7813921453432,127
2834.5,10,1103.8026671942798,4.0,56.2976266806359,342.78638953953464,127
2834.6,10,1103.8026671942798,4.0,56.29017653880742,342.8384827189552,127
2834.7,10,1103.8026671942798,4.0,56.281962044458176,342.90080363973135,127
2834.8,10,1103.8026671942798,4.0,56.288560502487975,342.85830645538147,127
2834.9,10,1103.8026671942798,4.0,56.29182897854653,342.84554183705677,127
2835.0,10,1103.8026671942798,4.0,56.1318672952699,343.9002241651084,127
2835.1,9,1103.9649701252124,4.0,56.12357755580707,343.963432129424,127
2835.2,10,1103.9649701252124,4.0,56.132255292996476,343.912055299485,127
2835.3,10,1103.9649701252124,4.800000000000001,56.128190778107744,343.9442189909031,127
2835.4,10,1103.9649701252124,4.800000000000001,56.12934284290988,343.9421013636813,127
2835.5,10,1103.9649701252124,4.800000000000001,56.13357392159294,343.92600773068204,127
2835.6,10,1103.9649701252124,4.800000000000001,56.14992527169337,343.82710421746503,127
2835.7,10,1103.9649701252124,4.800000000000001,56.14493429818557,343.87259701255937,127
2835.8,10,1103.9649701252124,4.800000000000001,56.16026329381316,343.786359537689,127
2835.9,10,1103.9649701252124,4.800000000000001,56.14700316355058,343.84425261384575,127
2836.0,10,1103.9649701252124,4.800000000000001,56.16366037096124,343.74350788041613,127
2836.1,10,1103.9649701252124,4.800000000000001,56.21030527015435,343.48981698334023,127
2836.2,10,1103.9649701252124,4.800000000000001,56.210099320317,343.5013231570664,127
2836.3,10,1103.9649701252124,4.800000000000001,56.228650249318,343.3809423628347,127
2836.4,10,1103.9649701252124,4.800000000000001,56.313845966349476,342.7947481357202,127
2836.5,10,1103.9649701252124,4.800000000000001,56.31964731929996,342.7661028253276,127
2836.6,10,1103.9649701252124,4.800000000000001,56.31697716684322,342.7909840119206,127
2836.7,10,1103.9649701252124,4.800000000000001,56.32243064691278,342.76555583792174,127
2836.8,10,1103.9649701252124,4.800000000000001,56.324089017806166,342.7615808215364,127
2836.9,10,1103.9649701252124,4.800000000000001,56.32550593997283,342.76968600384487,127
2837.0,10,1103.9649701252124,4.800000000000001,56.268868535192965,343.2132410976371,127
2837.1,10,1103.9649701252124,4.800000000000001,56.22359458068975,343.47223222609705,127
2837.2,10,1103.9649701252124,4.800000000000001,56.21117118911918,343.5710161827323,127
2837.3,10,1103.9649701252124,4.800000000000001,56.20681436123156,343.59702132752886,127
2837.4,10,1103.9649701252124,4.800000000000001,56.202323085793935,343.63801299418026,127
2837.5,10,1103.9649701252124,4.800000000000001,56.202641973251836,343.6435500408432,127
2837.6,10,1103.9649701252124,4.800000000000001,56.192909759645374,343.7170823917088,127
2837.7,10,1103.9649701252124,4.800000000000001,56.18565834800944,343.77666730993565,127
2837.8,10,1103.9649701252124,4.800000000000001,56.18036526147313,343.8333985732637,127
2837.9,10,1103.9649701252124,4.800000000000001,56.18129060978303,343.8373160511396,127
2838.0,10,1103.9649701252124,4.800000000000001,56.14775776090252,344.02824566166686,127
2838.1,10,1103.9649701252124,4.800000000000001,56.14138618546987,344.0790003530555,127
2838.2,10,1103.9649701252124,4.800000000000001,56.13812352717157,344.1186175627917,127
2838.3,10,1103.9649701252124,4.800000000000001,56.13869051012668,344.1437391668404,127
2838.4,10,1103.9649701252124,4.800000000000001,56.1178225392961,344.29565411275956,127
2838.5,10,1103.9649701252124,4.800000000000001,56.11590249435319,344.32394393292606,127
2838.6,10,1103.9649701252124,4.800000000000001,56.11515757977401,344.35119812248865,127
2838.7,10,1103.9649701252124,4.800000000000001,56.1263183334664,344.3226174922657,127
2838.8,10,1103.9649701252124,4.800000000000001,56.11701114388361,344.404933034746,127
2838.9,10,1103.9649701252124,4.800000000000001,56.12049908143615,344.40017815120393,127
2839.0,10,1103.9649701252124,4.800000000000001,56.20788256989956,343.8008793353979,127
2839.1,10,1104.5444446815552,4.800000000000001,56.27677069501267,343.29806569286313,128
2839.2,10,1104.5444446815552,-100.0,56.274429549360775,343.3382559801863,128
2839.3,10,1104.5444446815552,4.800000000000001,56.29527106568308,343.2214397784909,128
2839.4,10,1104.5444446815552,4.800000000000001,56.23802222552649,343.51503287696823,128
2839.5,10,1104.5444446815552,4.800000000000001,56.093688172897785,344.5716752793131,128
2839.6,10,1104.5444446815552,4.800000000000001,56.09379981136446,344.5795385984832,128
2839.7,10,1104.5444446815552,4.800000000000001,56.09900184980875,344.5582146382198,128
2839.8,10,1104.5444446815552,4.800000000000001,56.103377728455456,344.5478341576903,128
2839.9,10,1104.5444446815552,4.800000000000001,56.11080828859614,344.5179441554114,128
2840.0,10,1104.5444446815552,4.800000000000001,56.11292653174932,344.51911125722603,128
2840.1,10,1104.5444446815552,4.800000000000001,56.13286396200044,344.4098122055243,128
2840.2,10,1104.5444446815552,5.6000000000000005,55.99927271187147,345.41313118679705,128
2840.3,10,1104.5444446815552,5.6000000000000005,56.00527550171967,345.4017299354742,128
2840.4,10,1104.5444446815552,5.6000000000000005,56.007923310364156,345.4065281013426,128
2840.5,10,1104.5444446815552,5.6000000000000005,56.01327550468127,345.3942897690677,128
2840.6,10,1104.5444446815552,5.6000000000000005,56.00142235402161,345.5012453714862,128
2840.7,10,1104.5444446815552,5.6000000000000005,56.00408588525511,345.5031144167011,128
2840.8,10,1104.5444446815552,5.6000000000000005,56.00941891199002,345.4861301426712,128
2840.9,10,1104.5444446815552,5.6000000000000005,56.01885009983501,345.4499889279822,128
2841.0,10,1104.5444446815552,5.6000000000000005,56.14375000188446,344.56491705326096,128
2841.1,10,1104.5444446815552,5.6000000000000005,56.15850893643841,344.4815833535963,128
2841.2,10,1104.5444446815552,4.800000000000001,56.24029416799354,344.0815357276085,128
2841.3,10,1104.5444446815552,4.800000000000001,56.24656652753346,344.06519164163313,128
2841.4,10,1104.5444446815552,4.800000000000001,56.180123684307645,344.4085364074009,128
2841.5,10,1104.5444446815552,4.800000000000001,56.18473614217608,344.39921596305885,128
2841.6,10,1104.5444446815552,4.800000000000001,56.20574948752877,344.28949792825136,128
2841.7,10,1104.5444446815552,4.800000000000001,56.23150677375658,344.1314184284837,128
2841.8,10,1104.5444446815552,4.800000000000001,56.24245349072194,344.092653479291,128
2841.9,10,1104.5444446815552,4.800000000000001,56.25572823497038,344.01660807738773,128
2842.0,10,1104.5444446815552,4.800000000000001,56.27690299319159,343.8982827807707,128
2842.1,10,1105.1222968407517,4.800000000000001,56.28938275143012,343.83731737707603,129
2842.2,10,1105.1222968407517,-100.0,56.30337751298008,343.7620138287017,129
2842.3,10,1105.1222968407517,4.800000000000001,56.15008462534688,344.9249665826801,129
2842.4,10,1105.1222968407517,4.800000000000001,56.16692302061494,344.85066438732036,129
2842.5,10,1105.1222968407517,4.800000000000001,56.18704507895692,344.7491722518468,129
2842.6,10,1105.1222968407517,4.800000000000001,56.2054866747968,344.6561334865213,129
2842.7,10,1105.1222968407517,4.800000000000001,56.220074136808655,344.58740043278374,129
2842.8,10,1105.1222968407517,4.800000000000001,56.23613334373435,344.5279066728221,129
2842.9,10,1105.1222968407517,4.800000000000001,56.26096598200958,344.38119907370947,129
2843.0,10,1105.1222968407517,4.800000000000001,56.27193535134124,344.33508997648613,129
2843.1,10,1105.1222968407517,4.0,56.28096907910819,344.3018956452193,129
2843.2,10,1105.1222968407517,4.0,56.304574809789955,344.16474819642826,129
2843.3,10,1105.1222968407517,4.0,56.32176556274652,344.0866150206364,129
2843.4,10,1105.1222968407517,4.0,56.413559769081715,343.60105236106733,129
2843.5,10,1105.1222968407517,4.0,56.43168546938764,343.5087732657935,129
2843.6,10,1105.1222968407517,4.0,56.58409163211108,342.41619186513935,129
2843.7,10,1105.1222968407517,4.0,56.60471489809522,342.29748987537323,129
2843.8,10,1105.1222968407517,4.0,56.62441431790762,342.1874508099469,129
2843.9,10,1105.1222968407517,4.0,56.64292642270896,342.0743567078275,129
2844.0,10,1105.1222968407517,4.0,56.65147229466733,342.0408647664438,129
2844.1,10,1105.1222968407517,4.0,56.6622464759158,341.9709350870045,129
2844.2,10,1105.1222968407517,4.0,56.68488192491259,341.8427027403735,129
2844.3,10,1105.1222968407517,4.0,56.7011775516915,341.7437465301475,129
2844.4,10,1105.1222968407517,4.0,56.71718748758133,341.65128999727983,129
2844.5,10,1105.1222968407517,4.0,56.73017818734116,341.5721275110004,129
2844.6,10,1105.1222968407517,4.0,56.74388785962726,341.4994666497679,129
2844.7,10,1105.1222968407517,4.0,56.68637015711207,341.76136171148465,129
2844.8,10,1105.1222968407517,4.0,56.695065721387465,341.7096293569063,129
2844.9,10,1105.1222968407517,3.2,56.702889307108336,341.6469983570544,129
2845.0,10,1105.1222968407517,3.2,56.708562854152376,341.5839710095683,129
2845.1,10,1105.1222968407517,3.2,56.70617366999779,341.57765117934673,129
2845.2,10,1105.1222968407517,3.2,56.70436290260079,341.5723838732576,129
2845.3,10,1105.1222968407517,3.2,56.56249754167331,342.58740506686433,129
2845.4,10,1105.1222968407517,3.2,56.570877515083744,342.516515167289,129
2845.5,10,1105.1222968407517,3.2,56.55589421524657,342.6160131743193,129
2845.6,10,1105.1222968407517,3.2,56.654174483954414,342.0864981074923,129
2845.7,10,1105.1222968407517,3.2,56.64456959901152,342.1290909098832,129
2845.8,10,1105.1222968407517,3.2,56.653439523425405,342.0458135009061,129
2845.9,10,1105.1222968407517,3.2,56.61563590799021,342.228077053196,129
2846.0,10,1105.1222968407517,3.2,56.70809610594782,341.21189102305226,129
2846.1,10,1105.1222968407517,3.2,56.70431659098455,341.22244345095476,129
2846.2,10,1105.1222968407517,3.2,56.70793020327286,341.16790045883783,129
2846.3,10,1105.1222968407517,3.2,56.71795447837634,341.0755834298849,129
2846.4,10,1105.1222968407517,3.2,56.73783890808562,340.9220966580376,129
2846.5,6,1104.1061492432684,2.4000000000000004,56.737866799208675,340.8937366413086,129
2846.6,6,1104.1061492432684,3.0,56.75849937919125,340.7150898692756,129
2846.7,6,1104.1061492432684,3.0,56.783782861361914,340.5117990869728,129
2846.8,6,1104.1061492432684,3.0,56.80234142104909,340.36481531161263,129
2846.9,6,1104.1061492432684,3.0,56.64447206498343,341.35130914420404,129
2847.0,6,1104.1061492432684,3.0,56.64511485883766,341.30979104633263,129
2847.1,6,1104.1061492432684,3.0,56.659366368266106,341.170572284016,129
2847.2,6,1103.8150754461856,3.0,56.66565600732347,341.09278076975613,129
2847.3,6,1103.8150754461856,3.5,56.68668318414737,340.91458203689956,129
2847.4,6,1103.8150754461856,3.5,56.693412594990605,340.83211027796983,129
2847.5,6,1103.8150754461856,3.5,56.69785759564769,340.7547350630889,129
2847.6,6,1103.8150754461856,3.5,56.70743180198639,340.65109538958365,129
2847.7,6,1103.8150754461856,3.5,56.713258560887994,340.5698322653795,129
2847.8,6,1103.8150754461856,3.5,56.57538941054824,341.4955694434767,129
2847.9,6,1103.8150754461856,3.5,56.60587013698712,341.30226637381475,129
2848.0,6,1103.8150754461856,3.5,56.60173634359724,341.2942343686494,129
2848.1,6,1103.8150754461856,3.5,56.58724305504097,341.35849281843326,129
2848.2,6,1103.8150754461856,3.5,56.57735450759691,341.39337026384845,129
2848.3,6,1103.8150754461856,3.5,56.56130032322076,341.47473534856266,129
2848.4,6,1103.8150754461856,3.5,56.549035366699854,341.5229304205596,129
2848.5,6,1103.8150754461856,3.5,56.528799914482164,341.63500673827093,129
2848.6,12,1103.8150754461856,3.5,56.517249985429125,341.69480027096336,129
2848.7,12,1103.8150754461856,5.4,56.517766798366054,341.6720716040807,129
2848.8,12,1103.8150754461856,5.4,56.50865802675405,341.7227043651874,129
2848.9,12,1103.8150754461856,5.4,56.50797301258246,341.71602586062954,129
2849.0,12,1103.8150754461856,5.4,56.57604527012855,341.2207697735454,129
2849.1,12,1103.8150754461856,5.4,56.57562776814068,341.2223093276849,129
2849.2,12,1103.8150754461856,5.4,56.5738280812669,341.2358790323158,129
2849.3,12,1103.8150754461856,5.4,56.56545423117552,341.2886352317005,129
2849.4,12,1103.8150754461856,5.4,56.56618598026154,341.2838681463296,129
2849.5,12,1103.8150754461856,5.4,56.55417164706982,341.35587655460506,129
2849.6,12,1103.8150754461856,5.4,56.550432829023954,341.3651227864001,129
2849.7,12,1103.8150754461856,5.4,56.53884010385315,341.4357196543957,129
2849.8,12,1103.8150754461856,5.4,56.53192981175705,341.47325133808596,129
2849.9,12,1103.8150754461856,5.4,56.5110367622664,341.61251795573844,129
2850.0,12,1103.8150754461856,5.4,56.504501613147156,341.65805786189605,129
2850.1,12,1103.8150754461856,5.4,56.50127701934208,341.6749515323221,129
2850.2,12,1103.8150754461856,5.4,56.494470657871275,341.7212781610547,129
2850.3,8,1103.802907897453,4.5,56.52524718058186,341.57097823378933,129
2850.4,8,1103.7963759221573,4.199999999999999,56.50298127176289,341.71507931814153,129
2850.5,8,1103.7963759221573,4.199999999999999,56.492359161156486,341.79591717910256,129
2850.6,8,1103.7963759221573,4.199999999999999,56.46887384640573,341.9668731326386,129
2850.7,8,1103.7963759221573,4.199999999999999,56.45050912261773,342.1012387920971,129
2850.8,8,1103.7963759221573,4.199999999999999,56.438801606917224,342.18523951196073,129
2850.9,8,1103.7963759221573,4.199999999999999,56.41226148792019,342.36365967478866,129
2851.0,12,1103.7963759221573,4.199999999999999,56.40439404302444,342.4226072596779,129
2851.1,12,1103.7963759221573,5.4,56.38224644000198,342.5852154181681,129
2851.2,12,1103.7963759221573,5.4,56.3710837336888,342.6686351300423,129
2851.3,12,1103.7963759221573,5.4,56.36414449521901,342.72573150052744,129
2851.4,12,1103.7963759221573,5.4,56.352813105260495,342.8095544006628,129
2851.5,12,1103.7963759221573,5.4,56.34345839942044,342.88017353389256,129
2851.6,12,1103.7963759221573,5.4,56.34167436796367,342.8951742929242,129
2851.7,12,1103.7963759221573,5.4,56.32304158091351,343.0257967273236,129
2851.8,12,1103.7963759221573,5.4,56.400568445970286,342.4710679629609,129
2851.9,12,1103.7963759221573,5.4,56.37482015185606,342.6490599967665,129
2852.0,12,1103.7963759221573,5.4,56.37598582712308,342.6516238370599,129
2852.1,12,1103.7963759221573,5.4,56.36229454742565,342.75766929011706,129
2852.2,12,1103.7963759221573,5.4,56.350672668226935,342.8351719509901,129
2852.3,12,1103.7963759221573,5.4,56.34503725637998,342.88474248541206,129
2852.4,12,1103.7963759221573,5.4,56.41812501201004,342.3580118289918,129
2852.5,12,1103.7963759221573,5.4,56.45755243246846,342.16728854747134,129
2852.6,8,1103.7963759221573,4.5,56.41181264530526,342.4891683669286,129
2852.7,8,1103.7963759221573,4.8999999999999995,56.40580257351665,342.54331112555735,129
2852.8,8,1103.7963759221573,4.8999999999999995,56.409645595552526,342.53358212994743,129
2852.9,8,1103.7963759221573,4.8999999999999995,56.392220599597586,342.6496602961531,129
2853.0,8,1103.7963759221573,4.8999999999999995,56.38447701045894,342.70024205222694,129
2853.1,8,1103.7963759221573,4.8999999999999995,56.380192092802375,342.72246121990133,129
2853.2,8,1103.7963759221573,4.8999999999999995,56.35953717851894,342.86678566562904,129
2853.3,8,1103.7963759221573,4.8999999999999995,56.366297147086264,342.82254736449113,129
2853.4,8,1103.7963759221573,4.8999999999999995,56.35309296972672,342.91606709654025,129
2853.5,8,1103.7963759221573,4.8999999999999995,56.35343043449386,342.9123696801439,129
2853.6,8,1103.7963759221573,4.8999999999999995,56.33655595551346,343.0175796735314,129
2853.7,8,1103.7963759221573,4.8999999999999995,56.33087020729256,343.05963931152064,129
2853.8,8,1103.7963759221573,4.8999999999999995,56.3160734105586,343.15705596939205,129
2853.9,8,1103.7963759221573,4.8999999999999995,56.308172464844034,343.2135645676575,129
2854.0,8,1103.7963759221573,4.8999999999999995,56.22761269234334,343.8017578231182,129
2854.1,8,1103.7963759221573,4.8999999999999995,56.332899578916766,343.11118856638905,129
2854.2,8,1103.7963759221573,5.6,56.328693147653226,343.1495659217143,129
2854.3,8,1103.7963759221573,5.6,56.326159173795176,343.1707359064917,129
2854.4,8,1103.7963759221573,5.6,56.314127596634634,343.23495665653047,129
2854.5,8,1103.7963759221573,5.6,56.29958149117424,343.3300433466287,129
2854.6,8,1103.7963759221573,5.6,56.291994719167946,343.38194784611716,129
2854.7,8,1103.7963759221573,5.6,56.31409185418681,343.2879560355343,129
2854.8,8,1103.7963759221573,5.6,56.30552862409108,343.35037113676896,129
2854.9,8,1103.7963759221573,5.6,56.30387369870944,343.36558047326605,129
2855.0,8,1103.7963759221573,5.6,56.2881156449028,343.4718113232975,129
2855.1,8,1103.7963759221573,5.6,56.28487654573957,343.4920326970281,129
2855.2,8,1103.7963759221573,5.6,56.27102737759256,343.589341677984,129
2855.3,8,1103.7963759221573,4.8999999999999995,56.25758790707318,343.6881919352546,129
2855.4,8,1103.7963759221573,4.8999999999999995,56.24891813743098,343.75875628497647,129
2855.5,8,1103.7963759221573,4.8999999999999995,56.196267422611605,343.8392751184874,129
2855.6,8,1103.7963759221573,4.8999999999999995,56.20182923316442,343.80889627784273,129
2855.7,8,1103.7963759221573,4.8999999999999995,56.17867378994997,343.9789120882107,129
2855.8,8,1103.7963759221573,4.8999999999999995,56.17399198908113,344.0158374773099,129
2855.9,8,1103.7963759221573,4.8999999999999995,56.15626554291727,344.13867206020836,129
2856.0,8,1103.7963759221573,4.8999999999999995,56.13626585355257,344.27388055084907,129
2856.1,8,1103.7963759221573,4.8999999999999995,56.11959756637832,344.3976834096628,129
2856.2,8,1103.7963759221573,4.8999999999999995,56.110991533639194,344.4578940070467,129
2856.3,8,1103.7963759221573,4.8999999999999995,56.09458785593185,344.5871946671589,129
2856.4,8,1103.7963759221573,4.8999999999999995,56.17587378391244,344.0038622554454,129
2856.5,8,1103.7963759221573,4.8999999999999995,56.15930726871456,344.12228852911153,129
2856.6,8,1103.7963759221573,4.8999999999999995,56.12768796163215,344.3150227969594,129
2856.7,8,1103.7963759221573,4.8999999999999995,56.03523114437328,344.9950341291676,129
2856.8,8,1103.7963759221573,4.8999999999999995,56.02212836105475,345.0915751217899,129
2856.9,8,1103.7963759221573,4.8999999999999995,56.007793106369405,345.1928076388747,129
2857.0,8,1103.7963759221573,4.8999999999999995,56.025351129273034,345.1444580714966,129
2857.1,8,1103.7963759221573,4.8999999999999995,56.01021274074763,345.2613983722051,129
2857.2,8,1103.7963759221573,4.8999999999999995,55.991493180555395,345.4052236034332,129
2857.3,8,1103.7963759221573,4.199999999999999,55.98444174303558,345.467128350381,129
2857.4,8,1103.7963759221573,4.199999999999999,55.98417676719417,345.4880124151183,129
2857.5,8,1103.7963759221573,4.199999999999999,55.969748954085944,345.5953340509175,129
2857.6,8,1103.7963759221573,4.199999999999999,55.96431247952319,345.6458309727997,129
2857.7,8,1103.7963759221573,4.199999999999999,55.96660024895269,345.65044113746063,129
2857.8,8,1103.7963759221573,4.199999999999999,55.95835583638723,345.7247526973326,129
2857.9,9,1104.5641986393257,4.199999999999999,55.95453499926603,345.7615604210563,129
2858.0,9,1104.866664166159,4.0,55.94364885832441,345.85198091994585,129
2858.1,9,1105.0773094986582,4.0,55.94622617960252,345.84090880189365,129
2858.2,9,1105.0773094986582,4.0,55.92983346578225,345.97046566164886,129
2858.3,9,1105.0773094986582,4.0,55.894621690526634,346.16984268335653,129
2858.4,9,1105.0773094986582,4.0,56.00718675476226,345.3437575026412,129
2858.5,9,1105.0773094986582,4.0,56.000839013444065,345.4071148446561,129
2858.6,9,1105.0773094986582,4.0,55.996729036058625,345.443773905826,129
2858.7,9,1105.0773094986582,4.0,55.98856399955845,345.5071737292635,129
2858.8,9,1105.0773094986582,4.0,55.9816571360349,345.559964439007,129
2858.9,9,1105.0773094986582,4.0,55.976158295648126,345.600887418992,129
2859.0,9,1105.0773094986582,4.0,55.95779145681138,345.7319292629944,129
2859.1,9,1105.0773094986582,4.0,55.97488685565459,345.68799388016396,129
2859.2,9,1105.0773094986582,4.0,55.921855169269975,346.07299371257375,129
2859.3,8,1105.0773094986582,3.2,55.91147477155799,346.15071721544655,129
2859.4,8,1105.0773094986582,4.199999999999999,55.90089161123265,346.2173119839042,129
2859.5,8,1105.0773094986582,4.199999999999999,55.88318346425862,346.3405104905941,129
2859.6,8,1105.0773094986582,4.199999999999999,55.8736632007742,346.41343516262975,129
2859.7,8,1105.0773094986582,4.199999999999999,55.86580205351969,346.4599047143736,129
2859.8,8,1105.0773094986582,4.199999999999999,55.85569837532328,346.52348429862377,129
2859.9,8,1105.0773094986582,4.199999999999999,55.84639665892185,346.59630026816683,129
2860.0,8,1105.0773094986582,4.199999999999999,55.84105945454445,346.6301702734199,129
2860.1,8,1105.6507696861397,4.199999999999999,55.826364706938804,346.72340202745124,130
2860.2,8,1105.6507696861397,-100.0,55.83813084748127,346.6310250709273,130
2860.3,8,1105.6507696861397,4.199999999999999,55.82949880662926,346.68405145592516,130
2860.4,8,1105.6507696861397,4.199999999999999,55.83389941091049,346.63039107417956,130
2860.5,8,1105.6507696861397,4.199999999999999,55.834415070462626,346.61886341069487,130
2860.6,8,1105.6507696861397,4.199999999999999,55.94324446230149,345.8057976946018,130
2860.7,8,1105.6507696861397,4.199999999999999,55.94812701821054,345.76261835997684,130
2860.8,8,1105.6507696861397,4.199999999999999,55.95507691164565,345.7038306344576,130
2860.9,8,1105.6507696861397,4.199999999999999,56.064408867378035,344.86232571180267,130
2861.0,8,1105.6507696861397,4.199999999999999,56.07144239518417,344.8117852184113,130
2861.1,8,1105.6507696861397,4.199999999999999,56.06991250373406,344.8061926034972,130
2861.2,8,1105.6507696861397,4.199999999999999,56.071807311596785,344.78034360321885,130
2861.3,8,1105.6507696861397,4.199999999999999,56.096602360956624,344.61000665151664,130
2861.4,8,1105.6507696861397,4.199999999999999,56.103345203971706,344.5624680399073,130
2861.5,8,1105.6507696861397,4.199999999999999,56.09885570771317,344.5816220949962,130
2861.6,8,1105.6507696861397,4.199999999999999,56.10357479727391,344.54779767176586,130
2861.7,8,1105.6507696861397,4.199999999999999,56.1143865223425,344.4648277021225,130
2861.8,8,1105.6507696861397,4.199999999999999,56.11908796270999,344.43831057675266,130
2861.9,8,1105.6507696861397,4.199999999999999,56.12917911497466,344.36041210201546,130
2862.0,8,1105.6507696861397,4.199999999999999,56.12513759347396,344.3855197298385,130
2862.1,8,1105.6507696861397,4.199999999999999,56.13016895798876,344.35825757326427,130
2862.2,8,1106.2228705854232,4.199999999999999,56.120760431380106,344.417711087709,131
2862.3,8,1106.2228705854232,-100.0,56.11669420836249,344.44205723700475,131
2862.4,8,1106.2228705854232,4.199999999999999,56.074119143023765,344.66558246372495,131
2862.5,8,1106.2228705854232,4.199999999999999,56.061045949410854,344.75206369223406,131
2862.6,8,1106.2228705854232,4.199999999999999,56.059253949907664,344.74427220932284,131
2862.7,8,1106.2228705854232,4.199999999999999,56.05303239557912,344.78340012564644,131
2862.8,8,1106.2228705854232,4.199999999999999,56.052594206538146,344.7780319576551,131
2862.9,8,1106.2228705854232,4.199999999999999,56.13039332237393,344.19979815717227,131
2863.0,8,1106.2228705854232,4.199999999999999,56.12178426116088,344.24407918391876,131
2863.1,8,1106.2228705854232,4.199999999999999,56.1227179170506,344.231349360427,131
2863.2,8,1106.2228705854232,4.199999999999999,56.12095786531613,344.2351271990034,131
2863.3,8,1106.2228705854232,4.199999999999999,56.000483251658665,345.0958076415686,131
2863.4,8,1106.2228705854232,4.199999999999999,56.03026412367581,344.7756280034488,131
2863.5,8,1106.2228705854232,4.199999999999999,56.07776315796622,344.50873992804225,131
2863.6,8,1106.2228705854232,4.199999999999999,56.07615193576544,344.5133016956206,131
2863.7,8,1106.2228705854232,4.199999999999999,56.07978310132583,344.47461887908435,131
2863.8,8,1106.2228705854232,4.199999999999999,56.08598030433483,344.43836889945294,131
2863.9,8,1106.2228705854232,4.199999999999999,56.08269467091553,344.4429365812924,131
2864.0,8,1106.2228705854232,4.199999999999999,56.08957761818194,344.3823747319502,131
2864.1,8,1106.2228705854232,4.199999999999999,56.08911399303055,344.3796614638342,131
2864.2,8,1106.2228705854232,4.199999999999999,56.095126556773444,344.34432960124445,131
2864.3,8,1106.2228705854232,4.199999999999999,56.09800474024448,344.3262800430002,131
2864.4,8,1106.2228705854232,4.199999999999999,56.10724043693101,344.265427582646,131
2864.5,8,1106.2228705854232,4.8999999999999995,56.001909593693796,345.04070577276684,131
2864.6,8,1106.2228705854232,4.8999999999999995,56.006479462594996,345.02001541520156,131
2864.7,8,1106.2228705854232,4.8999999999999995,56.01814596509604,344.9471451727852,131
2864.8,8,1106.2228705854232,4.8999999999999995,56.00978386358932,345.0065588829277,131
2864.9,8,1106.2228705854232,4.8999999999999995,56.014887604462615,344.96621784762397,131
2865.0,8,1106.2228705854232,4.8999999999999995,55.94316587717056,345.50329486969093,131
2865.1,8,1106.2228705854232,4.8999999999999995,55.95660851682409,345.4131429976703,131
2865.2,8,1106.2228705854232,4.8999999999999995,55.95632999185973,345.42042011385433,131
2865.3,8,1106.2228705854232,4.8999999999999995,55.906106410168704,345.6786284067021,131
2865.4,8,1106.2228705854232,4.8999999999999995,55.98432673591226,345.1147358248234,131
2865.5,8,1106.2228705854232,4.8999999999999995,55.985838782398964,345.0979564567195,131
2865.6,8,1106.2228705854232,4.8999999999999995,55.98177569374147,345.1236400869164,131
2865.7,8,1106.2228705854232,4.8999999999999995,56.02602836460577,344.88695560075723,131
2865.8,8,1106.2228705854232,4.8999999999999995,56.03763814209161,344.80715743080657,131
2865.9,8,1106.2228705854232,4.8999999999999995,56.048900586138856,344.7398610266833,131
2866.0,8,1106.2228705854232,5.6,56.06162491415555,344.65574130382805,131
2866.1,8,1106.2228705854232,5.6,55.93322651045193,345.5919843744822,131
2866.2,8,1106.2228705854232,5.6,56.017855941078125,344.9701417314064,131
2866.3,8,1106.2228705854232,5.6,56.03291696301039,344.879892181894,131
2866.4,8,1106.2228705854232,4.8999999999999995,56.04254459595953,344.81130878046736,131
2866.5,8,1106.2228705854232,4.8999999999999995,56.05780307054816,344.71004395360416,131
2866.6,8,1106.2228705854232,4.8999999999999995,56.19772223379178,343.7193781869082,131
2866.7,8,1106.2228705854232,4.8999999999999995,56.2064731188366,343.66078313224057,131
2866.8,8,1106.2228705854232,4.8999999999999995,56.22762200660895,343.51889923041387,131
2866.9,8,1106.2228705854232,4.8999999999999995,56.23508783394139,343.472820931192,131
2867.0,8,1106.2228705854232,4.8999999999999995,56.207919934253674,343.59753094209157,131
2867.1,8,1106.2228705854232,4.8999999999999995,56.21710561099826,343.5401132014562,131
2867.2,8,1106.2228705854232,4.8999999999999995,56.23468717490378,343.4297177688686,131
2867.3,8,1106.2228705854232,4.8999999999999995,56.25249784092135,343.3149251845645,131
2867.4,8,1106.2228705854232,4.8999999999999995,56.273712370663176,343.18591232789447,131
2867.5,8,1106.2228705854232,4.8999999999999995,56.29348987259485,343.06297710155786,131
2867.6,8,1106.2228705854232,4.8999999999999995,56.31844525121373,342.9122730790915,131
2867.7,8,1106.2228705854232,4.8999999999999995,56.33504897767827,342.8148070856789,131
2867.8,8,1106.2228705854232,4.8999999999999995,56.35393240461521,342.7048226827323,131
2867.9,8,1106.2228705854232,5.6,56.361144231208726,342.670514031989,131
2868.0,8,1106.2228705854232,5.6,56.42146724641286,342.33388171547216,131
2868.1,8,1106.2228705854232,5.6,56.43115631911164,342.2843025441071,131
2868.2,8,1106.2228705854232,5.6,56.44238823736504,342.21559431846117,131
2868.3,8,1106.2228705854232,5.6,56.45842577245895,342.12220181448924,131
2868.4,8,1106.2228705854232,5.6,56.48115950779559,341.99180375223034,131
2868.5,8,1106.2228705854232,5.6,56.50375417701322,341.8564489031834,131
2868.6,8,1106.2228705854232,5.6,56.53363645669451,341.6776321153628,131
2868.7,8,1106.2228705854232,5.6,56.55226896334652,341.57005396745524,131
2868.8,8,1106.2228705854232,5.6,56.571149683875845,341.454147991432,131
2868.9,8,1106.2228705854232,5.6,56.5831717798074,341.39105314296944,131
2869.0,8,1106.2228705854232,5.6,56.60558463790656,341.25223402059373,131
2869.1,8,1106.2228705854232,5.6,56.61070725290715,341.2363165841024,131
2869.2,8,1106.2228705854232,5.6,56.630688407289654,341.1210921010978,131
2869.3,8,1106.2228705854232,5.6,56.641728905532844,341.06148722768285,131
2869.4,8,1106.2228705854232,5.6,56.66421262031423,340.9209824800073,131
2869.5,8,1106.2228705854232,5.6,56.677751099863585,340.83875659127295,131
2869.6,8,1106.2228705854232,5.6,56.686970887259925,340.76208488329246,131
2869.7,8,1106.2228705854232,6.3,56.70124751870088,340.6780615861269,131
2869.8,8,1106.2228705854232,6.3,56.7224620536378,340.5613943776931,131
2869.9,8,1106.2228705854232,6.3,56.74509324161387,340.42732888222747,131
2870.0,8,1106.2228705854232,6.3,56.768440405862165,340.285896447405,131
2870.1,8,1106.2228705854232,6.3,56.787282861516445,340.16617240287076,131
2870.2,8,1106.2228705854232,6.3,56.822915775537176,339.953429297086,131
2870.3,8,1106.2228705854232,6.3,56.85464123843755,339.76273213978686,131
2870.4,8,1106.2228705854232,6.3,56.902349008373186,339.49348164610444,131
2870.5,8,1106.2228705854232,6.3,56.926884377146195,339.34852350105746,131
2870.6,8,1106.2228705854232,6.3,56.94407938157001,339.2388231887055,131
2870.7,8,1106.2228705854232,6.3,56.97122284424859,339.07282005789506,131
2870.8,8,1106.2228705854232,6.3,56.98794888794415,338.9716188596956,131
2870.9,8,1106.2228705854232,6.3,56.97008523459622,339.0397295503023,131
2871.0,8,1106.2228705854232,5.6,56.987497119488445,338.93895010275406,131
2871.1,8,1106.2228705854232,5.6,57.00798283689841,338.8037674927322,131
2871.2,8,1106.2228705854232,5.6,57.016270930193414,338.76363192934514,131
2871.3,8,1106.2228705854232,5.6,57.126749627945514,338.01950290976015,131
2871.4,8,1106.2228705854232,5.6,57.139182939766805,337.94277737469093,131
2871.5,8,1106.2228705854232,5.6,57.163558779966344,337.80580640851304,131
2871.6,8,1106.2228705854232,5.6,57.179496774567724,337.70893636039057,131
2871.7,8,1106.2228705854232,5.6,57.14842398350892,337.85458786834266,131
2871.8,8,1106.2228705854232,5.6,57.171453967377495,337.71889092588435,131
2871.9,8,1106.2228705854232,5.6,57.18764563570812,337.6211349836534,131
2872.0,8,1106.2228705854232,5.6,57.202857920862044,337.523273877296,131
2872.1,8,1106.2228705854232,5.6,57.227177788589145,337.3823357817592,131
2872.2,8,1106.2228705854232,5.6,57.241063935599726,337.29515030388916,131
2872.3,8,1106.2228705854232,5.6,57.2534393168779,337.2302285595854,131
2872.4,8,1106.2228705854232,5.6,57.26608963810718,337.1606839256325,131
2872.5,8,1106.2228705854232,5.6,57.28247438709571,337.06922966909315,131
2872.6,8,1106.2228705854232,5.6,57.30000392656743,336.9633118247658,131
2872.7,8,1106.2228705854232,5.6,57.323569229422674,336.81656395579944,131
2872.8,8,1106.2228705854232,5.6,57.29772554848205,336.93802480235433,131
2872.9,8,1106.2228705854232,5.6,57.31507015380894,336.8256762712034,131
2873.0,8,1106.2228705854232,5.6,57.33157862654021,336.73149699370094,131
2873.1,8,1106.2228705854232,4.8999999999999995,57.29735258348233,337.0296139186813,131
2873.2,8,1106.2228705854232,4.8999999999999995,57.31399956016011,336.9309137129707,131
2873.3,8,1106.2228705854232,4.8999999999999995,57.322820397338916,336.8871412457811,131
2873.4,8,1106.2228705854232,4.8999999999999995,57.34957896612295,336.7386806637911,131
2873.5,8,1106.2228705854232,4.8999999999999995,57.225276388940074,337.61716808037545,131
2873.6,8,1106.2228705854232,4.8999999999999995,57.289016617655335,337.1776110179236,131
2873.7,8,1106.2228705854232,4.8999999999999995,57.298883497581116,337.12692157939483,131
2873.8,8,1106.1561542307243,4.8999999999999995,57.305179931744945,337.0979202052382,131
2873.9,8,1106.1561542307243,5.6,57.32626380274034,336.9827265980574,131
2874.0,8,1106.1561542307243,5.6,57.26279932846139,337.3103591884808,131
2874.1,8,1106.1561542307243,5.6,57.29267810515376,337.1514937573383,131
2874.2,8,1106.1561542307243,5.6,57.361959397862094,336.86818580837894,131
2874.3,8,1106.1561542307243,5.6,57.38225145215806,336.7470578031274,131
2874.4,8,1106.1561542307243,5.6,57.409233329658704,336.5919336252606,131
2874.5,8,1106.1561542307243,4.8999999999999995,57.425850452745784,336.50582581444735,131
2874.6,8,1106.1561542307243,4.8999999999999995,57.431183924478695,336.4868761605646,131
2874.7,8,1106.1561542307243,4.8999999999999995,57.45499816707574,336.36248642800825,131
2874.8,8,1106.1561542307243,4.8999999999999995,57.464500858832615,336.32109928368214,131
2874.9,8,1106.1561542307243,4.8999999999999995,57.476801533455856,336.2659943008809,131
2875.0,8,1106.1561542307243,4.8999999999999995,57.48893041276183,336.213878385211,131
2875.1,8,1106.1561542307243,4.8999999999999995,57.50957655690286,336.1044747326585,131
2875.2,8,1106.1561542307243,4.8999999999999995,57.529416431560705,336.0037794418447,131
2875.3,8,1106.1561542307243,4.8999999999999995,57.55220529222527,335.87462997594696,131
2875.4,8,1106.1561542307243,4.8999999999999995,57.572498245498,335.7669493433972,131
2875.5,8,1106.1561542307243,4.8999999999999995,57.5235731702779,336.0020498383202,131
2875.6,8,1106.1561542307243,4.8999999999999995,57.55467750136177,335.8451530770017,131
2875.7,8,1106.1561542307243,4.8999999999999995,57.56898147055284,335.7798466301284,131
2875.8,8,1106.1561542307243,4.8999999999999995,57.59592149386297,335.6319409354411,131
2875.9,8,1106.1561542307243,4.8999999999999995,57.616304879483465,335.5326725281694,131
2876.0,8,1106.1561542307243,4.199999999999999,57.64381093594084,335.38481105605973,131
2876.1,8,1106.0887558694783,4.199999999999999,57.66311074871736,335.27794154383747,131
2876.2,8,1106.0887558694783,4.8999999999999995,57.685915165995546,335.1565176956608,131
2876.3,8,1106.0887558694783,4.8999999999999995,57.71254521355006,335.0211025457866,131
2876.4,8,1106.0887558694783,4.8999999999999995,57.79886003653253,334.46371432516094,131
2876.5,8,1106.0887558694783,4.8999999999999995,57.81004317844622,334.412521548649,131
2876.6,8,1106.0887558694783,4.8999999999999995,57.82274090347617,334.3594332494428,131
2876.7,8,1106.0887558694783,4.8999999999999995,57.838378145050115,334.2833991463923,131
2876.8,8,1106.0887558694783,4.8999999999999995,57.857207870371184,334.1921481249711,131
2876.9,8,1106.0887558694783,4.8999999999999995,57.86809866295819,334.1335237580495,131
2877.0,8,1106.0887558694783,4.8999999999999995,57.88131909569036,334.0704397649947,131
2877.1,8,1106.0887558694783,4.8999999999999995,57.88540370754211,334.0483895671051,131
2877.2,8,1106.0887558694783,4.8999999999999995,57.90141429844757,333.9731223766531,131
2877.3,10,1106.0887558694783,4.199999999999999,57.90866800343143,333.9565993432455,131
2877.4,10,1106.0887558694783,4.800000000000001,57.90933159335482,333.97283590139523,131
2877.5,10,1106.0887558694783,4.800000000000001,57.92161152550197,333.92142635316225,131
2877.6,8,1106.0887558694783,4.0,57.927790284263416,333.9037455949307,131
2877.7,8,1106.0887558694783,4.199999999999999,57.9460152241481,333.8170963298844,131
2877.8,8,1106.0887558694783,4.199999999999999,57.953183934252955,333.7937943324267,131
2877.9,8,1106.0887558694783,4.199999999999999,57.955987467542975,333.79846627288714,131
2878.0,8,1106.0887558694783,4.199999999999999,57.88737999213144,334.13767744380846,131
2878.1,8,1106.0887558694783,4.199999999999999,57.8990087175947,334.0805977510547,131
2878.2,8,1106.0887558694783,4.199999999999999,57.8984061647217,334.08483990539924,131
2878.3,8,1106.0887558694783,4.199999999999999,57.9054648274207,334.0390174552299,131
2878.4,8,1106.0887558694783,4.199999999999999,57.9077587996472,334.0245306378413,131
2878.5,8,1106.0887558694783,4.199999999999999,57.915069765800794,333.98390337281694,131
2878.6,8,1106.0887558694783,4.199999999999999,57.973543737462364,333.57369633684,131
2878.7,8,1106.0887558694783,4.199999999999999,57.97316492403341,333.5680185133071,131
2878.8,8,1106.0887558694783,4.199999999999999,57.981336186719574,333.5238881973592,131
2878.9,8,1106.0887558694783,4.199999999999999,57.973974311652015,333.5534470950437,131
2879.0,8,1106.0887558694783,4.199999999999999,57.9831753267801,333.49536582045573,131
2879.1,8,1106.0887558694783,4.199999999999999,57.98305306627063,333.4928548819603,131
2879.2,8,1106.0887558694783,4.199999999999999,57.98904849402379,333.4589929243857,131
2879.3,8,1106.0887558694783,4.199999999999999,57.93068900750437,333.549794122246,131
2879.4,8,1106.0887558694783,4.199999999999999,57.928345274470075,333.56407520225366,131
2879.5,8,1106.0887558694783,4.199999999999999,57.92208594095789,333.6004632391888,131
2879.6,8,1106.0887558694783,4.199999999999999,57.926328578074525,333.5764963890678,131
2879.7,8,1106.0887558694783,4.199999999999999,57.985890387737086,333.1442152855551,131
2879.8,8,1106.0215048745606,4.199999999999999,57.97915233081743,333.18826136527105,131
2879.9,8,1106.0215048745606,4.8999999999999995,57.98431578254875,333.15054337043773,131
2880.0,8,1106.0215048745606,4.8999999999999995,57.986533563219254,333.1310454336347,131
2880.1,8,1106.0215048745606,4.8999999999999995,57.98790258064629,333.12180996726204,131
2880.2,8,1106.0215048745606,4.8999999999999995,57.99380219125851,333.08004163104073,131
2880.3,8,1106.0215048745606,4.8999999999999995,58.008056347202256,333.00219068715836,131
2880.4,8,1106.0215048745606,4.8999999999999995,58.007641666600534,333.01004947961553,131
2880.5,8,1106.0215048745606,4.8999999999999995,58.02072744947252,332.9292624587423,131
2880.6,8,1106.0215048745606,4.8999999999999995,58.03267018250047,332.8592894676127,131
2880.7,8,1106.0215048745606,4.8999999999999995,58.04936840575986,332.76556776943676,131
2880.8,8,1106.0215048745606,4.8999999999999995,57.98399339827843,333.0755499385675,131
2880.9,8,1106.0215048745606,4.8999999999999995,57.99709516274064,332.9961470198723,131
2881.0,10,1106.0215048745606,4.199999999999999,58.01343806847507,332.89538400274586,131
2881.1,10,1106.0215048745606,4.800000000000001,58.022170532987374,332.84950425512227,131
2881.2,10,1106.0215048745606,4.800000000000001,58.0393730793875,332.7465290591729,131
2881.3,10,1106.0215048745606,4.800000000000001,58.05556162582674,332.6472690730875,131
2881.4,10,1106.0215048745606,4.800000000000001,58.06842828839227,332.57622792249566,131
2881.5,10,1106.0215048745606,4.800000000000001,58.08916410280496,332.45787357251777,131
2881.6,10,1106.0215048745606,4.800000000000001,58.042807889250724,332.77246609363993,131
2881.7,10,1106.0215048745606,4.800000000000001,58.06537643263336,332.63768326313254,131
2881.8,10,1106.0215048745606,4.800000000000001,58.07734822028831,332.57688199012654,131
2881.9,10,1106.0215048745606,4.800000000000001,58.08901620751034,332.50553533106086,131
2882.0,10,1106.0215048745606,4.800000000000001,58.10026320145438,332.440994014186,131
2882.1,10,1106.0215048745606,4.800000000000001,58.04529805358368,332.69904426438046,131
2882.2,10,1106.0215048745606,4.800000000000001,58.054946999454614,332.64807339233084,131
2882.3,10,1106.0215048745606,4.800000000000001,58.06372861666492,332.6004917567969,131
2882.4,10,1106.0215048745606,5.6000000000000005,58.07350976320302,332.54448419399637,131
2882.5,10,1106.0215048745606,5.6000000000000005,58.097381755140404,332.401256210621,131
2882.6,10,1106.0215048745606,5.6000000000000005,58.10841148108394,332.33245837611344,131
2882.7,10,1106.0215048745606,5.6000000000000005,58.11539723760043,332.29453644541354,131
2882.8,10,1106.0215048745606,5.6000000000000005,58.13426858457209,332.18176383747425,131
2882.9,10,1106.0215048745606,5.6000000000000005,58.249685578763604,331.4284676217062,131
2883.0,10,1106.0215048745606,5.6000000000000005,58.26793954943682,331.31811720417767,131
2883.1,10,1106.0215048745606,5.6000000000000005,58.24755507466848,331.4048442563398,131
2883.2,10,1106.0215048745606,5.6000000000000005,58.27052406099381,331.268532160053,131
2883.3,10,1106.0215048745606,5.6000000000000005,58.22023095899554,331.6213487807629,131
2883.4,10,1106.592195819146,5.6000000000000005,58.237655076829725,331.52448456748346,132
2883.5,10,1106.592195819146,-100.0,58.27212351825172,331.3177484669276,132
2883.6,10,1107.161260972974,5.6000000000000005,58.29878942852707,331.163288108553,133
2883.7,10,1107.161260972974,-100.0,58.32977486795315,330.9908777927716,133
2883.8,10,1107.161260972974,5.6000000000000005,58.358041852806906,330.82979225045426,133
2883.9,10,1107.161260972974,5.6000000000000005,58.393521970455254,330.6251502858594,133
2884.0,10,1107.161260972974,5.6000000000000005,58.414758853964216,330.50535568086536,133
2884.1,10,1107.161260972974,5.6000000000000005,58.43957774350899,330.3689546962046,133
2884.2,10,1107.161260972974,5.6000000000000005,58.47061473246552,330.1961139298205,133
2884.3,10,1107.161260972974,5.6000000000000005,58.493785516815805,330.0687672516476,133
2884.4,10,1107.161260972974,6.4,58.511622971641174,329.9639066310947,133
2884.5,10,1107.161260972974,6.4,58.53950692544661,329.79872909896915,133
2884.6,10,1107.161260972974,6.4,58.55199344754908,329.7323839091902,133
2884.7,10,1107.161260972974,6.4,58.517589663716564,329.8762646300437,133
2884.8,10,1107.161260972974,6.4,58.54460088542153,329.72373135742924,133
2884.9,10,1107.161260972974,5.6000000000000005,58.56305125469231,329.61141017060976,133
2885.0,10,1107.161260972974,5.6000000000000005,58.57397080613595,329.5540624813759,133
2885.1,10,1107.161260972974,5.6000000000000005,58.5819921553753,329.4979053568901,133
2885.2,10,1107.161260972974,5.6000000000000005,58.609002986078224,329.33687427982983,133
2885.3,10,1107.161260972974,5.6000000000000005,58.63151196990426,329.1987872285448,133
2885.4,10,1107.161260972974,5.6000000000000005,58.59421903832058,329.35614824115464,133
2885.5,10,1107.7303278488932,5.6000000000000005,58.616327337166695,329.22608392250254,134
2885.6,10,1107.7303278488932,-100.0,58.64050421459035,329.08336142612006,134
2885.7,10,1107.7303278488932,5.6000000000000005,58.65796112726784,328.97262116126046,134
2885.8,10,1107.7303278488932,5.6000000000000005,58.699519629195905,328.7085709278988,134
2885.9,10,1107.7303278488932,6.4,58.66961963857135,328.7188004387425,134
2886.0,10,1107.7303278488932,6.4,58.68685445393781,328.60645395224253,134
2886.1,10,1107.7303278488932,6.4,58.70986154525805,328.46249446394677,134
2886.2,10,1107.7303278488932,6.4,58.72826536194955,328.3528862320222,134
2886.3,10,1107.7303278488932,6.4,58.735273293603356,328.3097767623606,134
2886.4,10,1107.7303278488932,6.4,58.75098269784074,328.2142179915818,134
2886.5,10,1107.7303278488932,6.4,58.767364333445556,328.10766890063917,134
2886.6,10,1107.7303278488932,6.4,58.67892831267621,328.67885600037226,134
2886.7,10,1107.7303278488932,6.4,58.69384253486115,328.588966388543,134
2886.8,10,1107.7303278488932,6.4,58.70774754306152,328.49987809672183,134
2886.9,10,1107.7303278488932,6.4,58.73066565550952,328.36635163696644,134
2887.0,10,1107.7303278488932,6.4,58.74442123666317,328.28567705929214,134
2887.1,10,1107.7303278488932,6.4,58.74793442219424,328.261012665766,134
2887.2,10,1107.7303278488932,5.6000000000000005,58.753612147818515,328.22399795762374,134
2887.3,10,1107.7303278488932,5.6000000000000005,58.76947068285163,328.1227133420741,134
2887.4,10,1107.7303278488932,5.6000000000000005,58.67356238053062,328.582640620026,134
2887.5,10,1107.7303278488932,5.6000000000000005,58.68812140423968,328.48568744703294,134
2887.6,10,1107.7303278488932,5.6000000000000005,58.706789220916235,328.3620971179406,134
2887.7,10,1107.7303278488932,5.6000000000000005,58.70992123540875,328.3286569998152,134
2887.8,10,1107.7303278488932,5.6000000000000005,58.64730891649917,328.71837188769564,134
2887.9,10,1107.7303278488932,5.6000000000000005,58.65394263097353,328.67071359227936,134
2888.0,10,1107.7303278488932,5.6000000000000005,58.66871303901666,328.5706668306683,134
2888.1,10,1107.7303278488932,5.6000000000000005,58.67664685363412,328.5189234079022,134
2888.2,10,1107.7303278488932,5.6000000000000005,58.68208443872678,328.47471732941494,134
2888.3,10,1107.7303278488932,5.6000000000000005,58.692944936072784,328.39592790663096,134
2888.4,10,1107.7303278488932,4.800000000000001,58.70289187726032,328.32991173505513,134
2888.5,10,1107.7303278488932,4.800000000000001,58.708147978997445,328.291121166621,134
2888.6,10,1107.7303278488932,4.800000000000001,58.706282371419874,328.28613429347126,134
2888.7,10,1107.7303278488932,4.800000000000001,58.72850462991714,328.1519834569441,134
2888.8,10,1107.7303278488932,4.800000000000001,58.745120840558045,328.0447590546497,134
2888.9,10,1107.7303278488932,4.800000000000001,58.880867383757625,327.1916234493084,134
2889.0,10,1107.7303278488932,4.800000000000001,58.885237624488994,327.15586431517664,134
2889.1,10,1107.7303278488932,4.800000000000001,58.84612820195561,327.4031433985074,134
2889.2,10,1107.7303278488932,4.800000000000001,58.844939774193676,327.4073930814299,134
2889.3,10,1107.7303278488932,4.800000000000001,58.83890425257818,327.4411295076975,134
2889.4,10,1107.7303278488932,4.800000000000001,58.846374043292684,327.39726579067064,134
2889.5,10,1107.7303278488932,4.800000000000001,58.85707429258399,327.32861238142493,134
2889.6,10,1107.7303278488932,4.800000000000001,58.87465916990004,327.2434224240487,134
2889.7,10,1107.7303278488932,4.800000000000001,58.88193007727527,327.1982227666459,134
2889.8,10,1107.7303278488932,4.0,58.874357570026234,327.24118729552436,134
2889.9,10,1107.7303278488932,4.0,58.8744815498607,327.23311752310155,134
2890.0,10,1107.7303278488932,4.0,58.88493007628085,327.1705576700805,134
2890.1,10,1107.7303278488932,4.0,58.88558112495289,327.168850455223,134
2890.2,10,1107.7303278488932,4.0,58.89125651939588,327.13061776361513,134
2890.3,10,1108.2977652719753,4.0,58.94859672917711,326.7611052313938,135
2890.4,9,1108.9021991456923,-100.0,58.95528287526738,326.7266523918173,135
2890.5,9,1109.2129097256209,3.2,58.92382415326263,326.93241254844474,135
2890.6,9,1109.3916881243224,3.2,58.938861465633785,326.8427263814873,135
2890.7,9,1109.3916881243224,3.2,58.94639339432322,326.7955649049056,135
2890.8,9,1109.3916881243224,3.2,58.95602480370181,326.7331845941685,135
2890.9,9,1109.3916881243224,3.2,58.972150471750325,326.6258387956754,135
2891.0,9,1109.3916881243224,3.2,58.985228896378125,326.5482772643704,135
2891.1,9,1109.3916881243224,3.2,58.997498323305294,326.46521255140004,135
2891.2,9,1109.3916881243224,3.2,59.01894363131741,326.3408344696983,135
2891.3,9,1109.3916881243224,3.2,59.032671936485386,326.25487341405295,135
2891.4,9,1109.3916881243224,3.2,59.0448268803608,326.16937680262623,135
2891.5,12,1109.3916881243224,2.4000000000000004,59.05705311092472,326.08965759135725,135
2891.6,12,1109.3916881243224,4.5,59.06646395650646,326.0294043626086,135
2891.7,12,1109.3916881243224,4.5,59.14705868859262,325.54064098352785,135
2891.8,12,1109.3916881243224,4.5,59.18926246598053,325.3100630869411,135
2891.9,12,1109.3916881243224,4.5,59.13414533449351,325.6603629393016,135
2892.0,12,1109.3916881243224,4.5,59.150553321393055,325.56212356867366,135
2892.1,12,1109.3916881243224,4.5,59.16634781149364,325.46092911532503,135
2892.2,12,1109.3916881243224,4.5,59.17865658125319,325.3959598021312,135
2892.3,12,1109.3916881243224,4.5,59.18798470098092,325.33747558989717,135
2892.4,12,1109.3916881243224,4.5,59.19878561888373,325.26974031551237,135
2892.5,12,1109.3916881243224,4.5,59.203968795793294,325.24347261724984,135
2892.6,12,1109.3916881243224,4.5,59.2196499515279,325.14785989255614,135
2892.7,12,1109.3916881243224,4.5,59.233692484203516,325.06680372132223,135
2892.8,12,1109.3916881243224,4.5,59.251119118096284,324.96282843065103,135
2892.9,12,1109.3916881243224,4.5,59.27707696278772,324.81827016384113,135
2893.0,8,1109.3799952147886,4.5,59.294235143143126,324.720994150768,135
2893.1,8,1109.376649283831,4.199999999999999,59.32011080998659,324.5757433523312,135
2893.2,8,1109.376649283831,4.199999999999999,59.23266968994935,324.99752209490043,135
2893.3,8,1109.376649283831,4.199999999999999,59.23407117553746,324.99154317624084,135
2893.4,8,1109.3078931852124,4.199999999999999,59.23878328917693,324.96690114735895,135
2893.5,8,1109.3078931852124,4.8999999999999995,59.260095286695645,324.84663393470487,135
2893.6,8,1109.3078931852124,4.8999999999999995,59.20892703475529,325.166681801343,135
2893.7,8,1109.3078931852124,4.8999999999999995,59.21199088308747,325.1548224121949,135
2893.8,8,1109.3078931852124,4.8999999999999995,59.22826930303221,325.06817741494706,135
2893.9,8,1109.3078931852124,4.8999999999999995,59.24617477720747,324.9714840563105,135
2894.0,8,1109.3078931852124,4.8999999999999995,59.25817264093428,324.90501361032966,135
2894.1,8,1109.3078931852124,4.8999999999999995,59.38319818232357,324.18749172922173,135
2894.2,8,1109.3078931852124,4.199999999999999,59.4033196780194,324.07493787339524,135
2894.3,8,1109.3078931852124,4.199999999999999,59.42371169538161,323.9670612371699,135
2894.4,8,1109.3078931852124,4.199999999999999,59.44161845552422,323.86941669305037,135
2894.5,8,1109.3078931852124,4.199999999999999,59.46047216128273,323.765479968533,135
2894.6,8,1109.3078931852124,4.199999999999999,59.47830154408658,323.66703933284566,135
2894.7,8,1109.3078931852124,4.199999999999999,59.437539667658406,323.8509144111878,135
2894.8,8,1109.3078931852124,4.199999999999999,59.3800716110276,324.21808443732243,135
2894.9,8,1109.3078931852124,4.199999999999999,59.39330403291682,324.1503663582266,135
2895.0,8,1109.3078931852124,4.199999999999999,59.41233947702871,324.0459015065315,135
2895.1,8,1109.3078931852124,4.199999999999999,59.43349080886836,323.9350842222949,135
2895.2,12,1109.3078931852124,4.199999999999999,59.45766838277522,323.8056293199719,135
2895.3,12,1109.3078931852124,5.4,59.48141472887181,323.68537552671535,135
2895.4,12,1109.3078931852124,5.4,59.50428116314826,323.57003686948207,135
2895.5,12,1109.3078931852124,5.4,59.52581539469614,323.45303660224806,135
2895.6,12,1109.3078931852124,5.4,59.545096883142094,323.35263080531763,135
2895.7,12,1109.3078931852124,5.4,59.551325829284224,323.3286316531783,135
2895.8,12,1109.3078931852124,5.4,59.57013624228847,323.2302980808952,135
2895.9,12,1109.3078931852124,5.4,59.592007737664275,323.11566934908774,135
2896.0,12,1109.3078931852124,5.4,59.60523189587319,323.0528229019932,135
2896.1,12,1109.3078931852124,5.4,59.623314237549394,322.95892696400233,135
2896.2,12,1109.3078931852124,5.4,59.638214926103466,322.8768484909623,135
2896.3,12,1109.3078931852124,5.4,59.65157894841844,322.8127882805212,135
2896.4,12,1109.3078931852124,5.4,59.65860989555567,322.7792830279333,135
2896.5,11,1109.8573579199674,4.5,59.681181428771524,322.65719428275895,135
2896.6,11,1109.8573579199674,3.6,59.685459543527905,322.6375943456826,135
2896.7,11,1109.8573579199674,3.6,59.6917629685599,322.6090725962427,135
2896.8,11,1109.8573579199674,3.6,59.738029445380306,322.33755816174653,135
2896.9,11,1109.8573579199674,3.6,59.73965974215672,322.33940923314685,135
2897.0,11,1109.8573579199674,3.6,59.67035720838045,322.68217572354024,135
2897.1,11,1109.8573579199674,3.6,59.67591926389284,322.65883516034455,135
2897.2,11,1109.8573579199674,3.6,59.68256553185674,322.62426319171857,135
2897.3,12,1109.8573579199674,2.7,59.684452698692006,322.61870857186744,135
2897.4,12,1109.8573579199674,5.4,59.69324167804993,322.57582083382056,135
2897.5,12,1109.8573579199674,5.4,59.69354666775939,322.5792378972196,135
2897.6,12,1109.8573579199674,5.4,59.70730687175138,322.5110207700593,135
2897.7,12,1109.8573579199674,5.4,59.70125272000887,322.5515239828694,135
2897.8,12,1109.8573579199674,4.5,59.70473334551646,322.54201046814046,135
2897.9,12,1109.8573579199674,4.5,59.71058063214717,322.51847379806935,135
2898.0,12,1109.8573579199674,4.5,59.601869210954945,323.18391205802214,135
2898.1,12,1109.8573579199674,4.5,59.59942491164273,323.20366706688367,135
2898.2,8,1109.7542841753811,4.5,59.60914578543423,323.1649911938373,135
2898.3,8,1109.7542841753811,4.8999999999999995,59.62218844679903,323.09251990082873,135
2898.4,8,1109.7542841753811,4.8999999999999995,59.63301316461079,323.04022627178415,135
2898.5,12,1109.7542841753811,4.199999999999999,59.63870710115464,323.0119598040958,135
2898.6,12,1109.7542841753811,4.5,59.63726529026105,323.03142823013127,135
2898.7,12,1109.7542841753811,4.5,59.64194769049519,323.01587234062015,135
2898.8,12,1109.7542841753811,5.4,59.5281032243163,323.5726023837808,135
2898.9,12,1109.7542841753811,5.4,59.53959668681934,323.5174471926153,135
2899.0,12,1109.7542841753811,5.4,59.54234918210095,323.50987592214483,135
2899.1,12,1109.7542841753811,5.4,59.542278668462686,323.5213601361761,135
2899.2,12,1109.7542841753811,5.4,59.5527012719671,323.4725360721817,135
2899.3,12,1109.7542841753811,4.5,59.55260384436273,323.4801536077158,135
2899.4,12,1109.7542841753811,4.5,59.54975295583691,323.5037014589674,135
2899.5,12,1109.7542841753811,4.5,59.47256293974419,323.97424559751823,135
2899.6,12,1109.7542841753811,4.5,59.482672898670515,323.9202155573887,135
2899.7,12,1109.7542841753811,4.5,59.40400830266438,324.3067193967416,135
2899.8,12,1109.7542841753811,4.5,59.40251857246141,324.3199830324662,135
2899.9,12,1109.7542841753811,4.5,59.394627420755846,324.36437628743977,135
2900.0,12,1109.7542841753811,4.5,59.39497717283201,324.37449388059645,135
2900.1,12,1109.7542841753811,4.5,59.400244353666196,324.3431159117196,135
2900.2,12,1109.7542841753811,4.5,59.37142360266908,324.51821224262073,135
2900.3,12,1109.7542841753811,4.5,59.36622619115276,324.55694896786434,135
2900.4,12,1109.7542841753811,4.5,59.36076631608806,324.598252582134,135
2900.5,12,1109.7542841753811,4.5,59.3554763500306,324.6294595403722,135
2900.6,12,1109.7542841753811,4.5,59.345469110633886,324.6891330538074,135
2900.7,8,1109.7542841753811,4.5,59.346828436515665,324.6918922292168,135
2900.8,12,1109.7542841753811,4.199999999999999,59.34472766405384,324.7059580524367,135
2900.9,12,1109.7542841753811,4.5,59.30810108003482,324.89810549869173,135
2901.0,12,1109.7542841753811,4.5,59.31290843673178,324.87815676256884,135
2901.1,12,1109.7542841753811,4.5,59.313236399512746,324.88976261130756,135
2901.2,9,1110.1649616040997,3.6,59.31794232696957,324.87259322908767,135
2901.3,9,1110.3715933724498,2.4000000000000004,59.328514271703,324.81915000315365,135
2901.4,8,1110.302145156836,2.4000000000000004,59.329227926038044,324.8272534255648,135
2901.5,8,1110.302145156836,4.199999999999999,59.335853672429735,324.79437901927076,135
2901.6,8,1110.302145156836,4.199999999999999,59.34351737776859,324.7610236607687,135
2901.7,8,1110.302145156836,4.199999999999999,59.2548231337664,325.32663845487286,135
2901.8,8,1110.302145156836,4.199999999999999,59.21968760753519,325.4960993126976,135
2901.9,8,1110.302145156836,4.199999999999999,59.219952665783076,325.4995335346853,135
2902.0,8,1110.302145156836,4.199999999999999,59.21652924236243,325.5303510612141,135
2902.1,8,1110.302145156836,4.199999999999999,59.222198778830105,325.5084594501936,135
2902.2,8,1110.302145156836,4.199999999999999,59.23083302462538,325.4718121368718,135
2902.3,8,1110.302145156836,4.199999999999999,59.2246728081052,325.51189733879323,135
2902.4,8,1110.302145156836,4.199999999999999,59.23135784211144,325.47791363297995,135
2902.5,8,1110.302145156836,4.199999999999999,59.23271295080086,325.4789158789041,135
2902.6,8,1110.302145156836,4.199999999999999,59.24417529021176,325.41945235789126,135
2902.7,8,1110.302145156836,4.199999999999999,59.24319809286524,325.4348854209134,135
2902.8,8,1110.302145156836,4.199999999999999,59.243920905244885,325.43069459577293,135
2902.9,8,1110.302145156836,4.199999999999999,59.2551199365066,325.37831442917263,135
2903.0,8,1110.302145156836,4.199999999999999,59.2381074825913,325.4726615514801,135
2903.1,8,1110.302145156836,4.199999999999999,59.24004581618009,325.47420605573694,135
2903.2,8,1110.302145156836,4.199999999999999,59.237798106007894,325.49337700823975,135
2903.3,8,1110.302145156836,4.199999999999999,59.23898578531623,325.4934050267806,135
2903.4,8,1110.302145156836,4.199999999999999,59.23881615638179,325.5092971991137,135
2903.5,8,1110.302145156836,4.199999999999999,59.23588610726882,325.53185440317856,135
2903.6,8,1110.302145156836,4.199999999999999,59.219159718265495,325.63651246606827,135
2903.7,8,1110.302145156836,4.199999999999999,59.21378763355121,325.6826478502593,135
2903.8,8,1110.302145156836,4.199999999999999,59.21011069111783,325.71661515907954,135
2903.9,8,1110.302145156836,4.199999999999999,59.196991547418364,325.80151718754104,135
2904.0,9,1110.479240311162,3.5,59.18924168174843,325.85650232893863,135
2904.1,9,1110.479240311162,3.2,59.18228112329445,325.9170107476083,135
2904.2,9,1110.479240311162,3.2,59.16102152245372,326.02840544172307,135
2904.3,8,1110.4145509287687,3.2,59.15431282726225,326.08414697060016,135
2904.4,8,1110.4145509287687,4.199999999999999,59.14676067371282,326.14293573787427,135
2904.5,8,1110.4145509287687,4.199999999999999,59.15005165110286,326.1442457143577,135
2904.6,8,1110.4145509287687,4.199999999999999,59.151846317031044,326.1571041580697,135
2904.7,8,1110.4145509287687,4.199999999999999,59.135987007883784,326.26435908379074,135
2904.8,8,1110.4145509287687,4.199999999999999,59.12456383434715,326.33999689595663,135
2904.9,8,1110.4145509287687,4.199999999999999,59.175570571819634,325.99516239124046,135
2905.0,9,1110.5689953238416,4.199999999999999,59.16081625026251,326.09198613463315,135
2905.1,9,1110.5689953238416,4.0,59.13541926655023,326.24011749127123,135
2905.2,9,1110.5689953238416,4.0,59.08112939174453,326.51381739931327,135
2905.3,9,1110.5689953238416,4.0,58.99678235297593,326.99192473187014,135
2905.4,9,1110.5689953238416,4.0,58.95882497017676,327.2174546767801,135
2905.5,9,1110.5689953238416,4.0,58.925359601826706,327.4141358843475,135
2905.6,9,1110.5689953238416,4.0,58.905831859522394,327.5307404699999,135
2905.7,9,1110.5689953238416,4.0,58.89064830933614,327.6182487788577,135
2905.8,9,1110.5689953238416,4.0,58.86524789437935,327.77131078436287,135
2905.9,9,1110.5689953238416,4.0,58.8120722709286,327.8174629300509,135
2906.0,9,1110.5689953238416,4.0,58.789674643894685,327.94480672809715,135
2906.1,9,1110.5689953238416,4.0,58.78738412681628,327.9536267514053,135
2906.2,9,1110.5689953238416,4.0,58.76556777591104,328.0772954921005,135
2906.3,9,1110.5689953238416,4.0,58.74087947378081,328.21736159045247,135
2906.4,9,1110.5689953238416,4.0,58.73164584320054,328.2731471036463,135
2906.5,9,1110.5689953238416,4.0,58.72279565991799,328.3214922272357,135
2906.6,9,1110.5689953238416,4.0,58.70501386805316,328.426174493792,135
2906.7,9,1110.5689953238416,4.0,58.69966780895112,328.4544849985234,135
2906.8,9,1110.5689953238416,4.0,58.68267916235799,328.5595121771654,135
2906.9,9,1110.7196546750095,4.0,58.67897628927471,328.58047418420404,135
2907.0,9,1110.7196546750095,4.800000000000001,58.672088920324356,328.62391648305857,135
2907.1,9,1110.7196546750095,4.800000000000001,58.66131191309965,328.68777303220816,135
2907.2,9,1110.7196546750095,4.800000000000001,58.64887889776731,328.7639515038203,135
2907.3,9,1110.7196546750095,4.800000000000001,58.64344411170527,328.8014396798575,135
2907.4,9,1110.7196546750095,4.800000000000001,58.62565793666861,328.91012396454767,135
2907.5,9,1110.7196546750095,4.800000000000001,58.613066616102785,328.98065887361724,135
2907.6,9,1110.7196546750095,4.800000000000001,58.59031711837265,329.1102116333959,135
2907.7,9,1110.7196546750095,4.800000000000001,58.562797488270874,329.2626160452512,135
2907.8,9,1110.7196546750095,4.800000000000001,58.53566579722933,329.4211517790977,135
2907.9,9,1110.7196546750095,4.800000000000001,58.513164900813976,329.54851824826017,135
2908.0,9,1110.7196546750095,4.800000000000001,58.500354474253136,329.6232219919851,135
2908.1,9,1110.7196546750095,4.800000000000001,58.48573679684832,329.70616465528565,135
2908.2,9,1110.7196546750095,4.800000000000001,58.38504194632948,330.2245775571817,135
2908.3,8,1110.6530297030395,4.0,58.361892763547615,330.3649899698554,135
2908.4,8,1110.6530297030395,4.8999999999999995,58.34242640331773,330.48493168375114,135
2908.5,8,1110.6530297030395,4.8999999999999995,58.32347415602351,330.59856353170187,135
2908.6,8,1110.6530297030395,4.8999999999999995,58.30443900586551,330.7142059338672,135
2908.7,8,1110.6530297030395,4.8999999999999995,58.30693264648237,330.7059115855116,135
2908.8,8,1110.6530297030395,4.8999999999999995,58.28263193202983,330.8515221661404,135
2908.9,8,1110.6530297030395,4.8999999999999995,58.26564740217031,330.9582136437891,135
2909.0,8,1110.6530297030395,4.8999999999999995,58.25206933584441,331.041724908064,135
2909.1,8,1110.6530297030395,4.8999999999999995,58.245095022323234,331.07944553805646,135
2909.2,8,1110.6530297030395,4.8999999999999995,58.143027427898176,331.7386971923977,135
2909.3,8,1110.6530297030395,4.8999999999999995,58.134253954823265,331.78879663797113,135
2909.4,8,1110.6530297030395,4.8999999999999995,58.11104834097791,331.9270313438361,135
2909.5,8,1110.6530297030395,4.8999999999999995,58.02800204415442,332.506396151726,135
2909.6,8,1110.6530297030395,4.8999999999999995,58.01355878034999,332.6001115950471,135
2909.7,8,1110.6530297030395,4.8999999999999995,58.003851693440296,332.6614489726761,135
2909.8,8,1110.6530297030395,4.8999999999999995,57.99025274800479,332.7400869702108,135
2909.9,8,1110.6530297030395,4.8999999999999995,57.989339369736804,332.73459743301805,135
2910.0,8,1110.6530297030395,4.8999999999999995,57.97727406342639,332.80934837340203,135
2910.1,8,1110.6530297030395,4.8999999999999995,58.00019049939392,332.6886555742524,135
2910.2,8,1110.6530297030395,4.8999999999999995,57.98528592308813,332.78152297443285,135
2910.3,8,1110.6530297030395,4.199999999999999,58.00409060652274,332.64778864725776,135
2910.4,8,1110.6530297030395,4.199999999999999,57.941830349880036,332.9742507822374,135
2910.5,8,1110.6530297030395,4.199999999999999,57.93482065411973,333.0196609745569,135
2910.6,8,1110.6530297030395,4.199999999999999,57.92202655350205,333.0932822253194,135
2910.7,8,1110.6530297030395,4.199999999999999,57.92010601109834,333.10913724523425,135
2910.8,8,1110.5842315924858,4.199999999999999,57.91393713965216,333.1523675611092,135
2910.9,8,1110.5842315924858,4.8999999999999995,57.91795131087868,333.13610459235565,135
2911.0,8,1110.5842315924858,4.8999999999999995,57.919563740589815,333.13626047815865,135
2911.1,8,1110.5842315924858,4.8999999999999995,57.91908724933705,333.142099164656,135
2911.2,8,1110.5842315924858,4.8999999999999995,57.914288198854415,333.1772122477365,135
2911.3,8,1110.5842315924858,4.8999999999999995,57.840099354627434,333.55592191882147,135
2911.4,8,1110.5842315924858,4.8999999999999995,57.834273223172815,333.6010164118592,135
2911.5,8,1110.5842315924858,4.8999999999999995,57.83262441002059,333.62220793024403,135
2911.6,8,1110.5842315924858,4.8999999999999995,57.828322549331105,333.64885631657427,135
2911.7,8,1110.5842315924858,4.8999999999999995,57.82407857385483,333.6623185438124,135
2911.8,8,1110.5842315924858,4.8999999999999995,57.816857269272234,333.72129043636727,135
2911.9,8,1110.5842315924858,4.8999999999999995,57.81866028208924,333.71480253239076,135
2912.0,8,1110.5842315924858,4.8999999999999995,57.83350694637427,333.617773788196,135
2912.1,8,1110.5842315924858,4.8999999999999995,57.84170362240798,333.5684477451297,135
2912.2,8,1110.5842315924858,4.8999999999999995,57.844403006977345,333.5502380420359,135
2912.3,8,1110.5842315924858,4.8999999999999995,57.85936623187409,333.4578645851108,135
2912.4,8,1110.5842315924858,4.8999999999999995,57.8729368895557,333.3757809758622,135
2912.5,8,1110.5842315924858,4.8999999999999995,57.877142914654485,333.3414149245913,135
2912.6,8,1110.5842315924858,4.8999999999999995,57.885451056076576,333.29393445832403,135
2912.7,8,1110.5842315924858,4.8999999999999995,57.910420410732485,333.14211411242934,135
2912.8,8,1110.5842315924858,4.8999999999999995,58.00767693343968,332.5885267861686,135
2912.9,8,1110.5842315924858,4.8999999999999995,58.089612606281314,332.01205354916374,135
2913.0,9,1110.7467836209635,4.199999999999999,58.04012311136297,332.2449666714025,135
2913.1,9,1110.7467836209635,4.0,58.008730368190044,332.45876922918944,135
2913.2,9,1110.7467836209635,4.0,58.02117553084959,332.3785770464626,135
2913.3,8,1110.7467836209635,3.2,58.04712850184844,332.21488762480664,135
2913.4,8,1110.7467836209635,4.199999999999999,58.05547108373764,332.1658725879814,135
2913.5,8,1110.6775189640277,4.199999999999999,58.064738577273744,332.10493499922904,135
2913.6,8,1110.6775189640277,4.8999999999999995,58.07419413207333,332.04960632669895,135
2913.7,8,1110.6775189640277,4.8999999999999995,58.091494158514024,331.9463101796037,135
2913.8,8,1110.6775189640277,4.8999999999999995,58.106776387019465,331.8600859233678,135
2913.9,8,1110.6775189640277,4.8999999999999995,58.11638381750793,331.7997057438126,135
2914.0,8,1110.6775189640277,4.8999999999999995,58.14093913428415,331.65433252627633,135
2914.1,8,1110.6775189640277,4.8999999999999995,58.16597423606342,331.5120585600416,135
2914.2,8,1110.6775189640277,4.8999999999999995,58.096831357327645,331.8472705821856,135
2914.3,8,1110.6775189640277,4.8999999999999995,58.11456165324291,331.7366032445084,135
2914.4,8,1110.6775189640277,4.8999999999999995,58.13455543553731,331.62689322974984,135
2914.5,8,1110.6775189640277,4.8999999999999995,58.15896839464243,331.4760697799028,135
2914.6,8,1110.6775189640277,4.8999999999999995,58.17456870735215,331.38664454344786,135
2914.7,8,1110.6775189640277,4.8999999999999995,58.2001721837683,331.2384344439366,135
2914.8,8,1110.6775189640277,4.8999999999999995,58.22974652961706,331.07182726933775,135
2914.9,8,1110.6775189640277,4.8999999999999995,58.263855129821465,330.87201909318526,135
2915.0,8,1110.6775189640277,4.8999999999999995,58.295086741568284,330.7007413141195,135
2915.1,8,1110.6775189640277,4.8999999999999995,58.32283419938531,330.5307513465126,135
2915.2,8,1110.6775189640277,4.8999999999999995,58.35452506393494,330.348006767727,135
2915.3,8,1110.6775189640277,4.8999999999999995,58.47505027691655,329.717350019515,135
2915.4,8,1110.6775189640277,4.8999999999999995,58.500319108719474,329.58151395993696,135
2915.5,8,1110.6775189640277,4.8999999999999995,58.57670128534197,329.1259877185974,135
2915.6,8,1110.6775189640277,4.8999999999999995,58.60301115822334,328.9755799678614,135
2915.7,8,1110.6775189640277,4.8999999999999995,58.62999002582545,328.8277892813542,135
2915.8,8,1110.6775189640277,4.8999999999999995,58.67178900086408,328.59308395661543,135
2915.9,8,1110.6775189640277,4.8999999999999995,58.70247894298397,328.41953850545184,135
2916.0,8,1110.6775189640277,4.8999999999999995,58.729455602702046,328.27323185878913,135
2916.1,8,1110.6775189640277,4.8999999999999995,58.75523406969886,328.132547451061,135
2916.2,8,1110.6775189640277,4.8999999999999995,58.77834653237237,328.01120523416034,135
2916.3,8,1110.6775189640277,4.8999999999999995,58.818246914028705,327.77996255131086,135
2916.4,8,1110.6775189640277,4.8999999999999995,58.79239425314219,327.8924731259197,135
2916.5,8,1110.6775189640277,4.8999999999999995,58.82430348262551,327.7120837876346,135
2916.6,8,1110.6084119558416,4.8999999999999995,58.843487585208905,327.6171089200474,135
2916.7,8,1110.6084119558416,5.6,58.88259102175033,327.4004564725577,135
2916.8,8,1110.6084119558416,5.6,58.90734973000619,327.26835145147095,135
2916.9,8,1110.6084119558416,5.6,58.851501371662664,327.65117615241,135
2917.0,8,1110.6084119558416,5.6,58.874873690590306,327.5289766538891,135
2917.1,8,1110.6084119558416,5.6,58.91333128890202,327.31243544666006,135
2917.2,8,1110.6084119558416,5.6,58.93328901839432,327.20259659890377,135
2917.3,8,1110.6084119558416,5.6,58.96058249706184,327.0644542313689,135
2917.4,8,1110.6084119558416,5.6,58.99849827783247,326.8504653726337,135
2917.5,8,1110.6084119558416,5.6,59.029826977386364,326.6860505214196,135
2917.6,8,1110.6084119558416,5.6,58.931467579429814,327.34129567461235,135
2917.7,8,1110.6084119558416,4.8999999999999995,58.85109285703828,327.7329386331146,135
2917.8,8,1110.6084119558416,4.8999999999999995,58.88626131876357,327.5451149224399,135
2917.9,8,1110.6084119558416,4.8999999999999995,58.902175955279404,327.46661963412885,135
2918.0,8,1110.6084119558416,4.8999999999999995,58.91902084313864,327.38829807608624,135
2918.1,8,1110.6084119558416,4.8999999999999995,58.94295461467352,327.25761494565916,135
2918.2,8,1110.6084119558416,4.8999999999999995,58.96224763219603,327.166028232818,135
2918.3,8,1110.6084119558416,4.8999999999999995,58.987078225441735,327.04109402192574,135
2918.4,8,1110.6084119558416,4.8999999999999995,59.023361534299355,326.84695232705155,135
2918.5,8,1110.6084119558416,4.8999999999999995,59.043480428868634,326.75511575226926,135
2918.6,8,1110.6084119558416,4.8999999999999995,58.96855305733821,327.11124928528835,135
2918.7,8,1110.6084119558416,4.8999999999999995,58.99329150649996,326.9852760325968,135
2918.8,8,1110.6084119558416,4.8999999999999995,59.002626108921376,326.94990433334385,135
2918.9,8,1110.6084119558416,4.8999999999999995,59.03545301004283,326.7764625676448,135
2919.0,8,1110.6084119558416,4.8999999999999995,59.0633231322756,326.6408340402105,135
2919.1,8,1110.6084119558416,4.8999999999999995,59.01188997552161,326.99884130242026,135
2919.2,8,1110.6084119558416,4.8999999999999995,59.018399594155966,326.9640208744529,135
2919.3,8,1110.6084119558416,4.8999999999999995,59.09954112416817,326.58064864593314,135
2919.4,8,1110.6084119558416,4.199999999999999,59.09200355485986,326.62540465620884,135
2919.5,8,1110.6084119558416,4.199999999999999,59.08760100053303,326.6589351981885,135
2919.6,8,1110.6084119558416,4.199999999999999,58.9972889657116,327.0997190701015,135
2919.7,8,1110.5394378156525,4.199999999999999,59.004065372355974,327.06106983932915,135
2919.8,8,1110.5394378156525,4.8999999999999995,58.99451723535235,327.11872091049395,135
2919.9,8,1110.5394378156525,4.8999999999999995,59.009373500503045,327.0324690187809,135
2920.0,8,1110.5394378156525,4.8999999999999995,59.000613393110676,327.09053983839726,135
2920.1,8,1110.5394378156525,4.8999999999999995,59.06421526697308,326.76413046646087,135
2920.2,8,1110.5394378156525,4.8999999999999995,58.98631215927566,327.25706509774807,135
2920.3,8,1110.5394378156525,4.8999999999999995,58.97173201005043,326.9745120809797,135
2920.4,8,1110.5394378156525,4.8999999999999995,58.9763670397506,326.94384926927955,135
2920.5,8,1110.5394378156525,4.8999999999999995,58.98338035343794,326.90248541441906,135
2920.6,8,1110.5394378156525,4.8999999999999995,58.9983515550625,326.81676591069936,135
2920.7,8,1110.5394378156525,4.8999999999999995,59.011172962762814,326.7463533004101,135
2920.8,8,1110.5394378156525,4.8999999999999995,59.03064764148253,326.642630743594,135
2920.9,8,1110.5394378156525,4.8999999999999995,59.05110893070863,326.51969126719575,135
2921.0,8,1110.5394378156525,4.8999999999999995,58.96886776339993,326.90857394061925,135
2921.1,8,1110.5394378156525,4.8999999999999995,58.98834205344019,326.79754038089976,135
2921.2,8,1110.5394378156525,4.8999999999999995,59.002100310196425,326.7222457100997,135
2921.3,8,1110.5394378156525,4.199999999999999,59.02782426356825,326.568470946921,135
2921.4,8,1110.5394378156525,4.199999999999999,59.03317775719346,326.53472575514263,135
2921.5,8,1110.5394378156525,4.199999999999999,59.063650061838615,326.35743383753004,135
2921.6,8,1110.5394378156525,4.199999999999999,59.06835681684012,326.3288745531094,135
2921.7,8,1110.5394378156525,4.199999999999999,59.083614272835675,326.2351410195372,135
2921.8,8,1110.5394378156525,4.199999999999999,59.10495319739644,326.11053476162783,135
2921.9,8,1110.5394378156525,4.199999999999999,59.114780723831515,326.04905647742993,135
2922.0,8,1110.5394378156525,4.199999999999999,59.123659150553195,325.9999170010251,135
2922.1,8,1110.5394378156525,4.199999999999999,59.140104216080914,325.9006455645441,135
2922.2,8,1110.5394378156525,4.199999999999999,59.16329402435436,325.7723680318903,135
2922.3,8,1110.5394378156525,4.199999999999999,59.17815894485638,325.68848388795277,135
2922.4,8,1110.5394378156525,4.199999999999999,59.19225760268672,325.60487900681915,135
2922.5,8,1110.5394378156525,4.199999999999999,59.35885735550825,324.57435353580036,135
2922.6,8,1110.5394378156525,4.199999999999999,59.41258173221172,324.3141197904065,135
2922.7,8,1110.5394378156525,4.199999999999999,59.435510727238956,324.18117346435645,135
2922.8,8,1110.5394378156525,4.199999999999999,59.44182762593297,324.14265038719475,135
2922.9,8,1110.5394378156525,4.199999999999999,59.457817171953124,324.0404730301402,135
2923.0,10,1110.5394378156525,3.5,59.29937008475403,325.0228569853623,135
2923.1,10,1110.5394378156525,4.800000000000001,59.22055463680837,325.38552944447224,135
2923.2,10,1110.5394378156525,4.800000000000001,59.23634001348289,325.3011105257243,135
2923.3,10,1110.5394378156525,4.800000000000001,59.25964383543054,325.16218193672626,135
2923.4,10,1110.5394378156525,4.800000000000001,59.264032678821565,325.14745598675336,135
2923.5,10,1110.5394378156525,4.800000000000001,59.28073970622491,325.04611367876475,135
2923.6,10,1110.5394378156525,4.800000000000001,59.29363053097498,324.9727076757734,135
2923.7,10,1110.5394378156525,4.800000000000001,59.307792581377186,324.89338323995514,135
2923.8,10,1110.5394378156525,4.800000000000001,59.321661563084774,324.81604694672956,135
2923.9,10,1110.5394378156525,4.800000000000001,59.339173705657856,324.71137223240567,135
2924.0,10,1110.5394378156525,4.800000000000001,59.346782172394384,324.66906878988664,135
2924.1,10,1110.5394378156525,4.800000000000001,59.234844892226164,325.3619306313938,135
2924.2,10,1110.5394378156525,4.800000000000001,59.25726887919678,325.24005102090996,135
2924.3,10,1110.5394378156525,4.800000000000001,59.28334618642752,325.0893445036208,135
2924.4,10,1110.5394378156525,4.800000000000001,59.29256337965963,325.0416426198874,135
2924.5,10,1110.5394378156525,4.800000000000001,59.30409165073208,324.9792273544845,135
2924.6,10,1110.5394378156525,4.800000000000001,59.32119066572008,324.88485228782946,135
2924.7,10,1110.5394378156525,4.800000000000001,59.33289800995661,324.81632769135285,135
2924.8,10,1110.5394378156525,4.800000000000001,59.33678193358175,324.7992046464524,135
2924.9,10,1110.5394378156525,4.800000000000001,59.342412045295774,324.77402280277556,135
2925.0,10,1110.5394378156525,4.800000000000001,59.34351925239304,324.7746874064511,135
2925.1,10,1110.5394378156525,4.800000000000001,59.35137350083505,324.7314291226435,135
2925.2,10,1110.5394378156525,4.800000000000001,59.35357334935918,324.7254437361802,135
2925.3,10,1110.5394378156525,4.800000000000001,59.259045346098375,325.3247166562403,135
2925.4,9,1111.0902748294757,4.0,59.266120816932585,325.2814355608487,135
2925.5,9,1111.3789600608002,4.0,59.13627871844128,325.89484659888524,135
2925.6,9,1111.568179263741,4.0,59.1445185111441,325.84424094586524,135
2925.7,9,1111.7198973766945,4.0,59.15648575080177,325.75590413402983,135
2925.8,10,1111.7198973766945,4.800000000000001,59.159573001748186,325.7409166206613,135
2925.9,10,1111.7198973766945,4.800000000000001,59.156435668496485,325.7551218971054,135
2926.0,10,1111.7198973766945,4.800000000000001,59.156966995284144,325.75190440784195,135
2926.1,10,1111.7198973766945,4.800000000000001,59.17155960943598,325.6651766756546,135
2926.2,10,1111.7198973766945,4.800000000000001,59.154137118113354,325.76432808174275,135
2926.3,10,1111.7198973766945,4.800000000000001,59.1590698987756,325.7345163805169,135
2926.4,10,1111.7198973766945,4.800000000000001,59.14760702825318,325.7956002606953,135
2926.5,10,1111.7198973766945,4.800000000000001,59.15197938939518,325.770049212952,135
2926.6,10,1111.7198973766945,4.800000000000001,59.149619619294725,325.78609052902186,135
2926.7,10,1111.7198973766945,4.800000000000001,59.16268313524508,325.7032686600533,135
2926.8,10,1111.7198973766945,4.800000000000001,59.17083267279796,325.6556342908357,135
2926.9,10,1111.7198973766945,4.800000000000001,59.176367772326856,325.62310415910065,135
2927.0,10,1111.7198973766945,4.800000000000001,59.18553845568928,325.57564980788777,135
2927.1,10,1111.7198973766945,4.800000000000001,59.20127039109073,325.4839254437902,135
2927.2,10,1111.7198973766945,4.800000000000001,59.20370009751184,325.4693043191435,135
2927.3,10,1111.7198973766945,4.800000000000001,59.215662679138134,325.3990304473091,135
2927.4,10,1111.7198973766945,4.800000000000001,59.182495501088304,325.5546778378574,135
2927.5,10,1111.7198973766945,4.800000000000001,59.183057567416014,325.5507610003584,135
2927.6,10,1111.7198973766945,4.800000000000001,59.200394141403564,325.44900394666445,135
2927.7,10,1111.7198973766945,4.800000000000001,59.089538155792596,326.1318898472044,135
2927.8,10,1111.7198973766945,4.800000000000001,59.101748070764394,326.0558494856353,135
2927.9,10,1111.7198973766945,4.800000000000001,59.09643125084648,326.0710336269091,135
2928.0,10,1111.7198973766945,4.800000000000001,59.107070089501,325.99232260444836,135
2928.1,10,1111.7198973766945,4.0,59.10531591499952,326.0001788628309,135
2928.2,10,1111.7198973766945,4.0,59.09897435635113,326.02740574445966,135
2928.3,10,1111.7198973766945,4.0,59.10129567272032,326.0085927967581,135
2928.4,10,1111.7198973766945,4.0,59.09172209587571,326.0546068317708,135
2928.5,10,1111.7198973766945,4.0,59.039161240465475,326.3167949854586,135
2928.6,10,1111.7198973766945,4.0,59.040534961202326,326.29721788306426,135
2928.7,10,1111.7198973766945,4.800000000000001,58.90122965783807,327.14331794421935,135
2928.8,10,1111.7198973766945,4.800000000000001,58.88607835255878,327.22042677950253,135
2928.9,10,1111.7198973766945,4.800000000000001,58.87290990584337,327.2842675434756,135
2929.0,10,1111.7198973766945,4.800000000000001,58.86331439334048,327.0054424112612,135
2929.1,10,1111.7198973766945,4.800000000000001,58.83788908604623,327.13500091149126,135
2929.2,10,1111.7198973766945,4.800000000000001,58.83254139733922,327.15998706531707,135
2929.3,10,1111.7198973766945,4.800000000000001,58.81719957256296,327.2302460850795,135
2929.4,10,1111.7198973766945,4.800000000000001,58.80536316642515,327.29019268940044,135
2929.5,10,1111.7198973766945,4.800000000000001,58.7039527276558,327.8092844450552,135
2929.6,10,1111.7198973766945,4.800000000000001,58.68450753470191,327.9076265050419,135
2929.7,10,1111.7198973766945,4.800000000000001,58.688203049759046,327.60578488238315,135
2929.8,10,1111.7198973766945,4.800000000000001,58.71155217432483,327.42044737996576,135
2929.9,10,1111.7198973766945,4.800000000000001,58.69269483880824,327.5238099798563,135
2930.0,10,1111.7198973766945,4.800000000000001,58.69607063009857,327.4990754324006,135
2930.1,10,1111.7198973766945,4.800000000000001,58.68699798232498,327.5480289394069,135
2930.2,10,1111.7198973766945,4.800000000000001,58.6824901396112,327.5681118002225,135
2930.3,10,1111.7198973766945,4.800000000000001,58.52473443011955,328.5056403879381,135
2930.4,10,1111.7198973766945,4.800000000000001,58.574553557940206,328.2467908327751,135
2930.5,10,1111.7198973766945,4.800000000000001,58.57089448064488,328.2556026941169,135
2930.6,10,1111.7198973766945,4.800000000000001,58.56251454712972,328.3013855463787,135
2930.7,10,1111.7198973766945,4.800000000000001,58.44098651965023,328.9413362606123,135
2930.8,10,1111.7198973766945,4.800000000000001,58.426182095548825,329.0236341039153,135
2930.9,9,1111.9252578733422,4.0,58.409621065825675,329.11679865676183,135
2931.0,9,1112.0927469655453,4.0,58.399505960276414,329.1719909217218,135
2931.1,9,1112.0927469655453,4.0,58.3813801193034,329.27236387729533,135
2931.2,9,1112.0927469655453,4.0,58.36679319949056,329.3546356023656,135
2931.3,10,1112.0927469655453,4.0,58.36072349379052,329.39019775118913,135
2931.4,9,1112.0927469655453,4.0,58.34816439640082,329.461475394393,135
2931.5,9,1112.0927469655453,4.0,58.33751360789971,329.5219722254883,135
2931.6,9,1112.0927469655453,4.0,58.322606977657934,329.60629549631994,135
2931.7,9,1112.0927469655453,4.0,58.30678337568997,329.6936710847126,135
2931.8,9,1112.0927469655453,4.0,58.287183581581516,329.80602612501946,135
2931.9,9,1112.0927469655453,4.0,58.27275678605377,329.88722105313786,135
2932.0,9,1112.0927469655453,4.0,58.26529374718047,329.9283999348081,135
2932.1,9,1112.0927469655453,4.0,58.25372524464957,329.9905360263801,135
2932.2,9,1112.0927469655453,4.0,58.16820912497387,330.50851172754903,135
2932.3,9,1112.2425392833545,4.0,58.14713159079107,330.6245879546365,135
2932.4,9,1112.2425392833545,4.800000000000001,58.13248654140415,330.7058076582797,135
2932.5,9,1112.2425392833545,4.800000000000001,58.11978417725674,330.77163339161956,135
2932.6,9,1112.2425392833545,4.800000000000001,58.108444007272425,330.83608249342785,135
2932.7,9,1112.2425392833545,4.800000000000001,58.099490632736135,330.88385509581303,135
2932.8,9,1112.2425392833545,4.800000000000001,58.10493855032429,330.8527902118331,135
2932.9,9,1112.2425392833545,4.800000000000001,58.084798759646944,330.96768038934783,135
2933.0,9,1112.2425392833545,4.800000000000001,58.08255665355733,330.97965616056194,135
2933.1,9,1112.2425392833545,4.800000000000001,58.07502561631941,331.0233884318072,135
2933.2,9,1112.2425392833545,4.800000000000001,58.06680066641479,331.07195948398754,135
2933.3,9,1112.2425392833545,4.800000000000001,58.06154731973285,331.1046922482352,135
2933.4,9,1112.2425392833545,4.0,58.06097317231081,331.1040168466096,135
2933.5,9,1112.2425392833545,4.0,58.06545433077082,331.07728306933257,135
2933.6,9,1112.2425392833545,4.0,57.94869484006098,331.789642397769,135
2933.7,9,1112.2425392833545,4.0,57.946983908459174,331.797728469301,135
2933.8,9,1112.2425392833545,4.0,57.9436587666554,331.81755367911177,135
2933.9,9,1112.2425392833545,4.0,57.94611331718395,331.80439998386987,135
2934.0,10,1112.2425392833545,4.0,57.945094472922904,331.8135603803938,135
2934.1,10,1112.2425392833545,4.0,57.951985001778795,331.7744291218132,135
2934.2,10,1112.2425392833545,4.0,57.94347643894794,331.8273388023066,135
2934.3,9,1112.2425392833545,4.0,57.953016200909296,331.77233249087567,135
2934.4,9,1112.2425392833545,4.0,58.002024376804826,331.51210177046113,135
2934.5,9,1112.2425392833545,4.0,57.93343377825245,331.8857783984299,135
2934.6,9,1112.2425392833545,4.0,57.9345052066728,331.87826626584,135
2934.7,9,1112.2425392833545,4.0,57.93144345062244,331.8978416934481,135
2934.8,10,1112.2425392833545,4.0,57.92352532444872,331.9521335133528,135
2934.9,10,1112.2425392833545,4.0,57.93580686081671,331.8716876770035,135
2935.0,9,1112.2425392833545,4.0,57.91990080859749,331.9637786719838,135
2935.1,12,1112.2425392833545,4.0,57.92313689778424,331.94494891983254,135
2935.2,12,1112.2425392833545,4.5,57.87059665005758,332.2729460253553,135
2935.3,12,1112.2425392833545,4.5,57.89804801078202,332.0676716785822,135
2935.4,12,1112.2425392833545,4.5,57.89106023089347,332.1137346477183,135
2935.5,12,1112.2425392833545,4.5,57.90208546842611,332.05169144929795,135
2935.6,12,1112.2425392833545,4.5,57.90149056114622,332.0558449808141,135
2935.7,9,1112.2425392833545,3.6,57.90897027082909,332.00994395392036,135
2935.8,9,1112.2425392833545,4.0,57.90843428161955,332.0157889036376,135
2935.9,9,1112.2425392833545,4.0,57.91269795656737,331.99242675505593,135
2936.0,9,1112.2425392833545,4.0,57.91066627283897,332.01062565950605,135
2936.1,9,1112.2425392833545,4.0,57.90537638547649,332.04291438068174,135
2936.2,9,1112.2425392833545,4.0,57.934068267352735,331.8675041473832,135
2936.3,9,1112.2425392833545,4.0,57.93791808547594,331.84416887762785,135
2936.4,12,1112.2425392833545,4.0,57.94084559248196,331.83294882058976,135
2936.5,12,1112.2425392833545,4.5,57.89073796789714,332.20056417581884,135
2936.6,12,1112.2425392833545,4.5,57.94417447448326,331.9177648552936,135
2936.7,12,1112.2425392833545,4.5,57.896166828769935,332.1709374234489,135
2936.8,12,1112.2425392833545,4.5,57.88145842390767,332.2653219982408,135
2936.9,12,1112.2425392833545,4.5,57.88729236786017,332.2309010802577,135
2937.0,12,1112.2425392833545,4.5,57.87770901665141,332.29497231655864,135
2937.1,12,1112.2425392833545,4.5,57.88367822195755,332.26216509778016,135
2937.2,12,1112.2425392833545,4.5,57.881687174858754,332.27915147846704,135
2937.3,12,1112.2425392833545,4.5,57.883686552815455,332.26997408097964,135
2937.4,12,1112.2425392833545,4.5,57.88451898350131,332.2715839551556,135
2937.5,12,1112.2425392833545,4.5,57.88872694627912,332.2565086722161,135
2937.6,12,1112.2425392833545,4.5,57.896433828181195,332.2131138542048,135
2937.7,12,1112.2425392833545,4.5,57.919969644259886,332.07624891835104,135
2937.8,12,1112.2425392833545,4.5,57.85699717536322,332.4091994435652,135
2937.9,12,1112.2425392833545,4.5,57.87109357222715,332.3320447106183,135
2938.0,11,1112.2425392833545,4.5,57.86894063247989,332.3489100271147,135
2938.1,11,1112.2425392833545,4.5,57.89190938870564,332.2208145111091,135
2938.2,11,1112.2425392833545,4.5,57.89754474393435,332.19472318128567,135
2938.3,11,1112.2425392833545,4.5,57.921016532666954,332.0637181441482,135
2938.4,11,1112.2425392833545,4.5,57.88868979014313,332.27566870810904,135
2938.5,11,1112.2425392833545,4.5,57.89494428443227,332.2539754756249,135
2938.6,11,1112.2425392833545,4.5,57.92648622566716,332.07123796845957,135
2938.7,11,1112.2425392833545,4.5,57.9388700555419,332.0093642853892,135
2938.8,11,1112.2425392833545,4.5,57.89847229307101,332.1828837764251,135
2938.9,11,1112.2425392833545,4.5,57.9237048313728,332.0425457401361,135
2939.0,11,1112.2425392833545,4.5,57.99989319362692,331.6296655046034,135
2939.1,11,1112.2425392833545,4.5,58.01272187482808,331.5632073275481,135
2939.2,11,1112.2425392833545,4.5,58.035503044183486,331.4344536783604,135
2939.3,11,1112.2425392833545,4.5,58.05433828206158,331.33035457458914,135
2939.4,11,1112.2425392833545,4.5,58.067239549583874,331.25976177920586,135
2939.5,11,1112.2425392833545,4.5,58.09646684555089,331.09434155570443,135
2939.6,11,1112.2425392833545,4.5,58.12143793119275,330.95277814331956,135
2939.7,11,1112.2425392833545,4.5,57.96132483334201,331.85387787126353,135
2939.8,11,1112.2425392833545,4.5,57.97760684439177,331.7584525159025,135
2939.9,12,1112.2425392833545,3.6,58.02139065298009,331.50272211066493,135
2940.0,12,1112.2425392833545,4.5,58.05226845942953,331.3244815500288,135
2940.1,12,1112.2425392833545,4.5,58.08766053400778,331.11370228845954,135
2940.2,12,1112.2425392833545,4.5,58.13354926665126,330.8443035513467,135
2940.3,12,1112.2425392833545,4.5,58.15569364289415,330.71514099927947,135
2940.4,12,1112.2425392833545,4.5,58.18579917034142,330.5329459628356,135
2940.5,12,1112.2425392833545,4.5,58.22349680438368,330.31187143402985,135
2940.6,12,1112.2425392833545,4.5,58.251342107090544,330.1570886721339,135
2940.7,12,1112.2425392833545,4.5,58.2848414871128,329.96855754315374,135
2940.8,12,1112.2425392833545,4.5,58.31542019757347,329.79416284096965,135
2940.9,12,1112.2425392833545,4.5,58.34958837895262,329.59680760820504,135
2941.0,12,1112.2425392833545,4.5,58.306889095321154,329.8000217532093,135
2941.1,12,1112.2425392833545,4.5,58.338430009558394,329.61171198908426,135
2941.2,12,1112.2425392833545,4.5,58.36067723492299,329.4797650064213,135
2941.3,11,1112.2425392833545,4.5,58.37746923894486,329.3796065442308,135
2941.4,11,1112.2425392833545,4.5,58.45845264570957,328.93260151985555,135
2941.5,12,1112.2425392833545,3.6,58.48040358507538,328.80260867750053,135
2941.6,12,1112.2425392833545,4.5,58.50931427792956,328.6326358277063,135
2941.7,12,1112.2425392833545,4.5,58.42504025697199,329.1524978227957,135
2941.8,12,1112.2425392833545,4.5,58.46212211205834,328.9323980710283,135
2941.9,11,1112.2425392833545,4.5,58.49201820249293,328.7578174883412,135
2942.0,11,1112.2425392833545,3.6,58.52897466401649,328.5479332252978,135
2942.1,11,1112.2425392833545,3.6,58.55690125367796,328.38297820827177,135
2942.2,7,1112.3340122139975,3.6,58.59855872533065,328.1442116781344,135
2942.3,8,1112.4604274683895,4.199999999999999,58.62605984931383,327.981293822975,135
2942.4,8,1112.4157191898446,4.199999999999999,58.6704801891804,327.72212752178433,135
2942.5,11,1112.4157191898446,3.5,58.685909740025636,327.63620519589995,135
2942.6,11,1112.4157191898446,3.6,58.71340471651786,327.46928017814844,135
2942.7,11,1112.4157191898446,3.6,58.67030543373674,327.6826846480095,135
2942.8,11,1112.4157191898446,3.6,58.81297406423727,326.83712248127455,135
2942.9,11,1112.4157191898446,4.5,58.83471069371913,326.7121230658719,135
2943.0,11,1112.4157191898446,4.5,58.881020556924554,326.446538400137,135
2943.1,11,1112.4157191898446,4.5,58.92114205977144,326.22075807345004,135
2943.2,11,1112.4157191898446,4.5,58.951561105529805,326.04867348415854,135
2943.3,11,1112.4157191898446,4.5,58.98019821457555,325.8856359533462,135
2943.4,11,1112.4157191898446,4.5,59.012012361532754,325.7016329335543,135
2943.5,11,1112.4157191898446,4.5,58.94790840677743,326.0853205095949,135
2943.6,11,1112.4157191898446,4.5,58.97225297553047,325.9432887045834,135
2943.7,11,1112.4157191898446,4.5,59.03838483013446,325.5948043538304,135
2943.8,11,1112.4157191898446,4.5,59.081784913684494,325.3467254119711,135
2943.9,11,1112.4157191898446,4.5,59.09469467321233,325.2670207767741,135
2944.0,11,1112.4157191898446,4.5,59.125312041478935,325.09411148518814,135
2944.1,11,1112.4157191898446,4.5,59.15139116500188,324.9473434842055,135
2944.2,11,1112.4157191898446,4.5,59.180500390395636,324.77933709173954,135
2944.3,11,1112.4157191898446,4.5,59.19977913005437,324.6747997999845,135
2944.4,7,1112.4417156412849,3.6,59.23210009653876,324.4874492859144,135
2944.5,7,1112.4417156412849,4.199999999999999,59.24730195560519,324.40127699693574,135
2944.6,11,1112.4417156412849,4.199999999999999,59.32702848447585,323.977839229315,135
2944.7,11,1112.4417156412849,4.5,59.337513327320664,323.92082026157146,135
2944.8,11,1112.4417156412849,4.5,59.36246744138636,323.7782967418729,135
2944.9,11,1112.4417156412849,4.5,59.37730150828878,323.6921282967466,135
2945.0,11,1112.4417156412849,4.5,59.26952673866109,324.32621953219285,135
2945.1,11,1112.4417156412849,4.5,59.27661746935442,324.279835483149,135
2945.2,11,1112.4417156412849,4.5,59.29036115221221,324.20430851703964,135
2945.3,11,1112.4417156412849,4.5,59.30181245817923,324.1408330723617,135
2945.4,11,1112.4417156412849,4.5,59.30638418295974,324.1192103230644,135
2945.5,11,1112.4417156412849,4.5,59.31350089930035,324.07922348974614,135
2945.6,11,1112.4417156412849,4.5,59.31919658137297,324.0488978607557,135
2945.7,11,1112.4417156412849,4.5,59.324477230307096,324.0226194519945,135
2945.8,11,1112.4417156412849,4.5,59.32391764338068,324.02379997674086,135
2945.9,11,1112.4417156412849,4.5,59.327075329242774,324.00936993510106,135
2946.0,11,1112.4417156412849,4.5,59.32511137083509,324.0201066952962,135
2946.1,11,1112.4417156412849,4.5,59.315049123382366,324.07503107705736,135
2946.2,11,1112.4417156412849,4.5,59.24600749569687,324.47928791023355,135
2946.3,11,1112.4417156412849,4.5,59.25662389717181,324.41715430645183,135
2946.4,11,1112.4417156412849,4.5,59.236251160376106,324.53842224495264,135
2946.5,11,1112.4417156412849,4.5,59.24654334998258,324.48205694493515,135
2946.6,11,1112.4417156412849,4.5,59.24836530554526,324.4714373244748,135
2946.7,11,1112.4417156412849,4.5,59.32360457435033,324.0207060084715,135
2946.8,11,1112.4417156412849,4.5,59.32082874835244,324.0370817940121,135
2946.9,11,1112.4417156412849,4.5,59.321239793985626,324.0391382983361,135
2947.0,11,1112.4417156412849,4.5,59.30780740939777,324.1130188659353,135
2947.1,11,1112.4417156412849,4.5,59.29868008071442,324.16806949084844,135
2947.2,11,1112.4417156412849,4.5,59.20370289457901,324.7243898016532,135
2947.3,11,1112.4417156412849,4.5,59.181022579615956,324.8573580678333,135
2947.4,7,1112.3970338877969,3.6,59.24686045399081,324.40003231895645,135
2947.5,7,1112.3970338877969,4.199999999999999,59.249548134073336,324.39194191711204,135
2947.6,7,1112.3970338877969,4.199999999999999,59.24621131949199,324.41454516864263,135
2947.7,7,1112.3970338877969,4.199999999999999,59.16768547121272,324.82113460211775,135
2947.8,7,1112.3970338877969,4.199999999999999,59.189607250439934,324.7041140936524,135
2947.9,7,1112.3970338877969,4.199999999999999,59.19723999056545,324.6602864686571,135
2948.0,7,1112.3970338877969,4.199999999999999,59.20684728242991,324.61585002972356,135
2948.1,7,1112.3970338877969,4.199999999999999,59.222989734649886,324.5249353358546,135
2948.2,7,1112.3286786599178,4.199999999999999,59.247281306933125,324.3939904889745,135
2948.3,7,1112.3286786599178,4.8999999999999995,59.2639429056961,324.30242998669064,135
2948.4,7,1112.3286786599178,4.8999999999999995,59.27943187455725,324.2227905706259,135
2948.5,7,1112.3286786599178,4.8999999999999995,59.2975527374509,324.1219091240363,135
2948.6,7,1112.3286786599178,4.199999999999999,59.29979750519155,324.1115670754129,135
2948.7,7,1112.3286786599178,4.199999999999999,59.30641305339796,324.07494145527977,135
2948.8,7,1112.3286786599178,4.199999999999999,59.30623472722273,324.0708069348743,135
2948.9,7,1112.3286786599178,4.199999999999999,59.30739245010403,324.0641379900902,135
2949.0,7,1112.3286786599178,4.199999999999999,59.311478904194445,324.0381469226792,135
2949.1,7,1112.3286786599178,4.199999999999999,59.31357968301113,324.15387566258795,135
2949.2,8,1112.2838295492309,3.5,59.299645165655825,324.22745302274075,135
2949.3,8,1112.2838295492309,4.199999999999999,59.29868910523919,324.2255064541822,135
2949.4,8,1112.2150589579992,4.199999999999999,59.342940762517884,324.0055543741161,135
2949.5,8,1112.2150589579992,4.8999999999999995,59.336414132808734,324.0393685719713,135
2949.6,8,1112.2150589579992,4.8999999999999995,59.1774398823773,324.8573311579956,135
2949.7,8,1112.2150589579992,4.8999999999999995,59.27243757993355,324.2920423100261,135
2949.8,8,1112.2150589579992,4.8999999999999995,59.255281521813146,324.3801110032704,135
2949.9,8,1112.2150589579992,4.8999999999999995,59.2375540516034,324.4781339214493,135
2950.0,8,1112.2150589579992,4.8999999999999995,59.22778439699223,324.52571087512,135
2950.1,8,1112.2150589579992,4.8999999999999995,59.21130553528967,324.6195304933774,135
2950.2,8,1112.2150589579992,4.8999999999999995,59.18877313335079,324.73979661531575,135
2950.3,8,1112.2150589579992,4.8999999999999995,59.17317655371811,324.8250295623012,135
2950.4,8,1112.2150589579992,4.199999999999999,59.14757102783429,324.96791618752934,135
2950.5,8,1112.2150589579992,4.199999999999999,59.12941523432583,325.06604334073654,135
2950.6,8,1112.2150589579992,4.199999999999999,59.117167593118836,325.1367041358459,135
2950.7,8,1112.2150589579992,4.199999999999999,59.028443787554146,325.59984241218507,135
2950.8,8,1112.2150589579992,4.199999999999999,59.01038176374263,325.70505192968204,135
2950.9,8,1112.2150589579992,4.199999999999999,58.98724246137901,325.83495143799894,135
2951.0,8,1112.2150589579992,4.199999999999999,58.975584981295626,325.8976262115521,135
2951.1,8,1112.2150589579992,4.199999999999999,58.97337908720384,325.9126418236219,135
2951.2,8,1112.2150589579992,4.199999999999999,58.95661683261312,326.0052906009189,135
2951.3,8,1112.2150589579992,4.199999999999999,58.91155447272594,326.28927599037786,135
2951.4,8,1112.2150589579992,4.199999999999999,58.89843317821202,326.3636935830838,135
2951.5,8,1112.2150589579992,4.199999999999999,58.94297552956536,326.1366836950425,135
2951.6,8,1112.2150589579992,4.199999999999999,58.92196673646943,326.1547355289987,135
2951.7,7,1112.1511162855784,3.5,58.91019833332267,326.22292042268924,135
2951.8,10,1112.1511162855784,4.199999999999999,58.89698711492443,326.2987715524355,135
2951.9,10,1112.1511162855784,4.0,58.87707941711592,326.40918188677193,135
2952.0,10,1112.1511162855784,4.0,58.97013727093152,325.8648512375413,135
2952.1,10,1112.1511162855784,4.0,58.9496212826054,325.9821715366372,135
2952.2,10,1112.1511162855784,4.0,58.93467096113993,326.0696803485881,135
2952.3,10,1112.1511162855784,4.0,58.92481595637392,326.1267550186492,135
2952.4,7,1112.1511162855784,3.2,58.90600564062574,326.2361268899704,135
2952.5,7,1112.1511162855784,4.199999999999999,58.8830699167885,326.3714246012238,135
2952.6,7,1112.1511162855784,4.199999999999999,58.874470464078485,326.4163532123267,135
2952.7,7,1112.1511162855784,4.199999999999999,58.88103865380444,326.3778077438303,135
2952.8,7,1112.1511162855784,4.199999999999999,58.858220238425254,326.50679393729763,135
2952.9,7,1112.1511162855784,4.199999999999999,58.85063670789863,326.54999622243986,135
2953.0,7,1112.1511162855784,4.199999999999999,58.84980704025644,326.55289942373406,135
2953.1,7,1112.1511162855784,4.199999999999999,58.84543240241993,326.57649340433454,135
2953.2,7,1112.1511162855784,4.199999999999999,58.84875973306329,326.5587753828562,135
2953.3,7,1112.1511162855784,4.199999999999999,58.84327185551496,326.5891337978114,135
2953.4,7,1112.1511162855784,4.199999999999999,58.83240789366825,326.65048743299786,135
2953.5,7,1112.1511162855784,4.199999999999999,58.8331486902986,326.64401717676816,135
2953.6,7,1112.1511162855784,4.199999999999999,58.834424215049296,326.6370455235416,135
2953.7,7,1112.1511162855784,4.199999999999999,58.825492144341,326.6860467747907,135
2953.8,7,1112.1511162855784,4.199999999999999,58.698086582252905,327.3517411778306,135
2953.9,7,1112.1511162855784,4.199999999999999,58.69197519769088,327.3884178550584,135
2954.0,7,1112.1511162855784,4.199999999999999,58.6804023945665,327.4500459370051,135
2954.1,7,1112.0821006784117,4.199999999999999,58.671907585061575,327.4979503534835,135
2954.2,7,1112.0821006784117,4.8999999999999995,58.72941552537034,327.1531733273761,135
2954.3,7,1112.0821006784117,4.8999999999999995,58.76416776874396,326.9313966464701,135
2954.4,7,1112.0821006784117,4.8999999999999995,58.75669351491531,326.968530858952,135
2954.5,7,1112.0821006784117,4.8999999999999995,58.73643928223633,327.0827676001413,135
2954.6,7,1112.0821006784117,4.8999999999999995,58.73215007933453,327.10491531230394,135
2954.7,7,1112.0821006784117,4.8999999999999995,58.84748284564425,326.49825181862093,135
2954.8,7,1112.0821006784117,4.8999999999999995,58.84617230498667,326.5024157005877,135
2954.9,7,1112.0821006784117,4.8999999999999995,58.76852771356175,326.91187009272704,135
2955.0,8,1112.0397879089408,4.199999999999999,58.76459262048775,326.93392129562426,135
2955.1,8,1111.9728233643796,4.199999999999999,58.76538429610935,326.9324262818293,135
2955.2,8,1111.9728233643796,4.199999999999999,58.76851452174995,326.91384659005894,135
2955.3,8,1111.9728233643796,4.199999999999999,58.74998946662907,327.02317579059036,135
2955.4,8,1111.9728233643796,4.199999999999999,58.75876253471188,326.97548338444733,135
2955.5,8,1111.9728233643796,4.199999999999999,58.74712255729975,327.04576615554697,135
2955.6,8,1111.9728233643796,4.199999999999999,58.739682788143384,327.0856783164119,135
2955.7,7,1111.9728233643796,3.5,58.73952860870123,327.0848119809584,135
2955.8,7,1111.9728233643796,4.199999999999999,58.74368743917339,327.06237642653576,135
2955.9,7,1111.9728233643796,4.199999999999999,58.66059741728831,327.4981673140285,135
2956.0,7,1111.9728233643796,4.199999999999999,58.61629304965227,327.7370556463634,135
2956.1,7,1111.9728233643796,4.199999999999999,58.624318269908585,327.6900192167866,135
2956.2,7,1111.9728233643796,4.199999999999999,58.51978168823506,328.25127120357683,135
2956.3,7,1111.9728233643796,4.199999999999999,58.51017765263294,328.3092817408483,135
2956.4,7,1111.9728233643796,4.199999999999999,58.50889966690171,328.3175394226047,135
2956.5,7,1111.9728233643796,4.199999999999999,58.499694156322285,328.37066674483293,135
2956.6,7,1111.9728233643796,4.199999999999999,58.506818462081256,328.32930555429573,135
2956.7,7,1111.9728233643796,4.199999999999999,58.47669485260897,328.5045583284432,135
2956.8,7,1111.9728233643796,4.199999999999999,58.47944590213626,328.48740895656056,135
2956.9,7,1111.9728233643796,4.199999999999999,58.46250760092724,328.5876674818493,135
2957.0,7,1111.9728233643796,4.199999999999999,58.452658911179604,328.64462469621134,135
2957.1,7,1111.9728233643796,4.199999999999999,58.36128248899094,329.1879788939782,135
2957.2,7,1111.9728233643796,4.199999999999999,58.37089622773267,329.13638602054783,135
2957.3,7,1111.9728233643796,4.199999999999999,58.23814250680265,329.8509338146587,135
2957.4,7,1111.9728233643796,4.199999999999999,58.091918856666425,330.7219306281703,135
2957.5,7,1111.9728233643796,4.199999999999999,58.08371190873418,330.76768594361664,135
2957.6,7,1111.9728233643796,4.199999999999999,58.08687742624086,330.7471645136647,135
2957.7,7,1111.9728233643796,4.199999999999999,58.07748081770066,330.80043011302564,135
2957.8,7,1111.9728233643796,4.199999999999999,58.055633294743046,330.92601280128486,135
2957.9,7,1111.9728233643796,4.199999999999999,58.03874912830486,331.02377310783027,135
2958.0,7,1111.9728233643796,4.199999999999999,58.02171705732183,331.12145647830584,135
2958.1,7,1111.9728233643796,4.199999999999999,58.02269822148213,331.11289232951225,135
2958.2,9,1112.5194249636365,3.5,57.89387494301411,331.8217264929272,136
2958.3,9,1112.5194249636365,-100.0,57.88972251141353,331.84629237461206,136
2958.4,9,1112.5194249636365,4.0,57.885220609787666,331.8732264317257,136
2958.5,9,1112.5194249636365,4.0,57.86939180507349,331.9671135270935,136
2958.6,9,1112.5194249636365,4.0,57.85711118634592,332.0377413044746,136
2958.7,9,1112.5194249636365,4.0,57.85009518628263,332.07791581919076,136
2958.8,9,1112.5194249636365,4.0,57.828522787293764,332.20738623567917,136
2958.9,9,1112.5194249636365,4.0,57.71665552537917,332.88584301516977,136
2959.0,9,1112.5194249636365,4.0,57.71593947180196,332.89199938264824,136
2959.1,9,1112.5194249636365,4.0,57.720046290989835,332.8649060406975,136
2959.2,9,1112.5194249636365,4.0,57.713621507091744,332.907768408879,136
2959.3,9,1112.5194249636365,4.0,57.73163470419044,332.8010273953728,136
2959.4,9,1112.5194249636365,4.0,57.72941055542283,332.81300576636585,136
2959.5,9,1112.5194249636365,4.0,57.73382694600852,332.78903194029385,136
2959.6,9,1112.5194249636365,4.0,57.64223040445309,333.29357936250494,136
2959.7,9,1112.5194249636365,4.0,57.63196910512235,333.3551364062184,136
2959.8,9,1112.5194249636365,4.0,57.625671117095365,333.39546610132754,136
2959.9,8,1112.4664217080506,3.2,57.625568692226,333.3948938264187,136
2960.0,9,1112.4664217080506,3.5,57.618780676747264,333.4390610994208,136
2960.1,8,1112.4664217080506,3.2,57.61366108806774,333.4673284713474,136
2960.2,8,1112.4664217080506,3.5,57.58636129353047,333.63284774355424,136
2960.3,8,1112.4664217080506,3.5,57.58144964292508,333.6576962983588,136
2960.4,8,1112.4664217080506,3.5,57.55936122189827,333.7931801620106,136
2960.5,8,1112.4664217080506,3.5,57.36720155127209,334.9703476843207,136
2960.6,8,1112.4664217080506,3.5,57.341223299943984,335.1256854159087,136
2960.7,8,1112.4664217080506,3.5,57.32654961639164,335.2092246610463,136
2960.8,8,1112.4664217080506,3.5,57.2901746890159,335.42446044355484,136
2960.9,8,1112.4664217080506,3.5,57.270983270956066,335.53389325709,136
2961.0,9,1112.4664217080506,3.5,57.252236116084475,335.648134437463,136
2961.1,8,1112.4664217080506,3.2,57.12203187951047,336.4605779163413,136
2961.2,8,1112.4664217080506,3.5,57.09911169621523,336.5948566699532,136
2961.3,8,1112.4664217080506,3.5,57.07629359324856,336.72939199391385,136
2961.4,8,1112.4664217080506,3.5,57.06941460955451,336.76800016162883,136
2961.5,8,1112.4664217080506,3.5,57.056201911466175,336.91908746082527,136
2961.6,8,1112.4664217080506,3.5,56.89186854829126,337.8226541519672,136
2961.7,8,1112.4664217080506,3.5,56.86988645788574,337.95429167187336,136
2961.8,8,1112.4664217080506,3.5,56.85369534731238,338.0483924591489,136
2961.9,8,1112.4664217080506,3.5,56.82939447089465,338.1927862352002,136
2962.0,8,1112.4664217080506,3.5,56.81619551257823,338.271681505341,136
2962.1,8,1112.4664217080506,3.5,56.797113499278915,338.37893126183553,136
2962.2,8,1112.4664217080506,3.5,56.769160489912764,338.5434093174158,136
2962.3,8,1112.4664217080506,3.5,56.749923663544635,338.6629712185789,136
2962.4,8,1112.4664217080506,3.5,56.74609118109892,338.6780754909147,136
2962.5,8,1112.4664217080506,3.5,56.728131486665745,338.7841594999828,136
2962.6,8,1112.4664217080506,3.5,56.718904619798415,338.8384924666908,136
2962.7,8,1112.4664217080506,3.5,56.69360775053748,338.9899800546816,136
2962.8,8,1112.4664217080506,3.5,56.646203046440235,339.2452980562813,136
2962.9,8,1112.4664217080506,3.5,56.637996005452166,339.29838831116155,136
2963.0,8,1112.4664217080506,3.5,56.616840332328664,339.4207236083791,136
2963.1,8,1112.4664217080506,3.5,56.61549780234469,339.4277547315854,136
2963.2,8,1112.4664217080506,3.5,56.587498826060525,339.59570329600785,136
2963.3,8,1112.4664217080506,3.5,56.56961657573019,339.70594970399907,136
2963.4,11,1112.4664217080506,3.5,56.4232815328442,340.54065622732094,136
2963.5,11,1112.4664217080506,3.6,56.39875643253056,340.6908036575743,136
2963.6,11,1112.4664217080506,3.6,56.381878815047514,340.7982513745492,136
2963.7,11,1112.4664217080506,3.6,56.383098611322616,340.7896487042335,136
2963.8,11,1112.4664217080506,3.6,56.35473833212909,340.96720739654256,136
2963.9,11,1112.4664217080506,3.6,56.33779340461928,341.0686689829522,136
2964.0,11,1112.4664217080506,3.6,56.33320214459279,341.09959785020794,136
2964.1,11,1112.4664217080506,3.6,56.312645096253334,341.22997213847515,136
2964.2,11,1112.4664217080506,3.6,56.29969667741956,341.30759288959035,136
2964.3,11,1112.4664217080506,3.6,56.304805273478365,341.28114158410506,136
2964.4,8,1112.4664217080506,2.7,56.2843184196489,341.4113539982392,136
2964.5,8,1112.4664217080506,3.5,56.28393304295426,341.410122987142,136
2964.6,8,1112.4664217080506,3.5,56.25455573110936,341.5964505427252,136
2964.7,8,1112.4664217080506,3.5,56.16398851567768,342.1763590446302,136
2964.8,8,1112.4664217080506,3.5,56.15591800523113,342.23015740216664,136
2964.9,8,1112.4664217080506,3.5,56.14132989970926,342.32416431304,136
2965.0,8,1112.4664217080506,3.5,56.11622382573933,342.48730190268,136
2965.1,8,1112.4664217080506,3.5,56.110791279061836,342.52210441608736,136
2965.2,8,1112.4664217080506,3.5,56.137748008432354,342.27319383620363,136
2965.3,8,1112.4664217080506,3.5,56.12102296941522,342.3785179809838,136
2965.4,8,1112.4664217080506,3.5,56.09622950839846,342.53496581637705,136
2965.5,8,1112.4664217080506,3.5,56.09330031726808,342.5556645810368,136
2965.6,8,1112.4664217080506,3.5,56.08420137041699,342.61327863604436,136
2965.7,8,1112.4664217080506,3.5,56.08351007432806,342.57119117244594,136
2965.8,10,1112.4664217080506,2.8,56.058662505460475,342.7318966978976,136
2965.9,10,1112.4664217080506,3.2,56.05187957812072,342.7803821429094,136
2966.0,10,1112.4664217080506,3.2,56.04916952448174,342.8016390532224,136
2966.1,10,1112.4664217080506,3.2,55.870913022753,343.96368782864397,136
2966.2,10,1112.4664217080506,3.2,55.85631353777934,344.0641350566122,136
2966.3,10,1112.4664217080506,3.2,55.85725822869973,344.0651720582125,136
2966.4,10,1112.4664217080506,3.2,55.847987680794134,344.13244320097715,136
2966.5,10,1112.4664217080506,3.2,55.85372142581346,344.1026261431201,136
2966.6,7,1112.4250913057263,3.2,55.84327368893955,344.1838123008215,136
2966.7,7,1112.3581580608793,3.5,55.85332859459964,344.13244039266465,136
2966.8,7,1112.3581580608793,3.5,55.84843049441366,344.1742656723029,136
2966.9,7,1112.3581580608793,3.5,55.85405195052954,344.15179581317545,136
2967.0,7,1112.3581580608793,3.5,55.84927231718687,344.1913087758639,136
2967.1,7,1112.3581580608793,3.5,55.83311687059907,344.30404730742146,136
2967.2,7,1112.3581580608793,3.5,55.839179076349595,344.27201332301286,136
2967.3,7,1112.3581580608793,3.5,55.83510682917953,344.3137864653753,136
2967.4,7,1112.3581580608793,3.5,55.83313945754193,344.3383453414155,136
2967.5,7,1112.3581580608793,3.5,55.82246082115701,344.4143237317994,136
2967.6,7,1112.3581580608793,3.5,55.82320468032441,344.4198201002114,136
2967.7,9,1112.3581580608793,2.8,55.813672176717525,344.4826311446785,136
2967.8,9,1112.3581580608793,3.2,55.77371885390775,344.751278991115,136
2967.9,9,1112.3581580608793,3.2,55.7668193220494,344.80504065067817,136
2968.0,9,1112.3581580608793,3.2,55.75651096501448,344.8743352146248,136
2968.1,11,1112.3581580608793,2.4000000000000004,55.75691802342428,344.87690570937514,136
2968.2,11,1112.3581580608793,3.6,55.745119587794015,344.9602938724068,136
2968.3,11,1112.3581580608793,3.6,55.76414166130903,344.84981667819727,136
2968.4,11,1112.3581580608793,3.6,55.761064879801616,344.8745475719733,136
2968.5,11,1112.3581580608793,3.6,55.752183994209375,344.9359540436018,136
2968.6,11,1112.3581580608793,3.6,55.589359744076326,345.88604962743887,136
2968.7,11,1112.3581580608793,3.6,55.59375501809829,345.8662379557362,136
2968.8,11,1112.3581580608793,3.6,55.58762703789013,345.9120254961936,136
2968.9,11,1112.3581580608793,3.6,55.58875449722459,345.9051771825957,136
2969.0,11,1112.3581580608793,2.7,55.59622762525248,345.86068667665273,136
2969.1,11,1112.3581580608793,2.7,55.5776079245589,345.98509149772406,136
2969.2,11,1112.3581580608793,2.7,55.56229118555319,346.0834720392816,136
2969.3,11,1112.3581580608793,2.7,55.554996140620275,346.13675177798825,136
2969.4,11,1112.3581580608793,2.7,55.55049203898127,346.16509319082616,136
2969.5,11,1112.3581580608793,2.7,55.54331400167429,346.21930112919426,136
2969.6,11,1112.3581580608793,2.7,55.53676737877542,346.2612209998555,136
2969.7,11,1112.3581580608793,2.7,55.52049719434634,346.3675650610778,136
2969.8,11,1112.3581580608793,2.7,55.50432537936346,346.4772628277607,136
2969.9,11,1112.3581580608793,2.7,55.50378851066735,346.48669745392704,136
2970.0,11,1112.3581580608793,2.7,55.49562716731741,346.5392524784511,136
2970.1,7,1112.2910282323483,2.7,55.49685354946392,346.53385836046016,136
2970.2,11,1112.2910282323483,3.5,55.48638311054118,346.60816922185114,136
2970.3,11,1112.2910282323483,2.7,55.48978469313865,346.5955939911339,136
2970.4,11,1112.2910282323483,2.7,55.486923717271935,346.61338970042345,136
2970.5,11,1112.2910282323483,2.7,55.4832399786849,346.63998318457294,136
2970.6,11,1112.2910282323483,2.7,55.47823079948748,346.67874888684344,136
2970.7,11,1112.2910282323483,2.7,55.477610353871114,346.68947391846535,136
2970.8,11,1112.2910282323483,2.7,55.48221138527835,346.66135059534497,136
2970.9,11,1112.2910282323483,2.7,55.590275271980886,346.0625564125623,136
2971.0,11,1112.2910282323483,2.7,55.59228487791961,346.056796785541,136
2971.1,11,1112.2910282323483,2.7,55.60438110219067,345.9905439180477,136
2971.2,7,1112.2910282323483,1.8,55.59990218516321,346.0271883997207,136
2971.3,7,1112.2910282323483,3.5,55.61099726825458,345.9694722369236,136
2971.4,7,1112.2910282323483,3.5,55.61778540810755,345.93856569859247,136
2971.5,7,1112.2910282323483,3.5,55.62634597433454,345.8922533943256,136
2971.6,7,1112.2910282323483,3.5,55.62044135096893,345.9314100767533,136
2971.7,7,1112.2910282323483,3.5,55.62278009743849,345.9288085606835,136
2971.8,7,1112.2910282323483,3.5,55.62286527139824,345.9275292021738,136
2971.9,7,1112.2910282323483,3.5,55.631521102569636,345.88521449772213,136
2972.0,7,1112.2910282323483,3.5,55.62661430077924,345.92083959675915,136
2972.1,7,1112.2910282323483,3.5,55.64093860277558,345.83704582466567,136
2972.2,7,1112.2910282323483,3.5,55.63617951911593,345.87994756989207,136
2972.3,7,1112.2910282323483,3.5,55.631102376552136,345.9149163514155,136
2972.4,7,1112.2910282323483,3.5,55.64995967443025,345.80323292567033,136
2972.5,7,1112.2910282323483,3.5,55.65139736307708,345.80596811295385,136
2972.6,7,1112.2910282323483,3.5,55.670643359610054,345.6845655378878,136
2972.7,7,1112.2910282323483,3.5,55.671335512135286,345.6863627376925,136
2972.8,7,1112.2910282323483,3.5,55.684245639715435,345.6084128273161,136
2972.9,7,1112.2910282323483,3.5,55.66453340864025,345.7388642584997,136
2973.0,7,1112.2910282323483,3.5,55.66694547625547,345.72480271803136,136
2973.1,7,1112.2910282323483,3.5,55.679976956665826,345.64005150335385,136
2973.2,7,1112.2910282323483,3.5,55.62362255047401,346.1427610757019,136
2973.3,7,1112.2910282323483,3.5,55.63758172876446,346.0574989900089,136
2973.4,9,1112.2910282323483,2.8,55.63593969472435,346.07029998663324,136
2973.5,9,1112.2910282323483,3.2,55.633470327649874,346.0852119175714,136
2973.6,9,1112.2910282323483,3.2,55.66164814635157,345.89508379547533,136
2973.7,9,1112.2910282323483,3.2,55.651672114379764,345.96226157983483,136
2973.8,9,1112.2910282323483,3.2,55.65660853693596,345.93040936189493,136
2973.9,9,1112.2910282323483,3.2,55.61826602914939,346.2318204970143,136
2974.0,9,1112.2910282323483,4.0,55.47656476909992,347.02872727775537,136
2974.1,9,1112.2910282323483,4.0,55.47699827105492,347.02439760711525,136
2974.2,9,1112.2910282323483,4.0,55.48134154182779,347.0007676047827,136
2974.3,9,1112.2910282323483,4.0,55.481428483358414,347.0067307382023,136
2974.4,9,1112.2910282323483,4.0,55.490874807274494,346.94438710924373,136
2974.5,9,1112.2910282323483,4.0,55.49121474581209,346.94244081048186,136
2974.6,9,1112.2910282323483,3.2,55.493370704630536,346.92642956889506,136
2974.7,7,1112.2335528889698,3.2,55.49454944378806,346.9245271497447,136
2974.8,9,1112.2335528889698,2.8,55.50357837549421,346.8695893091216,136
2974.9,9,1112.2335528889698,4.0,55.51991992963512,346.76729093012534,136
2975.0,9,1112.2335528889698,4.0,55.53195124373018,346.6924653589361,136
2975.1,9,1112.2335528889698,4.0,55.52809420345078,346.72017231202096,136
2975.2,9,1112.2335528889698,4.0,55.55075573901716,346.6891365578561,136
2975.3,9,1112.2335528889698,4.0,55.56075530880263,346.6318098580716,136
2975.4,9,1112.2335528889698,4.0,55.57901540530846,346.5115768423675,136
2975.5,9,1112.2335528889698,4.0,55.59236156450591,346.4298667885509,136
2975.6,9,1112.2335528889698,4.0,55.610298445525856,346.3105670778401,136
2975.7,9,1112.2335528889698,4.0,55.620231160494775,346.2541996088798,136
2975.8,9,1112.2335528889698,4.0,55.64640451505153,346.0883279953727,136
2975.9,9,1112.2335528889698,4.0,55.650069839553495,345.73580216132837,136
2976.0,9,1112.2335528889698,4.0,55.65999408267548,345.66980365400127,136
2976.1,9,1112.2335528889698,4.0,55.70087360792271,345.62867470281105,136
2976.2,9,1112.2335528889698,4.0,55.69236521326857,345.8249345405464,136
2976.3,9,1112.2335528889698,4.0,55.70853297665283,345.71634528782477,136
2976.4,9,1112.2335528889698,4.0,55.72512110147479,345.62951013561394,136
2976.5,9,1112.2335528889698,4.0,55.76429062659561,345.358313572212,136
2976.6,9,1112.2335528889698,4.0,55.78610474944237,345.2249788880795,136
2976.7,9,1112.2335528889698,3.2,55.799148136567894,345.146725857073,136
2976.8,9,1112.2335528889698,3.2,55.8328051726121,344.92899926042367,136
2976.9,9,1112.2335528889698,3.2,55.84350817636371,344.8715785382485,136
2977.0,9,1112.2335528889698,3.2,55.867498607662284,344.7267028190706,136
2977.1,8,1112.1599935345196,3.2,55.88382072375296,344.63445087179633,136
2977.2,9,1112.1599935345196,2.8,55.90467458063159,344.50362369028903,136
2977.3,9,1112.1599935345196,3.2,55.92025939267279,344.4112664728334,136
2977.4,9,1112.1599935345196,3.2,55.941660889478044,344.2811176417017,136
2977.5,9,1112.1599935345196,3.2,55.9530449559019,344.21509368252333,136
2977.6,9,1112.1599935345196,3.2,55.96718717259134,344.13413888883525,136
2977.7,7,1112.0922921766185,3.2,55.99076987278549,343.985202700381,136
2977.8,7,1112.0922921766185,3.5,55.997686656256555,343.9467410402358,136
2977.9,7,1112.0922921766185,3.5,56.00901533918426,343.8939815680577,136
2978.0,7,1112.0922921766185,3.5,56.02518305099038,343.7913009091071,136
2978.1,7,1112.0922921766185,3.5,56.04665134848675,343.65882126173176,136
2978.2,7,1112.0922921766185,3.5,56.061735616785334,343.57332068171536,136
2978.3,7,1112.0922921766185,3.5,56.09466122563411,343.3608607913021,136
2978.4,7,1112.0922921766185,3.5,56.00412853763021,343.99529750438967,136
2978.5,7,1112.0922921766185,3.5,56.00128357362789,343.9942917885646,136
2978.6,7,1112.0922921766185,3.5,56.011951414223404,343.9128750733842,136
2978.7,7,1112.0922921766185,3.5,56.02723923226749,343.79480810646726,136
2978.8,7,1112.0922921766185,3.5,56.026334649041324,343.783129517024,136
2978.9,7,1112.0922921766185,3.5,56.03513434974188,343.7104473251936,136
2979.0,7,1112.0922921766185,3.5,56.03377435567171,343.7013439086719,136
2979.1,7,1112.0922921766185,3.5,55.93988342310986,344.20509141557005,136
2979.2,7,1112.0922921766185,3.5,55.92785452677356,344.2718369597743,136
2979.3,7,1112.0922921766185,3.5,55.93542144451427,344.2111920171902,136
2979.4,8,1112.0743535454585,3.5,55.95011543896369,344.10893927023903,136
2979.5,8,1112.0086201631705,3.5,55.97233686365932,343.9525117894957,136
2979.6,8,1112.0086201631705,3.5,55.979731219017935,343.8952277474302,136
2979.7,8,1112.0086201631705,3.5,55.87042534209807,344.62277608400035,136
2979.8,8,1112.0086201631705,3.5,55.85724119501623,344.707038296969,136
2979.9,8,1112.0086201631705,3.5,55.871752121921546,344.5982468510738,136
2980.0,8,1112.0086201631705,3.5,55.86786575869129,344.613732672987,136
2980.1,8,1112.0086201631705,3.5,55.87809553664759,344.5231636633755,136
2980.2,8,1112.0086201631705,3.5,55.87506250488347,344.53324304876367,136
2980.3,8,1112.0086201631705,3.5,55.88216000348312,344.4728147536151,136
2980.4,8,1112.0086201631705,3.5,55.88765903252667,344.41990280734365,136
2980.5,8,1112.0086201631705,3.5,55.758239753846794,345.1260149179616,136
2980.6,7,1111.9412015458006,3.5,55.74609562106909,345.1890439440274,136
2980.7,7,1111.9412015458006,4.199999999999999,55.73868423525104,345.21797508172574,136
2980.8,7,1111.9412015458006,4.199999999999999,55.73560999084998,344.98374535455645,136
2980.9,7,1111.9412015458006,4.199999999999999,55.73448183601775,344.98681084378876,136
2981.0,7,1111.9412015458006,4.199999999999999,55.73266749555832,344.98358152448935,136
2981.1,7,1111.9412015458006,4.199999999999999,55.7202008777349,345.05668487940386,136
2981.2,7,1111.9412015458006,4.199999999999999,55.715438762328795,345.07526336288987,136
2981.3,7,1111.9412015458006,4.199999999999999,55.71389150172544,345.07734471937937,136
2981.4,7,1111.9412015458006,4.199999999999999,55.725456058989536,344.995351975815,136
2981.5,7,1111.9412015458006,4.199999999999999,55.724010378394695,344.996464796247,136
2981.6,7,1111.9412015458006,4.199999999999999,55.73327190664508,344.936318060683,136
2981.7,7,1111.9412015458006,4.199999999999999,55.73259842496711,344.94033287070016,136
2981.8,7,1111.9412015458006,4.199999999999999,55.73246013295545,344.93557934162436,136
2981.9,7,1111.9412015458006,4.199999999999999,55.737685923749964,344.8932593113409,136
2982.0,8,1111.8741092326657,4.199999999999999,55.735728351928685,344.9061821425082,136
2982.1,8,1111.8741092326657,4.199999999999999,55.7538432626628,344.78293691134957,136
2982.2,8,1111.8741092326657,4.199999999999999,55.74724299183772,344.8276789014563,136
2982.3,8,1111.8741092326657,4.199999999999999,55.75083890853489,344.7964064785443,136
2982.4,8,1111.8741092326657,4.199999999999999,55.59554071962319,345.8358678511854,136
2982.5,8,1111.8741092326657,4.199999999999999,55.582243388740636,345.9205288952161,136
2982.6,8,1111.8741092326657,4.199999999999999,55.58254893928141,345.9160948241015,136
2982.7,8,1111.8741092326657,4.199999999999999,55.56566482668788,346.0219613128996,136
2982.8,8,1111.8741092326657,4.199999999999999,55.55955744829159,346.0617100581511,136
2982.9,8,1111.8741092326657,4.199999999999999,55.529647496698,346.2508921670758,136
2983.0,8,1111.8741092326657,4.199999999999999,55.5194725072965,346.3082398806074,136
2983.1,8,1111.8741092326657,4.199999999999999,55.513315042617,346.3471930104412,136
2983.2,8,1111.8741092326657,4.199999999999999,55.48286947273874,346.54493224566033,136
2983.3,8,1111.8741092326657,4.199999999999999,55.485133142413744,346.5240386745355,136
2983.4,8,1111.8741092326657,4.199999999999999,55.46971125999072,346.6268422640926,136
2983.5,7,1111.8069931502746,4.199999999999999,55.45647684175128,346.7082502140456,136
2983.6,7,1111.8069931502746,4.8999999999999995,55.42587340564355,346.90631962809493,136
2983.7,7,1111.8069931502746,4.8999999999999995,55.26187705272652,348.1944641029461,136
2983.8,8,1111.8069931502746,4.199999999999999,55.23814114981797,348.34905377724147,136
2983.9,8,1111.8069931502746,4.8999999999999995,55.22087657727489,348.4635547525029,136
2984.0,8,1111.8069931502746,4.8999999999999995,55.45759664216849,347.1158963069379,136
2984.1,8,1111.8069931502746,4.8999999999999995,55.423184576421775,347.33384160542596,136
2984.2,8,1111.8069931502746,4.8999999999999995,55.40252593104299,347.4625189185937,136
2984.3,8,1111.8069931502746,4.8999999999999995,55.37735217975682,347.62578012432186,136
2984.4,8,1111.8069931502746,4.8999999999999995,55.34261779681941,347.8495243824692,136
2984.5,8,1111.8069931502746,4.8999999999999995,55.31640348731193,348.021529789733,136
2984.6,8,1111.7395937432573,4.8999999999999995,55.31077024109783,348.0532887869062,136
2984.7,8,1111.7395937432573,5.6,55.27623040291218,348.27313472309663,136
2984.8,8,1111.7395937432573,5.6,55.25452432363451,348.4171850911932,136
2984.9,8,1111.7395937432573,5.6,55.24700049013012,348.45606655089273,136
2985.0,8,1111.7395937432573,5.6,55.217543232546674,348.65279093940774,136
2985.1,8,1111.7395937432573,5.6,55.20462485686607,348.72575745154904,136
2985.2,8,1111.7395937432573,5.6,55.17671870104208,348.90783915465386,136
2985.3,8,1111.7395937432573,5.6,55.157554540629505,349.03315251541807,136
2985.4,8,1111.7395937432573,5.6,55.13294347093819,349.1873554506307,136
2985.5,8,1111.7395937432573,5.6,55.1974651927128,348.8280664198014,136
2985.6,8,1111.7395937432573,4.8999999999999995,54.94813403060018,350.4575635295024,136
2985.7,8,1111.7395937432573,4.8999999999999995,54.85325905659547,351.1961041581875,136
2985.8,8,1111.7395937432573,4.8999999999999995,54.83658665384148,351.29685216687426,136
2985.9,8,1111.7395937432573,4.8999999999999995,54.81357353662283,351.45711615238895,136
2986.0,8,1111.7395937432573,4.8999999999999995,54.78449326867572,351.6370976911445,136
2986.1,8,1111.7395937432573,4.8999999999999995,54.76233123940254,351.77803538611886,136
2986.2,8,1111.7395937432573,4.8999999999999995,54.892106407061775,350.8271219192477,136
2986.3,8,1111.7395937432573,4.8999999999999995,54.87073185021164,350.9708501562254,136
2986.4,8,1111.7395937432573,4.8999999999999995,54.735539434265235,351.7595896558146,136
2986.5,8,1111.7395937432573,4.8999999999999995,54.71618097873153,351.89034683154495,136
2986.6,8,1111.7395937432573,4.8999999999999995,54.7249109260103,351.8310104961888,136
2986.7,8,1111.7395937432573,4.8999999999999995,54.71024831952631,351.92455735198655,136
2986.8,8,1111.7395937432573,4.8999999999999995,54.68690262954173,352.08503468307197,136
2986.9,8,1111.7395937432573,4.8999999999999995,54.685816749877176,352.08024701324797,136
2987.0,8,1111.7395937432573,4.8999999999999995,54.67023647749291,352.1766978363857,136
2987.1,8,1111.7395937432573,4.8999999999999995,54.65578059587818,352.264701501148,136
2987.2,8,1111.7395937432573,4.8999999999999995,54.638215204723764,352.37095405785794,136
2987.3,8,1111.7395937432573,4.8999999999999995,54.60522678092491,352.58669203566865,136
2987.4,8,1111.7395937432573,4.8999999999999995,54.447773555130766,353.5421056700053,136
2987.5,8,1111.7395937432573,4.8999999999999995,54.426324378615604,353.67246037160396,136
2987.6,8,1111.7395937432573,4.8999999999999995,54.39274740232137,353.8875255022017,136
2987.7,8,1111.7395937432573,4.8999999999999995,54.37889559474125,353.97264827809533,136
2987.8,8,1111.7395937432573,4.8999999999999995,54.44400521469703,353.60280092791106,136
2987.9,8,1111.7395937432573,4.8999999999999995,54.42125061656023,353.74076541547,136
2988.0,8,1111.7395937432573,4.8999999999999995,54.39935586422861,353.88342752344033,136
2988.1,8,1111.7395937432573,4.8999999999999995,54.355264539128726,354.1800781736531,136
2988.2,8,1111.7395937432573,4.8999999999999995,54.33461665811677,354.30645967440495,136
2988.3,8,1111.7395937432573,4.8999999999999995,54.312132474541045,354.4483886178516,136
2988.4,8,1111.7395937432573,4.8999999999999995,54.30056020703682,354.5142044089406,136
2988.5,8,1111.7395937432573,4.8999999999999995,54.41628766925447,353.6715708924008,136
2988.6,8,1111.7395937432573,4.8999999999999995,54.39388975010519,353.81979282643084,136
2988.7,8,1111.7395937432573,4.8999999999999995,54.23932417893819,354.73957416643066,136
2988.8,8,1111.7395937432573,4.8999999999999995,54.19884486170177,355.0134931050827,136
2988.9,8,1111.7395937432573,4.8999999999999995,54.1743851838182,355.16745277385354,136
2989.0,8,1111.7395937432573,4.8999999999999995,54.13751364890507,355.4117490959403,136
2989.1,8,1111.7395937432573,4.8999999999999995,54.10231548522589,355.6427239006514,136
2989.2,8,1111.7395937432573,4.8999999999999995,54.08842586705719,355.7308817199479,136
2989.3,8,1111.7395937432573,4.8999999999999995,54.07230589429693,355.8308419514625,136
2989.4,8,1111.7395937432573,4.8999999999999995,54.04348679123231,356.01444215297556,136
2989.5,8,1111.7395937432573,4.8999999999999995,54.00502799276033,356.26687769847047,136
2989.6,8,1111.7395937432573,4.8999999999999995,53.987567700743426,356.37851429906425,136
2989.7,8,1111.7395937432573,4.8999999999999995,53.96387062106407,356.52921122009684,136
2989.8,8,1111.7395937432573,4.8999999999999995,53.92699625494062,356.7755254573792,136
2989.9,8,1111.7395937432573,4.8999999999999995,53.90705714870995,356.91562905301737,136
2990.0,8,1111.7395937432573,4.199999999999999,53.96171925603289,356.5907251223331,136
2990.1,8,1111.7395937432573,4.199999999999999,53.93406234137899,356.7752868159545,136
2990.2,8,1111.7395937432573,4.199999999999999,53.91204876073436,356.91929367528473,136
2990.3,8,1111.7395937432573,4.199999999999999,53.892846480835075,357.0385308983932,136
2990.4,8,1111.7395937432573,4.199999999999999,53.862111431536945,357.25187581346745,136
2990.5,7,1111.6976914373975,4.199999999999999,53.84322733351979,357.3686499863338,136
2990.6,7,1111.6313999274062,4.8999999999999995,53.83893349863416,357.3994652410646,136
2990.7,7,1111.6313999274062,4.8999999999999995,53.81691828271014,357.54723360192634,136
2990.8,7,1111.6313999274062,4.8999999999999995,53.87781178082684,357.0053081120342,136
2990.9,8,1111.6313999274062,4.199999999999999,53.861650435412066,357.113085014896,136
2991.0,8,1111.6313999274062,4.199999999999999,53.84879440168165,357.1967071351553,136
2991.1,8,1111.6313999274062,4.199999999999999,53.841219526808544,357.24506814199174,136
2991.2,8,1111.6313999274062,4.199999999999999,53.82244840465557,357.3695997888731,136
2991.3,8,1111.6313999274062,4.199999999999999,53.87926905571588,356.9524720244593,136
2991.4,8,1111.6313999274062,4.199999999999999,53.86432776811104,357.04246902431794,136
2991.5,8,1111.6313999274062,4.199999999999999,53.8505209632947,357.13473749774573,136
2991.6,8,1111.6313999274062,4.199999999999999,53.84506503979772,357.1665206139601,136
2991.7,8,1111.6313999274062,4.199999999999999,53.82560442798966,357.30113883631134,136
2991.8,8,1111.6313999274062,4.199999999999999,53.83343171764784,357.2441908111589,136
2991.9,8,1111.6313999274062,4.199999999999999,53.84095076928651,357.1891331772151,136
2992.0,8,1111.6313999274062,4.199999999999999,53.84977535361877,357.12013878132916,136
2992.1,8,1111.6313999274062,4.199999999999999,53.851319784935306,357.10452987318837,136
2992.2,8,1111.6313999274062,4.199999999999999,53.84044304462408,357.1762419051932,136
2992.3,8,1111.6313999274062,4.199999999999999,53.83619755555138,357.20269970893975,136
2992.4,8,1111.6313999274062,4.199999999999999,53.83786460602325,357.1900045954578,136
2992.5,8,1111.6313999274062,4.199999999999999,53.79829898742122,357.4353642382184,136
2992.6,8,1111.6313999274062,4.199999999999999,53.795552716203545,357.4538507600192,136
2992.7,8,1111.6313999274062,4.199999999999999,53.78713907906629,357.5112982018046,136
2992.8,8,1111.6313999274062,4.199999999999999,53.78353122094174,357.5354318614712,136
2992.9,8,1111.6313999274062,4.199999999999999,53.78882500825616,357.49694129864747,136
2993.0,8,1111.6313999274062,4.199999999999999,53.78777714491713,357.4975714323732,136
2993.1,8,1111.6313999274062,4.199999999999999,53.78893380890024,357.48849413881806,136
2993.2,8,1111.6313999274062,4.199999999999999,53.787294188339345,357.4978648174888,136
2993.3,8,1111.6313999274062,4.199999999999999,53.77928628233289,357.5526300716591,136
2993.4,8,1111.6313999274062,4.199999999999999,53.78513357178722,357.5053835905428,136
2993.5,8,1111.6313999274062,4.199999999999999,53.77109654425066,357.6027075933159,136
2993.6,8,1111.6313999274062,4.199999999999999,53.77745902978728,357.5522440458541,136
2993.7,8,1111.6313999274062,4.199999999999999,53.76774681962078,357.6186044289656,136
2993.8,8,1111.6313999274062,4.199999999999999,53.76259468643628,357.6497507531751,136
2993.9,8,1111.6313999274062,4.199999999999999,53.767668333156315,357.6053769202357,136
2994.0,8,1111.6313999274062,4.199999999999999,53.831527002423954,357.1385625796941,136
2994.1,8,1111.6313999274062,4.199999999999999,53.8608048420665,356.7187589294475,136
2994.2,7,1111.5658894635196,3.5,53.854467895445204,356.7629732063548,136
2994.3,7,1111.5658894635196,4.8999999999999995,53.8528695918565,356.77028071715597,136
2994.4,7,1111.5658894635196,4.8999999999999995,53.856531873842805,356.7469948371347,136
2994.5,7,1111.5658894635196,4.8999999999999995,53.852866235327994,356.7678714919448,136
2994.6,7,1111.5658894635196,4.8999999999999995,53.85277276843525,356.76907724457226,136
2994.7,7,1111.5658894635196,4.8999999999999995,53.85682169837651,356.7396394255213,136
2994.8,7,1111.5658894635196,4.8999999999999995,53.84160820822757,356.83803936115845,136
2994.9,7,1111.5658894635196,4.8999999999999995,53.87889274657675,356.54552158172,136
2995.0,7,1111.5658894635196,4.8999999999999995,53.877875320731064,356.55255342876694,136
2995.1,7,1111.5658894635196,4.8999999999999995,53.96944116578266,355.9744674700672,136
2995.2,7,1111.5658894635196,4.8999999999999995,53.96325796095243,356.01287649167705,136
2995.3,7,1111.5658894635196,4.8999999999999995,53.8019451924188,357.03197563514965,136
2995.4,7,1111.5658894635196,4.8999999999999995,53.808245275221,356.98620539052627,136
2995.5,7,1111.5658894635196,4.8999999999999995,53.800292775878404,357.03630436197585,136
2995.6,7,1111.5658894635196,4.8999999999999995,53.79781361819484,357.05185180023483,136
2995.7,7,1111.5658894635196,4.8999999999999995,53.74403268239675,357.425563754279,136
2995.8,7,1111.5658894635196,4.8999999999999995,53.75066434551103,357.38093266380076,136
2995.9,7,1111.5658894635196,4.8999999999999995,53.738869436874026,357.4658766939554,136
2996.0,7,1111.5658894635196,4.8999999999999995,53.75328305669673,357.36646465138756,136
2996.1,7,1111.5658894635196,4.8999999999999995,53.74437515819359,357.4324955785015,136
2996.2,7,1111.5658894635196,4.8999999999999995,53.75789415985499,357.3409332469348,136
2996.3,7,1111.5658894635196,4.8999999999999995,53.76828033168305,357.27187581888285,136
2996.4,7,1111.5658894635196,4.8999999999999995,53.76185638520455,357.31429724754474,136
2996.5,7,1111.5658894635196,4.8999999999999995,53.85046550954296,356.7013449595803,136
2996.6,7,1111.5658894635196,4.8999999999999995,53.85041717088963,356.70039993100875,136
2996.7,7,1111.5658894635196,4.8999999999999995,53.8618345262707,356.6279669316493,136
2996.8,7,1111.5658894635196,4.8999999999999995,53.88492212727007,356.47336443118854,136
2996.9,7,1111.5658894635196,4.8999999999999995,53.87982475714318,356.5082098581212,136
2997.0,7,1111.5658894635196,4.8999999999999995,53.8965756295413,356.3951395873852,136
2997.1,7,1111.5658894635196,4.8999999999999995,53.90373754910433,356.3470186298588,136
2997.2,7,1111.5658894635196,4.8999999999999995,53.92205698890386,356.22069418710726,136
2997.3,7,1111.5658894635196,4.8999999999999995,53.81173635776129,356.9248150954244,136
2997.4,7,1111.4982779802162,4.8999999999999995,53.82215599761543,356.8569353796953,136
2997.5,7,1111.4982779802162,5.6,53.933020292495506,356.1470220159439,136
2997.6,7,1111.4982779802162,5.6,53.93762792231584,356.1150835291496,136
2997.7,7,1111.4982779802162,5.6,53.947945720734424,356.0461528510558,136
2997.8,7,1111.4982779802162,5.6,53.96928722925932,355.9004370761761,136
2997.9,7,1111.4982779802162,5.6,53.969795725739544,355.9004607960672,136
2998.0,7,1111.4982779802162,5.6,53.97387519019678,355.8718682075199,136
2998.1,7,1111.4982779802162,5.6,53.99623382856778,355.72226245521813,136
2998.2,7,1111.4982779802162,5.6,54.04999632223872,355.3329612835306,136
2998.3,7,1111.4982779802162,4.8999999999999995,54.055410625109666,355.29640048083246,136
2998.4,7,1111.4982779802162,4.8999999999999995,54.068138229100875,355.2093831129908,136
2998.5,7,1111.4982779802162,4.8999999999999995,54.065842582760965,355.2196186884987,136
2998.6,7,1111.4982779802162,4.8999999999999995,54.095533455745326,355.0185053387877,136
2998.7,7,1111.4982779802162,4.8999999999999995,54.01388832042386,355.5750835574646,136
2998.8,7,1111.4982779802162,4.8999999999999995,54.02216720061152,355.51894953556433,136
2998.9,7,1111.4982779802162,4.8999999999999995,54.04099551273296,355.3895934376933,136
2999.0,7,1111.4982779802162,4.8999999999999995,54.04474750757676,355.3636297939507,136
2999.1,7,1111.4982779802162,4.8999999999999995,54.13567709534656,354.74944613447303,136
2999.2,7,1111.4982779802162,4.8999999999999995,54.13152393148604,354.7757395372664,136
2999.3,7,1111.4982779802162,4.8999999999999995,54.14552877330148,354.6809565350549,136
2999.4,7,1111.4982779802162,4.8999999999999995,54.15828493058055,354.59564887818635,136
2999.5,7,1111.4982779802162,4.8999999999999995,54.17983076253282,354.44808601077546,136
2999.6,7,1111.4982779802162,4.8999999999999995,54.1881893431614,354.3888772284695,136
2999.7,7,1111.4982779802162,4.8999999999999995,54.21075191939254,354.2182029315426,136
2999.8,7,1111.4982779802162,4.8999999999999995,54.224950561711495,354.1588876600345,136
2999.9,7,1111.4982779802162,4.8999999999999995,54.228138549497714,354.1341768370855,136
3000.0,7,1111.4982779802162,4.8999999999999995,54.229343366162865,354.1227441411268,136
3000.1,7,1111.4982779802162,4.8999999999999995,54.239608661488184,354.0534591572075,136
3000.2,7,1111.4982779802162,4.8999999999999995,54.25981003469066,353.9172195081419,136
3000.3,7,1111.4982779802162,4.8999999999999995,54.260740581462585,353.9075346981491,136
3000.4,7,1111.4982779802162,4.8999999999999995,54.26420053555218,353.88206876640186,136
3000.5,7,1111.4982779802162,4.8999999999999995,54.175364696688916,354.44518827870695,136
3000.6,7,1111.4982779802162,4.8999999999999995,54.18157838357341,354.4012214660628,136
3000.7,7,1111.4982779802162,4.8999999999999995,54.198618521561215,354.2861984677307,136
3000.8,7,1111.4982779802162,4.8999999999999995,54.21109131270266,354.2021477091633,136
3000.9,7,1111.4982779802162,4.8999999999999995,54.22074822256656,354.13705871305046,136
3001.0,7,1111.4982779802162,4.8999999999999995,54.2293821587202,354.07786639619314,136
3001.1,7,1111.4982779802162,4.8999999999999995,54.25429841350751,353.9114098815362,136
3001.2,7,1111.4982779802162,4.8999999999999995,54.26715329890283,353.82508887187055,136
3001.3,7,1111.4982779802162,4.8999999999999995,54.16572852667421,354.4770520265108,136
3001.4,7,1111.4982779802162,4.8999999999999995,54.183002480907945,354.36298367955544,136
3001.5,7,1111.4982779802162,4.8999999999999995,54.20656231066194,354.2074712335068,136
3001.6,7,1111.4982779802162,4.8999999999999995,54.214626659102436,354.1532007171397,136
3001.7,7,1111.4982779802162,4.8999999999999995,54.22248125623245,354.1010857647607,136
3001.8,7,1111.4982779802162,4.8999999999999995,54.22959348837399,354.0539913638711,136
3001.9,7,1111.4982779802162,4.8999999999999995,54.3319892681394,353.38364876999356,136
3002.0,7,1111.4982779802162,4.8999999999999995,54.21179826243773,354.1712363835006,136
3002.1,7,1111.4982779802162,4.8999999999999995,54.32682755087866,353.42558457427947,136
3002.2,7,1111.4982779802162,4.8999999999999995,54.33467783919487,353.37377798925894,136
3002.3,7,1111.4982779802162,4.8999999999999995,54.342985814213804,353.31968189582955,136
3002.4,7,1111.4982779802162,4.8999999999999995,54.36323365850505,353.1870296584514,136
3002.5,7,1111.4982779802162,4.8999999999999995,54.37004956415157,353.1425424817892,136
3002.6,7,1111.4982779802162,4.8999999999999995,54.39057432951221,353.0083636294804,136
3002.7,7,1111.4982779802162,4.8999999999999995,54.404513493081666,352.91680004002063,136
3002.8,7,1111.4982779802162,4.8999999999999995,54.41028673845137,352.8786882296168,136
3002.9,7,1111.4982779802162,4.8999999999999995,54.4035454453836,352.9229959178484,136
3003.0,7,1111.4982779802162,4.8999999999999995,54.421612494736124,352.8050199598639,136
3003.1,7,1111.4982779802162,4.199999999999999,54.438137188444315,352.6974416748815,136
3003.2,7,1111.4982779802162,4.199999999999999,54.537457956206474,352.0520983227502,136
3003.3,7,1111.4982779802162,4.199999999999999,54.5539993184178,351.9450802007435,136
3003.4,7,1111.4982779802162,4.199999999999999,54.397629829909896,352.96123522651425,136
3003.5,7,1111.4982779802162,4.199999999999999,54.412640049255444,352.86284877046853,136
3003.6,7,1111.4982779802162,4.199999999999999,54.42470660009029,352.78466856286616,136
3003.7,7,1111.4982779802162,4.199999999999999,54.44161415918079,352.67487755884684,136
3003.8,7,1111.4982779802162,4.199999999999999,54.45610390505824,352.58002139089206,136
3003.9,7,1111.4982779802162,4.199999999999999,54.55672589678154,351.93342234111515,136
3004.0,7,1111.4982779802162,4.199999999999999,54.55409639624642,351.9505184880135,136
3004.1,7,1111.4982779802162,4.199999999999999,54.56512646638028,351.87856781646417,136
3004.2,7,1111.4982779802162,4.199999999999999,54.567442042417824,351.86320383481456,136
3004.3,7,1111.4982779802162,4.199999999999999,54.56935633781096,351.85114613603,136
3004.4,7,1111.4982779802162,4.199999999999999,54.57964520539497,351.7848651404719,136
3004.5,7,1111.4982779802162,3.5,54.58694464074286,351.73699817873444,136
3004.6,7,1111.4982779802162,3.5,54.590778719826346,351.71243555870024,136
3004.7,7,1111.4982779802162,3.5,54.59840793711936,351.6631760210181,136
3004.8,7,1111.4982779802162,3.5,54.598909240617175,351.65953842233193,136
3004.9,7,1111.4982779802162,3.5,54.60052286857052,351.6491965155311,136
3005.0,7,1111.4982779802162,3.5,54.44123674282973,352.67417931076284,136
3005.1,7,1111.4982779802162,3.5,54.43470482960919,352.7165993013663,136
3005.2,7,1111.4982779802162,3.5,54.4550422379923,352.58480828266795,136
3005.3,7,1111.4982779802162,3.5,54.53724639170657,352.05615872466785,136
3005.4,7,1111.4982779802162,3.5,54.54376985145855,352.0138433044886,136
3005.5,7,1111.4982779802162,3.5,54.53632520432842,352.06254319615084,136
3005.6,7,1111.4982779802162,3.5,54.53172960768291,352.09266643245485,136
3005.7,7,1111.4982779802162,3.5,54.54296019253993,352.0199812142529,136
3005.8,7,1111.4982779802162,3.5,54.39858236589778,352.9504178419934,136
3005.9,7,1111.4982779802162,3.5,54.39452980940662,352.9767765279161,136
3006.0,7,1111.4982779802162,3.5,54.39926331592687,352.9460229894803,136
3006.1,7,1111.4982779802162,3.5,54.39399975424959,352.980154767785,136
3006.2,7,1111.4982779802162,3.5,54.30477174106428,353.5703793899003,136
3006.3,7,1111.4982779802162,3.5,54.30028796513048,353.59931097149195,136
3006.4,7,1111.4982779802162,3.5,54.298382477735004,353.6126240203624,136
3006.5,7,1111.4306764854723,3.5,54.30724737994811,353.55512745964154,136
3006.6,7,1111.4306764854723,4.199999999999999,54.30764839018249,353.5528361407245,136
3006.7,7,1111.4306764854723,4.199999999999999,54.306457445483495,353.5615198782448,136
3006.8,7,1111.4306764854723,4.199999999999999,54.312022180141135,353.52602534931873,136
3006.9,7,1111.4306764854723,4.199999999999999,54.3159136641934,353.5012165604901,136
3007.0,7,1111.4306764854723,4.199999999999999,54.33535360736303,353.3750795968935,136
3007.1,7,1111.4306764854723,4.199999999999999,54.34175530196751,353.33391430419624,136
3007.2,7,1111.4306764854723,4.199999999999999,54.34272652369802,353.32807666595284,136
3007.3,7,1111.4306764854723,4.199999999999999,54.24381240726744,353.96680935060635,136
3007.4,7,1111.4306764854723,4.199999999999999,54.237746475879334,354.0064834575618,136
3007.5,7,1111.4306764854723,4.199999999999999,54.33671423601693,353.3569421070219,136
3007.6,7,1111.4306764854723,4.199999999999999,54.33054608872228,353.3978680430637,136
3007.7,7,1111.4306764854723,4.199999999999999,54.339005800241935,353.3425908062703,136
3007.8,7,1111.4306764854723,4.199999999999999,54.33366910380569,353.3787545102945,136
3007.9,7,1111.4306764854723,4.199999999999999,54.332598247669694,353.3853307094561,136
3008.0,9,1111.4306764854723,3.5,54.32902571524104,353.4090447403124,136
3008.1,9,1111.4306764854723,3.2,54.32231156850541,353.45398149220154,136
3008.2,9,1111.4306764854723,3.2,54.311236738106025,353.5264870806619,136
3008.3,9,1111.4306764854723,3.2,54.30014155109071,353.59922244697134,136
3008.4,9,1111.4306764854723,3.2,54.39004883118932,353.0214582750422,136
3008.5,9,1111.4306764854723,3.2,54.3912954696694,353.01461252736055,136
3008.6,9,1111.4306764854723,3.2,54.393262914672576,353.00236905001543,136
3008.7,9,1111.4306764854723,3.2,54.387398242152074,353.0409996932291,136
3008.8,9,1111.4306764854723,3.2,54.37007516505908,353.15427247319155,136
3008.9,9,1111.4306764854723,3.2,54.376772451859026,353.1120085425989,136
3009.0,9,1111.4306764854723,3.2,54.3683897336826,353.16641817658154,136
3009.1,9,1111.4306764854723,3.2,54.359706177808896,353.2231219687611,136
3009.2,9,1111.4306764854723,3.2,54.35190160699665,353.2741035482355,136
3009.3,8,1111.4403844648737,3.2,54.34719307106324,353.3065824671819,136
3009.4,8,1111.461793223677,3.5,54.34821777361803,353.2993254392801,136
3009.5,8,1111.3972725680485,3.5,54.353611288272745,353.26410027470286,136
3009.6,9,1111.3972725680485,3.5,54.250566809976476,353.9281114720378,136
3009.7,10,1111.3972725680485,2.4000000000000004,54.216694830942046,354.15121681148696,136
3009.8,10,1111.3972725680485,4.0,54.20145876977695,354.25229437817677,136
3009.9,10,1111.3972725680485,4.0,54.18771457660148,354.3446716169532,136
3010.0,10,1111.3972725680485,4.0,54.145917872422444,354.6218427372297,136
3010.1,10,1111.3972725680485,4.0,54.13612545656007,354.6874137308228,136
3010.2,9,1111.3972725680485,4.0,54.13139547721446,354.7215007719447,136
3010.3,9,1111.3972725680485,3.2,54.11703736323259,354.81596831485933,136
3010.4,9,1111.3972725680485,3.2,54.09559909687583,354.9597316118896,136
3010.5,9,1111.3972725680485,3.2,54.09568131716786,354.9607097261572,136
3010.6,9,1111.3972725680485,3.2,54.084270986333216,355.03906884400965,136
3010.7,9,1111.3972725680485,3.2,54.141907373642425,354.8114670966876,136
3010.8,9,1111.3972725680485,3.2,54.03139471626994,355.57165823627696,136
3010.9,9,1111.3972725680485,3.2,54.03199828913728,355.57115404896626,136
3011.0,9,1111.3972725680485,3.2,54.02094914134187,355.6486527131276,136
3011.1,9,1111.3972725680485,3.2,54.10592400323657,355.0619755346259,136
3011.2,9,1111.3972725680485,3.2,54.100881284496815,355.10005653723334,136
3011.3,9,1111.3972725680485,3.2,54.09304665441613,355.15580743744863,136
3011.4,9,1111.3972725680485,3.2,54.08590619417093,355.12035946816917,136
3011.5,7,1111.3348192896285,3.2,54.08642294118973,355.120247624686,136
3011.6,7,1111.3348192896285,4.199999999999999,54.09124936435646,355.09232668062845,136
3011.7,7,1111.3348192896285,4.199999999999999,54.10389860361662,355.01038812296883,136
3011.8,7,1111.3348192896285,4.199999999999999,54.10849076457383,354.9833441237506,136
3011.9,7,1111.3348192896285,4.199999999999999,54.11171424172795,354.9639552108922,136
3012.0,7,1111.3348192896285,4.199999999999999,53.96131111904755,355.9971074887042,136
3012.1,7,1111.3348192896285,4.199999999999999,53.94941050590106,356.0768537357301,136
3012.2,7,1111.3348192896285,4.199999999999999,53.940104850842104,356.1364682632282,136
3012.3,7,1111.3348192896285,4.199999999999999,53.92889269450775,356.21188765221876,136
3012.4,7,1111.3348192896285,4.199999999999999,53.922610821235395,356.25248154919757,136
3012.5,7,1111.3348192896285,4.199999999999999,53.9163120263358,356.21713332008505,136
3012.6,7,1111.3348192896285,4.199999999999999,53.90628531355033,356.28232615038644,136
3012.7,7,1111.3348192896285,4.199999999999999,53.902254085437654,356.311477869045,136
3012.8,7,1111.3348192896285,4.199999999999999,53.738594974359884,357.3642150938646,136
3012.9,7,1111.3348192896285,4.199999999999999,53.7192112337582,357.49596936789294,136
3013.0,9,1111.3348192896285,3.5,53.70069957974357,357.6207201738647,136
3013.1,9,1111.3348192896285,4.0,53.700553712677234,357.62596622081685,136
3013.2,9,1111.3348192896285,4.0,53.674422082615294,357.79957779867686,136
3013.3,9,1111.3348192896285,4.0,53.66060614971235,357.89503500112,136
3013.4,9,1111.3348192896285,4.0,53.63551461087865,358.0642038269467,136
3013.5,9,1111.3348192896285,4.0,53.618406127681965,358.17932355791135,136
3013.6,9,1111.3348192896285,4.0,53.578697281413724,358.46940313738014,136
3013.7,7,1111.3348192896285,3.2,53.5463386060256,358.6883496328642,136
3013.8,7,1111.3348192896285,3.5,53.52147053927259,358.8593628350357,136
3013.9,7,1111.3348192896285,3.5,53.38389605048019,359.7550404191918,136
3014.0,7,1111.3348192896285,3.5,53.356114800060524,359.94632172586375,136
3014.1,7,1111.3348192896285,3.5,53.35217349957746,359.975496811615,136
3014.2,7,1111.3348192896285,3.5,53.29779765992762,360.3535137338472,136
3014.3,7,1111.2679298887383,3.5,53.28309976220636,360.45405855520994,136
3014.4,7,1111.2679298887383,4.199999999999999,53.29328368427264,360.39564886204823,136
3014.5,7,1111.2679298887383,4.199999999999999,53.28692553160073,360.43947627756404,136
3014.6,7,1111.2679298887383,4.199999999999999,53.27568082490791,360.51832616357547,136
3014.7,7,1111.2679298887383,4.199999999999999,53.27577158745166,360.5187257627548,136
3014.8,7,1111.2679298887383,4.199999999999999,53.216110779593876,360.9397153657716,136
3014.9,7,1111.2679298887383,4.199999999999999,53.22032523879781,360.9105595121688,136
3015.0,7,1111.2679298887383,4.199999999999999,53.19330856759726,361.10113881846803,136
3015.1,7,1111.2679298887383,4.199999999999999,53.1884638112122,361.13821127979895,136
3015.2,7,1111.2679298887383,4.199999999999999,53.015784323549205,362.3717771598542,136
3015.3,7,1111.2679298887383,4.199999999999999,53.01841465801478,362.35613141058207,136
3015.4,7,1111.2679298887383,4.199999999999999,52.83307251411863,363.5727107831814,136
3015.5,7,1111.2679298887383,4.199999999999999,52.818746756689,363.67150460779055,136
3015.6,7,1111.2679298887383,4.199999999999999,52.806445414889275,363.75826949066396,136
3015.7,7,1111.2679298887383,4.199999999999999,52.79810592817406,363.81696360754734,136
3015.8,7,1111.2679298887383,4.199999999999999,52.79678374214737,363.82516429272783,136
3015.9,7,1111.2679298887383,4.199999999999999,52.788065788432064,363.8879524866967,136
3016.0,7,1111.2679298887383,4.199999999999999,52.78841163798387,363.88326615282875,136
3016.1,7,1111.2679298887383,4.199999999999999,52.78400050187008,363.91397867594264,136
3016.2,7,1111.2679298887383,4.199999999999999,52.79440807497406,363.83954609393106,136
3016.3,7,1111.2679298887383,4.199999999999999,52.79482895714114,363.83563387529705,136
3016.4,7,1111.2679298887383,4.199999999999999,52.78221008848847,363.92248236933006,136
3016.5,7,1111.2679298887383,4.199999999999999,52.77962117539141,363.9368246165543,136
3016.6,7,1111.2679298887383,4.199999999999999,52.76342598554878,364.0217816092245,136
3016.7,7,1111.2679298887383,4.199999999999999,52.77542074598679,363.93485721482733,136
3016.8,7,1111.2679298887383,4.199999999999999,52.76465240326915,364.0086387257726,136
3016.9,7,1111.2679298887383,4.199999999999999,52.55362077424752,365.4961030709792,136
3017.0,7,1111.2679298887383,4.199999999999999,52.54963066043182,365.52761630414733,136
3017.1,7,1111.2679298887383,4.199999999999999,52.5578329478964,365.4653403535343,136
3017.2,7,1111.2679298887383,4.199999999999999,52.52445230216959,365.70379461871124,136
3017.3,7,1111.2679298887383,4.199999999999999,52.358118888253756,366.8293509978582,136
3017.4,7,1111.2679298887383,4.199999999999999,52.368103197657504,366.751777103263,136
3017.5,7,1111.2679298887383,4.199999999999999,52.36940437563527,366.73599898178907,136
3017.6,7,1111.2679298887383,3.5,52.35889193142205,366.8094725732232,136
3017.7,7,1111.2010404621797,3.5,52.374832983205216,366.69412129296506,136
3017.8,7,1111.2010404621797,4.199999999999999,52.37755473867429,366.675355309261,136
3017.9,7,1111.2010404621797,4.199999999999999,52.39917113717761,366.5186180299344,136
3018.0,7,1111.2010404621797,4.199999999999999,52.389651182819236,366.58521042349815,136
3018.1,7,1111.2010404621797,4.199999999999999,52.3956168272439,366.53980295869667,136
3018.2,7,1111.2010404621797,4.199999999999999,52.22214012658565,367.80095877856155,136
3018.3,7,1111.2010404621797,4.199999999999999,52.22437210131926,367.77865006279615,136
3018.4,7,1111.2010404621797,4.199999999999999,52.07661352142223,368.77675017884013,136
3018.5,7,1111.2010404621797,4.199999999999999,52.07854764404931,368.75995565034225,136
3018.6,7,1111.2010404621797,4.199999999999999,52.08945819091035,368.6787913433179,136
3018.7,7,1111.2010404621797,4.199999999999999,52.07617372614568,368.77187788928563,136
3018.8,7,1111.2010404621797,4.199999999999999,52.08515249648974,368.70357988616126,136
3018.9,7,1111.2010404621797,4.199999999999999,52.0762178582888,368.76422688319815,136
3019.0,7,1111.2010404621797,4.199999999999999,52.0821981691258,368.71580335246796,136
3019.1,7,1111.2010404621797,4.199999999999999,52.07669660192336,368.7535695599983,136
3019.2,7,1111.2010404621797,4.199999999999999,52.052883226768316,368.914040510703,136
3019.3,7,1111.2010404621797,4.199999999999999,52.056480894626525,368.88514331187446,136
3019.4,7,1111.2010404621797,4.199999999999999,52.04603755254777,368.95909723833574,136
3019.5,7,1111.2010404621797,4.199999999999999,52.04282539920122,368.9781076546008,136
3019.6,7,1111.2010404621797,4.199999999999999,52.03542569470659,369.023288875129,136
3019.7,7,1111.2010404621797,4.199999999999999,51.826376238213406,370.4854415974216,136
3019.8,7,1111.2010404621797,4.199999999999999,51.83754953580963,370.4033928907822,136
3019.9,8,1111.1207698374574,3.5,51.81620460164554,370.5562502763098,136
3020.0,8,1111.0796692222334,3.5,51.78836995121792,370.7551711363244,136
3020.1,8,1111.0796692222334,3.5,51.78467175370922,370.77959200121677,136
3020.2,8,1111.0796692222334,3.5,51.78843270421147,370.751078181263,136
3020.3,8,1111.0796692222334,3.5,51.79269443138191,370.71830776037984,136
3020.4,8,1111.0796692222334,3.5,51.76903256708623,370.8875189079466,136
3020.5,8,1111.0796692222334,3.5,51.77803010190381,370.82080999631404,136
3020.6,8,1111.0796692222334,3.5,51.766334571084535,370.90369480818885,136
3020.7,8,1111.0796692222334,3.5,51.76339179330698,370.9238755225655,136
3020.8,8,1111.0796692222334,3.5,51.763912658295574,370.9184680801088,136
3020.9,11,1111.0796692222334,3.5,51.75204094338359,371.00265003045115,136
3021.0,11,1111.0796692222334,3.6,51.74660653285516,371.0414190258855,136
3021.1,11,1111.0796692222334,3.6,51.747709485298344,371.03305960472653,136
3021.2,11,1111.0796692222334,3.6,51.74307394180267,371.06572174689495,136
3021.3,11,1111.0796692222334,3.6,51.539169434564066,372.53350512899397,136
3021.4,11,1111.0796692222334,3.6,51.2918370885009,374.33084246589027,136
3021.5,11,1111.0796692222334,3.6,51.279388826686954,374.42143170025645,136
3021.6,11,1111.0796692222334,3.6,51.27881324954812,374.4249309595465,136
3021.7,11,1111.0796692222334,3.6,51.276642712350736,374.44052316759456,136
3021.8,11,1111.0796692222334,3.6,51.26276830688072,374.541647928539,136
3021.9,11,1111.0796692222334,3.6,51.24252594423658,374.6895010035473,136
3022.0,11,1111.0796692222334,3.6,51.230977366057616,374.7737956202716,136
3022.1,8,1111.0796692222334,2.7,51.25912185533575,374.57542540919593,136
3022.2,7,1111.0796692222334,2.8,51.23269335402297,374.769159326855,136
3022.3,7,1111.0796692222334,4.199999999999999,51.20917820698044,374.9417096143758,136
3022.4,7,1111.0796692222334,4.199999999999999,51.18874723157535,375.0913651965462,136
3022.5,7,1111.0796692222334,4.199999999999999,50.98221933691764,376.6024476148108,136
3022.6,7,1111.0796692222334,4.199999999999999,50.96366928289943,376.7397468650308,136
3022.7,7,1111.0796692222334,4.199999999999999,50.97289480926599,376.69199312292847,136
3022.8,7,1111.0796692222334,4.199999999999999,50.94701756879617,376.88330753809237,136
3022.9,7,1111.0796692222334,4.199999999999999,50.83030765448325,377.74307452677846,136
3023.0,7,1111.0796692222334,4.199999999999999,50.8046581571392,377.93401268336885,136
3023.1,7,1111.0796692222334,4.199999999999999,50.751345945197684,378.3342703924712,136
3023.2,7,1111.0796692222334,4.199999999999999,50.73339932854634,378.46938468641565,136
3023.3,7,1111.0796692222334,4.199999999999999,50.703490013654836,378.69386562454935,136
3023.4,7,1111.0127072310067,4.199999999999999,50.72417200568165,378.5179288085374,136
3023.5,7,1111.0127072310067,5.6,50.70122058221172,378.68961031867445,136
3023.6,7,1111.0127072310067,5.6,50.68127758918226,378.8386797680529,136
3023.7,7,1111.0127072310067,5.6,50.670807982006565,378.9169763106899,136
3023.8,7,1111.0127072310067,5.6,50.65042218957621,379.069345959939,136
3023.9,7,1111.0127072310067,5.6,50.61931168756644,379.30294001069467,136
3024.0,7,1111.0127072310067,5.6,50.602602500983565,379.4280727614838,136
3024.1,7,1111.0127072310067,5.6,50.59892134016941,379.4556303559891,136
3024.2,7,1111.0127072310067,5.6,50.58712675460326,379.5444277122698,136
3024.3,7,1111.0127072310067,5.6,50.595101704315326,379.4846592978315,136
3024.4,7,1111.0127072310067,4.8999999999999995,50.56983616116912,379.67513390369703,136
3024.5,7,1111.0127072310067,4.8999999999999995,50.57863643761001,379.60939062826037,136
3024.6,7,1111.0127072310067,4.8999999999999995,50.576446642034455,379.6259866465744,136
3024.7,7,1111.0127072310067,4.8999999999999995,50.573736764510805,379.64685703451676,136
3024.8,7,1111.0127072310067,4.8999999999999995,50.563182004707855,379.726858619885,136
3024.9,7,1111.0127072310067,4.8999999999999995,50.569525372118015,379.67961131383345,136
3025.0,7,1111.0127072310067,4.8999999999999995,50.56195029637413,379.73700915525194,136
3025.1,7,1111.0127072310067,4.8999999999999995,50.55500955459587,379.78965461483256,136
3025.2,7,1111.0127072310067,4.8999999999999995,50.5674152793203,379.6968913324835,136
3025.3,7,1111.0127072310067,4.8999999999999995,50.57406857692262,379.64800626864,136
3025.4,7,1111.0127072310067,4.8999999999999995,50.572537489998,379.6604212714524,136
3025.5,7,1111.0127072310067,4.8999999999999995,50.56668419493005,379.7054658291012,136
3025.6,7,1111.0127072310067,4.8999999999999995,50.57335145381231,379.6551039828758,136
3025.7,7,1111.0127072310067,4.8999999999999995,50.558770032596854,379.7658882674237,136
3025.8,7,1111.0127072310067,4.8999999999999995,50.58783009550412,379.5475996738264,136
3025.9,7,1111.0127072310067,4.8999999999999995,50.62828784038194,379.24225438960474,136
3026.0,7,1111.0127072310067,4.8999999999999995,50.62197698260279,379.2909723233008,136
3026.1,7,1111.0127072310067,4.8999999999999995,50.62816348191592,379.24456038430134,136
3026.2,7,1111.0127072310067,4.199999999999999,50.63967896175332,379.1581140680495,136
3026.3,7,1111.0127072310067,4.199999999999999,50.638343359878476,379.1682644827293,136
3026.4,7,1111.0127072310067,4.199999999999999,50.46770780998439,380.4671202409845,136
3026.5,7,1111.0127072310067,4.199999999999999,50.4665563502225,380.47677786857037,136
3026.6,7,1111.0127072310067,4.199999999999999,50.70288043489471,378.73833435957454,136
3026.7,7,1111.0127072310067,4.199999999999999,50.706658942261825,378.70912690696036,136
3026.8,7,1111.0127072310067,4.199999999999999,50.71957553235194,378.61112178793803,136
3026.9,7,1111.0127072310067,4.199999999999999,50.73465102454787,378.4968339225773,136
3027.0,7,1111.0127072310067,4.199999999999999,50.722375271661534,378.5908836270862,136
3027.1,7,1111.0127072310067,4.199999999999999,50.731335213010865,378.5231275253102,136
3027.2,7,1111.0127072310067,4.199999999999999,50.71275171502732,378.6639272272444,136
3027.3,7,1111.0127072310067,4.199999999999999,50.70823683460923,378.698636119392,136
3027.4,7,1111.0127072310067,4.199999999999999,50.71413535238249,378.63346995572306,136
3027.5,7,1111.0127072310067,4.199999999999999,50.70034957905611,378.7345669139069,136
3027.6,7,1111.0127072310067,4.199999999999999,50.69539512160313,378.7726905850444,136
3027.7,7,1111.0127072310067,4.199999999999999,50.678093882025195,378.903997894874,136
3027.8,7,1111.0127072310067,4.199999999999999,50.67282981659419,378.9413896957567,136
3027.9,7,1111.0127072310067,4.199999999999999,50.64835658499359,379.12610984314887,136
3028.0,7,1111.0127072310067,4.199999999999999,50.63596148615325,379.2186320670096,136
3028.1,7,1111.0127072310067,4.199999999999999,50.61310176146182,379.389651526153,136
3028.2,7,1111.0127072310067,4.199999999999999,50.60153928665429,379.47654818017213,136
3028.3,7,1111.0127072310067,4.199999999999999,50.56509576689999,379.90379607024136,136
3028.4,7,1111.0127072310067,4.199999999999999,50.56154905727814,379.9319361687807,136
3028.5,7,1111.0127072310067,4.199999999999999,50.53913519983646,380.1082888204133,136
3028.6,7,1111.0127072310067,4.199999999999999,50.52501760867488,380.219505398785,136
3028.7,7,1111.0127072310067,4.199999999999999,50.50678187221549,380.36081835395055,136
3028.8,7,1111.0127072310067,4.199999999999999,50.49053157729496,380.48797456759723,136
3028.9,7,1111.0127072310067,4.199999999999999,50.47283441498816,380.62856172493446,136
3029.0,7,1111.0127072310067,4.199999999999999,50.624631593367,379.5604085328023,136
3029.1,7,1111.0127072310067,4.199999999999999,50.60734623666674,379.7003829414616,136
3029.2,7,1111.0127072310067,4.199999999999999,50.60713396298176,379.70939441096425,136
3029.3,7,1111.0127072310067,4.199999999999999,50.59878447492714,379.7829599604937,136
3029.4,7,1111.0127072310067,4.199999999999999,50.58790491197943,379.87080708745555,136
3029.5,7,1111.0127072310067,4.199999999999999,50.58429660312848,379.91108600761356,136
3029.6,7,1111.0127072310067,4.199999999999999,50.593531879128825,379.84913858773314,136
3029.7,7,1111.0127072310067,4.199999999999999,50.590854877702014,379.873322983236,136
3029.8,7,1111.0127072310067,4.199999999999999,50.5920422845045,379.8706398267875,136
3029.9,7,1111.0127072310067,4.199999999999999,50.60776506463081,379.83193722945776,136
3030.0,7,1111.0127072310067,4.199999999999999,50.61274297330215,379.8012699429627,136
3030.1,7,1111.0127072310067,4.199999999999999,50.60501579278046,379.8718635083351,136
3030.2,7,1111.0127072310067,4.199999999999999,50.60661810840115,379.86952643074744,136
3030.3,7,1111.0127072310067,3.5,50.60969222901912,379.85546167891874,136
3030.4,7,1111.0127072310067,3.5,50.60253859013417,379.92449125810197,136
3030.5,7,1111.0127072310067,3.5,50.61490686234839,379.83730242609624,136
3030.6,7,1111.0127072310067,3.5,50.626168090102276,379.7575797441947,136
3030.7,7,1111.0127072310067,3.5,50.61972921425968,379.81406389451143,136
3030.8,7,1111.0127072310067,3.5,50.64321586006554,379.6446370557753,136
3030.9,7,1111.0127072310067,3.5,50.66108957111132,379.51963080893483,136
3031.0,7,1111.0127072310067,3.5,50.67811625725128,379.3950016964557,136
3031.1,7,1111.0127072310067,3.5,50.70639611144456,379.1881231313656,136
3031.2,7,1111.0127072310067,3.5,50.8801943915382,377.9810422747115,136
3031.3,7,1111.0127072310067,3.5,50.89151532479364,377.90517176220914,136
3031.4,7,1111.0127072310067,3.5,50.89789013986801,377.8656106072749,136
3031.5,7,1111.0127072310067,3.5,50.8022460685306,378.5146825173961,136
3031.6,7,1111.0127072310067,3.5,50.83163923619337,378.30722868700326,136
3031.7,7,1111.0127072310067,3.5,50.859702253728294,378.09743039310865,136
3031.8,7,1111.0127072310067,3.5,50.94421729891944,377.51270115073896,136
3031.9,7,1111.0127072310067,3.5,50.96478053271974,377.37122750238916,136
3032.0,7,1111.0127072310067,3.5,50.98366673023344,377.2392415885121,136
3032.1,7,1111.0127072310067,3.5,51.01834743102903,376.99213088453223,136
3032.2,7,1111.0127072310067,3.5,50.89275608837761,378.02987269944356,136
3032.3,7,1111.0127072310067,3.5,50.93033182293708,377.7588449759619,136
3032.4,7,1111.0127072310067,3.5,50.95085942976332,377.6034344036009,136
3032.5,7,1111.0127072310067,3.5,50.97813640230778,377.4031686860793,136
3032.6,7,1111.0127072310067,3.5,51.0098409492242,377.16741121161976,136
3032.7,7,1111.0127072310067,3.5,51.03479187767377,376.97618511820514,136
3032.8,7,1111.0127072310067,3.5,51.06079193376539,376.79153876376256,136
3032.9,7,1111.0127072310067,3.5,51.087567153370166,376.5904119310141,136
3033.0,9,1111.0127072310067,2.8,51.113266718380444,376.409131875647,136
3033.1,8,1111.00547014657,3.2,51.13953012558056,376.2179858993899,136
3033.2,9,1111.00547014657,2.8,51.14632221391679,376.17177704094286,136
3033.3,9,1111.00547014657,3.2,51.15627713365178,376.09871763148413,136
3033.4,9,1111.00547014657,3.2,50.985298004401116,377.23462433296436,136
3033.5,9,1111.00547014657,3.2,50.995486148459634,377.16486573494797,136
3033.6,9,1111.00547014657,3.2,51.00473447035057,377.10531016556087,136
3033.7,9,1111.00547014657,3.2,51.15515597282872,375.90744382718685,136
3033.8,9,1111.00547014657,3.2,51.156495947714234,375.90386023011786,136
3033.9,8,1110.982502772332,3.2,51.18046895655914,375.72711265160893,136
3034.0,9,1110.982502772332,2.8,51.263965427703425,375.1481681310315,136
3034.1,9,1110.982502772332,3.2,51.27312935842732,375.08370914435454,136
3034.2,9,1110.982502772332,3.2,51.289729847161105,374.960942309217,136
3034.3,9,1110.982502772332,3.2,51.29767312406716,374.90438591775285,136
3034.4,9,1110.982502772332,3.2,51.320985405905446,374.7297807675505,136
3034.5,9,1110.982502772332,3.2,51.33102748652923,374.6585465358331,136
3034.6,7,1110.9161237136414,3.2,51.35504816346334,374.4784865391716,136
3034.7,7,1110.9161237136414,3.5,51.35523072659601,374.4780636795695,136
3034.8,7,1110.9161237136414,3.5,51.37315673209949,374.3539503166347,136
3034.9,7,1110.9161237136414,3.5,51.38353007989625,374.2783570287827,136
3035.0,7,1110.9161237136414,3.5,50.97825330927037,377.3271883863297,136
3035.1,7,1110.9161237136414,3.5,50.98511092422606,377.2821335083494,136
3035.2,7,1110.9161237136414,3.5,50.98815467822971,377.2626116825568,136
3035.3,7,1110.9161237136414,3.5,50.990602462989216,377.6940653324058,136
3035.4,7,1110.9161237136414,3.5,50.99890883499289,377.638332535436,136
3035.5,7,1110.9161237136414,3.5,50.998423919882995,377.6445471069371,136
3035.6,7,1110.9161237136414,3.5,51.01204001605307,377.53558026664587,136
3035.7,7,1110.9161237136414,3.5,51.0252257979224,377.45255286922605,136
3035.8,7,1110.9161237136414,3.5,51.033517041412665,377.3959355261718,136
3035.9,7,1110.9161237136414,3.5,51.04123201474002,377.3416530976392,136
3036.0,7,1110.9161237136414,3.5,51.04464510809436,377.3212516734887,136
3036.1,7,1110.9161237136414,3.5,51.04568601225763,377.32439377715014,136
3036.2,7,1110.9161237136414,3.5,51.18001433132481,376.2359420860694,136
3036.3,7,1110.9161237136414,3.5,51.180167230064825,376.2408401850903,136
3036.4,7,1110.9161237136414,3.5,51.19216603318798,376.16239967264454,136
3036.5,7,1110.9161237136414,3.5,51.19649135403401,376.1372129245871,136
3036.6,11,1110.9161237136414,3.5,51.2730892836365,375.64196480685655,136
3036.7,11,1110.9161237136414,3.6,51.27491067348761,375.6412248172792,136
3036.8,11,1110.9161237136414,3.6,51.29038419930781,375.5349817657986,136
3036.9,11,1110.9161237136414,3.6,51.29150853695036,375.5320098523297,136
3037.0,11,1110.9161237136414,3.6,51.30418743942694,375.444721946681,136
3037.1,11,1110.9161237136414,3.6,51.32065396373557,375.33919992440093,136
3037.2,11,1110.9161237136414,3.6,51.323195378642836,375.3209052709692,136
3037.3,11,1110.9161237136414,3.6,51.33016536715617,375.27533153998206,136
3037.4,11,1110.9161237136414,3.6,51.340322995165685,375.20372559773887,136
3037.5,11,1110.9161237136414,3.6,51.1298551157675,376.5904884531718,136
3037.6,11,1110.9161237136414,3.6,51.117960647615575,376.6864189323717,136
3037.7,11,1110.9161237136414,3.6,51.12421891833028,376.6496958223404,136
3037.8,8,1110.8511221952087,2.7,51.13659067860067,376.5689032506092,136
3037.9,8,1110.8511221952087,2.8,51.145447292179824,376.5107614624722,136
3038.0,8,1110.8511221952087,2.8,51.139770661059096,376.2399090382794,136
3038.1,8,1110.8511221952087,2.8,51.13233089109897,376.293408261188,136
3038.2,8,1110.8511221952087,2.8,51.15727997733671,376.3790870916813,136
3038.3,8,1110.8511221952087,2.8,51.15885122679001,376.37486265991856,136
3038.4,8,1110.8511221952087,2.8,51.16044078774499,376.3620108796265,136
3038.5,8,1110.8511221952087,2.8,51.158983239153315,376.3813960500295,136
3038.6,8,1110.8511221952087,2.8,51.167519838925344,376.32522121022066,136
3038.7,8,1110.8511221952087,2.8,51.165223055618924,376.3411790896231,136
3038.8,8,1110.8511221952087,2.8,51.16504909689333,376.35298803453145,136
3038.9,5,1109.5276877361753,2.0999999999999996,50.938257418092135,377.87544353303554,136
3039.0,5,1109.4365571986953,4.5,51.07777847107719,376.74753085106363,136
3039.1,5,1109.4365571986953,4.5,51.092157012813516,376.63630664488414,136
3039.2,5,1109.4365571986953,4.5,51.169941336478644,376.11723894392514,136
3039.3,5,1109.4365571986953,4.5,51.17424780358068,376.0926305918011,136
3039.4,5,1109.4365571986953,4.5,51.124943279701675,376.4585293982993,136
3039.5,5,1109.4365571986953,4.5,51.01894777372813,377.3318314456267,136
3039.6,5,1109.1618441133237,4.5,51.023249785030345,377.30440131749594,136
3039.7,5,1109.1618441133237,5.0,51.02229328759971,377.307963612285,136
3039.8,5,1109.1618441133237,5.0,51.02930957632975,377.2550574254887,136
3039.9,5,1109.1618441133237,5.0,51.01967077996539,377.3230379140491,136
3040.0,5,1109.1618441133237,5.0,50.951579922333764,377.91667326874017,136
3040.1,5,1109.1618441133237,5.0,50.955666058677565,377.8973281932962,136
3040.2,5,1109.1618441133237,5.0,50.951474872400794,377.9185875705098,136
3040.3,5,1109.1618441133237,5.0,50.940340624619374,378.00834964983267,136
3040.4,5,1109.1618441133237,5.0,51.01715947455065,377.1994831684011,136
3040.5,5,1109.1618441133237,5.0,51.02609893668183,377.13064015859925,136
3040.6,5,1109.1618441133237,5.0,51.011920526519,377.2354523789664,136
3040.7,5,1109.1618441133237,5.0,51.004319479542545,377.28095959101734,136
3040.8,5,1109.1618441133237,4.5,50.99361672927357,377.3569264409732,136
3040.9,5,1109.1618441133237,4.5,50.97003156329512,377.5332076046618,136
3041.0,5,1109.1618441133237,4.5,50.965239569252034,377.56418659970615,136
3041.1,5,1109.1618441133237,4.5,50.79305131472809,378.96691728715643,136
3041.2,5,1109.1618441133237,4.5,50.777065484333725,379.0884586056867,136
3041.3,5,1109.1618441133237,4.5,50.917805491415464,377.9288110947308,136
3041.4,5,1109.1618441133237,4.5,50.91386515157838,377.95135583912327,136
3041.5,5,1109.1618441133237,4.5,50.89571831569016,378.0978759291289,136
3041.6,5,1109.1618441133237,4.5,50.89773797475551,378.0702501294286,136
3041.7,5,1109.1618441133237,4.5,50.881530453024745,378.18823771497915,136
3041.8,5,1109.1618441133237,4.5,50.854528935546384,378.4024780790113,136
3041.9,5,1109.1618441133237,4.5,50.85040684985019,378.43480362320145,136
3042.0,5,1109.1618441133237,4.5,50.82797492523498,378.6105175904289,136
3042.1,5,1109.1618441133237,4.5,50.82044082162901,378.6706059482633,136
3042.2,5,1109.1618441133237,4.5,50.81331109534482,378.7199471975708,136
3042.3,5,1109.1618441133237,4.5,50.79489284195856,378.86482674026865,136
3042.4,5,1109.1618441133237,4.5,50.774899102004,379.0297623021916,136
3042.5,5,1109.1618441133237,4.5,50.76532559258983,379.0933464996588,136
3042.6,5,1109.1618441133237,4.5,50.73748225619147,379.2931648301385,136
3042.7,5,1109.1618441133237,4.5,50.71272021624793,379.48491461342263,136
3042.8,5,1109.1618441133237,4.5,50.68728357113106,379.6677231515648,136
3042.9,5,1109.1618441133237,4.5,50.66048803219651,379.86782909177725,136
3043.0,5,1109.1618441133237,4.5,50.64639788492397,379.9713486030402,136
3043.1,5,1109.1618441133237,4.5,50.62291162229677,380.1385545063898,136
3043.2,5,1109.1618441133237,4.5,50.59490820695311,380.3477080082081,136
3043.3,5,1109.1618441133237,4.5,50.732425585404116,379.42568385050777,136
3043.4,5,1109.1618441133237,4.5,50.72543593641285,379.4704894371712,136
3043.5,5,1108.8877831455095,4.5,50.705903478869615,379.60223637407944,136
3043.6,5,1108.8877831455095,5.0,50.68302209479214,379.7638645690513,136
3043.7,5,1108.8877831455095,5.0,50.667215071522754,379.88702213006206,136
3043.8,5,1108.8877831455095,5.0,50.64877125742203,380.01808551457657,136
3043.9,5,1108.8877831455095,5.0,50.76413229988393,379.038269283164,136
3044.0,5,1108.8877831455095,4.5,50.73679586977198,379.23396362241283,136
3044.1,5,1108.8877831455095,4.5,50.70177587079344,379.4815084205445,136
3044.2,5,1108.8877831455095,4.5,50.68569438564545,379.5958362544395,136
3044.3,5,1108.8877831455095,4.5,50.65938612760914,379.785309552288,136
3044.4,5,1108.8877831455095,4.5,50.65321284320967,379.81898776861647,136
3044.5,5,1108.8877831455095,4.5,50.638214345695545,379.9195405794055,136
3044.6,5,1108.8877831455095,4.5,50.49652404192696,381.0691198376202,136
3044.7,5,1108.8877831455095,4.5,50.48497127809714,381.139974957227,136
3044.8,5,1108.8877831455095,4.5,50.46304617921578,381.3008596290822,136
3044.9,5,1108.8877831455095,4.5,50.436073400761174,381.49830362880857,136
3045.0,5,1108.8877831455095,4.5,50.418977264389724,381.61408432219855,136
3045.1,5,1108.8877831455095,4.5,50.396736555501064,381.7703667673279,136
3045.2,5,1108.8877831455095,4.5,50.38794116030149,381.8120861209673,136
3045.3,5,1108.8877831455095,4.5,50.36516018383578,381.9738912539808,136
3045.4,5,1108.8877831455095,4.5,50.337530935013845,382.16926838683264,136
3045.5,5,1108.8877831455095,4.5,50.334365968452616,382.19030178581266,136
3045.6,5,1108.8877831455095,4.5,50.31626270009511,382.5141544274128,136
3045.7,5,1108.8877831455095,4.5,50.295537981339315,382.66782188863135,136
3045.8,5,1108.8877831455095,4.5,50.278712596163565,382.79728402762476,136
3045.9,5,1108.8877831455095,4.5,50.264658253563255,382.88211118838933,136
3046.0,5,1108.8877831455095,4.5,50.2454309159108,383.01525560259813,136
3046.1,5,1108.8877831455095,4.5,50.08198041834495,384.15422706184313,136
3046.2,5,1108.8877831455095,4.5,50.08313470002513,384.1193672212868,136
3046.3,5,1108.8877831455095,4.5,50.18537369097156,383.2566671828888,136
3046.4,5,1108.8877831455095,4.5,50.1899779539707,383.20405450321437,136
3046.5,5,1108.8877831455095,4.5,50.19017031480283,383.18992319859285,136
3046.6,5,1108.8877831455095,4.5,50.17637491673829,383.3037855034966,136
3046.7,5,1108.8877831455095,4.5,50.17133806289878,383.34396627935496,136
3046.8,5,1108.8877831455095,4.5,50.169470001072106,383.33576333912157,136
3046.9,5,1108.8877831455095,4.5,50.177419662185095,383.3111510875042,136
3047.0,5,1108.8877831455095,4.5,50.176581978133825,383.3057475171736,136
3047.1,5,1108.8877831455095,4.0,49.99632274157288,384.56989474642546,136
3047.2,5,1108.8877831455095,4.0,50.00016111308811,384.53607001007276,136
3047.3,5,1108.8877831455095,4.0,49.998444232605834,384.54523266395915,136
3047.4,5,1108.6140635271934,4.0,49.81187869458715,386.0766454428166,136
3047.5,5,1108.6140635271934,4.5,49.78539316339919,386.28920762252,136
3047.6,5,1108.6140635271934,4.5,49.764380198369935,386.45094001177523,136
3047.7,5,1108.6140635271934,4.5,49.908304272077004,385.40911122931414,136
3047.8,5,1108.6140635271934,4.5,49.88902802183746,385.5578153992566,136
3047.9,5,1108.6140635271934,4.5,49.89481092207788,385.50485249514145,136
3048.0,5,1108.6140635271934,4.5,49.88317913828443,385.58710979547453,136
3048.1,5,1108.6140635271934,4.5,49.68008083060184,387.03396866989766,136
3048.2,5,1108.6140635271934,4.5,49.69060532755631,386.68821047972403,136
3048.3,5,1108.6140635271934,4.5,49.68371131683302,386.7382850397908,136
3048.4,5,1108.6140635271934,4.5,49.67770772600764,386.7797888956071,136
3048.5,5,1108.6140635271934,4.5,49.678033313223246,386.7680484889661,136
3048.6,5,1108.6140635271934,4.5,49.7675518983904,386.0263327560001,136
3048.7,5,1108.6140635271934,4.5,49.762647107456715,386.0604407345156,136
3048.8,5,1108.6140635271934,4.5,49.75777490495992,386.09020015730414,136
3048.9,5,1108.6140635271934,4.5,49.75217398023304,386.132355480176,136
3049.0,5,1108.6140635271934,4.5,49.708893027855694,386.5351371649714,136
3049.1,5,1108.6140635271934,4.5,49.72427240811313,386.4064814321107,136
3049.2,5,1108.6140635271934,4.5,49.73427638783251,386.3137086918923,136
3049.3,5,1108.6140635271934,4.5,49.72106306976269,386.4124329032829,136
3049.4,5,1108.6140635271934,4.5,49.726187776474,386.3576324033488,136
3049.5,8,1108.5293083059266,4.5,49.726418935420256,386.3470706114083,136
3049.6,5,1108.5293083059266,4.199999999999999,49.720604631522924,386.38949323099905,136
3049.7,8,1108.4882243320342,4.5,49.72424094883176,386.34809446987055,136
3049.8,5,1108.4882243320342,4.199999999999999,49.71753330403535,386.4012919519156,136
3049.9,5,1108.4882243320342,4.5,49.711410092148654,386.44455911498744,136
3050.0,5,1108.4882243320342,4.5,49.85291953225756,385.3812752270238,136
3050.1,5,1108.4882243320342,4.5,49.8661493532656,385.27147905776417,136
3050.2,5,1108.4882243320342,4.5,49.888820718087146,385.09390547578005,136
3050.3,5,1108.4882243320342,4.5,49.893180921260466,385.06274537607885,136
3050.4,5,1108.2155155903547,4.5,49.958252414995215,384.45354747669654,136
3050.5,5,1108.2155155903547,5.0,49.9917042928488,384.1912713493107,136
3050.6,5,1108.2155155903547,5.0,50.004725413028005,384.0893558378273,136
3050.7,5,1108.2155155903547,5.0,50.030918937143,383.88783463442417,136
3050.8,5,1108.2155155903547,5.0,50.05173985670408,383.72795617307355,136
3050.9,5,1108.2155155903547,5.0,50.06264146144426,383.64276694157,136
3051.0,5,1108.2155155903547,5.0,50.085896531897596,383.45989539792345,136
3051.1,5,1108.2155155903547,5.0,50.086200453090015,383.4579049537944,136
3051.2,5,1108.2155155903547,5.0,50.116200007021035,383.2264226954478,136
3051.3,5,1108.2155155903547,5.0,50.14165200822449,383.0329531941543,136
3051.4,5,1108.2155155903547,5.0,50.16773094399413,382.8312747555719,136
3051.5,5,1108.2155155903547,5.0,50.18499077106118,382.70037208177325,136
3051.6,5,1108.2155155903547,5.0,50.20586064125623,382.54099853294264,136
3051.7,5,1108.2155155903547,5.0,50.2300837461551,382.36140042701527,136
3051.8,5,1108.2155155903547,5.0,50.268536951711994,382.0673756862493,136
3051.9,5,1108.2155155903547,5.0,50.45651436302097,380.6060972954392,136
3052.0,5,1108.2155155903547,5.0,50.47426174819802,380.4757639826722,136
3052.1,5,1108.2155155903547,5.0,50.49741898853271,380.3044069655547,136
3052.2,5,1108.2155155903547,5.0,50.515220678395686,380.1734424364414,136
3052.3,5,1108.2155155903547,5.0,50.6370019904447,379.2908620682499,136
3052.4,5,1108.2155155903547,5.0,50.66109112974433,379.11612798032587,136
3052.5,5,1108.2155155903547,5.0,50.661887390981704,379.11611680723075,136
3052.6,5,1108.2155155903547,5.0,50.672372231737796,379.0439512016544,136
3052.7,5,1108.2155155903547,5.0,50.69391873700481,378.88897254732126,136
3052.8,5,1108.2155155903547,5.0,50.69364863468316,378.89591632332167,136
3052.9,5,1108.2155155903547,5.0,50.699262403929865,378.85839612568043,136
3053.0,5,1108.2155155903547,5.0,50.70043947060363,378.8585422377319,136
3053.1,5,1108.2155155903547,5.0,50.58581034824306,379.76608795971094,136
3053.2,5,1108.2155155903547,5.0,50.59083442429518,379.734888304262,136
3053.3,5,1108.2155155903547,5.0,50.61874894920401,379.4230109015167,136
3053.4,5,1108.2155155903547,5.0,50.634623143655304,379.3081917733613,136
3053.5,5,1108.2155155903547,5.0,50.63332394542105,379.31935445482543,136
3053.6,5,1108.2155155903547,5.0,50.645456592210806,379.2337805856904,136
3053.7,5,1108.2155155903547,5.0,50.6131448152562,379.4360031793701,136
3053.8,5,1108.2155155903547,5.0,50.629539846798494,379.314511620169,136
3053.9,5,1108.2155155903547,5.0,50.633590658471235,379.29131641248307,136
3054.0,5,1108.2155155903547,5.0,50.64804490005791,379.18571095489125,136
3054.1,5,1108.2155155903547,5.0,50.646948953859145,379.1997317365749,136
3054.2,5,1108.2155155903547,5.0,50.668521806770244,379.0389064869397,136
3054.3,5,1108.2155155903547,5.0,50.67619777622141,378.9854911347476,136
3054.4,5,1108.2155155903547,5.0,50.81488236845046,377.98761126536306,136
3054.5,5,1108.2155155903547,5.0,50.858286287795764,377.6146997409228,136
3054.6,5,1108.2155155903547,5.0,50.883408715383766,377.4304312432926,136
3054.7,5,1108.2155155903547,5.0,50.89890647275164,377.31847246055975,136
3054.8,5,1108.2155155903547,5.0,50.899581874719814,377.31980418546254,136
3054.9,5,1108.2155155903547,5.0,50.897613764698754,377.3434254174598,136
3055.0,8,1108.1772298057513,5.0,50.90271185202124,377.3128726754162,136
3055.1,5,1108.1772298057513,4.199999999999999,50.91921273208834,377.19323687008324,136
3055.2,5,1108.1772298057513,5.0,50.89966483079229,377.34823680354356,136
3055.3,5,1108.1772298057513,5.0,50.90789384008832,377.295481905751,136
3055.4,5,1108.1772298057513,5.0,50.90368535853845,377.3364062853242,136
3055.5,5,1108.1772298057513,5.0,50.91657473630798,377.2489940831832,136
3055.6,5,1108.1772298057513,5.0,50.91688254863297,377.25259785914125,136
3055.7,5,1108.1772298057513,5.0,50.91478141714697,377.2767983434368,136
3055.8,5,1108.1772298057513,5.0,50.915007188122814,377.2862389383006,136
3055.9,5,1108.1772298057513,5.0,50.73046404364059,378.865486949044,136
3056.0,5,1108.1772298057513,5.0,50.742384892563194,378.7823757562144,136
3056.1,5,1107.9043892207112,5.0,50.68678397741428,379.3186143138779,136
3056.2,5,1107.9043892207112,5.5,50.69243315024734,379.2908592029437,136
3056.3,5,1107.9043892207112,5.5,50.6897175118082,379.32378797480396,136
3056.4,5,1107.9043892207112,5.0,50.57499499976257,380.2739490290868,136
3056.5,5,1107.9043892207112,5.0,50.56915418439017,380.3316811943771,136
3056.6,5,1107.9043892207112,5.0,50.58759225828493,380.20916524326526,136
3056.7,5,1107.9043892207112,5.0,50.6870040998908,379.5431399514154,136
3056.8,5,1107.9043892207112,5.0,50.51371427559666,380.7604185140897,136
3056.9,5,1107.9043892207112,5.0,50.522710639913356,380.6955320297588,136
3057.0,5,1107.9043892207112,5.0,50.52641639260681,380.6791161877077,136
3057.1,5,1107.9043892207112,5.0,50.53259114196605,380.6375264504658,136
3057.2,5,1107.9043892207112,5.0,50.665946545905896,379.56959165466606,136
3057.3,5,1107.9043892207112,5.0,50.6651240276983,379.58150041993173,136
3057.4,5,1107.9043892207112,5.0,50.666566129413894,379.58765321083547,136
3057.5,5,1107.9043892207112,5.0,50.67273247205353,379.54756839540386,136
3057.6,5,1107.9043892207112,5.0,50.663750847108616,379.62072941783197,136
3057.7,5,1107.9043892207112,5.0,50.66292068693788,379.6298606186216,136
3057.8,5,1107.9043892207112,5.0,50.66005858260549,379.6563043005026,136
3057.9,5,1107.9043892207112,5.0,50.485723325177915,380.8653236287877,136
3058.0,5,1107.9043892207112,5.0,50.46375299401328,381.04723969463305,136
3058.1,5,1107.9043892207112,5.0,50.46496754993268,381.0424568142454,136
3058.2,5,1107.9043892207112,5.0,50.309791065856984,382.32074364538914,136
3058.3,5,1107.9043892207112,5.0,50.3175560613612,382.26760757132155,136
3058.4,5,1107.9043892207112,5.0,50.388091720549745,381.693453469193,136
3058.5,8,1107.8760958466062,4.5,50.393851429622316,381.63867344816657,136
3058.6,8,1107.8167609744746,4.8999999999999995,50.38345726640371,381.7223912247056,136
3058.7,8,1107.8167609744746,4.8999999999999995,50.218146766421604,382.88453598872763,136
3058.8,8,1107.8167609744746,4.8999999999999995,50.26602725614805,382.4707976051859,136
3058.9,8,1107.8167609744746,5.6,50.26090608186574,382.49707637330556,136
3059.0,8,1107.8167609744746,5.6,50.26918724600586,382.43161621981636,136
3059.1,8,1107.8167609744746,5.6,50.29265337279304,382.2422242632632,136
3059.2,8,1107.8167609744746,5.6,50.33021007480079,382.0770377928668,136
3059.3,8,1107.8167609744746,5.6,50.34765751542923,381.93060731027913,136
3059.4,8,1107.8167609744746,5.6,50.348460602035715,381.9154777617374,136
3059.5,8,1107.8167609744746,4.8999999999999995,50.34168257299944,381.95895612937926,136
3059.6,8,1107.8167609744746,4.8999999999999995,50.34316506475324,381.93968642887353,136
3059.7,8,1107.8167609744746,4.8999999999999995,50.33713526703227,381.98286920606154,136
3059.8,5,1107.8167609744746,4.8999999999999995,50.34021055006362,381.96205534482743,136
3059.9,5,1107.8167609744746,4.5,50.3457757024708,381.9072514690657,136
3060.0,8,1107.8167609744746,4.5,50.348620753477746,381.8834665880264,136
3060.1,5,1107.5451856265645,4.8999999999999995,50.36676539487871,381.73518212987346,136
3060.2,5,1107.5451856265645,5.0,50.37738699101344,381.65728792896414,136
3060.3,5,1107.5451856265645,5.0,50.373171193301104,381.69688541754203,136
3060.4,5,1107.5451856265645,5.0,50.40183564756104,381.25182405589,136
3060.5,5,1107.5451856265645,5.0,50.423854099333774,381.0791927007243,136
3060.6,5,1107.5451856265645,5.0,50.431978457948205,381.0180647670986,136
3060.7,5,1107.5451856265645,5.0,50.44778601615056,380.8974242164046,136
3060.8,5,1107.5451856265645,5.0,50.4711914120749,380.71632042330975,136
3060.9,5,1107.5451856265645,5.0,50.52672286235098,380.2763200630004,136
3061.0,5,1107.5451856265645,5.0,50.540622610174644,380.17503007524,136
3061.1,5,1107.5451856265645,5.0,50.55535607310007,380.0604078058286,136
3061.2,5,1107.5451856265645,5.0,50.521037535993955,380.4472141418096,136
3061.3,5,1107.5451856265645,5.0,50.53812491527106,380.313598678369,136
3061.4,5,1107.5451856265645,5.0,50.54211995433913,380.2864586971065,136
3061.5,5,1107.5451856265645,5.0,50.55370947526043,380.1973247580859,136
3061.6,5,1107.5451856265645,5.0,50.63906579080869,379.5907151418986,136
3061.7,5,1107.5451856265645,5.0,50.40530351376771,381.4980088638989,136
3061.8,5,1107.5451856265645,5.0,50.410765158222006,381.4556306747912,136
3061.9,5,1107.5451856265645,5.0,50.428105822119264,381.32177051208805,136
3062.0,5,1107.5451856265645,5.0,50.43513519537734,381.2693462961754,136
3062.1,5,1107.5451856265645,5.0,50.44583731725776,381.1818311090648,136
3062.2,5,1107.5451856265645,5.0,50.46354641275117,381.0428848580552,136
3062.3,5,1107.5451856265645,5.0,50.481503146672736,380.71764127233155,136
3062.4,5,1107.5451856265645,5.0,50.49395460630015,380.6217872529173,136
3062.5,5,1107.5451856265645,5.0,50.56527308992271,379.93311807221664,136
3062.6,5,1107.5451856265645,5.0,50.55403187183919,380.02425296645083,136
3062.7,5,1107.5451856265645,5.0,50.56525284037562,379.9397495463277,136
3062.8,5,1107.5451856265645,5.0,50.5663309136724,379.92935286386455,136
3062.9,5,1107.5451856265645,5.0,50.57293435897981,379.87910682584857,136
3063.0,5,1107.5451856265645,5.0,50.57508784691983,379.8592640018849,136
3063.1,5,1107.5451856265645,5.0,50.63086127203698,379.4240417255926,136
3063.2,5,1107.5451856265645,4.5,50.63207921039853,379.4166958826204,136
3063.3,5,1107.5451856265645,4.5,50.63330653154534,379.4131029440468,136
3063.4,5,1107.5451856265645,4.5,50.654771899061075,379.2492992200978,136
3063.5,5,1107.5451856265645,4.5,50.6596629618787,379.212436605082,136
3063.6,5,1107.5451856265645,4.5,50.52120955272004,380.3062739981566,136
3063.7,5,1107.5451856265645,4.5,50.52088996243199,380.3041978245598,136
3063.8,5,1107.5451856265645,4.5,50.51230904413369,380.36777224743633,136
3063.9,5,1107.5451856265645,4.5,50.5162521935444,380.3363210519476,136
3064.0,5,1107.5451856265645,4.5,50.5125621924312,380.3642135881523,136
3064.1,5,1107.5451856265645,4.5,50.503464125138194,380.43112220953583,136
3064.2,5,1107.5451856265645,4.5,50.335803611146446,381.6375229824444,136
3064.3,5,1107.5451856265645,4.5,50.34463341428986,381.5656959075228,136
3064.4,5,1107.5451856265645,4.5,50.39350914539306,381.2207712926304,136
3064.5,5,1107.5451856265645,4.5,50.400448946223385,381.16860695945593,136
3064.6,5,1107.5451856265645,4.5,50.37889048109791,381.33727910783,136
3064.7,5,1107.5451856265645,4.5,50.3778551578007,381.34492335032326,136
3064.8,5,1107.2733882597195,4.5,50.36911483685776,381.4060107493485,136
3064.9,5,1107.2733882597195,5.0,50.35929801431046,381.477222514427,136
3065.0,5,1107.2733882597195,5.0,50.34317979370553,381.5991047034745,136
3065.1,5,1107.2733882597195,5.0,50.3376071295552,381.63942299918494,136
3065.2,5,1107.2733882597195,5.0,50.337717230657404,381.6331143586573,136
3065.3,5,1107.2733882597195,5.0,50.32490626730076,381.72987384614413,136
3065.4,5,1107.2733882597195,5.0,50.322088188292,381.7508216856371,136
3065.5,5,1107.2733882597195,4.5,50.323766767624235,381.7355681675284,136
3065.6,5,1107.2733882597195,4.5,50.31393698306358,381.8078438007256,136
3065.7,5,1107.2733882597195,4.5,50.32528607562347,381.71790533584806,136
3065.8,5,1107.2733882597195,4.5,50.32342189520111,381.7320209193367,136
3065.9,5,1107.2733882597195,4.5,50.32906561845185,381.68215232898535,136
3066.0,5,1107.2733882597195,4.5,50.332179333699074,381.65355428567796,136
3066.1,5,1107.2733882597195,4.5,50.326651233751434,381.6933914855373,136
3066.2,5,1107.2733882597195,4.5,50.312309278473705,381.8038935474369,136
3066.3,5,1107.2733882597195,4.5,50.33154476344293,381.6488996221824,136
3066.4,5,1107.2733882597195,4.5,50.32007821787894,381.7346031929201,136
3066.5,5,1107.2733882597195,4.5,50.30448485874092,381.8543940315391,136
3066.6,5,1107.2733882597195,4.5,50.29126478224724,381.958048260782,136
3066.7,5,1107.2733882597195,4.5,50.318058174371814,381.7761179956418,136
3066.8,5,1107.2733882597195,4.5,50.29346476537466,381.9632718906919,136
3066.9,5,1107.2733882597195,4.5,50.27258329752074,382.12236318145347,136
3067.0,5,1107.2733882597195,4.5,50.2479876188857,382.31331892158954,136
3067.1,5,1107.2733882597195,4.5,50.2266361754995,382.4789311333294,136
3067.2,5,1107.2733882597195,4.5,50.20768811119939,382.6264891834337,136
3067.3,5,1107.2733882597195,4.5,50.151331276990106,383.3665194383983,136
3067.4,5,1107.2733882597195,4.5,50.13735580239076,383.4815685778927,136
3067.5,5,1107.2733882597195,4.5,50.11517136078152,383.65768129426885,136
3067.6,5,1107.2733882597195,4.5,50.103098923172794,383.74651998464356,136
3067.7,5,1107.2733882597195,4.5,50.098862039900766,383.78351055641906,136
3067.8,5,1107.2733882597195,4.5,50.08761581838774,383.87362729718586,136
3067.9,5,1107.2733882597195,4.5,50.075033786688735,383.9733449508799,136
3068.0,7,1107.2733882597195,4.0,50.06782418586885,384.0318873641926,136
3068.1,7,1107.2733882597195,4.8999999999999995,50.04703866089335,384.1989531464549,136
3068.2,7,1107.2733882597195,4.8999999999999995,50.03424296953724,384.2892691057011,136
3068.3,7,1107.2733882597195,4.8999999999999995,50.02061770489928,384.39813930299033,136
3068.4,7,1107.2733882597195,4.8999999999999995,50.01745776813917,384.42158332081135,136
3068.5,7,1107.2733882597195,4.8999999999999995,49.99789486154256,384.57736648375203,136
3068.6,7,1107.2733882597195,4.8999999999999995,49.983962902628775,384.6886537555594,136
3068.7,7,1107.2733882597195,4.8999999999999995,49.98637225289387,384.66865585835444,136
3068.8,7,1107.2733882597195,4.8999999999999995,49.977623307083846,384.73172084358396,136
3068.9,7,1107.2733882597195,4.8999999999999995,49.94902703801975,384.95928847769676,136
3069.0,7,1107.2733882597195,4.8999999999999995,49.94605867961434,384.97945142894474,136
3069.1,7,1107.2733882597195,4.8999999999999995,49.94251950500546,385.0086405375637,136
3069.2,7,1107.2733882597195,4.8999999999999995,49.942144965450495,385.0106244665675,136
3069.3,7,1107.2733882597195,4.8999999999999995,49.98547412775701,384.6552957528649,136
3069.4,7,1107.2733882597195,4.8999999999999995,49.982127242995006,384.6829228347825,136
3069.5,7,1107.2733882597195,4.8999999999999995,49.96975938676989,384.77511115106495,136
3069.6,7,1107.2733882597195,4.8999999999999995,49.96033272651603,384.84569916906264,136
3069.7,7,1107.2733882597195,4.8999999999999995,49.95773095413098,384.86514467870677,136
3069.8,7,1107.2733882597195,4.8999999999999995,49.975583181134894,384.75045055769016,136
3069.9,7,1107.2733882597195,4.8999999999999995,49.955965927992985,384.9032898667389,136
3070.0,5,1107.0027987221931,4.199999999999999,49.940454386515725,385.0184229854079,136
3070.1,5,1107.0027987221931,4.5,49.92251107477343,385.15511798454133,136
3070.2,5,1107.0027987221931,4.5,49.9054630029421,385.285923993893,136
3070.3,5,1107.0027987221931,4.5,49.89062254536482,385.393728998431,136
3070.4,5,1107.0027987221931,4.5,49.87045007080323,385.5544913216569,136
3070.5,5,1107.0027987221931,4.5,49.87129522314464,385.5410253951353,136
3070.6,5,1107.0027987221931,4.5,49.84871797924014,385.71416207670063,136
3070.7,5,1107.0027987221931,4.5,49.85209421627587,385.6819477648654,136
3070.8,5,1107.0027987221931,4.5,49.84357714511992,385.748617490011,136
3070.9,7,1107.0027987221931,4.0,49.82897785670686,385.858369088097,136
3071.0,7,1107.0027987221931,4.8999999999999995,49.82675280535496,385.87169917856676,136
3071.1,7,1107.0027987221931,4.8999999999999995,49.80808803337678,386.02176414798345,136
3071.2,7,1107.0027987221931,4.8999999999999995,49.737912307230346,386.78515132086113,136
3071.3,7,1107.0027987221931,4.8999999999999995,49.71611860097616,386.95145867182765,136
3071.4,7,1107.0027987221931,4.8999999999999995,49.70308978385835,387.0431609408483,136
3071.5,7,1107.0027987221931,4.8999999999999995,49.678997802946434,387.2269297053589,136
3071.6,7,1107.0027987221931,4.8999999999999995,49.66818653891757,387.3042257573103,136
3071.7,7,1107.0027987221931,4.8999999999999995,49.626425028077435,387.63456810544096,136
3071.8,5,1107.0027987221931,4.199999999999999,49.40929729538715,389.21471979644673,136
3071.9,5,1107.0027987221931,4.0,49.38958561106675,389.3770542909533,136
3072.0,5,1107.0027987221931,4.0,49.39271643661742,389.34281763299487,136
3072.1,5,1107.0027987221931,4.0,49.37437061097474,389.4864309424494,136
3072.2,5,1107.0027987221931,4.0,49.37740053938593,389.4521780798264,136
3072.3,5,1107.0027987221931,4.0,49.364713235147605,389.5528506491089,136
3072.4,5,1107.0027987221931,4.0,49.36557361440799,389.3866871305928,136
3072.5,5,1107.0027987221931,4.0,49.38293665683835,389.2651715186363,136
3072.6,5,1107.0027987221931,4.0,49.378720187594425,389.2910713110696,136
3072.7,5,1107.0027987221931,4.0,49.36902664603749,389.36965751246385,136
3072.8,7,1107.0027987221931,3.5,49.37226056190585,389.3380768373087,136
3072.9,7,1107.0027987221931,4.8999999999999995,49.38468680008434,389.23019781366963,136
3073.0,7,1107.0027987221931,4.8999999999999995,49.38654314633355,389.20845809163194,136
3073.1,7,1107.0027987221931,4.8999999999999995,49.380239852062616,389.25253497134673,136
3073.2,7,1107.0027987221931,4.8999999999999995,49.37934575254168,389.252789592,136
3073.3,7,1107.0027987221931,4.8999999999999995,49.38459272090955,389.2078925528041,136
3073.4,7,1107.0027987221931,4.8999999999999995,49.38151060048578,389.2247093016251,136
3073.5,7,1107.0027987221931,4.8999999999999995,49.39370954731913,389.12095606354825,136
3073.6,7,1107.0027987221931,4.8999999999999995,49.400469157505846,389.05877726126084,136
3073.7,7,1107.0027987221931,4.8999999999999995,49.39124751734184,389.1315669400524,136
3073.8,7,1107.0027987221931,4.8999999999999995,49.393684523350224,389.1093225215948,136
3073.9,7,1107.0027987221931,4.8999999999999995,49.39502115659923,389.0949588684574,136
3074.0,7,1107.0027987221931,4.8999999999999995,49.40417827752152,389.01979624594287,136
3074.1,7,1107.0027987221931,4.8999999999999995,49.416042989371334,388.91171225098583,136
3074.2,7,1107.0027987221931,4.8999999999999995,49.4088686246326,388.96755904325835,136
3074.3,7,1107.0027987221931,5.6,49.41493971732186,388.91602574389384,136
3074.4,7,1107.0027987221931,5.6,49.40487477549541,388.99094864748827,136
3074.5,7,1107.0027987221931,5.6,49.41232220499322,388.9243741631972,136
3074.6,7,1107.0027987221931,5.6,49.42136000530016,388.84231547521523,136
3074.7,7,1107.0027987221931,5.6,49.42378073160275,388.82398450081155,136
3074.8,7,1107.0027987221931,5.6,49.43395784113919,388.73838353915744,136
3074.9,7,1107.0027987221931,5.6,49.460482258363555,388.529048674039,136
3075.0,7,1107.0027987221931,5.6,49.470876626738715,388.44253030137077,136
3075.1,7,1107.0027987221931,5.6,49.478691574244664,388.376963758148,136
3075.2,7,1107.0027987221931,5.6,49.48581071652055,388.3194191900254,136
3075.3,7,1107.0027987221931,5.6,49.49399973737134,388.25131686156374,136
3075.4,7,1107.0027987221931,5.6,49.51347010497523,388.09640328996215,136
3075.5,7,1107.0027987221931,5.6,49.52158681832625,388.032118455659,136
3075.6,7,1107.0027987221931,5.6,49.589601615035576,387.3722321945119,136
3075.7,7,1107.0027987221931,5.6,49.493609695297415,387.9773107492473,136
3075.8,7,1107.0027987221931,5.6,49.50624248583283,387.8785327121726,136
3075.9,7,1107.0027987221931,5.6,49.53281974805179,387.66654956687415,136
3076.0,7,1107.0027987221931,5.6,49.531808951318204,387.67546810940314,136
3076.1,7,1107.0027987221931,5.6,49.45454229026733,388.29440034629386,136
3076.2,7,1107.0027987221931,5.6,49.46543045516559,388.2093927900977,136
3076.3,7,1107.0027987221931,5.6,49.49589970532944,387.9691666904223,136
3076.4,7,1107.0027987221931,5.6,49.51154200977662,387.8489826649552,136
3076.5,7,1107.0027987221931,5.6,49.54020986197986,387.62349871196784,136
3076.6,7,1107.0027987221931,5.6,49.55865742709945,387.4791948431914,136
3076.7,7,1107.0027987221931,5.6,49.583885099216005,387.28323231832053,136
3076.8,7,1107.0027987221931,5.6,49.594172360075675,387.2045736850247,136
3076.9,7,1107.0027987221931,5.6,49.62292101999685,386.9798232704607,136
3077.0,7,1107.0027987221931,5.6,49.62981239882707,386.9279680721366,136
3077.1,7,1107.0027987221931,5.6,49.65372309153616,386.7443485725567,136
3077.2,7,1107.0027987221931,4.8999999999999995,49.67068472822841,386.6149670013848,136
3077.3,7,1107.0027987221931,4.8999999999999995,49.69981616627519,386.389727220444,136
3077.4,7,1107.0027987221931,4.8999999999999995,49.721756642751956,386.2195291191189,136
3077.5,7,1107.0027987221931,4.8999999999999995,49.727673787668465,386.1767739915701,136
3077.6,7,1107.0027987221931,4.8999999999999995,49.55743354990701,387.4641578292541,136
3077.7,7,1107.0027987221931,5.6,49.56318988279239,387.4210185761875,136
3077.8,7,1107.0027987221931,5.6,49.598722161614376,387.14015590349305,136
3077.9,7,1107.0027987221931,5.6,49.612885706314614,387.0301260532435,136
3078.0,7,1107.0027987221931,5.6,49.62349766868079,386.9481711857952,136
3078.1,7,1107.0027987221931,5.6,49.645317000948864,386.7769064068292,136
3078.2,7,1107.0027987221931,5.6,49.65792502668644,386.6794613326062,136
3078.3,7,1107.0027987221931,5.6,49.6802312171168,386.50576543584236,136
3078.4,7,1107.0027987221931,5.6,49.71201653002992,386.2591998429908,136
3078.5,7,1107.0027987221931,5.6,49.709522660201046,386.28293547058774,136
3078.6,7,1107.0027987221931,5.6,49.73522630286756,386.08396995070575,136
3078.7,7,1107.0027987221931,5.6,49.75014336626582,385.9695806490429,136
3078.8,7,1107.0027987221931,5.6,49.769932028626584,385.8178575954382,136
3078.9,7,1107.0027987221931,5.6,49.54638523336955,387.5302180293266,136
3079.0,7,1107.0027987221931,5.6,49.56984294061749,387.346763963012,136
3079.1,7,1107.0027987221931,4.8999999999999995,49.590377311291725,387.1854408618502,136
3079.2,7,1107.0027987221931,4.8999999999999995,49.60304975744197,387.0860764526855,136
3079.3,7,1107.0027987221931,4.8999999999999995,49.631223630392114,386.86652733581406,136
3079.4,7,1107.0027987221931,5.6,49.62365951981721,386.9269501977499,136
3079.5,7,1107.0027987221931,5.6,49.64067940906749,386.79387082371807,136
3079.6,7,1107.0027987221931,5.6,49.662010199414624,386.62836225567276,136
3079.7,7,1107.0027987221931,5.6,49.6746672829414,386.5309825613706,136
3079.8,7,1107.0027987221931,5.6,49.70005535985462,386.3344057215448,136
3079.9,7,1107.0027987221931,5.6,49.70847100681482,386.27046607013176,136
3080.0,7,1107.0027987221931,5.6,49.72871937193018,386.11012728584416,136
3080.1,7,1107.0027987221931,5.6,49.738743308670294,386.0341277602436,136
3080.2,7,1107.0027987221931,5.6,49.778132722502846,385.7271771427645,136
3080.3,7,1107.0027987221931,5.6,49.79360511024185,385.6078359294554,136
3080.4,7,1107.0027987221931,5.6,49.79556758581839,385.59399507732843,136
3080.5,7,1107.0027987221931,5.6,49.817311690832796,385.4252151380605,136
3080.6,7,1107.0027987221931,5.6,49.8258049554505,385.36075168956813,136
3080.7,7,1107.0027987221931,5.6,49.848252039778856,385.1865948058156,136
3080.8,7,1107.0027987221931,5.6,49.890172574449785,384.8612005021617,136
3080.9,7,1107.0027987221931,5.6,49.90529230677512,384.74491584557705,136
3081.0,7,1107.0027987221931,5.6,49.92342181826816,384.6057876885085,136
3081.1,7,1107.0027987221931,5.6,49.947050642041354,384.42419992262455,136
3081.2,7,1107.0027987221931,5.6,49.96938876613581,384.2517757773789,136
3081.3,7,1107.0027987221931,5.6,50.00274638896385,383.9934901265005,136
3081.4,7,1107.0027987221931,5.6,49.948725484513844,384.4165238205794,136
3081.5,7,1107.0027987221931,5.6,49.97255635438311,384.2340950772806,136
3081.6,7,1107.0027987221931,5.6,49.9840175042778,384.147242639752,136
3081.7,7,1107.0027987221931,5.6,50.00472170049356,383.9881748090353,136
3081.8,7,1107.0027987221931,5.6,50.02015511252145,383.86987250217703,136
3081.9,7,1107.0027987221931,5.6,50.03736335524208,383.73645668430134,136
3082.0,7,1107.0027987221931,5.6,50.08029452860474,383.40613068066943,136
3082.1,7,1107.0027987221931,5.6,50.100371508755146,383.25377205555094,136
3082.2,7,1107.0027987221931,5.6,50.12280685890913,383.08247382525934,136
3082.3,7,1107.0027987221931,5.6,49.92482086693991,384.58306996881265,136
3082.4,7,1107.0027987221931,5.6,49.956776609743955,384.3365885951055,136
3082.5,7,1107.0027987221931,5.6,49.964268345567376,384.2794544258199,136
3082.6,7,1107.0027987221931,5.6,49.9859548632383,384.1131165673137,136
3082.7,7,1107.0027987221931,5.6,49.997715566017895,384.023873274833,136
3082.8,7,1107.0027987221931,5.6,49.98011801752209,384.15891273363775,136
3082.9,7,1107.0027987221931,5.6,49.99222916316883,384.0669603503575,136
3083.0,7,1107.0027987221931,5.6,50.01899244527023,383.86286705977136,136
3083.1,7,1107.0027987221931,5.6,49.80181877388897,385.5281115332907,136
3083.2,7,1107.0027987221931,5.6,49.823668370176506,385.35908818690956,136
3083.3,7,1107.0027987221931,5.6,49.83496702104938,385.2719822176241,136
3083.4,7,1107.0027987221931,5.6,49.787748445634634,385.6395640085092,136
3083.5,7,1107.0027987221931,4.8999999999999995,49.793087666711,385.5991234833622,136
3083.6,7,1107.0027987221931,4.8999999999999995,49.80382127796254,385.51611258151024,136
3083.7,7,1107.0027987221931,4.8999999999999995,49.81538931840063,385.42728758767066,136
3083.8,7,1107.0027987221931,4.8999999999999995,49.77761519142435,385.80727711819515,136
3083.9,7,1107.0027987221931,4.8999999999999995,49.54227701300471,387.58872828348365,136
3084.0,7,1107.0027987221931,4.8999999999999995,49.54739101579638,387.5522035982973,136
3084.1,7,1107.0027987221931,4.8999999999999995,49.56111106191784,387.4457630271479,136
3084.2,7,1107.0027987221931,4.8999999999999995,49.58264980866987,387.27887438567006,136
3084.3,7,1107.0027987221931,4.8999999999999995,49.59207720299633,387.2074588264667,136
3084.4,7,1107.0027987221931,4.8999999999999995,49.620944604962276,386.9823662407207,136
3084.5,7,1107.0027987221931,4.8999999999999995,49.63354437710685,386.8871486723723,136
3084.6,7,1107.0027987221931,4.8999999999999995,49.58441760509821,387.2828137438967,136
3084.7,7,1107.0027987221931,4.8999999999999995,49.60888025860225,387.09188648463476,136
3084.8,7,1107.0027987221931,4.8999999999999995,49.63700500926754,386.8731259371306,136
3084.9,7,1107.0027987221931,4.8999999999999995,49.4433798914603,388.35062911032287,136
3085.0,7,1107.0027987221931,4.8999999999999995,49.462825270168395,388.19979999947975,136
3085.1,7,1107.0027987221931,4.8999999999999995,49.49796090312516,387.92278107334766,136
3085.2,7,1107.0027987221931,4.8999999999999995,49.53341583906938,387.6448457431845,136
3085.3,7,1107.0027987221931,4.8999999999999995,49.5481087829571,387.5310180320712,136
3085.4,8,1107.116954300101,4.199999999999999,49.58328815115472,387.2540588432786,136
3085.5,8,1107.1426222801035,4.199999999999999,49.599791711159114,387.1254970267717,136
3085.6,8,1107.1579620460052,4.199999999999999,49.6190725329499,386.9754696999298,136
3085.7,8,1107.1579620460052,4.199999999999999,49.59852204729661,387.1344937584136,136
3085.8,8,1107.1579620460052,4.199999999999999,49.62757769678343,386.90839736088844,136
3085.9,8,1107.1579620460052,4.199999999999999,49.669833853128594,386.5778202226222,136
3086.0,8,1107.1579620460052,4.199999999999999,49.68799662547974,386.4376643447962,136
3086.1,8,1107.1579620460052,4.199999999999999,49.723671594189724,386.1600166615801,136
3086.2,8,1107.1579620460052,4.199999999999999,49.734341381488306,386.07844744050317,136
3086.3,8,1107.1579620460052,4.199999999999999,49.59689926145698,387.1209752128625,136
3086.4,8,1107.1579620460052,4.199999999999999,49.634672128627585,386.82637148132994,136
3086.5,8,1107.1579620460052,4.199999999999999,49.65827201157887,386.6425394153319,136
3086.6,8,1107.1579620460052,4.199999999999999,49.68266834379863,386.45268197010546,136
3086.7,8,1107.1579620460052,4.199999999999999,49.70853642084679,386.2516222357324,136
3086.8,8,1107.1579620460052,4.199999999999999,49.74344063105163,385.98055967997044,136
3086.9,8,1107.1579620460052,4.199999999999999,49.77313258758336,385.75032750199534,136
3087.0,7,1107.1579620460052,4.199999999999999,49.78850435518244,385.63137031810214,136
3087.1,7,1107.1579620460052,4.8999999999999995,49.826984532167444,385.33353152382665,136
3087.2,7,1107.1579620460052,4.8999999999999995,49.856029396455746,385.10903839210084,136
3087.3,7,1107.1579620460052,4.8999999999999995,49.87487984223269,384.9636366548564,136
3087.4,7,1107.1579620460052,4.8999999999999995,49.90376932607958,384.7406671787784,136
3087.5,8,1107.1579620460052,4.199999999999999,49.93738710284214,384.4817970740477,136
3087.6,8,1107.1579620460052,4.199999999999999,49.9706657531487,384.22584594785724,136
3087.7,8,1107.1579620460052,4.199999999999999,49.99746117195425,384.0199284652174,136
3087.8,8,1107.1579620460052,4.199999999999999,49.949074640598134,384.3945536074335,136
3087.9,8,1107.1579620460052,4.199999999999999,49.96320705337058,384.2868627777758,136
3088.0,8,1107.1579620460052,4.199999999999999,49.98965860591197,384.083337858861,136
3088.1,8,1107.1579620460052,4.199999999999999,50.024496767963655,383.81551640395224,136
3088.2,8,1107.1579620460052,4.199999999999999,50.04299979920985,383.67455875364,136
3088.3,8,1107.1579620460052,4.199999999999999,50.066084798446056,383.4979405222009,136
3088.4,8,1107.1579620460052,4.199999999999999,50.087333911749866,383.3358307755984,136
3088.5,7,1107.1579620460052,4.199999999999999,50.10508625450261,383.20095584409665,136
3088.6,7,1107.1579620460052,4.8999999999999995,50.135281831562054,382.9710298652842,136
3088.7,7,1107.1579620460052,4.8999999999999995,50.132339978182216,382.99573630348556,136
3088.8,7,1107.1579620460052,4.8999999999999995,50.1703791759611,382.7055946941862,136
3088.9,7,1107.1579620460052,4.8999999999999995,50.151946842599045,382.8433664617793,136
3089.0,7,1107.1579620460052,4.8999999999999995,50.14845871151823,382.8716990448828,136
3089.1,7,1107.1579620460052,4.8999999999999995,50.1794889810956,382.6345507525274,136
3089.2,7,1107.1579620460052,4.8999999999999995,50.200940880527796,382.4721771202783,136
3089.3,7,1107.1579620460052,4.8999999999999995,50.05256412569126,383.5983136728905,136
3089.4,7,1107.1579620460052,4.8999999999999995,50.08115628360635,383.37950344770786,136
3089.5,7,1107.1579620460052,4.8999999999999995,50.09987664532188,383.2367768256887,136
3089.6,7,1107.1579620460052,4.8999999999999995,50.126159789858505,383.03683491979734,136
3089.7,7,1107.1579620460052,4.8999999999999995,50.141151088890965,382.922697508051,136
3089.8,7,1107.1579620460052,4.8999999999999995,50.16220427105132,382.7630245898117,136
3089.9,8,1107.1579620460052,4.199999999999999,50.18087377429883,382.6218117331899,136
3090.0,8,1107.1579620460052,4.199999999999999,50.21110906624823,382.3918418430525,136
3090.1,9,1107.1579620460052,3.5,50.23679386683154,382.19712600952244,136
3090.2,9,1107.1579620460052,4.0,50.2737940986788,381.9158288365152,136
3090.3,9,1107.1579620460052,4.0,50.32970979822234,381.4878971332822,136
3090.4,9,1107.1579620460052,4.0,50.3492278333091,381.33986805301055,136
3090.5,9,1107.1579620460052,4.0,50.37865260837961,381.1166767782129,136
3090.6,9,1107.1579620460052,4.0,50.41526572574392,380.84003492944584,136
3090.7,9,1107.1579620460052,4.0,50.43754395914749,380.67081285376173,136
3090.8,9,1107.1579620460052,4.0,50.48691352168313,380.29896789513964,136
3090.9,8,1107.0965250540635,4.0,50.50502347636285,380.1615672510683,136
3091.0,8,1107.0965250540635,4.199999999999999,50.55012373900847,379.82258802955,136
3091.1,8,1107.0965250540635,4.199999999999999,50.476852851595794,380.3724319029359,136
3091.2,8,1107.0965250540635,4.199999999999999,50.499871265909306,380.19925517100455,136
3091.3,8,1107.0965250540635,4.199999999999999,50.532915352069665,379.9508018674678,136
3091.4,8,1107.0965250540635,4.199999999999999,50.56100060428215,379.73995884773433,136
3091.5,8,1107.0965250540635,4.199999999999999,50.60796244691832,379.38766371257316,136
3091.6,9,1107.0965250540635,4.199999999999999,50.46157677536097,380.48846027700245,136
3091.7,9,1107.0965250540635,4.800000000000001,50.49816347919764,380.2128323808023,136
3091.8,8,1107.0965250540635,4.0,50.5398258058198,379.89926392124073,136
3091.9,8,1107.0965250540635,4.199999999999999,50.57806756609547,379.6117180595286,136
3092.0,8,1107.0965250540635,4.199999999999999,50.58703680733156,379.54422906066327,136
3092.1,8,1107.0965250540635,4.199999999999999,50.62846825135118,379.23359856295986,136
3092.2,8,1107.0965250540635,4.199999999999999,50.6628402565691,378.97649935804134,136
3092.3,8,1107.0965250540635,4.199999999999999,50.68507897070269,378.8105425714076,136
3092.4,8,1107.0965250540635,4.199999999999999,50.7187320547515,378.55952634669677,136
3092.5,9,1107.0965250540635,3.5,50.66244513531795,378.9795570344352,136
3092.6,9,1107.0965250540635,4.0,50.63156446276359,379.2122948209461,136
3092.7,9,1107.0965250540635,4.0,50.66668849839235,378.9493335099679,136
3092.8,9,1107.0965250540635,4.0,50.686348669459655,378.8036457439913,136
3092.9,9,1107.0965250540635,4.800000000000001,50.70921627054109,378.6334876383546,136
3093.0,9,1107.0965250540635,4.800000000000001,50.746119457738146,378.3578942569951,136
3093.1,9,1107.0965250540635,4.800000000000001,50.75542181853601,378.28978420879264,136
3093.2,9,1107.0965250540635,4.800000000000001,50.784686222370375,378.072361229723,136
3093.3,9,1107.0965250540635,4.800000000000001,50.81302462610367,377.86238748553285,136
3093.4,9,1107.0965250540635,4.800000000000001,50.839411590651,377.66792846319026,136
3093.5,9,1107.0965250540635,4.800000000000001,50.87433086757889,377.4093450043643,136
3093.6,9,1107.0965250540635,4.800000000000001,50.88623523810671,377.32291908211096,136
3093.7,9,1107.0965250540635,4.800000000000001,50.92692298540736,377.0220826005061,136
3093.8,9,1107.0965250540635,4.800000000000001,50.95846165461654,376.7904780621448,136
3093.9,9,1107.0965250540635,4.800000000000001,50.970517071058964,376.70493297694554,136
3094.0,9,1107.0965250540635,4.800000000000001,51.01560049490541,376.3716634049452,136
3094.1,9,1107.0965250540635,4.800000000000001,51.04001705369231,376.1951246055678,136
3094.2,9,1107.0965250540635,4.800000000000001,51.07842678718576,375.9130079004939,136
3094.3,9,1107.0965250540635,4.800000000000001,51.095493993571175,375.78884430808574,136
3094.4,9,1107.0965250540635,4.800000000000001,51.02860362740414,376.29701935511093,136
3094.5,9,1107.0965250540635,4.800000000000001,50.99159308974376,376.5635540603578,136
3094.6,9,1107.0965250540635,4.800000000000001,51.01722462041232,376.3770927953464,136
3094.7,9,1107.0965250540635,4.800000000000001,51.039055347573424,376.22038206246384,136
3094.8,9,1107.0965250540635,4.800000000000001,51.09029974067522,375.8423913745023,136
3094.9,9,1107.0965250540635,4.800000000000001,51.1148171458461,375.6653646422635,136
3095.0,9,1107.0965250540635,4.800000000000001,51.15455951172527,375.37379043361966,136
3095.1,9,1107.0965250540635,4.800000000000001,51.17335205344986,375.2395398300872,136
3095.2,9,1107.0965250540635,4.800000000000001,51.208512283935825,374.9829659747142,136
3095.3,9,1107.0965250540635,4.800000000000001,51.241359311229836,374.74538420508304,136
3095.4,9,1107.0965250540635,4.800000000000001,51.28492066072629,374.4280376153215,136
3095.5,9,1107.0965250540635,4.800000000000001,51.32155765745962,374.16476670354524,136
3095.6,9,1107.0965250540635,4.800000000000001,51.350995307934085,373.95573747886687,136
3095.7,9,1107.0965250540635,4.800000000000001,51.404640436766286,373.5645015547627,136
3095.8,9,1107.0965250540635,4.800000000000001,51.43951341318539,373.3151434790667,136
3095.9,9,1107.0965250540635,4.800000000000001,51.45772178919191,373.19046898436,136
3096.0,9,1107.0965250540635,5.6000000000000005,51.49142397547034,372.9490946096506,136
3096.1,9,1107.0965250540635,5.6000000000000005,51.51996998493779,372.74409045099594,136
3096.2,9,1107.0965250540635,5.6000000000000005,51.57553343681708,372.3422226396102,136
3096.3,9,1107.0965250540635,5.6000000000000005,51.60857388085286,372.10666412004093,136
3096.4,9,1107.0965250540635,5.6000000000000005,51.64866899368387,371.81927499214726,136
3096.5,9,1107.0965250540635,5.6000000000000005,51.68021782585862,371.597427136247,136
3096.6,9,1107.0965250540635,4.800000000000001,51.71785039784638,371.33001077308387,136
3096.7,9,1107.0965250540635,4.800000000000001,51.76796564804687,370.97188251874127,136
3096.8,9,1107.0965250540635,4.800000000000001,51.79378281936424,370.79056555539313,136
3096.9,9,1107.0965250540635,4.800000000000001,51.84620931296444,370.41895610903055,136
3097.0,9,1107.0965250540635,4.800000000000001,51.89664305599333,370.05725182553505,136
3097.1,9,1107.0965250540635,4.800000000000001,51.89075090965204,370.1105927699859,136
3097.2,9,1107.0965250540635,4.800000000000001,51.94347104232866,369.733517589373,136
3097.3,9,1107.0965250540635,4.800000000000001,52.00140879106502,369.2604663588766,136
3097.4,9,1107.0965250540635,4.800000000000001,52.05055139723562,368.91118515037067,136
3097.5,9,1107.0965250540635,4.800000000000001,52.0943099286192,368.60184018057464,136
3097.6,9,1107.0965250540635,5.6000000000000005,52.11714173933632,368.4425059272401,136
3097.7,9,1107.0965250540635,5.6000000000000005,52.15210731027734,368.1993943228356,136
3097.8,9,1107.0965250540635,5.6000000000000005,52.20399083929901,367.83248809977715,136
3097.9,9,1107.0965250540635,5.6000000000000005,52.229960371743005,367.6541023350922,136
3098.0,9,1107.0965250540635,5.6000000000000005,52.29060031089833,367.2266451717278,136
3098.1,9,1107.0965250540635,5.6000000000000005,52.40416165746044,366.44475182302835,136
3098.2,9,1107.0965250540635,5.6000000000000005,52.44361555258598,366.16857698682713,136
3098.3,9,1107.0965250540635,5.6000000000000005,52.47675200556933,365.93938946112553,136
3098.4,9,1107.0965250540635,4.800000000000001,52.47898634898557,365.9294430435168,136
3098.5,9,1107.0965250540635,4.800000000000001,52.53993197246527,365.50259177576936,136
3098.6,9,1107.0965250540635,4.800000000000001,52.57932434884533,365.2307133097677,136
3098.7,9,1107.0965250540635,4.800000000000001,52.507488905198485,365.75309133681327,136
3098.8,9,1107.0965250540635,4.800000000000001,52.54677364282651,365.4796864019895,136
3098.9,9,1107.0965250540635,4.800000000000001,52.57423217468748,365.2933201054908,136
3099.0,9,1107.0965250540635,4.800000000000001,52.60878633173668,365.058244561881,136
3099.1,9,1107.0965250540635,4.800000000000001,52.63568601001978,364.8745427118163,136
3099.2,9,1107.0965250540635,4.800000000000001,52.68527267239238,364.53126951966374,136
3099.3,9,1107.0965250540635,4.800000000000001,52.7267619961532,364.24494149877654,136
3099.4,9,1107.0965250540635,4.800000000000001,52.75932897087471,364.0241711597831,136
3099.5,9,1107.0965250540635,4.800000000000001,52.781982701123276,363.86693367424255,136
3099.6,9,1107.0965250540635,4.800000000000001,52.823676978123856,363.58247740552287,136
3099.7,9,1107.0965250540635,4.800000000000001,52.84009070730889,363.47280974595367,136
3099.8,9,1107.0965250540635,4.800000000000001,52.86991843521573,363.26907660161214,136
3099.9,9,1107.0965250540635,4.800000000000001,52.91750404452818,362.93888830241247,136
3100.0,9,1107.0965250540635,4.800000000000001,52.95275436004829,362.6988965008364,136
3100.1,9,1107.0965250540635,4.800000000000001,52.98495582360655,362.48007992606347,136
3100.2,9,1107.0965250540635,4.800000000000001,53.02438510314548,362.2106480593769,136
3100.3,9,1107.0965250540635,4.800000000000001,53.04452060667871,362.07654331662934,136
3100.4,9,1107.0965250540635,4.800000000000001,53.045255078329035,362.0988658038462,136
3100.5,9,1107.0965250540635,4.0,53.076220808613826,361.8923585589807,136
3100.6,8,1107.0640218296262,4.0,53.10375499971112,361.70271408354904,136
3100.7,8,1107.0640218296262,4.199999999999999,53.142372298432335,361.43707024198045,136
3100.8,8,1107.0640218296262,4.199999999999999,53.192998753436925,361.0900145740075,136
3100.9,8,1107.0640218296262,4.199999999999999,53.23330307428242,360.8167196961321,136
3101.0,8,1107.0640218296262,4.199999999999999,53.17805131553358,361.1620138786327,136
3101.1,8,1107.0640218296262,4.199999999999999,53.26431115806237,360.5793542174589,136
3101.2,8,1107.0640218296262,4.199999999999999,53.31626653097812,360.2230610333815,136
3101.3,8,1107.0640218296262,4.199999999999999,53.360547260944266,359.9209149130969,136
3101.4,8,1107.0640218296262,4.199999999999999,53.39120568528746,359.7165497028727,136
3101.5,8,1107.0640218296262,4.199999999999999,53.435489042778215,359.4179151253802,136
3101.6,8,1107.0640218296262,4.199999999999999,53.490874830497205,359.04126329107226,136
3101.7,8,1107.0640218296262,4.199999999999999,53.52637411941804,358.8028489154351,136
3101.8,8,1107.0640218296262,4.199999999999999,53.57311491959126,358.486687605356,136
3101.9,8,1107.0640218296262,4.199999999999999,53.616353455633245,358.19611076285724,136
3102.0,8,1107.0640218296262,4.199999999999999,53.65509073229015,357.9402503148547,136
3102.1,8,1107.0640218296262,4.199999999999999,53.69783948109108,357.6543360079213,136
3102.2,9,1107.0640218296262,3.5,53.747195341662234,357.32539611075447,136
3102.3,9,1107.0640218296262,4.800000000000001,53.79678909405341,356.9927063977176,136
3102.4,9,1107.0640218296262,4.800000000000001,53.82233449207588,356.8243043981498,136
3102.5,9,1107.0640218296262,4.800000000000001,53.872226786832016,356.49288039498003,136
3102.6,9,1107.0640218296262,4.800000000000001,53.89885296205133,356.31829138189767,136
3102.7,9,1107.0640218296262,4.800000000000001,53.940358017444034,356.0465324261604,136
3102.8,9,1107.0640218296262,4.800000000000001,53.86398208669716,356.5791017277909,136
3102.9,8,1107.0113037087806,4.0,53.90701472327417,356.29301022610196,136
3103.0,8,1107.0113037087806,4.199999999999999,53.94016228737355,356.0762217905917,136
3103.1,8,1107.0113037087806,4.199999999999999,53.97699021063073,355.83237411036265,136
3103.2,8,1107.0113037087806,4.199999999999999,54.00912020237551,355.62258117483964,136
3103.3,8,1107.0113037087806,4.199999999999999,54.043581333488035,355.39951828469395,136
3103.4,8,1107.0113037087806,4.199999999999999,54.092679366882535,355.076512164164,136
3103.5,8,1107.0113037087806,4.199999999999999,54.12336938483934,354.87833334186735,136
3103.6,8,1107.0113037087806,4.199999999999999,54.13500454119644,354.8018715941671,136
3103.7,9,1107.0113037087806,4.199999999999999,54.099913079601386,355.05301138633087,136
3103.8,9,1107.538025993231,4.800000000000001,54.11394979353384,354.9666025729056,137
3103.9,9,1107.538025993231,-100.0,54.166154600333726,354.62274924020016,137
3104.0,9,1107.538025993231,4.800000000000001,54.021446024041325,355.535085106418,137
3104.1,9,1107.538025993231,4.800000000000001,54.04952104893961,355.3495462019737,137
3104.2,9,1107.538025993231,4.800000000000001,54.089152511605334,355.0884945250318,137
3104.3,9,1107.538025993231,4.800000000000001,54.119063247506645,354.89427008351987,137
3104.4,9,1107.538025993231,4.800000000000001,54.15622803430562,354.65061099050604,137
3104.5,9,1107.538025993231,4.800000000000001,54.197359940099645,354.3806247501761,137
3104.6,11,1107.538025993231,4.0,54.223236765314795,354.21385551374834,137
3104.7,11,1107.538025993231,4.5,54.2430697528504,354.08740751367833,137
3104.8,11,1107.538025993231,4.5,54.28728080278522,353.7968537214921,137
3104.9,11,1107.538025993231,4.5,54.31567418119272,353.61110460469445,137
3105.0,11,1107.538025993231,4.5,54.33226030182263,353.50539229137297,137
3105.1,11,1107.538025993231,4.5,54.377095984170445,353.21048847340177,137
3105.2,11,1107.538025993231,4.5,54.41856042886437,352.93944790497176,137
3105.3,11,1107.538025993231,4.5,54.4270648805897,352.8901844683637,137
3105.4,11,1107.538025993231,4.5,54.30542054237194,353.64042742319,137
3105.5,11,1107.538025993231,4.5,54.332339274590645,353.46888686416514,137
3105.6,11,1107.538025993231,4.5,54.36902907291437,353.2286010387766,137
3105.7,11,1107.538025993231,4.5,54.411447702013334,352.9526246242285,137
3105.8,11,1107.538025993231,4.5,54.438464606249255,352.77603481352315,137
3105.9,11,1107.538025993231,5.4,54.46747844818828,352.5918495984505,137
3106.0,11,1107.538025993231,5.4,54.51009855714426,352.31340727206157,137
3106.1,11,1107.538025993231,4.5,54.53179100239545,352.17500862807515,137
3106.2,11,1107.538025993231,4.5,54.55632758940624,352.01845424859425,137
3106.3,11,1107.538025993231,4.5,54.56789491132076,351.94610398855593,137
3106.4,11,1107.538025993231,4.5,54.59972256240145,351.73939627513187,137
3106.5,11,1107.538025993231,4.5,54.6157674714864,351.6374874931514,137
3106.6,11,1107.538025993231,4.5,54.65286013054168,351.3579911652945,137
3106.7,11,1107.538025993231,4.5,54.51102264845057,352.3008743203328,137
3106.8,11,1107.538025993231,4.5,54.54403434369482,352.0871321351332,137
3106.9,11,1107.538025993231,4.5,54.574297651114634,351.8925019675911,137
3107.0,11,1107.538025993231,4.5,54.589604367188336,351.79650531266066,137
3107.1,11,1107.538025993231,4.5,54.62062184030257,351.59626849350917,137
3107.2,11,1107.538025993231,4.5,54.63667817876935,351.492263362216,137
3107.3,11,1107.538025993231,4.5,54.651619894370626,351.39874214647125,137
3107.4,11,1107.538025993231,4.5,54.67839159495064,351.2298936167702,137
3107.5,11,1107.538025993231,4.5,54.69949729379089,351.09783976774133,137
3107.6,11,1107.538025993231,4.5,54.717883280366095,350.98303074716824,137
3107.7,11,1107.538025993231,4.5,54.58498358409945,351.87773767944475,137
3107.8,11,1107.538025993231,4.5,54.590998318527014,351.84935364827874,137
3107.9,9,1107.538025993231,3.6,54.61959178082864,351.6695860536114,137
3108.0,9,1107.538025993231,4.0,54.65534205717619,351.44062887244087,137
3108.1,9,1107.538025993231,4.0,54.67064305603669,351.3484989544391,137
3108.2,9,1107.538025993231,4.0,54.70160846321359,351.1520467664743,137
3108.3,9,1107.538025993231,4.0,54.72149323024328,351.03141160624125,137
3108.4,9,1107.538025993231,4.0,54.75345299410847,350.8283712328764,137
3108.5,9,1107.538025993231,4.0,54.767013374721756,350.7487980877928,137
3108.6,9,1107.538025993231,4.0,54.79173093338004,350.5924507664406,137
3108.7,9,1107.538025993231,4.0,54.80068107747029,350.53930507666405,137
3108.8,9,1107.538025993231,4.0,54.71924911470258,351.0313453850858,137
3108.9,9,1107.538025993231,4.0,54.71236321901593,351.08196761261615,137
3109.0,11,1107.538025993231,3.2,54.71766699587087,351.0472582384266,137
3109.1,11,1107.538025993231,4.5,54.73634127698917,350.92774657458176,137
3109.2,11,1107.538025993231,4.5,54.73657998842689,350.92946363729817,137
3109.3,11,1107.538025993231,4.5,54.74571897027238,350.87211829678245,137
3109.4,11,1107.538025993231,4.5,54.75894062827729,350.7885882785557,137
3109.5,11,1107.538025993231,4.5,54.763648113371815,350.7618974306571,137
3109.6,11,1107.538025993231,4.5,54.7633979550169,350.7633606895945,137
3109.7,11,1107.538025993231,4.5,54.772832323400046,350.7053791906151,137
3109.8,11,1107.538025993231,4.5,54.765665920360284,350.6949156562368,137
3109.9,11,1107.538025993231,4.5,54.79641553987518,350.4972940540183,137
3110.0,11,1107.538025993231,4.5,54.80679408494902,350.43309958034104,137
3110.1,9,1107.6847056775625,3.6,54.81485154390715,350.3856200345806,137
3110.2,9,1107.6847056775625,4.0,54.72297441356552,350.9978660342945,137
3110.3,9,1107.6847056775625,4.0,54.74147666484123,350.87670640034787,137
3110.4,9,1107.6847056775625,4.0,54.65369140070057,351.4135256278723,137
3110.5,11,1107.6847056775625,3.2,54.671819142493874,351.29779999507025,137
3110.6,11,1107.6847056775625,4.5,54.689427620110365,351.18752686926155,137
3110.7,11,1107.6847056775625,4.5,54.771282766032186,350.65092068066724,137
3110.8,11,1107.6847056775625,4.5,54.859856697729825,350.1013364315796,137
3110.9,11,1107.6847056775625,4.5,54.87882163738993,349.9823454152531,137
3111.0,11,1107.6847056775625,4.5,54.88712319347047,349.92829519607835,137
3111.1,11,1107.6847056775625,4.5,54.91241080457,349.76952827312255,137
3111.2,11,1107.6847056775625,4.5,54.9387751680811,349.60030022145804,137
3111.3,11,1107.6847056775625,4.5,54.95376253082287,349.5059699710067,137
3111.4,11,1107.6847056775625,4.5,54.984960260765966,349.3065416925284,137
3111.5,11,1107.6847056775625,4.5,54.99897067528416,349.2191299519331,137
3111.6,11,1107.6847056775625,4.5,55.008519532850976,349.15972966739554,137
3111.7,11,1107.6847056775625,4.5,55.00803349706002,349.16688510904555,137
3111.8,11,1107.6847056775625,4.5,55.02468425112299,349.06290834746005,137
3111.9,11,1107.6847056775625,4.5,54.912175971699824,349.81551688952084,137
3112.0,11,1107.6847056775625,4.5,54.924306016244536,349.74065697694016,137
3112.1,11,1107.6847056775625,4.5,54.93899291306083,349.64847003267494,137
3112.2,11,1107.6847056775625,4.5,54.95341379858618,349.5606216088552,137
3112.3,11,1107.6847056775625,4.5,54.98217854943046,349.3774265116325,137
3112.4,11,1107.6847056775625,4.5,55.00242448069703,349.24959465172105,137
3112.5,9,1107.6847056775625,3.6,55.03279113780701,349.0561540823759,137
3112.6,9,1107.6847056775625,4.0,55.05102146026218,348.94078445808987,137
3112.7,9,1107.6847056775625,4.0,55.06948955652469,348.8257769167003,137
3112.8,9,1107.6847056775625,4.0,54.96999760380044,349.42869599500773,137
3112.9,9,1107.6847056775625,4.0,54.9817521193001,349.35622119161883,137
3113.0,9,1107.6847056775625,4.0,55.14218844235313,348.2422401428994,137
3113.1,9,1107.6847056775625,4.0,55.16074692692152,348.125207323488,137
3113.2,9,1107.6847056775625,4.0,55.21535268065752,347.79119789014106,137
3113.3,9,1107.6847056775625,4.0,55.240911390977644,347.6287242063902,137
3113.4,9,1107.6847056775625,4.0,55.25685448868087,347.5307207657266,137
3113.5,9,1107.6847056775625,4.0,55.28033582731905,347.38264860049003,137
3113.6,9,1107.6847056775625,4.0,55.294445147693416,347.2947782816675,137
3113.7,9,1107.6847056775625,4.0,55.309312442526476,347.2019850442792,137
3113.8,9,1107.6847056775625,4.0,55.16198838055979,348.1650293121607,137
3113.9,9,1107.6847056775625,4.0,55.18913580471899,347.99257149296795,137
3114.0,9,1107.6847056775625,4.0,55.21059063043279,347.8590589378176,137
3114.1,9,1107.6847056775625,4.0,55.2712693732298,347.4495110693199,137
3114.2,9,1107.8287000590797,4.0,55.302776140736015,347.2511599337103,137
3114.3,9,1107.8287000590797,4.800000000000001,55.188277030984395,347.94525165086463,137
3114.4,9,1107.8287000590797,4.800000000000001,55.20849294009755,347.81918486105593,137
3114.5,9,1107.8287000590797,4.800000000000001,55.2139735117273,347.79387761030796,137
3114.6,9,1107.8287000590797,5.6000000000000005,55.2273599923785,347.71200222834625,137
3114.7,9,1107.8287000590797,5.6000000000000005,55.242914794027165,347.61362133765016,137
3114.8,9,1107.8287000590797,5.6000000000000005,55.256429225980476,347.5297848783441,137
3114.9,9,1107.8287000590797,5.6000000000000005,55.282741349031134,347.3635808434232,137
3115.0,9,1107.8287000590797,5.6000000000000005,55.31617913592292,347.1546992982312,137
3115.1,9,1107.8287000590797,4.800000000000001,55.36374394229422,346.85459381223484,137
3115.2,9,1107.8287000590797,4.800000000000001,55.25371605695732,347.5693034998221,137
3115.3,9,1107.8287000590797,4.800000000000001,55.270412217537285,347.46337347396377,137
3115.4,9,1107.8287000590797,4.800000000000001,55.29809271302139,347.290058036014,137
3115.5,9,1107.8287000590797,4.800000000000001,55.36013001896223,346.89491381530706,137
3115.6,9,1107.8287000590797,4.800000000000001,55.367393229706096,346.8523920303227,137
3115.7,9,1107.8287000590797,4.800000000000001,55.39456466886493,346.68293552567917,137
3115.8,9,1107.8287000590797,4.800000000000001,55.40144097880699,346.6456983547299,137
3115.9,9,1107.8287000590797,4.800000000000001,55.453169324517376,346.32669170328575,137
3116.0,9,1107.8287000590797,4.800000000000001,55.463961347118655,346.26159192770535,137
3116.1,9,1107.8287000590797,4.800000000000001,55.33479564596018,347.03995055682685,137
3116.2,9,1107.8287000590797,4.800000000000001,55.35744311221603,346.90073414924063,137
3116.3,9,1107.8287000590797,4.800000000000001,55.3951182633607,346.66204248432473,137
3116.4,9,1107.8287000590797,4.800000000000001,55.39272688729323,346.67971150249485,137
3116.5,9,1107.8287000590797,4.0,55.43673420109549,346.3990636986906,137
3116.6,9,1107.8287000590797,4.0,55.45434395645554,346.29098226491453,137
3116.7,9,1107.8287000590797,4.0,55.47959780201303,346.13200209179297,137
3116.8,9,1107.8287000590797,4.0,55.505641135530354,345.97203102965847,137
3116.9,9,1107.8287000590797,4.0,55.533883762518116,345.7952179133871,137
3117.0,9,1107.8287000590797,4.0,55.553824343689755,345.6746257534868,137
3117.1,9,1107.8287000590797,4.0,55.57705645433181,345.5287241505496,137
3117.2,9,1107.8287000590797,4.0,55.5919720079634,345.4394765921284,137
3117.3,9,1107.8287000590797,4.0,55.61493441328402,345.2972978516158,137
3117.4,9,1107.8287000590797,4.0,55.631059591444966,345.1992557057144,137
3117.5,9,1107.8287000590797,4.0,55.644995651628186,345.1139289526877,137
3117.6,9,1107.8287000590797,4.0,55.6612314618067,345.0151838543583,137
3117.7,9,1107.8287000590797,4.0,55.68254070000869,344.8831401026122,137
3117.8,9,1107.8287000590797,4.0,55.59132418137676,345.43206400135284,137
3117.9,9,1107.8287000590797,4.0,55.62319938496096,345.2336731794765,137
3118.0,7,1107.9969365332777,4.0,55.63212677889571,345.1804675085134,137
3118.1,9,1107.9969365332777,4.199999999999999,55.67033890354004,344.94179363719144,137
3118.2,9,1107.9969365332777,4.800000000000001,55.69438803062543,344.7951078032188,137
3118.3,9,1107.9969365332777,4.800000000000001,55.734325206481806,344.5480180511793,137
3118.4,9,1107.9969365332777,4.800000000000001,55.77502917011975,344.298709264681,137
3118.5,9,1107.9969365332777,4.800000000000001,55.804307161226504,344.1176260471691,137
3118.6,9,1107.9969365332777,4.800000000000001,55.817934307860114,344.0337891699926,137
3118.7,9,1107.9969365332777,4.800000000000001,55.83699658489485,343.91398221389477,137
3118.8,9,1107.9969365332777,4.800000000000001,55.8185827122472,344.0300149239373,137
3118.9,9,1107.9969365332777,4.800000000000001,55.8294239454572,343.9628797049178,137
3119.0,9,1107.9969365332777,4.800000000000001,55.84093178704504,343.8929361169668,137
3119.1,9,1107.9969365332777,4.800000000000001,55.843904589234526,343.87480394665357,137
3119.2,9,1107.9969365332777,4.800000000000001,55.84366983454704,343.87846785384124,137
3119.3,9,1107.9969365332777,4.800000000000001,55.8551791251285,343.8086487776041,137
3119.4,9,1107.9969365332777,4.800000000000001,55.86117320048985,343.7730861249719,137
3119.5,9,1107.9969365332777,4.800000000000001,55.73270314101809,344.54237136550324,137
3119.6,9,1107.9969365332777,4.800000000000001,55.73081543979799,344.55663350429444,137
3119.7,9,1107.9969365332777,4.0,55.73341857077002,344.5198686797801,137
3119.8,9,1107.9969365332777,4.0,55.74430132581341,344.4542437970539,137
3119.9,9,1107.9969365332777,4.0,55.760576916317675,344.35424565655075,137
3120.0,9,1107.9969365332777,4.0,55.75438424419102,344.3949272591839,137
3120.1,9,1107.9969365332777,4.0,55.760962873354345,344.356771602422,137
3120.2,9,1107.9969365332777,4.0,55.760605374736784,344.3591790929041,137
3120.3,9,1107.9969365332777,4.0,55.754991369562646,344.39793112939617,137
3120.4,9,1107.9969365332777,4.0,55.77670399521963,344.26493361153496,137
3120.5,9,1107.9969365332777,4.0,55.77559021466014,344.27431779619985,137
3120.6,9,1107.9969365332777,4.0,55.77374103256417,344.2862897714421,137
3120.7,9,1107.9969365332777,4.0,55.64555344676094,345.09675737838825,137
3120.8,9,1107.9969365332777,4.0,55.63679505103758,345.1556285861277,137
3120.9,9,1107.9969365332777,4.0,55.62250659992701,345.24749613336695,137
3121.0,9,1107.9969365332777,4.0,55.61696557509969,345.28596878109937,137
3121.1,9,1107.9969365332777,4.0,55.44559346737934,346.32655978705805,137
3121.2,9,1107.9969365332777,4.0,55.4270925906612,346.4455464143569,137
3121.3,7,1108.0641610050066,3.2,55.419790898968735,346.4937743661767,137
3121.4,7,1108.1389646563018,4.199999999999999,55.40704599977256,346.5764109065004,137
3121.5,7,1108.1389646563018,4.199999999999999,55.39431346517273,346.66023462383635,137
3121.6,7,1108.1389646563018,4.199999999999999,55.38345970453777,346.73175165241196,137
3121.7,7,1108.1389646563018,4.199999999999999,55.37508358345676,346.78592757414424,137
3121.8,7,1108.1389646563018,4.199999999999999,55.37372095235236,346.76205096655434,137
3121.9,7,1108.1389646563018,4.199999999999999,55.362783776004,346.8339284736151,137
3122.0,7,1108.1389646563018,4.199999999999999,55.351273504046276,346.9095963081643,137
3122.1,9,1108.1389646563018,3.5,55.329572170614725,347.0481954547338,137
3122.2,9,1108.1389646563018,4.0,55.30918994419983,347.1783538072194,137
3122.3,11,1108.1389646563018,3.2,55.283818748176635,347.34113601358666,137
3122.4,11,1108.1389646563018,4.5,55.251442764117954,347.54839528841615,137
3122.5,11,1108.1389646563018,4.5,55.23971500434818,347.6251199621204,137
3122.6,11,1108.1389646563018,4.5,55.2260072025518,347.71467668160176,137
3122.7,11,1108.1389646563018,4.5,55.20623925446989,347.8436784236794,137
3122.8,11,1108.1389646563018,4.5,55.187698315578146,347.9622802039652,137
3122.9,11,1108.1389646563018,4.5,55.16885243541998,348.0865789813189,137
3123.0,11,1108.1389646563018,4.5,55.15682031434373,348.16425225097055,137
3123.1,11,1108.1389646563018,4.5,55.13359748836375,348.31514366999295,137
3123.2,11,1108.1389646563018,4.5,55.12131116922909,348.393810034613,137
3123.3,11,1108.1389646563018,4.5,55.08936864379645,348.59662892681,137
3123.4,11,1108.1389646563018,4.5,55.06977586000268,348.72420894498816,137
3123.5,11,1108.1389646563018,4.5,55.06764861655101,348.7395067485962,137
3123.6,11,1108.1389646563018,4.5,55.068010589932186,348.7380124476275,137
3123.7,11,1108.1389646563018,4.5,55.049585470331635,348.8574875280686,137
3123.8,11,1108.1389646563018,4.5,55.03308575770803,348.96290999311907,137
3123.9,11,1108.1389646563018,4.5,55.02638628323656,349.00815164518093,137
3124.0,11,1108.1389646563018,4.5,55.03053356207026,348.9790294310252,137
3124.1,11,1108.1389646563018,4.5,55.01893571007891,349.0568304497277,137
3124.2,11,1108.1389646563018,5.4,55.00677067403207,349.1370878359288,137
3124.3,11,1108.1389646563018,5.4,54.9999816563573,349.17709397103204,137
3124.4,11,1108.1389646563018,5.4,54.979201022821755,349.31189850427404,137
3124.5,11,1108.1389646563018,5.4,54.740119911065435,350.801259092868,137
3124.6,11,1108.1389646563018,5.4,54.73505734316855,350.8354318588333,137
3124.7,11,1108.1389646563018,5.4,54.702402858849936,351.0458810700391,137
3124.8,11,1108.1389646563018,5.4,54.67862381696338,351.200572785942,137
3124.9,11,1108.1389646563018,4.5,54.662391325041476,351.30532387298115,137
3125.0,11,1108.1389646563018,4.5,54.63817896364787,351.46324083846173,137
3125.1,11,1108.1389646563018,4.5,54.62479697836477,351.54980529728437,137
3125.2,11,1108.1389646563018,4.5,54.60458126548396,351.68031415784986,137
3125.3,11,1108.1389646563018,4.5,54.5863458725062,351.79910693491956,137
3125.4,11,1108.1389646563018,4.5,54.58305915982714,351.77631063405437,137
3125.5,11,1108.1389646563018,4.5,54.56347134411698,351.90362683301754,137
3125.6,11,1108.1389646563018,4.5,54.552840712054916,351.9738184278117,137
3125.7,11,1108.1389646563018,4.5,54.545428882104375,352.0213303434135,137
3125.8,11,1108.1389646563018,4.5,54.54196275181252,352.0461995137731,137
3125.9,11,1108.1389646563018,4.5,54.53034266148612,352.12134668531235,137
3126.0,11,1108.1389646563018,4.5,54.5293548095827,352.1274776013165,137
3126.1,11,1108.1389646563018,4.5,54.510288141936186,352.2517563919009,137
3126.2,11,1108.1389646563018,4.5,54.49622502455891,352.3435787831893,137
3126.3,7,1108.082956082099,3.6,54.39062819870361,353.03998585869033,137
3126.4,11,1108.082956082099,4.199999999999999,54.38967101424609,353.0468325279329,137
3126.5,11,1108.082956082099,4.5,54.39522676594099,353.0096689202469,137
3126.6,11,1108.082956082099,4.5,54.38630603674419,353.06814417834744,137
3126.7,11,1108.082956082099,4.5,54.36808683767957,353.1860175673786,137
3126.8,11,1108.082956082099,4.5,54.36662614127905,353.19479481568123,137
3126.9,11,1108.082956082099,4.5,54.35696545703791,353.2569076624797,137
3127.0,11,1108.082956082099,4.5,54.36115839402234,353.2094815300645,137
3127.1,11,1108.082956082099,4.5,54.35874925170985,353.22426810963407,137
3127.2,11,1108.082956082099,4.5,54.34881999238571,353.2886300367493,137
3127.3,11,1108.082956082099,4.5,54.18688519858816,354.33421102342606,137
3127.4,11,1108.082956082099,4.5,54.18170508151154,354.3674918494469,137
3127.5,11,1108.082956082099,4.5,54.03230182978167,355.35509848646757,137
3127.6,11,1108.082956082099,4.5,54.02363725208885,355.41221489069557,137
3127.7,11,1108.082956082099,4.5,54.01439987067303,355.47307603848895,137
3127.8,11,1108.082956082099,4.5,54.01519447820189,355.4677295528056,137
3127.9,11,1108.082956082099,4.5,54.00924623968656,355.50811399310004,137
3128.0,11,1108.082956082099,4.5,54.00535256298716,355.53252821338333,137
3128.1,11,1108.082956082099,4.5,54.00546755395371,355.531112968314,137
3128.2,11,1108.082956082099,4.5,53.99408365078936,355.6061869595035,137
3128.3,11,1108.082956082099,4.5,53.97656292544491,355.7209912239405,137
3128.4,11,1108.082956082099,4.5,53.954759339355626,355.86458553343414,137
3128.5,11,1108.082956082099,4.5,53.940918605758974,355.9555597834848,137
3128.6,11,1108.082956082099,4.5,53.75327184019572,357.2134892763466,137
3128.7,11,1108.082956082099,4.5,53.736574849008875,357.3253078508401,137
3128.8,11,1108.082956082099,4.5,53.71785897866818,357.4489984914999,137
3128.9,11,1108.082956082099,4.5,53.68665864217469,357.6563388262816,137
3129.0,11,1108.082956082099,4.5,53.67256360676176,357.74972428550404,137
3129.1,11,1108.082956082099,4.5,53.652974527155195,357.880425241261,137
3129.2,11,1108.082956082099,4.5,53.63015287117908,358.0322446997054,137
3129.3,11,1108.082956082099,4.5,53.615853969176925,358.125830962917,137
3129.4,11,1108.082956082099,4.5,53.59412084978028,358.26705178315956,137
3129.5,7,1108.050687171699,4.5,53.5806452457343,358.35590341951684,137
3129.6,7,1107.9902185247436,4.8999999999999995,53.55944318503367,358.49881405958445,137
3129.7,7,1107.9902185247436,4.8999999999999995,53.55043657055873,358.55891582153987,137
3129.8,7,1107.9902185247436,4.8999999999999995,53.5732343822968,358.4057383009175,137
3129.9,7,1107.9902185247436,4.8999999999999995,53.56106931704254,358.48811119490745,137
3130.0,7,1107.9902185247436,4.8999999999999995,53.57772855304454,358.3756771525108,137
3130.1,7,1107.9902185247436,4.8999999999999995,53.5778635753917,358.37527933768024,137
3130.2,7,1107.9902185247436,4.8999999999999995,53.59580533761202,358.25418785193835,137
3130.3,7,1107.9902185247436,4.8999999999999995,53.59486812358874,358.2617118637163,137
3130.4,7,1107.9902185247436,4.8999999999999995,53.60193494327113,358.21463023091303,137
3130.5,7,1107.9902185247436,4.8999999999999995,53.62161825854977,358.0818425154773,137
3130.6,7,1107.9902185247436,4.8999999999999995,53.619404280382085,358.09762548238166,137
3130.7,7,1107.9902185247436,4.8999999999999995,53.646512480251545,357.9164139239742,137
3130.8,7,1107.9902185247436,4.8999999999999995,53.663227284757696,357.8063006042887,137
3130.9,11,1107.9902185247436,4.8999999999999995,53.663040619564796,357.8077294526874,137
3131.0,7,1107.9902185247436,3.6,53.48762429085929,359.0052564020003,137
3131.1,7,1107.9902185247436,4.8999999999999995,53.51526579207206,358.8206415453831,137
3131.2,7,1107.9902185247436,4.8999999999999995,53.51852950227523,358.8014279927495,137
3131.3,7,1107.9902185247436,4.8999999999999995,53.533503842274335,358.6998935739754,137
3131.4,7,1107.9902185247436,4.8999999999999995,53.52235367308063,358.77756089147164,137
3131.5,7,1107.9902185247436,4.8999999999999995,53.535369400335895,358.69029279270285,137
3131.6,7,1107.9902185247436,4.8999999999999995,53.53089699693455,358.72204713371536,137
3131.7,7,1107.9274255237451,4.8999999999999995,53.54430712625946,358.63318545847545,137
3131.8,7,1107.9274255237451,5.6,53.55463050194247,358.56569550091706,137
3131.9,7,1107.9274255237451,4.8999999999999995,53.555912571475204,358.5591362152999,137
3132.0,7,1107.9274255237451,4.8999999999999995,53.56979036867129,358.46609622615915,137
3132.1,7,1107.9274255237451,4.8999999999999995,53.568131381810474,358.4792687129051,137
3132.2,7,1107.9274255237451,4.8999999999999995,53.57218679950958,358.4479061113577,137
3132.3,7,1107.9274255237451,4.8999999999999995,53.563445904527,358.50899142719913,137
3132.4,7,1107.9274255237451,4.8999999999999995,53.394423787318914,359.62163316773314,137
3132.5,7,1107.9274255237451,4.8999999999999995,53.39869645507346,359.59220677152575,137
3132.6,7,1107.9274255237451,4.8999999999999995,53.399562220061895,359.58786512282006,137
3132.7,7,1107.9274255237451,4.8999999999999995,53.40845669108505,359.5275087485953,137
3132.8,7,1107.9274255237451,4.8999999999999995,53.57283784142541,358.40717304502135,137
3132.9,7,1107.9274255237451,4.8999999999999995,53.57176163812607,358.41535122839423,137
3133.0,7,1107.9274255237451,4.8999999999999995,53.56806717339062,358.4412984028613,137
3133.1,7,1107.9274255237451,4.8999999999999995,53.56933087816351,358.43308444435,137
3133.2,7,1107.9274255237451,4.8999999999999995,53.719524850084596,357.4486865090683,137
3133.3,7,1107.9274255237451,4.8999999999999995,53.727580628121714,357.39611606939064,137
3133.4,7,1107.9274255237451,4.8999999999999995,53.722094636209654,357.4331264176762,137
3133.5,7,1107.9274255237451,4.8999999999999995,53.724218563937015,357.41981940457373,137
3133.6,7,1107.9274255237451,4.8999999999999995,53.7304156131064,357.37856392221113,137
3133.7,7,1107.9274255237451,4.199999999999999,53.73207930918221,357.36890935196175,137
3133.8,7,1107.9274255237451,4.199999999999999,53.73802837760201,357.32776205351644,137
3133.9,9,1107.9274255237451,4.199999999999999,53.735335100432984,357.34644929972023,137
3134.0,7,1107.9274255237451,4.0,53.743582202927826,357.29091903089926,137
3134.1,7,1107.8654226344518,4.199999999999999,53.74742558202672,357.26622267358186,137
3134.2,7,1107.8654226344518,4.8999999999999995,53.751325842816996,357.23986698233637,137
3134.3,7,1107.8654226344518,4.8999999999999995,53.75103270357486,357.24397324588847,137
3134.4,7,1107.8654226344518,4.8999999999999995,53.76134962829032,357.17769092747113,137
3134.5,7,1107.8654226344518,4.8999999999999995,53.75591047304739,357.21419813692046,137
3134.6,7,1107.8654226344518,4.8999999999999995,53.89125510027553,356.3401313205933,137
3134.7,7,1107.8654226344518,4.8999999999999995,53.90255430328514,356.2645331253651,137
3134.8,7,1107.8654226344518,4.8999999999999995,53.90766646186827,356.2314114090568,137
3134.9,7,1107.8654226344518,4.8999999999999995,53.91466156237938,356.18455457746643,137
3135.0,7,1107.8654226344518,4.8999999999999995,53.90598637384636,356.2426647107192,137
3135.1,7,1107.8654226344518,4.8999999999999995,53.91823296768999,356.1611738867949,137
3135.2,9,1107.8654226344518,4.199999999999999,53.9260407554069,356.1095596927295,137
3135.3,9,1107.8654226344518,4.800000000000001,53.917313115110346,356.16863835432,137
3135.4,9,1107.8654226344518,4.800000000000001,54.044876543014695,355.3062384557304,137
3135.5,9,1107.8654226344518,4.800000000000001,54.04961002472923,355.2763947376076,137
3135.6,9,1107.8654226344518,4.800000000000001,54.052202943754594,355.261103839019,137
3135.7,9,1107.8654226344518,4.800000000000001,54.06190264514139,355.1958338979523,137
3135.8,9,1107.8654226344518,4.800000000000001,54.05872682447466,355.21747440698783,137
3135.9,9,1107.8654226344518,4.800000000000001,54.07235258287356,355.1261487368779,137
3136.0,9,1107.8654226344518,4.800000000000001,54.06652796393553,355.1652930093787,137
3136.1,9,1107.8654226344518,4.800000000000001,54.07555071901952,355.10450696080045,137
3136.2,9,1107.8654226344518,4.800000000000001,54.08288136988739,355.05841040969904,137
3136.3,9,1107.8654226344518,4.800000000000001,54.098292250262375,354.95435910040135,137
3136.4,7,1107.8049655561015,4.800000000000001,54.09119936450129,355.0041807311488,137
3136.5,7,1107.8049655561015,4.8999999999999995,54.09359969420585,354.9851339817211,137
3136.6,7,1107.8049655561015,4.8999999999999995,54.076673438591584,355.0981037907843,137
3136.7,7,1107.8049655561015,4.8999999999999995,54.07030081098249,355.138931205599,137
3136.8,7,1107.8049655561015,4.8999999999999995,54.0737753482248,355.11564291334844,137
3136.9,7,1107.8049655561015,4.8999999999999995,53.90027207733546,356.2864470109166,137
3137.0,7,1107.8049655561015,4.8999999999999995,53.89260957750137,356.3388283477264,137
3137.1,7,1107.8049655561015,4.8999999999999995,53.900402820613735,356.2858170502441,137
3137.2,7,1107.8049655561015,4.8999999999999995,53.89363881283887,356.3314733061329,137
3137.3,7,1107.8049655561015,4.8999999999999995,53.8920223902242,356.3397505015164,137
3137.4,7,1107.8049655561015,4.8999999999999995,53.90909985716153,356.2239404064454,137
3137.5,7,1107.8049655561015,4.8999999999999995,53.90438587756071,356.26018022130233,137
3137.6,7,1107.8049655561015,4.8999999999999995,53.939861903161635,356.02390113568356,137
3137.7,9,1107.8049655561015,4.199999999999999,53.939530341360424,356.02927616860575,137
3137.8,9,1107.8049655561015,5.6000000000000005,54.08380546850834,355.06083477710683,137
3137.9,9,1107.8049655561015,5.6000000000000005,54.084330415122594,355.0595237727377,137
3138.0,9,1107.8049655561015,5.6000000000000005,54.095474631828836,354.9873099285538,137
3138.1,9,1107.8049655561015,5.6000000000000005,54.098402260322345,354.9727743499484,137
3138.2,9,1107.8049655561015,5.6000000000000005,54.104826045988844,354.9336373199353,137
3138.3,9,1107.8049655561015,5.6000000000000005,54.115226608219835,354.86545317119544,137
3138.4,9,1107.8049655561015,5.6000000000000005,54.12359131053664,354.81384864535767,137
3138.5,9,1107.8049655561015,5.6000000000000005,54.1294215748934,354.7779828046776,137
3138.6,9,1107.8049655561015,5.6000000000000005,54.119987665773834,354.8431605327829,137
3138.7,9,1107.8049655561015,5.6000000000000005,54.14739924820367,354.66471994109577,137
3138.8,9,1107.8049655561015,5.6000000000000005,54.14220284052034,354.7021691857286,137
3138.9,9,1107.8049655561015,5.6000000000000005,54.143655109002395,354.695879211151,137
3139.0,9,1107.8049655561015,5.6000000000000005,54.140445365286844,354.71828526062836,137
3139.1,9,1107.8049655561015,5.6000000000000005,54.172709447329254,354.46918024602314,137
3139.2,7,1107.7503100893434,4.800000000000001,54.17827108641384,354.4371651538156,137
3139.3,7,1107.7503100893434,4.8999999999999995,54.34369153594402,353.38969796106704,137
3139.4,7,1107.7503100893434,4.8999999999999995,54.33284019229859,353.46512177020566,137
3139.5,7,1107.7503100893434,4.8999999999999995,54.323562425552495,353.5273135545326,137
3139.6,7,1107.7503100893434,4.8999999999999995,54.315023326758435,353.5868832512085,137
3139.7,7,1107.7503100893434,4.8999999999999995,54.31983556630874,353.55940484761646,137
3139.8,7,1107.7503100893434,4.8999999999999995,54.31258555366185,353.6093402587219,137
3139.9,7,1107.7503100893434,4.8999999999999995,54.31729260229707,353.57812074770857,137
3140.0,7,1107.7503100893434,4.8999999999999995,54.31059802703239,353.626518060859,137
3140.1,7,1107.7503100893434,4.8999999999999995,54.38722824581846,353.1943881875417,137
3140.2,7,1107.7503100893434,4.8999999999999995,54.52228341766658,352.362364275642,137
3140.3,7,1107.7503100893434,4.8999999999999995,54.51787171998436,352.39401392015236,137
3140.4,7,1107.7503100893434,4.8999999999999995,54.5083459794826,352.46085308006184,137
3140.5,7,1107.7503100893434,4.8999999999999995,54.518635863296566,352.3965776303627,137
3140.6,7,1107.7503100893434,4.8999999999999995,54.51185582641207,352.4456381223626,137
3140.7,7,1107.7503100893434,4.8999999999999995,54.509049972849866,352.4667330784834,137
3140.8,7,1107.688219658335,4.8999999999999995,54.50114370702063,352.5206576599484,137
3140.9,7,1107.688219658335,5.6,54.51501541835338,352.43491909178283,137
3141.0,7,1107.688219658335,5.6,54.513871674076924,352.45414218399924,137
3141.1,7,1107.688219658335,5.6,54.52925272716509,352.35452299806695,137
3141.2,7,1107.688219658335,5.6,54.54238889343953,352.2745573367715,137
3141.3,7,1107.688219658335,5.6,54.56327532089201,352.1443213943836,137
3141.4,7,1107.688219658335,5.6,54.56231579449117,352.1537205940549,137
3141.5,7,1107.688219658335,5.6,54.57132494422784,352.1001149163506,137
3141.6,7,1107.688219658335,5.6,54.58821393786246,351.9961496463835,137
3141.7,7,1107.688219658335,5.6,54.595912649496185,351.9524391502664,137
3141.8,7,1107.688219658335,5.6,54.32138449727055,353.65332758260377,137
3141.9,7,1107.688219658335,5.6,54.33497480053447,353.56897430030074,137
3142.0,7,1107.688219658335,5.6,54.34074885473947,353.53534348068615,137
3142.1,7,1107.688219658335,5.6,54.34026291138006,353.54070953607606,137
3142.2,7,1107.688219658335,5.6,54.34913327055386,353.48778302439536,137
3142.3,7,1107.688219658335,5.6,54.35096186604477,353.4817614251476,137
3142.4,7,1107.688219658335,5.6,54.35475533043388,353.4594438782025,137
3142.5,7,1107.688219658335,5.6,54.436811278081066,352.89912017901065,137
3142.6,7,1107.688219658335,5.6,54.42848354040686,352.95702601466627,137
3142.7,7,1107.688219658335,5.6,54.43245550578479,352.934439236215,137
3142.8,7,1107.688219658335,5.6,54.54516360240328,352.24830755090875,137
3142.9,7,1107.688219658335,5.6,54.541054787859835,352.27901056456426,137
3143.0,7,1107.625784639628,5.6,54.377488231279216,353.403250026848,137
3143.1,7,1107.625784639628,6.3,54.37715471240197,353.4071397458557,137
3143.2,7,1107.625784639628,6.3,54.378039874276645,353.3995806576498,137
3143.3,7,1107.625784639628,6.3,54.372780298655755,353.4354811902799,137
3143.4,7,1107.625784639628,6.3,54.362643615727464,353.5022607604707,137
3143.5,7,1107.625784639628,6.3,54.434201259528045,353.0080895930359,137
3143.6,7,1107.625784639628,6.3,54.43658214753664,352.99755082438446,137
3143.7,7,1107.625784639628,6.3,54.37577254406963,353.47813665872695,137
3143.8,7,1107.625784639628,6.3,54.38658921643557,353.40869204728205,137
3143.9,7,1107.625784639628,6.3,54.38104623366668,353.4506543697165,137
3144.0,7,1107.625784639628,6.3,54.379489323442,353.46452200903775,137
3144.1,7,1107.625784639628,6.3,54.37465518024238,353.5001290395094,137
3144.2,7,1107.625784639628,6.3,54.377225141016794,353.4818510582909,137
3144.3,7,1107.625784639628,6.3,54.363587662177984,353.57382546092254,137
3144.4,7,1107.625784639628,6.3,54.350008690799655,353.66671756062607,137
3144.5,7,1107.625784639628,6.3,54.348517480745414,353.67751783754,137
3144.6,7,1107.625784639628,6.3,54.340263775970456,353.7374581625603,137
3144.7,7,1107.625784639628,6.3,54.332897327568496,353.7863996048677,137
3144.8,7,1107.625784639628,6.3,54.3309539309667,353.80209589937704,137
3144.9,7,1107.625784639628,6.3,54.33291460369733,353.7908191174648,137
3145.0,7,1107.625784639628,6.3,54.42701511360534,353.2268175998012,137
3145.1,7,1107.625784639628,6.3,54.40217564109953,353.39140289433215,137
3145.2,7,1107.625784639628,6.3,54.40245306946841,353.3904876297516,137
3145.3,7,1107.625784639628,6.3,54.38271975850755,353.5248585099082,137
3145.4,7,1107.625784639628,6.3,54.381513578860115,353.5331004978659,137
3145.5,7,1107.5640616738558,6.3,54.38086375504807,353.535747093293,137
3145.6,7,1107.5640616738558,7.0,54.3577131750867,353.69467066572565,137
3145.7,7,1107.5640616738558,7.0,54.35953054862491,353.68192434907394,137
3145.8,7,1107.5640616738558,7.0,54.34843585733729,353.75768605363965,137
3145.9,7,1107.5640616738558,7.0,54.35170242082213,353.7307499709078,137
3146.0,7,1107.5640616738558,7.0,54.34821700118026,353.7488627148308,137
3146.1,7,1107.5640616738558,7.0,54.3286660201758,353.8826954317457,137
3146.2,7,1107.5640616738558,6.3,54.30872444108341,354.0186596497369,137
3146.3,7,1107.5640616738558,6.3,54.37907942065017,353.5235202240309,137
3146.4,7,1107.5640616738558,6.3,54.37592169499665,353.54307163807266,137
3146.5,7,1107.5640616738558,6.3,54.35360213382717,353.69631187737343,137
3146.6,7,1107.5640616738558,6.3,54.341888201823295,353.77232895184034,137
3146.7,7,1107.5640616738558,6.3,54.319582874023276,353.9246887010919,137
3146.8,7,1107.5640616738558,6.3,54.31317573076732,353.9698252529329,137
3146.9,7,1107.5640616738558,6.3,54.29731021407697,354.0754460867346,137
3147.0,7,1107.5640616738558,6.3,54.28732545637415,354.1397355587916,137
3147.1,7,1107.5640616738558,6.3,54.281125974391664,354.17932230888835,137
3147.2,7,1107.5640616738558,6.3,54.35702138382024,353.72732878438353,137
3147.3,7,1107.5640616738558,6.3,54.3322905741619,353.8960316345897,137
3147.4,7,1107.5640616738558,5.6,54.309017515424955,354.0465149083425,137
3147.5,7,1107.5640616738558,5.6,54.30104876720193,354.1011222838691,137
3147.6,7,1107.5640616738558,5.6,54.292824901239854,354.1585290123015,137
3147.7,7,1107.5640616738558,5.6,54.27823551445366,354.25261935621955,137
3147.8,7,1107.5640616738558,5.6,54.245912942535554,354.4667047093484,137
3147.9,7,1107.5640616738558,5.6,54.223036156498736,354.6172008111734,137
3148.0,7,1107.5640616738558,5.6,54.219871341667925,354.64203938115054,137
3148.1,7,1107.5640616738558,5.6,54.20599603428694,354.72893701749024,137
3148.2,7,1107.5640616738558,5.6,54.204693007917996,354.72870393036106,137
3148.3,7,1107.5640616738558,5.6,54.18427289364942,354.8725319078832,137
3148.4,7,1107.5640616738558,5.6,54.02128068579955,356.0222268374985,137
3148.5,7,1107.5640616738558,5.6,54.00561224317778,356.1246051463237,137
3148.6,7,1107.5640616738558,5.6,53.98497494552434,356.2715894817127,137
3148.7,7,1107.5640616738558,5.6,53.982407076839024,356.27796404053436,137
3148.8,7,1107.5640616738558,5.6,54.00668643221412,356.0959585803313,137
3148.9,7,1107.5640616738558,5.6,54.11998679221054,355.4136959702725,137
3149.0,7,1107.5640616738558,5.6,54.10881231661001,355.4941946029685,137
3149.1,7,1107.5640616738558,5.6,54.10429631127553,355.51295370724256,137
3149.2,7,1107.5640616738558,5.6,54.07277026073216,355.7241036510243,137
3149.3,7,1107.5021962233861,5.6,54.06013715201519,355.8084879121013,137
3149.4,7,1107.5021962233861,5.6,54.04238901652404,355.92497862005837,137
3149.5,7,1107.5021962233861,5.6,54.012051680137304,356.13155515202817,137
3149.6,7,1107.5021962233861,5.6,53.99301534995578,356.2537668248579,137
3149.7,7,1107.5021962233861,5.6,53.98220351139793,356.32507361214937,137
3149.8,7,1107.5021962233861,5.6,53.96619253795981,356.424590830085,137
3149.9,7,1107.5021962233861,5.6,53.956884749771476,356.48674832557964,137
3150.0,7,1107.5021962233861,5.6,53.94481728320386,356.5654538522608,137
3150.1,7,1107.5021962233861,5.6,53.9397407429175,356.58703219088653,137
3150.2,7,1107.5021962233861,5.6,53.91281182701973,356.7683746814447,137
3150.3,7,1107.5021962233861,5.6,53.90070919466514,356.85043985164896,137
3150.4,7,1107.5021962233861,5.6,53.872204389497654,356.98180311567614,137
3150.5,7,1107.5021962233861,5.6,53.949439464787176,356.50612494386036,137
3150.6,7,1107.5021962233861,5.6,53.77622867704741,357.56602530403103,137
3150.7,7,1107.5021962233861,5.6,53.76105359958611,357.6635336541103,137
3150.8,7,1107.5021962233861,4.8999999999999995,53.7411484041902,357.80043829417605,137
3150.9,8,1107.6081909243053,4.8999999999999995,53.72895064342765,357.88003203360665,137
3151.0,8,1107.6679132618408,4.8999999999999995,53.716802659600546,357.9561081798006,137
3151.1,8,1107.695347715538,4.8999999999999995,53.70770559870847,358.0099362714784,137
3151.2,8,1107.695347715538,4.8999999999999995,53.68576225846448,358.155838779816,137
3151.3,8,1107.695347715538,4.8999999999999995,53.665425852562706,358.29415992074485,137
3151.4,8,1107.695347715538,4.8999999999999995,53.47627550646183,359.66133568095904,137
3151.5,8,1107.695347715538,4.8999999999999995,53.535340577040124,359.2239635337942,137
3151.6,8,1107.695347715538,4.8999999999999995,53.51533929979576,359.365684509782,137
3151.7,8,1107.695347715538,4.8999999999999995,53.50434487511386,359.43917385053095,137
3151.8,8,1107.695347715538,4.8999999999999995,53.498656437942024,359.4840654567107,137
3151.9,8,1107.695347715538,4.8999999999999995,53.48890916445826,359.54723047123895,137
3152.0,8,1107.695347715538,4.8999999999999995,53.4717564679883,359.66354221132383,137
3152.1,8,1107.695347715538,4.8999999999999995,53.45909312103525,359.7542376511525,137
3152.2,8,1107.695347715538,4.8999999999999995,53.420554676784995,359.9684663629839,137
3152.3,8,1107.695347715538,4.8999999999999995,53.41181147307369,360.0301768778957,137
3152.4,8,1107.695347715538,4.8999999999999995,53.37091175570061,360.2803268681955,137
3152.5,8,1107.695347715538,4.8999999999999995,53.35400563890239,360.28109568601405,137
3152.6,7,1107.695347715538,4.199999999999999,53.34145287376754,360.3746847784307,137
3152.7,7,1107.695347715538,5.6,53.344572938482024,360.3590062441466,137
3152.8,7,1107.6335982111434,5.6,53.40289497552788,360.0027106661154,137
3152.9,7,1107.6335982111434,5.6,53.388369221939364,360.1118998467914,137
3153.0,7,1107.6335982111434,5.6,53.386554823233155,360.1313197097005,137
3153.1,7,1107.6335982111434,5.6,53.376271858345305,360.2024820040913,137
3153.2,7,1107.6335982111434,5.6,53.356532984423,360.34492783389754,137
3153.3,7,1107.6335982111434,5.6,53.360583350738374,360.3215176107593,137
3153.4,7,1107.6335982111434,5.6,53.338766235703474,360.4826098017039,137
3153.5,7,1107.6335982111434,5.6,53.33581480271894,360.5079855298288,137
3153.6,7,1107.6335982111434,5.6,53.32244510263814,360.60790195504205,137
3153.7,7,1107.6335982111434,5.6,53.308674004264745,360.71021128653297,137
3153.8,7,1107.6335982111434,5.6,53.36470670018498,360.30798760553444,137
3153.9,7,1107.6335982111434,5.6,53.35739199500608,360.36719549808,137
3154.0,7,1107.6335982111434,5.6,53.33101370583043,360.5609844699312,137
3154.1,7,1107.6335982111434,5.6,53.327747749907076,360.5906849740784,137
3154.2,7,1107.6335982111434,5.6,53.312086543108904,360.7098693793422,137
3154.3,7,1107.6335982111434,5.6,53.299310951403854,360.8055277547692,137
3154.4,7,1107.6335982111434,5.6,53.288650571350615,360.88826090973225,137
3154.5,7,1107.6335982111434,5.6,53.27015518878599,361.0247712688748,137
3154.6,7,1107.6335982111434,5.6,53.25004878978222,361.17460971463834,137
3154.7,9,1107.6335982111434,4.8999999999999995,53.309227231822135,360.828131616934,137
3154.8,9,1107.6335982111434,4.800000000000001,53.321235548109435,360.80620924880907,137
3154.9,8,1107.5803904512338,4.0,53.3074259237853,360.91001437656803,137
3155.0,8,1107.5803904512338,4.199999999999999,53.28390736796021,361.08110701063237,137
3155.1,8,1107.5803904512338,4.199999999999999,53.26505614613981,361.21944623878824,137
3155.2,8,1107.5803904512338,4.199999999999999,53.24280498061176,361.38393095594137,137
3155.3,8,1107.5803904512338,4.199999999999999,53.22396011095768,361.52022840430095,137
3155.4,8,1107.5803904512338,4.199999999999999,53.20420287868734,361.6701876075812,137
3155.5,8,1107.5803904512338,4.199999999999999,53.203409367246564,361.6845697782717,137
3155.6,8,1108.09824834597,4.199999999999999,53.200831700159185,361.70682695379674,138
3155.7,7,1108.09824834597,-100.0,53.1941356404798,361.7631560589159,138
3155.8,7,1108.09824834597,4.8999999999999995,53.18526101025159,361.82834922032725,138
3155.9,7,1108.09824834597,4.8999999999999995,53.168568073376555,361.9621912292436,138
3156.0,7,1108.09824834597,4.8999999999999995,53.23272144654794,361.49049492125755,138
3156.1,7,1108.09824834597,4.8999999999999995,53.218380689742744,361.6019999718808,138
3156.2,7,1108.09824834597,4.8999999999999995,53.19509705139998,361.7765901145792,138
3156.3,7,1108.09824834597,4.8999999999999995,53.1827308548864,361.87751666165275,138
3156.4,7,1108.09824834597,4.8999999999999995,53.17189655065208,361.9549953389957,138
3156.5,7,1108.09824834597,4.8999999999999995,53.15110845428012,362.1205917417331,138
3156.6,7,1108.09824834597,4.8999999999999995,53.15164451157521,362.1161476920257,138
3156.7,7,1108.09824834597,4.8999999999999995,53.11207207416296,362.41094771143514,138
3156.8,7,1108.09824834597,4.8999999999999995,53.15826577935348,362.15377711999577,138
3156.9,7,1108.09824834597,4.8999999999999995,53.12663460137993,362.38835032518404,138
3157.0,7,1108.09824834597,4.8999999999999995,53.112466417243624,362.49945998570547,138
3157.1,7,1108.09824834597,4.8999999999999995,53.08820841593845,362.6869120463329,138
3157.2,7,1108.09824834597,4.8999999999999995,53.07115924061826,362.8178375850325,138
3157.3,7,1108.09824834597,4.8999999999999995,53.04917959217056,362.9847363358528,138
3157.4,7,1108.09824834597,4.8999999999999995,53.03546104739844,363.08259141210664,138
3157.5,7,1108.09824834597,4.8999999999999995,53.01937367221311,363.20706204344634,138
3157.6,7,1108.09824834597,4.8999999999999995,52.97778972093201,363.43142591933736,138
3157.7,7,1108.09824834597,4.8999999999999995,52.95365701866928,363.61688472153253,138
3157.8,7,1108.09824834597,4.8999999999999995,52.9435517546032,363.6993138187946,138
3157.9,7,1108.09824834597,4.8999999999999995,52.99295361656411,363.26669301342616,138
3158.0,7,1108.09824834597,4.8999999999999995,52.98416600476155,363.3317090451625,138
3158.1,7,1108.09824834597,4.8999999999999995,52.96288306880686,363.5030904371323,138
3158.2,7,1108.09824834597,4.8999999999999995,52.964998179207996,363.49190513424674,138
3158.3,9,1108.09824834597,4.199999999999999,52.95580977391853,363.57246396169063,138
3158.4,9,1108.09824834597,4.800000000000001,52.96267659719507,363.5206869426495,138
3158.5,9,1108.09824834597,4.800000000000001,52.958498426875096,363.5612633507226,138
3158.6,9,1108.09824834597,4.800000000000001,53.015588807280906,363.1226466952859,138
3158.7,9,1108.09824834597,4.800000000000001,53.02109192587943,363.0917913341127,138
3158.8,9,1108.09824834597,4.800000000000001,52.896142061632176,363.8664826750251,138
3158.9,9,1108.09824834597,4.800000000000001,52.8995527751757,363.8486094915065,138
3159.0,9,1108.09824834597,4.800000000000001,52.90765929070722,363.79796351717266,138
3159.1,9,1108.09824834597,4.800000000000001,52.90461243507214,363.82570300576737,138
3159.2,9,1108.6160599801226,4.800000000000001,52.7518046732036,365.00046149081174,139
3159.3,9,1108.6160599801226,-100.0,52.81934083888953,364.59295818084274,139
3159.4,9,1108.6160599801226,4.800000000000001,52.81668085402755,364.62301500318006,139
3159.5,9,1108.6160599801226,4.800000000000001,52.8233892501585,364.5881529954189,139
3159.6,9,1108.6160599801226,4.800000000000001,52.819691049944865,364.61758818016744,139
3159.7,9,1108.6160599801226,4.800000000000001,52.81754771545933,364.6442073759687,139
3159.8,9,1108.6160599801226,4.800000000000001,52.8331209098214,364.5312685685203,139
3159.9,7,1108.6160599801226,4.0,52.82337818348584,364.6214930290808,139
3160.0,7,1108.6160599801226,4.199999999999999,52.83399130269847,364.5495091846815,139
3160.1,7,1108.6160599801226,4.199999999999999,52.82616959368248,364.6186562785522,139
3160.2,7,1108.6160599801226,4.199999999999999,52.83794342264113,364.54477814017326,139
3160.3,7,1108.6160599801226,4.199999999999999,52.84028813553411,364.5469144950184,139
3160.4,7,1108.6160599801226,4.199999999999999,52.713319846084374,365.33286523340075,139
3160.5,7,1108.6160599801226,4.199999999999999,52.71343292224823,365.3393038137861,139
3160.6,7,1108.6160599801226,4.199999999999999,52.70893989575606,365.37969081594497,139
3160.7,7,1108.5532727025732,4.199999999999999,52.71757539191232,365.34019217124,139
3160.8,7,1108.5532727025732,4.8999999999999995,52.730306068833386,365.2642475629007,139
3160.9,7,1108.5532727025732,4.8999999999999995,52.73238869231031,365.27256662386924,139
3161.0,7,1108.5532727025732,4.8999999999999995,52.75748548477171,365.09686125010046,139
3161.1,7,1108.5532727025732,4.8999999999999995,52.75238190587625,365.1628220599314,139
3161.2,7,1108.5532727025732,4.8999999999999995,52.762192990095926,365.11366855947693,139
3161.3,7,1108.5532727025732,4.8999999999999995,52.7650459744566,365.1208045517194,139
3161.4,7,1108.5532727025732,4.8999999999999995,52.77747269942911,365.03481239464935,139
3161.5,7,1108.5532727025732,4.8999999999999995,52.833466367583156,364.6191057335684,139
3161.6,7,1108.5532727025732,4.8999999999999995,52.89229158801858,364.2720364358581,139
3161.7,7,1109.0690983161192,4.8999999999999995,52.733435229201206,365.26849862443885,140
3161.8,7,1109.0690983161192,-100.0,52.75187745306732,365.13786395727396,140
3161.9,7,1109.0690983161192,4.199999999999999,52.75186647167307,365.1623280837566,140
3162.0,7,1109.0690983161192,4.199999999999999,52.78430194251506,364.93054666569606,140
3162.1,7,1109.0690983161192,4.199999999999999,52.777553719474426,365.00626531610396,140
3162.2,7,1109.0690983161192,4.199999999999999,52.805650933630645,364.8003355931536,140
3162.3,7,1109.0690983161192,4.199999999999999,52.790699871214244,364.9314754415546,140
3162.4,7,1109.0690983161192,4.199999999999999,52.825656001391366,364.68935039620186,140
3162.5,7,1109.0690983161192,4.199999999999999,52.83351520361098,364.63086101936904,140
3162.6,7,1109.0690983161192,4.199999999999999,52.838088767348964,364.6074149733693,140
3162.7,7,1109.0690983161192,4.199999999999999,52.85142063319859,364.5204021763103,140
3162.8,7,1109.0690983161192,4.199999999999999,52.85360151441706,364.51069188181566,140
3162.9,7,1109.0690983161192,4.199999999999999,52.87266991863636,364.37535418552477,140
3163.0,9,1109.0690983161192,3.5,52.892972552576396,364.21934513471194,140
3163.1,9,1109.0690983161192,4.0,52.90467347892059,364.13636399438906,140
3163.2,9,1109.0690983161192,4.0,52.924371669384456,363.99216534166453,140
3163.3,8,1109.0075612898588,4.0,52.93156796683185,363.9383599867975,140
3163.4,8,1109.0075612898588,4.199999999999999,52.96362985430149,363.70032930735044,140
3163.5,8,1109.0075612898588,4.199999999999999,52.969734607347135,363.65660140903907,140
3163.6,8,1109.0075612898588,4.199999999999999,52.98771082352383,363.52617168533,140
3163.7,8,1109.0075612898588,4.199999999999999,52.83966102307828,364.41379226600634,140
3163.8,8,1109.0075612898588,4.199999999999999,52.85878440827978,364.3462283163335,140
3163.9,8,1109.0075612898588,4.199999999999999,52.86721571684176,364.2778003200843,140
3164.0,8,1109.523427242496,4.199999999999999,52.88894611477148,364.1225840533042,141
3164.1,7,1109.4674108803613,-100.0,52.88937360863453,364.1202937025779,141
3164.2,7,1109.4674108803613,4.199999999999999,52.91084844969848,363.9626794159898,141
3164.3,7,1109.4674108803613,4.199999999999999,52.97856684635345,363.4476976824831,141
3164.4,7,1109.4674108803613,4.199999999999999,52.9813553097279,363.4218858513125,141
3164.5,7,1109.4674108803613,4.199999999999999,52.98478144517352,363.39587543654073,141
3164.6,7,1109.4674108803613,4.199999999999999,53.000517597855094,363.2850789839031,141
3164.7,7,1109.4674108803613,4.199999999999999,53.01552678743741,363.1806715207384,141
3164.8,7,1109.4674108803613,4.199999999999999,53.02229588512452,363.1386546809039,141
3164.9,7,1109.4674108803613,4.199999999999999,53.047551429931715,362.9475915562833,141
3165.0,7,1109.4674108803613,4.199999999999999,53.045582274358594,362.9624289626486,141
3165.1,7,1109.4674108803613,4.199999999999999,53.05695089557583,362.8731241840908,141
3165.2,7,1109.4674108803613,4.199999999999999,53.068227137649785,362.7915591302916,141
3165.3,7,1109.4674108803613,4.199999999999999,53.07018239819402,362.76805795166194,141
3165.4,7,1109.4674108803613,4.199999999999999,52.94160831647203,363.55860855746494,141
3165.5,7,1109.4674108803613,4.199999999999999,52.96064720150143,363.4198900602165,141
3165.6,7,1109.4674108803613,4.199999999999999,52.986256593981935,363.237061944003,141
3165.7,7,1109.4674108803613,4.199999999999999,53.079419441086145,362.35520461468855,141
3165.8,7,1109.4674108803613,4.199999999999999,53.09131940146359,362.2707085149303,141
3165.9,8,1109.4674108803613,3.5,53.11103345026632,362.13091380452954,141
3166.0,7,1109.4055529087966,3.5,53.16329161403608,361.7979411618394,141
3166.1,7,1109.4055529087966,4.199999999999999,53.172999816798495,361.7283027102578,141
3166.2,7,1109.4055529087966,4.199999999999999,53.165702562174815,361.7797584735823,141
3166.3,7,1109.4055529087966,4.199999999999999,53.18062741725171,361.66998939038115,141
3166.4,7,1109.4055529087966,4.199999999999999,53.18664418404087,361.62589664439713,141
3166.5,7,1109.4055529087966,4.199999999999999,53.19587796065137,361.56236435223553,141
3166.6,7,1109.4055529087966,4.199999999999999,53.159990052140756,361.87824490075036,141
3166.7,7,1109.4055529087966,4.199999999999999,53.15771345817758,361.8963434948573,141
3166.8,7,1109.4055529087966,4.199999999999999,53.154176202462665,361.9181795426193,141
3166.9,7,1109.4055529087966,4.199999999999999,53.19907946028688,361.58921674407605,141
3167.0,9,1109.4055529087966,3.5,53.20617618843983,361.53696135661147,141
3167.1,9,1109.4055529087966,4.800000000000001,53.213837322578975,361.48016552763875,141
3167.2,9,1109.4055529087966,4.800000000000001,52.98705612678994,363.16898967925533,141
3167.3,9,1109.4055529087966,4.800000000000001,52.97357498959305,363.27176833576647,141
3167.4,9,1109.4055529087966,4.800000000000001,52.99086540935693,363.1422191037392,141
3167.5,9,1109.4055529087966,4.800000000000001,52.98594934555908,363.17238754859943,141
3167.6,9,1109.4055529087966,4.800000000000001,52.98038052558151,363.21212030187235,141
3167.7,11,1109.4055529087966,4.0,53.003931810019665,363.0371169409916,141
3167.8,11,1109.4055529087966,4.5,53.006040310098875,363.0202111983385,141
3167.9,11,1109.4055529087966,4.5,52.99426833073128,363.10675840694773,141
3168.0,11,1109.4055529087966,4.5,53.0025413399032,363.04923099616406,141
3168.1,11,1109.4055529087966,4.5,53.04193785290009,362.8000753351696,141
3168.2,11,1109.4055529087966,4.5,53.05238518171247,362.7242904112395,141
3168.3,11,1109.4055529087966,4.5,53.039800411539446,362.8104364817615,141
3168.4,11,1109.4055529087966,4.5,53.03676522394647,362.8265659827855,141
3168.5,11,1109.4055529087966,4.5,53.04208618314386,362.7815262280738,141
3168.6,11,1109.4055529087966,4.5,53.04289656652696,362.77412694621853,141
3168.7,11,1109.4055529087966,4.5,53.04536624111314,362.748602216305,141
3168.8,11,1109.4055529087966,4.5,53.049450434474196,362.7203609030204,141
3168.9,11,1109.4055529087966,4.5,53.03672814112341,362.80750274999946,141
3169.0,11,1109.4055529087966,4.5,53.05393217223181,362.67809839690665,141
3169.1,11,1109.4055529087966,4.5,53.07168027937543,362.58079115006365,141
3169.2,11,1109.4055529087966,4.5,53.143934240221796,362.03732266366455,141
3169.3,11,1109.4055529087966,4.5,53.133824393494265,362.11210401937166,141
3169.4,11,1109.4055529087966,4.5,53.148744841094086,361.9970977556575,141
3169.5,7,1109.3520078875008,3.6,53.15710745831494,361.92887776516477,141
3169.6,7,1109.3520078875008,4.199999999999999,53.15285431431188,361.9506960581699,141
3169.7,7,1109.3520078875008,4.199999999999999,53.14881241723785,361.98080124034357,141
3169.8,9,1109.3520078875008,3.5,53.15734415733775,361.91622490527106,141
3169.9,11,1109.3520078875008,4.0,53.164822470311876,361.8586647038735,141
3170.0,11,1109.3520078875008,4.5,53.174824791311174,361.78457763342215,141
3170.1,11,1109.3520078875008,4.5,53.16678210001226,361.8350208690065,141
3170.2,11,1109.3520078875008,4.5,53.191885133702485,361.6444182300597,141
3170.3,11,1109.3520078875008,4.5,53.190796351253375,361.6486464149781,141
3170.4,11,1109.3520078875008,4.5,53.20296814496163,361.55299286339607,141
3170.5,11,1109.3520078875008,4.5,53.19493409955016,361.6060330148781,141
3170.6,9,1109.3520078875008,3.6,53.19790826239945,361.5742176763923,141
3170.7,9,1109.3520078875008,4.0,53.20436918036969,361.5259399173046,141
3170.8,9,1109.3520078875008,4.0,53.22269852685577,361.3867144768244,141
3170.9,9,1109.3520078875008,4.0,53.216430086327236,361.4279804569456,141
3171.0,9,1109.3520078875008,4.0,53.229467172188166,361.32301768043305,141
3171.1,9,1109.3520078875008,4.0,53.23914603815774,361.24843379271374,141
3171.2,9,1109.3520078875008,4.0,53.25207881673607,361.1515306445406,141
3171.3,9,1109.3520078875008,4.0,53.24313042018659,361.21336451060984,141
3171.4,7,1109.2902776127776,4.0,53.240094724374316,361.2363045911503,141
3171.5,7,1109.2902776127776,4.199999999999999,53.25480514926873,361.12133943586764,141
3171.6,7,1109.2902776127776,4.199999999999999,53.25777445579165,361.10187467046313,141
3171.7,7,1109.2902776127776,4.199999999999999,53.32794219859951,360.65366797165973,141
3171.8,7,1109.2902776127776,4.199999999999999,53.331689594518366,360.62212293260944,141
3171.9,7,1109.2902776127776,4.199999999999999,53.330860224356485,360.61502621772473,141
3172.0,7,1109.2902776127776,4.199999999999999,53.37164404047198,360.3116536177455,141
3172.1,7,1109.2902776127776,4.199999999999999,53.37442161540926,360.28762177896476,141
3172.2,7,1109.2902776127776,4.199999999999999,53.38825513993302,360.17706680372703,141
3172.3,7,1109.2902776127776,4.199999999999999,53.37929063910863,360.2372745340269,141
3172.4,7,1109.2902776127776,4.199999999999999,53.40365515119664,360.05659193818724,141
3172.5,7,1109.2902776127776,4.199999999999999,53.30174897808237,360.7024658445832,141
3172.6,9,1109.2902776127776,3.5,53.316768914577,360.59096849475605,141
3172.7,9,1109.2902776127776,4.800000000000001,53.3245523951133,360.526675038701,141
3172.8,9,1109.2902776127776,4.800000000000001,53.331097822730314,360.4776162075243,141
3172.9,9,1109.2902776127776,4.800000000000001,53.35460104211503,360.30803653809244,141
3173.0,9,1109.2902776127776,4.800000000000001,53.362519739228034,360.24512970869284,141
3173.1,9,1109.2902776127776,4.800000000000001,53.37656578537025,360.13574682725414,141
3173.2,9,1109.2902776127776,4.800000000000001,53.35052687961898,360.31798989315325,141
3173.3,9,1109.2902776127776,4.800000000000001,53.37011214896252,360.16849895837015,141
3173.4,9,1109.2902776127776,4.800000000000001,53.363149097249256,360.218752915973,141
3173.5,9,1109.2902776127776,4.800000000000001,53.39256860092018,360.00096562776986,141
3173.6,9,1109.2902776127776,4.800000000000001,53.38825395424892,360.0243978909357,141
3173.7,9,1109.2902776127776,4.800000000000001,53.38095022743367,360.0686010658595,141
3173.8,9,1109.2902776127776,4.800000000000001,53.40769055709809,359.87249418117864,141
3173.9,9,1109.2902776127776,4.800000000000001,53.40673579020908,359.875069900701,141
3174.0,9,1109.2902776127776,4.800000000000001,53.43668228901292,359.65753049296006,141
3174.1,9,1109.2902776127776,4.800000000000001,53.51290759636363,359.16172748895906,141
3174.2,9,1109.2902776127776,4.800000000000001,53.54088146504106,358.9536062903455,141
3174.3,9,1109.2902776127776,4.800000000000001,53.54282716011805,358.9341640484208,141
3174.4,9,1109.2902776127776,4.800000000000001,53.5842048819001,358.6342287246114,141
3174.5,9,1109.2902776127776,4.800000000000001,53.48955110787056,359.22094511888486,141
3174.6,9,1109.2902776127776,4.800000000000001,53.4917408602522,359.2031398671256,141
3174.7,10,1109.2902776127776,4.800000000000001,53.51093031423467,359.06397646017285,141
3174.8,10,1109.2902776127776,4.800000000000001,53.46279050168006,359.40292583768337,141
3174.9,10,1109.2902776127776,4.800000000000001,53.45262544638008,359.47264735350166,141
3175.0,9,1109.2902776127776,4.0,53.47178186223664,359.334050641624,141
3175.1,9,1109.2902776127776,4.800000000000001,53.47714420325743,359.2924017594934,141
3175.2,9,1109.2902776127776,4.800000000000001,53.48139210710108,359.26085159224067,141
3175.3,9,1109.2902776127776,4.800000000000001,53.495764535571695,359.16037437444487,141
3175.4,9,1109.2902776127776,4.800000000000001,53.52570151402443,358.9524077309444,141
3175.5,9,1109.2902776127776,4.800000000000001,53.50149487899435,359.1180765688223,141
3175.6,9,1109.2902776127776,4.0,53.51652344288755,359.0138010409786,141
3175.7,9,1109.2902776127776,4.0,53.536655845508946,358.86820950729566,141
3175.8,10,1109.2902776127776,4.0,53.532164640692955,358.89980827314866,141
3175.9,10,1109.2902776127776,4.800000000000001,53.52388493635219,358.9475354140279,141
3176.0,10,1109.2902776127776,4.800000000000001,53.539597169071286,358.8349392888977,141
3176.1,10,1109.2902776127776,4.800000000000001,53.546577733152986,358.78481349653805,141
3176.2,10,1109.2902776127776,4.800000000000001,53.55600476754638,358.7156060812105,141
3176.3,10,1109.2902776127776,4.800000000000001,53.40836434226695,359.66149378588216,141
3176.4,10,1109.2902776127776,4.800000000000001,53.415717978505526,359.6090779879582,141
3176.5,10,1109.2902776127776,4.800000000000001,53.490388728638635,359.0801883239761,141
3176.6,10,1109.2902776127776,4.800000000000001,53.48961775659863,359.08603394329515,141
3176.7,10,1109.2902776127776,4.800000000000001,53.517658347525725,358.8887032781522,141
3176.8,10,1109.2902776127776,4.800000000000001,53.505092459976154,358.9753141065787,141
3176.9,10,1109.2902776127776,4.800000000000001,53.517043222752775,358.893486081333,141
3177.0,10,1109.2902776127776,4.800000000000001,53.535045711870815,358.7668229823201,141
3177.1,10,1109.2902776127776,4.800000000000001,53.483773468882035,359.1212911916142,141
3177.2,10,1109.2902776127776,4.800000000000001,53.505564434734666,358.9701552032726,141
3177.3,10,1109.2902776127776,4.800000000000001,53.49779724109624,359.0216996278414,141
3177.4,10,1109.2902776127776,4.800000000000001,53.355673980375535,359.93760707805194,141
3177.5,10,1109.2902776127776,4.800000000000001,53.37072365191289,359.8322914172097,141
3177.6,10,1109.2902776127776,4.800000000000001,53.487994336158025,359.01772529483594,141
3177.7,10,1109.2902776127776,4.800000000000001,53.473889145882424,359.115610624352,141
3177.8,10,1109.2902776127776,4.800000000000001,53.4889562792408,359.008273498494,141
3177.9,10,1109.2902776127776,4.800000000000001,53.51074357708765,358.8582057232659,141
3178.0,10,1109.2902776127776,4.800000000000001,53.5132233756234,358.8407446955773,141
3178.1,10,1109.2902776127776,4.800000000000001,53.52505881057971,358.7584237345735,141
3178.2,10,1109.2902776127776,4.800000000000001,53.529945544704134,358.7230189033953,141
3178.3,10,1109.2902776127776,4.800000000000001,53.53784091466531,358.6676427647317,141
3178.4,10,1109.2902776127776,4.800000000000001,53.53992789550821,358.65395585381407,141
3178.5,10,1109.2902776127776,4.800000000000001,53.4544660553275,359.18873668996355,141
3178.6,10,1109.2902776127776,4.800000000000001,53.46593684168663,359.11809773458026,141
3178.7,10,1109.2902776127776,4.800000000000001,53.46474259032382,359.1247874181785,141
3178.8,9,1109.2902776127776,4.0,53.47283597858572,359.068927183601,141
3178.9,9,1109.2902776127776,3.2,53.46071618063273,359.15047737095017,141
3179.0,9,1109.2902776127776,3.2,53.47735411645147,359.03663410056845,141
3179.1,9,1109.2902776127776,3.2,53.47216237798073,359.0712275065657,141
3179.2,9,1109.2902776127776,3.2,53.48744172590839,358.96729042114583,141
3179.3,9,1109.2902776127776,3.2,53.4727006131902,359.0661339688596,141
3179.4,9,1109.2902776127776,3.2,53.487339500456876,358.96685190632525,141
3179.5,9,1109.2902776127776,4.0,53.520812101062475,358.73899047147665,141
3179.6,9,1109.2902776127776,4.0,53.505968553070524,358.83849809261994,141
3179.7,9,1109.2902776127776,4.0,53.501910793286584,358.865737893241,141
3179.8,9,1109.2902776127776,4.0,53.51212352118322,358.79758576570316,141
3179.9,9,1109.2902776127776,4.0,53.560273092425724,358.4760838112283,141
3180.0,9,1109.2902776127776,4.0,53.5612841758716,358.4695036246628,141
3180.1,9,1109.2902776127776,4.0,53.569214582695594,358.4164905048,141
3180.2,10,1109.2902776127776,3.2,53.566275217823666,358.43594723318984,141
3180.3,10,1109.2902776127776,4.0,53.582099435851944,358.3305671685516,141
3180.4,10,1109.2902776127776,4.0,53.5836273981313,358.32051478327935,141
3180.5,10,1109.2902776127776,4.0,53.562585637149226,358.4607605579333,141
3180.6,10,1109.2902776127776,4.0,53.59287173687976,358.25928433625967,141
3180.7,10,1109.2902776127776,4.0,53.593634620460335,358.25400300436115,141
3180.8,10,1109.2902776127776,4.0,53.600728026405044,358.2070968265916,141
3180.9,10,1109.2902776127776,4.0,53.57849702082816,358.3548185755658,141
3181.0,10,1109.2902776127776,4.0,53.576453046778454,358.3686330138552,141
3181.1,10,1109.2902776127776,4.0,53.64244330940144,357.9265080365245,141
3181.2,10,1109.2902776127776,4.0,53.53691928877747,358.6310283948592,141
3181.3,10,1109.2902776127776,4.0,53.534625654847666,358.6463910990948,141
3181.4,10,1109.2902776127776,4.800000000000001,53.52644417392988,358.7012060405984,141
3181.5,10,1109.2902776127776,4.800000000000001,53.51820527335048,358.7564341513929,141
3181.6,10,1109.2902776127776,4.800000000000001,53.51259498525542,358.79403908596333,141
3181.7,10,1109.2902776127776,4.800000000000001,53.515428537841714,358.7750427462323,141
3181.8,10,1109.2902776127776,4.800000000000001,53.50559093042342,358.8410056079492,141
3181.9,10,1109.2902776127776,4.800000000000001,53.48932972135991,358.9500953860783,141
3182.0,10,1109.2902776127776,4.800000000000001,53.482703051325885,358.9945709410464,141
3182.1,10,1109.2902776127776,4.800000000000001,53.48385140569923,358.98686300485394,141
3182.2,10,1109.2902776127776,4.800000000000001,53.47562711691381,359.04207969510855,141
3182.3,10,1109.2902776127776,4.800000000000001,53.48410396239661,358.9851930776675,141
3182.4,10,1109.2902776127776,4.0,53.478179246649376,359.0249426759058,141
3182.5,10,1109.2902776127776,4.0,53.54270091815117,358.5930926373285,141
3182.6,10,1109.2902776127776,4.0,53.52570508434608,358.7070390581604,141
3182.7,10,1109.2902776127776,4.0,53.50619141116454,358.8375545866447,141
3182.8,10,1109.2902776127776,4.0,53.49873100663825,358.8878310895669,141
3182.9,10,1109.2902776127776,4.0,53.48181108627499,359.00121015419376,141
3183.0,10,1109.2902776127776,4.0,53.46434780878704,359.11830323472657,141
3183.1,10,1109.2902776127776,4.0,53.44562846090279,359.2441427199508,141
3183.2,10,1109.2902776127776,4.0,53.437930471483725,359.29610239357623,141
3183.3,10,1109.2902776127776,4.0,53.400379859991105,359.5483646080851,141
3183.4,10,1109.2902776127776,4.0,53.39271418142124,359.60010121756574,141
3183.5,10,1109.2902776127776,4.0,53.421211418357125,359.40782212395305,141
3183.6,10,1109.2902776127776,4.0,53.411035101407066,359.4763189567161,141
3183.7,10,1109.2902776127776,4.0,53.40334438353158,359.5280744910551,141
3183.8,10,1109.2902776127776,4.0,53.38980282754966,359.61924421536867,141
3183.9,10,1109.2902776127776,3.2,53.37991391784742,359.685898501889,141
3184.0,10,1109.2902776127776,3.2,53.37371559409368,359.7276389534844,141
3184.1,10,1109.2902776127776,3.2,53.34137300108959,359.9458805942636,141
3184.2,10,1109.2902776127776,3.2,53.339957060648274,359.9553460736778,141
3184.3,10,1109.2902776127776,3.2,53.314269675272385,360.12883784527514,141
3184.4,10,1109.2902776127776,3.2,53.30508326387027,360.1909254094729,141
3184.5,10,1109.2902776127776,3.2,53.297641395874514,360.2412851153574,141
3184.6,10,1109.2902776127776,3.2,53.28380181481738,360.3348991982094,141
3184.7,10,1109.2902776127776,3.2,53.26012291851835,360.4953182392145,141
3184.8,12,1109.2902776127776,2.4000000000000004,53.31691893663975,360.110838289545,141
3184.9,12,1109.2902776127776,4.5,53.29686422271859,360.2463361218903,141
3185.0,12,1109.2902776127776,3.6,53.25760490956536,360.51193226360544,141
3185.1,12,1109.2902776127776,3.6,53.245607111070555,360.5932150414336,141
3185.2,12,1109.2902776127776,3.6,53.23446893189403,360.6686294952477,141
3185.3,12,1109.2902776127776,3.6,53.23306965824577,360.67808580367625,141
3185.4,12,1109.2902776127776,3.6,53.198175391583945,360.91490570151166,141
3185.5,12,1109.2902776127776,3.6,53.194613277043004,360.9389457527028,141
3185.6,12,1109.2902776127776,3.6,53.18506450904495,361.0037528782816,141
3185.7,12,1109.2902776127776,3.6,53.160568301520286,361.1702892776758,141
3185.8,12,1109.2902776127776,3.6,53.15154839635026,361.23156079654206,141
3185.9,12,1109.2902776127776,3.6,53.14047799749662,361.30679700828057,141
3186.0,12,1109.2902776127776,3.6,53.112496830437166,361.49748438184906,141
3186.1,12,1109.2902776127776,3.6,53.021660439541236,362.11621584097145,141
3186.2,12,1109.2902776127776,3.6,53.011033325528985,362.1887630946867,141
3186.3,12,1109.2902776127776,3.6,52.99815105126054,362.2768268042953,141
3186.4,11,1109.2902776127776,3.6,52.99060883505473,362.3283915758485,141
3186.5,12,1109.2902776127776,3.6,52.98171143580974,362.3892200407714,141
3186.6,12,1109.2902776127776,3.6,52.965219614881676,362.50210195164175,141
3186.7,12,1109.2902776127776,3.6,52.96322525707672,362.515701175396,141
3186.8,12,1109.2902776127776,3.6,52.950516232392694,362.602723591384,141
3186.9,12,1109.2902776127776,3.6,52.92629077529933,362.7687917636668,141
3187.0,12,1109.2902776127776,3.6,52.92127016731105,362.8032135684409,141
3187.1,12,1109.2902776127776,3.6,52.88879715350656,363.02627203400687,141
3187.2,12,1109.2902776127776,3.6,52.868091593898285,363.1687158465111,141
3187.3,12,1109.2902776127776,3.6,52.75936731441293,363.9212095475941,141
3187.4,12,1109.2902776127776,3.6,52.714580980736855,364.2326299946757,141
3187.5,12,1109.2902776127776,3.6,52.70353627144776,364.309167514619,141
3187.6,12,1109.2902776127776,3.6,52.703472414084544,364.3101903635545,141
3187.7,12,1109.2902776127776,3.6,52.68331370290703,364.45148113067825,141
3187.8,12,1109.2902776127776,3.6,52.679273956849386,364.4796382228641,141
3187.9,12,1109.2902776127776,3.6,52.66371882050392,364.5894589939207,141
3188.0,12,1109.2902776127776,3.6,52.64957735580636,364.68800349948833,141
3188.1,12,1109.2902776127776,3.6,52.64619174994763,364.71214107212563,141
3188.2,12,1109.2902776127776,3.6,52.6106425428918,364.9620395110741,141
3188.3,6,1108.397899302859,3.6,52.5956801791872,365.0670482501663,141
3188.4,6,1108.0477398968123,3.5,52.617040114202624,364.917201586802,141
3188.5,7,1108.0048988801004,3.5,52.58649864696545,365.1328435843092,141
3188.6,7,1108.0048988801004,3.5,52.578301666808144,365.1910534712474,141
3188.7,7,1107.9431804650021,3.5,52.55104261189095,365.38320280573134,141
3188.8,7,1107.9431804650021,4.199999999999999,52.52760533516067,365.547640542957,141
3188.9,7,1107.9431804650021,4.199999999999999,52.51489688474305,365.63814034822656,141
3189.0,7,1107.9431804650021,4.199999999999999,52.497588702501744,365.7614902233766,141
3189.1,7,1107.9431804650021,4.199999999999999,52.47774884681185,365.9020596010962,141
3189.2,7,1107.9431804650021,4.199999999999999,52.45671544353199,366.0516736803592,141
3189.3,7,1107.9431804650021,4.199999999999999,52.432903802632225,366.2205581929156,141
3189.4,7,1107.9431804650021,4.199999999999999,52.412936969106944,366.3630892138069,141
3189.5,7,1107.9431804650021,4.199999999999999,52.40623385119679,366.41161137043224,141
3189.6,7,1107.9431804650021,4.199999999999999,52.399790941864225,366.45760708719087,141
3189.7,7,1107.9431804650021,4.199999999999999,52.26331138574632,367.43686608393205,141
3189.8,7,1107.9431804650021,4.199999999999999,52.246530605784926,367.5568954790467,141
3189.9,7,1107.9431804650021,4.199999999999999,52.218144376028505,367.75951757762016,141
3190.0,7,1107.9431804650021,4.199999999999999,52.22055637781055,367.74244145933557,141
3190.1,7,1107.9431804650021,4.199999999999999,52.29370902292301,367.2552508532769,141
3190.2,12,1107.9431804650021,3.5,52.28765996690377,367.2975061979961,141
3190.3,12,1107.9431804650021,4.5,52.12417967204093,368.4231934659416,141
3190.4,12,1107.9431804650021,4.5,52.12241044480372,368.43497753261374,141
3190.5,12,1107.9431804650021,4.5,52.0877148262888,368.6816582451256,141
3190.6,12,1107.9431804650021,4.5,51.902182226014176,370.03822277689153,141
3190.7,12,1107.9431804650021,4.5,51.874680661654324,370.2369187216425,141
3190.8,12,1107.9431804650021,4.5,51.855036764884034,370.3830160157962,141
3190.9,12,1107.9431804650021,4.5,51.87349664289144,370.24332874612315,141
3191.0,12,1107.9431804650021,4.5,51.869761745283185,370.27072371965926,141
3191.1,8,1107.97789632466,4.5,51.84441087428952,370.4532798715017,141
3191.2,12,1107.97789632466,2.8,51.83436880709462,370.52512057019845,141
3191.3,12,1107.97789632466,4.5,51.81187913730655,370.6897320540479,141
3191.4,12,1107.97789632466,4.5,51.79600974996901,370.805719307874,141
3191.5,12,1107.97789632466,4.5,51.764231825344,371.03801566219795,141
3191.6,12,1107.97789632466,4.5,51.75075599351077,371.13453072549856,141
3191.7,12,1107.97789632466,4.5,51.73865365028695,371.22140244185505,141
3191.8,12,1107.97789632466,4.5,51.71850248411438,371.36886139978105,141
3191.9,12,1107.97789632466,4.5,51.70972090450637,371.43165846783563,141
3192.0,12,1107.97789632466,4.5,51.700977545154544,371.4932943195373,141
3192.1,12,1107.97789632466,4.5,51.67530598148986,371.6781437547414,141
3192.2,12,1107.97789632466,4.5,51.66069001378162,371.7821835964999,141
3192.3,12,1107.97789632466,4.5,51.63032569366061,372.00425707465007,141
3192.4,12,1107.97789632466,4.5,51.618528895802605,372.08612932089693,141
3192.5,8,1108.0085966027282,3.6,51.50954662079696,372.851832979912,141
3192.6,8,1107.9886324640747,3.5,51.50709621380024,372.86881237350093,141
3192.7,8,1107.9886324640747,3.5,51.492849480777686,372.9725859225589,141
3192.8,8,1107.9886324640747,3.5,51.47743941727937,373.0805412825342,141
3192.9,8,1107.9886324640747,3.5,51.44863675056274,373.29342770436034,141
3193.0,8,1107.9886324640747,3.5,51.45733747457629,373.22540663502593,141
3193.1,7,1107.9283340937966,3.5,51.43411734369867,373.395348216023,141
3193.2,8,1107.9283340937966,3.5,51.5739464620143,372.41708082514583,141
3193.3,8,1107.9283340937966,3.5,51.56471103974871,372.48202002792834,141
3193.4,8,1107.9283340937966,3.5,51.55649388332826,372.53872106046026,141
3193.5,8,1107.9283340937966,3.5,51.53440630201196,372.7004575429477,141
3193.6,8,1107.9283340937966,3.5,51.47089955282804,373.1766392905887,141
3193.7,8,1107.9283340937966,3.5,51.460095466342395,373.2538443632811,141
3193.8,8,1107.9283340937966,3.5,51.45867753241335,373.261431448592,141
3193.9,8,1107.9283340937966,3.5,51.45065766956151,373.3229289845433,141
3194.0,8,1107.9283340937966,3.5,51.445459533316054,373.36059682707173,141
3194.1,8,1107.9283340937966,3.5,51.4378195812348,373.4156669477395,141
3194.2,8,1107.9283340937966,3.5,51.42980692140732,373.4736883328905,141
3194.3,8,1107.9283340937966,3.5,51.410728209718314,373.61688025666274,141
3194.4,8,1107.9283340937966,3.5,51.41416885235841,373.59097142166445,141
3194.5,8,1107.9283340937966,3.5,51.34334075593317,374.30220227381085,141
3194.6,6,1107.7017971610894,3.5,51.35076880690248,374.23643837741224,141
3194.7,6,1107.7017971610894,3.5,51.23248148885072,375.059147528166,141
3194.8,8,1107.7017971610894,3.5,51.24444394961347,374.9639459194615,141
3194.9,8,1107.7017971610894,3.5,51.22910017764188,375.0790556085305,141
3195.0,6,1107.4416587335688,3.5,51.219342810789286,375.1544343874049,141
3195.1,8,1107.4416587335688,4.0,51.226300471427535,375.0979720850825,141
3195.2,8,1107.4416587335688,3.5,51.21647744869137,375.1710016642959,141
3195.3,8,1107.4416587335688,3.5,51.21215196475319,375.2063122661172,141
3195.4,8,1107.4416587335688,3.5,51.20312718502947,375.27555352744696,141
3195.5,8,1107.4416587335688,3.5,51.20753682856255,375.24264174385644,141
3195.6,8,1107.4416587335688,3.5,51.33870673778068,374.34219804662916,141
3195.7,8,1107.4416587335688,3.5,51.32986468785968,374.40983549467376,141
3195.8,8,1107.4416587335688,3.5,51.33372600888757,374.3810931406836,141
3195.9,8,1107.4416587335688,3.5,51.21645170593783,375.19359514711243,141
3196.0,8,1107.4416587335688,3.5,51.21546893965736,375.2026456377607,141
3196.1,8,1107.4416587335688,3.5,51.20685698285302,375.26946949090575,141
3196.2,8,1107.4416587335688,3.5,51.21380769875347,375.22023398327184,141
3196.3,8,1107.4416587335688,3.5,51.13311435747457,375.8553334054229,141
3196.4,8,1107.4416587335688,3.5,51.13815178241847,375.8130861170989,141
3196.5,8,1107.4416587335688,3.5,51.14722182835141,375.7480838514812,141
3196.6,8,1107.4416587335688,3.5,51.137171319662855,375.828799067441,141
3196.7,8,1107.4416587335688,3.5,51.13368516168045,375.85686082793467,141
3196.8,8,1107.4416587335688,3.5,51.14396399529731,375.77704911681985,141
3196.9,8,1107.4416587335688,3.5,51.131460811878014,375.873338764978,141
3197.0,8,1107.4416587335688,3.5,50.94970618073456,377.30360390640163,141
3197.1,8,1107.4416587335688,3.5,50.816792620766556,378.22940392217913,141
3197.2,8,1107.4416587335688,3.5,50.82921675378934,378.13090621605255,141
3197.3,8,1107.4416587335688,4.199999999999999,50.83095674611826,378.11210345889276,141
3197.4,8,1107.4416587335688,4.199999999999999,50.82691387638633,378.1358375150174,141
3197.5,8,1107.4416587335688,4.199999999999999,50.90397920002018,377.5172366733668,141
3197.6,8,1107.4416587335688,4.199999999999999,50.91497054130484,377.4281577889907,141
3197.7,8,1107.4416587335688,4.199999999999999,51.01363095235861,376.7565817770817,141
3197.8,8,1107.4416587335688,4.199999999999999,51.00474201869673,376.82060104281413,141
3197.9,8,1107.4416587335688,4.199999999999999,51.01046121047869,376.7736626771759,141
3198.0,8,1107.4416587335688,4.199999999999999,51.011778403183754,376.7563338423149,141
3198.1,8,1107.4416587335688,4.199999999999999,50.9922749663179,376.90238163929996,141
3198.2,8,1107.4416587335688,4.199999999999999,50.99021061042713,376.91412535705365,141
3198.3,8,1107.4416587335688,4.199999999999999,50.965336948421665,377.1053511180113,141
3198.4,8,1107.4416587335688,4.199999999999999,50.971728852589536,377.0529236002274,141
3198.5,8,1107.4416587335688,4.199999999999999,50.973804744189884,377.03565448742484,141
3198.6,8,1107.4416587335688,4.199999999999999,50.97010360168228,377.05371429526156,141
3198.7,8,1107.4416587335688,4.199999999999999,50.945106722080865,377.24236727224104,141
3198.8,8,1107.4416587335688,4.199999999999999,50.96323708723304,377.09682406656015,141
3198.9,8,1107.4416587335688,4.199999999999999,50.944026958049164,377.23949447241887,141
3199.0,8,1107.4416587335688,4.199999999999999,50.792035269775766,378.304566451858,141
3199.1,8,1107.4416587335688,4.199999999999999,50.775312654667665,378.4298127261545,141
3199.2,8,1107.4416587335688,4.199999999999999,50.78380665557975,378.3520099871815,141
3199.3,8,1107.4416587335688,4.199999999999999,50.750463246208994,378.60058949032873,141
3199.4,8,1107.4416587335688,3.5,50.73662490361719,378.69731935892514,141
3199.5,8,1107.4416587335688,3.5,50.7386511052093,378.67815347919634,141
3199.6,8,1107.4416587335688,3.5,50.73046323365303,378.7288590072354,141
3199.7,8,1107.4416587335688,3.5,50.70607898101889,378.9098402008523,141
3199.8,8,1107.4416587335688,3.5,50.71259115442049,378.8477469501811,141
3199.9,8,1107.4416587335688,4.199999999999999,50.68328428365088,379.06531627703316,141
3200.0,8,1107.4416587335688,4.199999999999999,50.8805666679542,377.60027314683555,141
3200.1,8,1107.4416587335688,4.199999999999999,50.872707378995415,377.64970918583913,141
3200.2,8,1107.4416587335688,4.199999999999999,50.850444836902966,377.8112759545938,141
3200.3,8,1107.4416587335688,4.199999999999999,50.833853324000685,377.92602828370616,141
3200.4,8,1107.4416587335688,4.199999999999999,50.82071538409602,378.0171279382412,141
3200.5,8,1107.4416587335688,4.199999999999999,50.803045676532236,378.1439566823503,141
3200.6,8,1107.4416587335688,4.199999999999999,50.78101878468732,378.3018654137112,141
3200.7,8,1107.4416587335688,4.199999999999999,50.759568495849834,378.45792240270094,141
3200.8,8,1107.4416587335688,4.199999999999999,50.79725003131827,378.1332159360501,141
3200.9,8,1107.4416587335688,4.199999999999999,50.78272541704355,378.23913841765363,141
3201.0,8,1107.4416587335688,4.199999999999999,50.77144611855891,378.31881816362716,141
3201.1,8,1107.4416587335688,4.199999999999999,50.760555025133115,378.39580838726454,141
3201.2,8,1107.4416587335688,4.199999999999999,50.755129560778016,378.3898893293393,141
3201.3,8,1107.4416587335688,3.5,50.74695336850601,378.4478273014229,141
3201.4,8,1107.4416587335688,3.5,50.711453934084034,378.73135952226244,141
3201.5,8,1107.4416587335688,3.5,50.71395085226422,378.7078457646779,141
3201.6,8,1107.4416587335688,3.5,50.70221877516147,378.7950901980742,141
3201.7,6,1107.21436127867,2.8,50.699508895073365,378.81069593960314,141
3201.8,6,1106.96430220091,4.0,50.700819059528015,378.7999056372922,141
3201.9,6,1106.96430220091,4.0,50.70620286750133,378.75315012485,141
3202.0,6,1106.96430220091,4.0,50.70415732399809,378.76926304299,141
3202.1,6,1106.96430220091,4.0,50.70180544055631,378.7872299002571,141
3202.2,6,1106.96430220091,4.0,50.787960369099366,378.1654921185233,141
3202.3,6,1106.96430220091,4.0,50.7957441494098,378.1055527087219,141
3202.4,6,1106.96430220091,4.0,50.79203544918476,378.1336814364897,141
3202.5,6,1106.96430220091,4.0,50.80453355780408,378.03649006586517,141
3202.6,6,1106.96430220091,4.0,50.82000300249379,377.9211134712581,141
3202.7,6,1106.96430220091,4.0,50.81274145640491,377.97713544359806,141
3202.8,6,1106.96430220091,4.0,50.81066497362397,377.99313203524497,141
3202.9,6,1106.96430220091,4.0,50.80276157411208,378.0561286497414,141
3203.0,6,1106.96430220091,4.0,50.83798499074659,377.74129668232143,141
3203.1,6,1106.96430220091,4.0,50.83068328263754,377.79706898693394,141
3203.2,6,1106.96430220091,4.0,50.82097854007303,377.8711904772037,141
3203.3,6,1106.96430220091,4.0,50.80932552727786,377.9592903729057,141
3203.4,6,1106.7046391681133,4.0,50.83180910221493,377.79015804197786,141
3203.5,6,1106.7046391681133,4.5,50.808983709566704,377.9641863457923,141
3203.6,6,1106.7046391681133,4.5,50.82321615608369,377.85509931837106,141
3203.7,8,1106.7046391681133,4.0,50.80595441133252,377.9892909869233,141
3203.8,8,1106.7046391681133,3.5,50.80520680008691,377.9944599901221,141
3203.9,8,1106.7046391681133,3.5,50.801508154389566,378.02099105354114,141
3204.0,8,1106.7046391681133,3.5,50.79137436636803,378.0976588118978,141
3204.1,8,1106.7046391681133,3.5,50.80212821107588,378.01732150637133,141
3204.2,8,1106.7046391681133,3.5,50.78436359527434,378.1516296952433,141
3204.3,8,1106.7046391681133,3.5,50.78912016071063,378.116322355012,141
3204.4,8,1106.7046391681133,3.5,50.80468630697428,377.9989374868809,141
3204.5,8,1106.7046391681133,3.5,50.861324376503546,377.5957985519388,141
3204.6,6,1106.7046391681133,3.5,50.86756896797401,377.54996894201463,141
3204.7,6,1106.7046391681133,4.0,50.8231454541766,377.9112061294318,141
3204.8,6,1106.7046391681133,4.0,50.81992295591823,377.93754727348477,141
3204.9,6,1106.7046391681133,4.0,50.80218268914694,378.0710431337101,141
3205.0,6,1106.7046391681133,4.0,50.79630388908382,378.11576996805974,141
3205.1,6,1106.7046391681133,4.0,50.78014367130139,378.24138855244246,141
3205.2,6,1106.7046391681133,4.0,50.7805952886458,378.2413454749388,141
3205.3,6,1106.7046391681133,4.0,50.701031655559945,378.81852145814673,141
3205.4,6,1106.7046391681133,4.0,50.80967603604516,377.97941180497116,141
3205.5,6,1106.7046391681133,4.0,50.795533300648664,378.09060765627225,141
3205.6,8,1106.7046391681133,3.5,50.7931226056358,378.1136811617208,141
3205.7,8,1106.7046391681133,3.5,50.78073650884403,378.2099737483852,141
3205.8,8,1106.7046391681133,3.5,50.77941479999988,378.22220316109883,141
3205.9,8,1106.7046391681133,3.5,50.640105711035766,379.3065666271868,141
3206.0,6,1106.7046391681133,3.5,50.66620284632241,379.1056209249389,141
3206.1,8,1106.7046391681133,3.5,50.65451419921124,379.1990988609144,141
3206.2,6,1106.7046391681133,3.5,50.66742436884857,379.1028641254526,141
3206.3,8,1106.7046391681133,3.5,50.67795356732396,379.0276553450361,141
3206.4,8,1106.7046391681133,3.5,50.69972863927984,378.8648414255156,141
3206.5,8,1106.7046391681133,3.5,50.70306651661009,378.84683504895213,141
3206.6,8,1106.7046391681133,3.5,50.71666865432653,378.7475694878542,141
3206.7,6,1106.7046391681133,2.8,50.71713964371613,378.7469455617752,141
3206.8,6,1106.7046391681133,3.5,50.788365550975946,378.23633552504447,141
3206.9,6,1106.7046391681133,3.5,50.79413354434969,378.19468441135416,141
3207.0,6,1106.7046391681133,3.5,50.7915527873113,378.222012995246,141
3207.1,6,1106.7046391681133,3.5,50.809182366865095,378.0914042209105,141
3207.2,6,1106.7046391681133,3.5,50.830922457375834,377.93055071306026,141
3207.3,6,1106.7046391681133,3.5,50.700804281363204,378.86779276408424,141
3207.4,6,1106.7046391681133,3.5,50.72045733050018,378.7169596725449,141
3207.5,6,1106.7046391681133,3.5,50.71486159704396,378.7622300474212,141
3207.6,7,1106.6685133590474,3.5,50.72148572102422,378.71593165881313,141
3207.7,7,1106.6086309926166,4.199999999999999,50.73528064719426,378.6159082144352,141
3207.8,7,1106.6086309926166,4.199999999999999,50.75959707894021,378.4304364582169,141
3207.9,7,1106.6086309926166,4.199999999999999,50.743276019195406,378.5626365395691,141
3208.0,7,1106.6086309926166,4.199999999999999,50.697583315815756,379.08200509197206,141
3208.1,7,1106.6086309926166,4.199999999999999,50.705789344177944,379.024772586254,141
3208.2,7,1106.6086309926166,4.199999999999999,50.759531585390874,378.60658331240757,141
3208.3,7,1106.6086309926166,4.199999999999999,50.77144990706887,378.5239097983787,141
3208.4,7,1106.6086309926166,4.199999999999999,50.77860296620657,378.4757471621689,141
3208.5,7,1106.6086309926166,4.199999999999999,50.780547797700265,378.4654811830005,141
3208.6,7,1106.6086309926166,4.199999999999999,50.78154514202929,378.46352037966835,141
3208.7,7,1106.6086309926166,4.199999999999999,50.667379867673,379.2616174591662,141
3208.8,8,1106.6086309926166,3.5,50.68673774959643,379.07717267443337,141
3208.9,7,1106.6086309926166,2.8,50.689865316866445,379.05576527705534,141
3209.0,7,1106.6086309926166,4.199999999999999,50.55257023837294,380.1590273912443,141
3209.1,7,1106.6086309926166,4.199999999999999,50.546829672257445,380.2092481036944,141
3209.2,7,1106.6086309926166,4.199999999999999,50.573460895737384,380.0048310884281,141
3209.3,7,1106.6086309926166,4.199999999999999,50.57012421415229,380.0397897348222,141
3209.4,7,1106.6086309926166,4.199999999999999,50.59229604099713,379.87210963299026,141
3209.5,7,1106.6086309926166,4.199999999999999,50.63716501341321,379.5718831347185,141
3209.6,7,1106.6086309926166,4.199999999999999,50.6704577332452,379.3148455655265,141
3209.7,7,1106.6086309926166,4.199999999999999,50.651621016282945,379.4717631515602,141
3209.8,7,1106.6086309926166,4.199999999999999,50.654444103688476,379.4555563163708,141
3209.9,7,1106.6086309926166,4.199999999999999,50.665041999851745,379.37950170081007,141
3210.0,7,1106.6086309926166,4.199999999999999,50.65690570668862,379.44368059331987,141
3210.1,5,1105.8755465512643,3.5,50.66004614956928,379.4289819066763,141
3210.2,5,1105.624150734778,4.5,50.52630339884752,380.3798921435273,141
3210.3,5,1105.511170567564,4.5,50.540579638761855,380.277280247053,141
3210.4,5,1105.2983906674333,4.5,50.61071034929336,379.56273003038723,141
3210.5,5,1105.2983906674333,4.5,50.62891438419817,379.42924705215455,141
3210.6,5,1105.2983906674333,4.5,50.651537504291774,379.26520562379915,141
3210.7,5,1105.2983906674333,4.5,50.65808535908934,379.22561764986614,141
3210.8,5,1105.2983906674333,4.5,50.68779229889303,379.00192431108854,141
3210.9,5,1105.2983906674333,4.5,50.70256983371327,378.8949175298328,141
3211.0,5,1105.2983906674333,4.5,50.76870702997167,378.39022242065084,141
3211.1,5,1105.0410938354746,4.5,50.78740349082017,378.25540280866676,141
3211.2,5,1105.0410938354746,5.0,50.816982542347944,378.0359376829185,141
3211.3,5,1105.0410938354746,5.0,50.82888356281947,377.95707451059934,141
3211.4,5,1105.0410938354746,5.0,50.70778061334546,378.81569959672635,141
3211.5,5,1105.0410938354746,5.0,50.59940123939576,379.6755797252979,141
3211.6,5,1105.0410938354746,5.0,50.607306057359864,379.6247609343683,141
3211.7,5,1105.0410938354746,5.0,50.62848894087029,379.4672207585462,141
3211.8,5,1105.0410938354746,5.0,50.66136118581798,379.215589697573,141
3211.9,5,1105.0410938354746,5.0,50.67605135349634,379.10906363101094,141
3212.0,5,1105.0410938354746,5.0,50.71809589743154,378.79343552638306,141
3212.1,5,1105.0410938354746,4.5,50.790333897437904,378.27873850084916,141
3212.2,5,1105.0410938354746,4.5,50.832397486199525,377.95762131725405,141
3212.3,5,1105.0410938354746,4.5,50.83665057500387,377.93215206997024,141
3212.4,5,1105.0410938354746,4.5,50.87839731133349,377.61308233456646,141
3212.5,5,1105.0410938354746,4.5,50.94328468629535,377.0657710279347,141
3212.6,5,1105.0410938354746,4.5,50.908819937339544,377.37141910863835,141
3212.7,5,1105.0410938354746,4.5,50.91947854226595,377.2911967543643,141
3212.8,5,1105.0410938354746,4.5,50.73577029878659,378.72687191858154,141
3212.9,5,1105.0410938354746,4.5,50.755335856617165,378.5815349693164,141
3213.0,5,1105.0410938354746,4.5,50.77725693146795,378.4094407646568,141
3213.1,5,1105.0410938354746,4.5,50.839641788984395,377.85647420066766,141
3213.2,5,1105.0410938354746,4.5,50.866832924755144,377.64482312625796,141
3213.3,5,1105.0410938354746,4.5,50.73440409707297,378.592166316669,141
3213.4,5,1105.0410938354746,4.5,50.778225171367694,378.25460460429224,141
3213.5,5,1105.0410938354746,4.5,50.77259070268639,378.29766113991735,141
3213.6,5,1105.0410938354746,4.5,50.79334125060266,378.1395076616195,141
3213.7,5,1105.0410938354746,4.5,50.858930779154235,377.63478525198116,141
3213.8,5,1105.0410938354746,4.5,50.88005305951839,377.4731989897955,141
3213.9,5,1105.0410938354746,4.5,50.878844438461925,377.48561740018897,141
3214.0,5,1105.0410938354746,4.5,50.91399453853009,377.22043706886546,141
3214.1,5,1105.0410938354746,4.5,50.9380570997356,377.04014275683346,141
3214.2,5,1105.0410938354746,4.5,50.95139069735047,376.94085955014845,141
3214.3,5,1105.0410938354746,4.5,50.97516060428912,376.75976167567785,141
3214.4,5,1105.0410938354746,4.5,50.990312018202744,376.6482654883177,141
3214.5,5,1105.0410938354746,4.5,51.01377306536134,376.4737285982145,141
3214.6,5,1105.5476197277212,4.5,50.89594385571661,377.31081519243247,142
3214.7,5,1105.5476197277212,-100.0,50.975382068149656,376.7341407328975,142
3214.8,5,1105.5476197277212,4.5,50.99711458391671,376.5705084417612,142
3214.9,5,1105.5476197277212,4.5,51.03006476054722,376.3192852269392,142
3215.0,5,1105.5476197277212,4.5,51.04939184462388,376.17578640139845,142
3215.1,5,1105.2906182206639,4.5,51.06580097595099,376.05353286785294,142
3215.2,5,1105.2906182206639,5.0,51.08859132990031,375.8848186466238,142
3215.3,5,1105.2906182206639,5.0,51.13642832343169,375.5259345107773,142
3215.4,5,1105.2906182206639,5.0,51.14008219048708,375.50046032118246,142
3215.5,5,1105.2906182206639,5.0,51.16044365053826,375.35096283973735,142
3215.6,5,1105.2906182206639,5.0,51.18704745774387,375.1551180624453,142
3215.7,5,1105.2906182206639,5.0,51.22566016232521,374.86907950181944,142
3215.8,5,1105.2906182206639,5.0,51.23051065794451,374.8359035384441,142
3215.9,5,1105.2906182206639,5.0,51.26226169927814,374.603021563976,142
3216.0,5,1105.2906182206639,5.0,51.28744091634442,374.41667895062216,142
3216.1,5,1105.2906182206639,5.0,51.29782507822033,374.34243084257207,142
3216.2,5,1105.2906182206639,5.0,51.37540987833042,373.7667283862273,142
3216.3,5,1105.2906182206639,5.0,51.39113217521137,373.65083460773656,142
3216.4,5,1105.2906182206639,5.0,51.42183789578468,373.4267847485919,142
3216.5,5,1105.2906182206639,5.0,51.44754362850594,373.23903502540696,142
3216.6,5,1105.2906182206639,5.0,51.47476635603797,373.0385285908483,142
3216.7,5,1105.2906182206639,5.0,51.51416673867051,372.7272261525442,142
3216.8,5,1105.2906182206639,5.0,51.53149654274039,372.60035707735244,142
3216.9,5,1105.2906182206639,5.0,51.53044388443955,372.60810762127244,142
3217.0,5,1105.2906182206639,5.0,51.60972614881166,372.038214999539,142
3217.1,5,1105.2906182206639,5.0,51.612685982233074,372.0169600222906,142
3217.2,5,1105.2906182206639,5.0,51.640931989997995,371.8103472615609,142
3217.3,5,1105.2906182206639,5.0,51.64316664055829,371.79422794645245,142
3217.4,5,1105.2906182206639,5.0,51.6558864557056,371.7012986107685,142
3217.5,5,1105.2906182206639,5.0,51.673162268049126,371.57533059244724,142
3217.6,5,1105.2906182206639,5.0,51.69856073803096,371.3913681831493,142
3217.7,5,1105.2906182206639,5.0,51.6842238677839,371.49482371486954,142
3217.8,5,1105.2906182206639,5.0,51.70192328773945,371.3660032666917,142
3217.9,5,1105.2906182206639,5.0,51.71025163362748,371.304649572651,142
3218.0,5,1105.2906182206639,5.0,51.712048490621214,371.29116728655606,142
3218.1,5,1105.2906182206639,5.0,51.73419114329151,371.13107831939055,142
3218.2,5,1105.2906182206639,5.0,51.74884128057308,371.02520325165517,142
3218.3,5,1105.2906182206639,5.0,51.75573457406634,370.97510653498625,142
3218.4,5,1105.2906182206639,5.0,51.765367704798265,370.90533063530427,142
3218.5,5,1105.2906182206639,5.0,51.78776005561377,370.74442867561737,142
3218.6,5,1105.2906182206639,5.0,51.65101530317585,371.7299288661741,142
3218.7,5,1105.2906182206639,5.0,51.683923432040814,371.4915678788602,142
3218.8,5,1105.2906182206639,5.0,51.556861393175296,372.40571620527066,142
3218.9,5,1105.2906182206639,5.0,51.6123576305413,372.03281843226273,142
3219.0,5,1105.2906182206639,5.0,51.63096057582845,371.9029522455711,142
3219.1,5,1105.2906182206639,5.0,51.64102366575182,371.83125533508655,142
3219.2,5,1105.2906182206639,5.0,51.64636690174315,371.79264202223084,142
3219.3,5,1105.2906182206639,5.0,51.66725703646637,371.64332878699406,142
3219.4,5,1105.2906182206639,5.0,51.678339259233866,371.5657432467106,142
3219.5,5,1105.2906182206639,5.0,51.68761067053259,371.4996956667833,142
3219.6,5,1105.2906182206639,5.0,51.696825585082735,371.43436703049406,142
3219.7,5,1105.2906182206639,5.0,51.72094009323122,371.26253516817235,142
3219.8,5,1105.2906182206639,5.0,51.72567723019053,371.22713824417826,142
3219.9,5,1105.2906182206639,5.0,51.560971671260376,372.44325090164875,142
3220.0,5,1105.2906182206639,5.0,51.57158187046625,372.3660131817778,142
3220.1,5,1105.2906182206639,5.0,51.593990033349144,372.20712372725103,142
3220.2,5,1105.2906182206639,5.0,51.59570178209316,372.1924290908412,142
3220.3,5,1105.2906182206639,5.0,51.61879667302645,372.0285298551592,142
3220.4,5,1105.2906182206639,5.0,51.62139507959641,372.0113177592514,142
3220.5,5,1105.2906182206639,5.0,51.62352362316006,371.9962778738614,142
3220.6,5,1105.2906182206639,5.0,51.63572543039298,371.90810962597527,142
3220.7,5,1105.2906182206639,5.0,51.573672385771886,372.3441663021961,142
3220.8,5,1105.2906182206639,4.5,51.58874415214858,372.23552296123603,142
3220.9,5,1105.2906182206639,4.5,51.60346326350657,372.13277996230346,142
3221.0,5,1105.2906182206639,4.5,51.618244441423684,372.0266962126017,142
3221.1,5,1105.2906182206639,4.5,51.69160099557732,371.48879185340536,142
3221.2,5,1105.2906182206639,4.5,51.74233724637051,371.13242648066125,142
3221.3,5,1105.2906182206639,4.5,51.74369195355838,371.1242536174372,142
3221.4,5,1105.2906182206639,4.5,51.751884909579346,371.06570814970837,142
3221.5,5,1105.2906182206639,4.5,51.681988811941935,371.5560780240601,142
3221.6,5,1105.2906182206639,4.5,51.68718995565291,371.52071964054016,142
3221.7,5,1105.2906182206639,4.5,51.71556672448866,371.3207826231072,142
3221.8,5,1105.2906182206639,4.5,51.6956917383299,371.45918186358836,142
3221.9,5,1105.2906182206639,4.5,51.563763920807595,372.44207639254387,142
3222.0,5,1105.0337323913427,4.5,51.57040879561952,372.39664625419255,142
3222.1,5,1105.0337323913427,5.0,51.58556847099098,372.28830475504884,142
3222.2,5,1105.0337323913427,5.0,51.577213645720576,372.34376275513966,142
3222.3,5,1105.0337323913427,5.0,51.60142671023226,372.1743842991731,142
3222.4,5,1105.0337323913427,5.0,51.612029921547986,372.0994847790613,142
3222.5,5,1105.0337323913427,5.0,51.61317518290373,372.09310773893037,142
3222.6,5,1105.0337323913427,5.0,51.63653818666337,371.9291497648137,142
3222.7,5,1105.0337323913427,5.0,51.655522051141595,371.7997038761064,142
3222.8,5,1105.0337323913427,5.0,51.67317729545347,371.6744969408695,142
3222.9,5,1105.0337323913427,5.0,51.6822518525063,371.6105395127692,142
3223.0,5,1105.0337323913427,4.5,51.69205334144037,371.5441032671963,142
3223.1,5,1105.0337323913427,4.5,51.70399309976453,371.4616257025717,142
3223.2,5,1105.0337323913427,4.5,51.70407784874702,371.4606434567255,142
3223.3,5,1105.0337323913427,4.5,51.7329887474036,371.25978955604967,142
3223.4,5,1105.0337323913427,4.5,51.797037381988694,370.7891845652859,142
3223.5,5,1105.0337323913427,4.5,51.71364171562941,371.36282788444237,142
3223.6,5,1105.0337323913427,4.5,51.71950782313783,371.32164541956547,142
3223.7,5,1105.0337323913427,4.5,51.72496064902933,371.2831037352308,142
3223.8,5,1105.0337323913427,4.5,51.749709620755844,371.11044786134346,142
3223.9,5,1105.0337323913427,4.5,51.787620623364006,370.8805050116307,142
3224.0,5,1105.0337323913427,4.5,51.796850369485384,370.81573796479313,142
3224.1,5,1105.0337323913427,4.5,51.63511634104569,372.0302138989965,142
3224.2,5,1105.0337323913427,4.5,51.66623035352685,371.8138238440259,142
3224.3,5,1105.0337323913427,4.5,51.66096825637989,371.8471005304942,142
3224.4,5,1105.0337323913427,4.5,51.66476482827599,371.8187734836338,142
3224.5,5,1105.0337323913427,4.5,51.672224699633475,371.767192091262,142
3224.6,5,1105.0337323913427,4.5,51.69491946924403,371.6090009178131,142
3224.7,5,1105.0337323913427,4.5,51.71066653253284,371.49787488809875,142
3224.8,5,1105.0337323913427,4.5,51.70321222995659,371.54848601170977,142
3224.9,5,1105.0337323913427,4.5,51.732313943460156,371.34807420554307,142
3225.0,5,1105.0337323913427,4.5,51.72772599987246,371.3810282416765,142
3225.1,5,1104.7776107565394,4.5,51.723837217136214,371.40678449138744,142
3225.2,5,1104.7776107565394,5.0,51.74888324783741,371.23268995491713,142
3225.3,5,1104.7776107565394,5.0,51.753072127589746,371.20191210124955,142
3225.4,5,1104.7776107565394,5.0,51.62111368411112,372.11197556258855,142
3225.5,5,1104.7776107565394,5.0,51.63507650531852,372.0123313495405,142
3225.6,5,1104.7776107565394,5.0,51.63366412639514,372.0174346642535,142
3225.7,5,1104.7776107565394,4.5,51.65493946581945,371.8679859608352,142
3225.8,5,1104.7776107565394,4.5,51.52684681073894,372.837288878613,142
3225.9,5,1104.7776107565394,4.5,51.54595320364035,372.70205444840485,142
3226.0,5,1104.7776107565394,4.5,51.563425020950696,372.58029359020014,142
3226.1,5,1104.7776107565394,4.5,51.581946571034976,372.44932586786445,142
3226.2,5,1104.7776107565394,4.5,51.57943907165931,372.4599312743403,142
3226.3,5,1104.7776107565394,4.5,51.59461896840675,372.347372791086,142
3226.4,5,1104.7776107565394,4.5,51.606131277410284,372.26263595076966,142
3226.5,5,1104.7776107565394,4.5,51.62969396166018,372.1000787231492,142
3226.6,5,1104.7776107565394,4.5,51.618601846782994,372.1735113887187,142
3226.7,5,1104.7776107565394,4.5,51.459225494283416,373.2732141639017,142
3226.8,5,1104.7776107565394,4.5,51.45733511295775,373.28446160430633,142
3226.9,5,1104.7776107565394,4.5,51.48711122516741,373.0729512581526,142
3227.0,5,1104.7776107565394,4.5,51.51314741757389,372.88468842497275,142
3227.1,5,1104.7776107565394,4.5,51.53133965705376,372.75298842417374,142
3227.2,5,1104.7776107565394,4.5,51.5406718226884,372.6858176750125,142
3227.3,5,1104.7776107565394,4.5,51.55965429943055,372.5548673613829,142
3227.4,5,1104.7776107565394,4.5,51.542682261856235,372.6702535423102,142
3227.5,5,1104.7776107565394,4.5,51.36981611658824,373.986549352486,142
3227.6,5,1104.7776107565394,4.5,51.36758162413989,373.99735923291195,142
3227.7,5,1104.7776107565394,4.5,51.38161219025616,373.9006587583322,142
3227.8,5,1104.7776107565394,4.5,51.39211976166412,373.82534954232517,142
3227.9,5,1104.7776107565394,4.5,51.406645921525254,373.7276465624711,142
3228.0,5,1104.7776107565394,4.5,51.54793924065204,372.65222127127186,142
3228.1,5,1104.7776107565394,4.5,51.55174911201921,372.5979373158698,142
3228.2,5,1104.7776107565394,4.0,51.57155990544753,372.459567377207,142
3228.3,7,1104.7776107565394,4.0,51.573205724722584,372.4469425955731,142
3228.4,5,1104.7776107565394,4.8999999999999995,51.58620725744221,372.355458566608,142
3228.5,5,1104.7776107565394,4.0,51.5958453838169,372.2852525164942,142
3228.6,5,1104.7776107565394,4.0,51.60201294970756,372.2401703979436,142
3228.7,5,1104.521673210434,4.0,51.607688788962705,372.1981164119238,142
3228.8,5,1104.521673210434,4.5,51.616638772266924,372.1355424662312,142
3228.9,5,1104.521673210434,4.5,51.45021936101833,373.2937619346255,142
3229.0,5,1104.521673210434,4.5,51.46027580000152,373.2242558442417,142
3229.1,5,1104.521673210434,4.5,51.47010514351231,373.1530140099036,142
3229.2,5,1104.521673210434,4.5,51.47948119461408,373.0882777456492,142
3229.3,5,1104.521673210434,4.5,51.45397786845179,373.2691263326677,142
3229.4,5,1104.521673210434,4.5,51.470535854158676,373.15503612689633,142
3229.5,5,1104.521673210434,4.5,51.448625370493644,373.31102002364526,142
3229.6,5,1104.521673210434,4.5,51.434676545198435,373.41228328994396,142
3229.7,5,1104.521673210434,4.5,51.3928169903352,373.70778209698847,142
3229.8,5,1104.521673210434,4.5,51.20703771896604,375.02197133506684,142
3229.9,5,1104.521673210434,4.5,51.177920853479065,375.2319257889473,142
3230.0,5,1104.521673210434,4.5,51.146849692559044,375.4560058203429,142
3230.1,5,1104.521673210434,4.5,51.12550560772974,375.6107195483754,142
3230.2,5,1104.521673210434,4.5,51.07568919563825,375.9714552292546,142
3230.3,5,1104.521673210434,4.5,51.0592152793456,376.09242878580324,142
3230.4,5,1104.521673210434,4.5,51.02072099685938,376.3718762797201,142
3230.5,5,1104.521673210434,4.5,51.434254081467344,373.3610946359497,142
3230.6,5,1104.521673210434,4.5,51.22896378058607,374.78799877437314,142
3230.7,5,1104.521673210434,4.5,51.065437869713655,376.05036239362556,142
3230.8,5,1104.521673210434,4.5,51.04826213421509,376.17683190101934,142
3230.9,5,1104.521673210434,4.5,50.813957569750535,377.96167812115834,142
3231.0,5,1104.521673210434,4.5,50.796673094847364,378.08679889543197,142
3231.1,5,1104.521673210434,4.5,50.76359066009303,378.33828765618614,142
3231.2,5,1104.521673210434,4.5,50.75050301131157,378.4357147313834,142
3231.3,5,1104.521673210434,4.5,50.593242573290865,379.59200384729695,142
3231.4,5,1104.265601133174,4.5,50.59247751021697,379.594567309734,142
3231.5,5,1104.265601133174,5.0,50.557464404816706,379.8639071093794,142
3231.6,5,1104.265601133174,5.0,50.547154326090634,379.93997312936426,142
3231.7,5,1104.265601133174,5.0,50.55021911075515,379.9165445578004,142
3231.8,5,1104.265601133174,5.0,50.51908623021338,380.1590460026203,142
3231.9,5,1104.265601133174,5.0,50.49881979232251,380.3149459753331,142
3232.0,5,1104.265601133174,5.0,50.50190072012029,380.29097679444124,142
3232.1,5,1104.265601133174,5.0,50.497782625396674,380.321260473103,142
3232.2,5,1104.265601133174,5.0,50.49957509599037,380.3077762655756,142
3232.3,5,1104.265601133174,5.0,50.48886592744739,380.39274337018435,142
3232.4,5,1104.265601133174,5.0,50.48581516216228,380.4165217233582,142
3232.5,5,1104.265601133174,5.0,50.333189649030345,381.53159125457967,142
3232.6,5,1104.265601133174,4.5,50.43719039526371,380.7655219826428,142
3232.7,5,1104.265601133174,4.5,50.41471133741558,380.94027662568294,142
3232.8,5,1104.265601133174,4.5,50.418008015414216,380.9148337407215,142
3232.9,5,1104.265601133174,4.5,50.42604032553117,380.85220110816863,142
3233.0,5,1104.265601133174,4.5,50.41290548087718,380.94237706991544,142
3233.1,7,1104.265601133174,4.5,50.41685156437728,380.9104574489371,142
3233.2,7,1104.265601133174,6.3,50.557456453337934,379.8204793858747,142
3233.3,7,1104.265601133174,6.3,50.363719920923785,381.27112697384536,142
3233.4,7,1104.265601133174,6.3,50.357578530429706,381.31658751257544,142
3233.5,7,1104.265601133174,6.3,50.254742095951926,382.21277545405843,142
3233.6,5,1104.265601133174,4.8999999999999995,50.24480812280224,382.28739945634186,142
3233.7,5,1104.265601133174,4.5,50.22898119120827,382.4055958078287,142
3233.8,5,1104.265601133174,4.5,50.20784740597897,382.56865355103247,142
3233.9,5,1104.265601133174,4.5,50.202106592413806,382.6129068478708,142
3234.0,5,1104.265601133174,4.5,50.197975912861054,382.6438112869747,142
3234.1,5,1104.265601133174,4.5,50.197908837271385,382.64217561953325,142
3234.2,5,1104.265601133174,4.5,50.174583627478526,382.8252372749105,142
3234.3,5,1104.01022812599,4.5,50.17439010410875,382.8229986369711,142
3234.4,5,1104.01022812599,5.0,50.173988552414514,382.8266324766547,142
3234.5,5,1104.01022812599,5.0,50.18321252899437,382.75618971985614,142
3234.6,5,1104.01022812599,5.0,50.186738822854096,382.7327192063532,142
3234.7,5,1104.01022812599,5.0,50.18795778424124,382.7227754782996,142
3234.8,5,1104.01022812599,5.0,50.1775272784871,382.80616069031095,142
3234.9,5,1104.01022812599,5.0,50.1812392226244,382.7771610953439,142
3235.0,5,1104.01022812599,5.0,50.165369363826784,382.90064454427034,142
3235.1,5,1104.01022812599,5.0,50.30945274467446,381.8272333435654,142
3235.2,5,1104.01022812599,5.0,50.29928327631733,381.9083305351376,142
3235.3,5,1104.01022812599,5.0,50.29422015018222,381.9495185296572,142
3235.4,5,1104.01022812599,4.5,50.14159923313838,383.0688348824476,142
3235.5,5,1104.01022812599,4.5,50.313720739968865,381.7087964351398,142
3235.6,5,1104.01022812599,4.5,50.30217703990837,381.79920878056225,142
3235.7,5,1104.01022812599,4.5,50.321604955213616,381.64668773049743,142
3235.8,5,1104.01022812599,4.5,50.30595895730764,381.7690756463397,142
3235.9,5,1104.01022812599,4.5,50.30502686165945,381.78027443077394,142
3236.0,5,1104.01022812599,4.5,50.32455188575776,381.6304971195777,142
3236.1,5,1104.01022812599,4.5,50.32591598901992,381.6203216815204,142
3236.2,5,1104.01022812599,4.5,50.32067001986121,381.6614971460531,142
3236.3,5,1104.01022812599,4.5,50.31718697806629,381.68836303653075,142
3236.4,5,1104.01022812599,4.5,50.30812687713633,381.75799932814397,142
3236.5,5,1104.01022812599,4.5,50.30432521960758,381.78345727615635,142
3236.6,5,1104.01022812599,4.5,50.296792522305665,381.8422866512718,142
3236.7,5,1104.01022812599,4.5,50.301742246025725,381.8026551109171,142
3236.8,5,1104.01022812599,4.5,50.29259865588157,381.87197343559177,142
3236.9,5,1104.01022812599,4.5,50.27939231117032,381.97422943733375,142
3237.0,5,1103.7544621207712,4.5,50.26152064168184,382.11135272810475,142
3237.1,5,1103.7544621207712,5.0,50.25087384320206,382.19237771946626,142
3237.2,5,1103.7544621207712,5.0,50.262077570436546,382.1028450166618,142
3237.3,5,1103.7544621207712,5.0,50.23989346750603,382.28059670102925,142
3237.4,5,1103.7544621207712,5.0,50.25548252305643,382.15415227848985,142
3237.5,5,1103.7544621207712,5.0,50.24092839948405,382.267044730031,142
3237.6,7,1103.7544621207712,4.5,50.330448367541436,381.6132114542303,142
3237.7,7,1103.7544621207712,6.3,50.47701630217995,380.46581256878426,142
3237.8,7,1103.7544621207712,6.3,50.437208595975136,380.7720499956818,142
3237.9,7,1103.7544621207712,6.3,50.446075885828236,380.7006547250073,142
3238.0,7,1103.7544621207712,6.3,50.43813457518337,380.7606757122886,142
3238.1,7,1103.7544621207712,6.3,50.44114308286717,380.7331898725588,142
3238.2,7,1103.7544621207712,6.3,50.43371906472553,380.78896284086295,142
3238.3,7,1103.7544621207712,6.3,50.41460987933267,380.9339017347979,142
3238.4,7,1103.7544621207712,6.3,50.26238094696136,382.05782208519616,142
3238.5,7,1103.7544621207712,6.3,50.25650212467005,382.10178227947995,142
3238.6,7,1103.7544621207712,6.3,50.25148828700863,382.13943047566283,142
3238.7,7,1103.7544621207712,6.3,50.23443554189258,382.272860125447,142
3238.8,7,1103.7544621207712,6.3,50.23520757388253,382.26453625756477,142
3238.9,7,1103.7544621207712,6.3,50.22224169939827,382.36393568250105,142
3239.0,7,1103.7544621207712,6.3,50.223405047868404,382.3547612321974,142
3239.1,7,1103.7544621207712,6.3,50.2251413313131,382.34131262365327,142
3239.2,7,1103.7544621207712,6.3,50.20975210365445,382.4626264813154,142
3239.3,7,1103.7544621207712,6.3,50.21568720214302,382.4193140970213,142
3239.4,7,1103.7544621207712,6.3,50.22407099250371,382.35442011888546,142
3239.5,7,1103.7544621207712,6.3,50.042681450254996,383.71377120788645,142
3239.6,7,1103.7544621207712,6.3,50.05587065697479,383.6120347835372,142
3239.7,7,1103.7544621207712,6.3,50.0679465210992,383.5189878885216,142
3239.8,7,1103.7544621207712,7.0,50.15392178894258,382.88009955561233,142
3239.9,7,1103.7544621207712,7.0,50.261173857618495,382.04514668354466,142
3240.0,7,1103.7544621207712,7.0,50.26691056640924,382.00126015910575,142
3240.1,7,1103.7544621207712,6.3,50.27071289971138,381.9729745566051,142
3240.2,7,1103.7544621207712,6.3,50.28504948063725,381.8633149251792,142
3240.3,7,1103.7544621207712,6.3,50.273490293690834,381.9530700634151,142
3240.4,7,1103.7544621207712,6.3,50.26903378553337,381.9860237966726,142
3240.5,7,1103.7544621207712,6.3,50.266031185719,382.01016558603817,142
3240.6,7,1103.7544621207712,6.3,50.28174783492389,381.88922547633695,142
3240.7,7,1103.7544621207712,6.3,50.285465532607354,381.8620594007921,142
3240.8,7,1103.7544621207712,6.3,50.271953489099076,381.96793541961983,142
3240.9,7,1103.7544621207712,6.3,50.273331740264894,381.9571330819566,142
3241.0,7,1103.7544621207712,6.3,50.27203865164882,381.967731452369,142
3241.1,7,1103.7544621207712,6.3,50.2789096852858,381.9159235638734,142
3241.2,7,1103.7544621207712,6.3,50.192918401937916,382.5563264068944,142
3241.3,7,1103.7544621207712,6.3,50.19763507839292,382.52035189769913,142
3241.4,7,1103.7544621207712,6.3,50.138706442545065,382.982230071269,142
3241.5,7,1103.7544621207712,6.3,50.151594002368284,382.8839928690668,142
3241.6,7,1103.7544621207712,6.3,50.141755342664865,382.9637047670683,142
3241.7,7,1103.7544621207712,6.3,50.158483679522405,382.83475944147517,142
3241.8,7,1103.7544621207712,6.3,50.17974964507737,382.67143568577285,142
3241.9,7,1103.7544621207712,6.3,50.17481252154961,382.7118628211265,142
3242.0,7,1103.7544621207712,6.3,50.19519837872427,382.5551601711718,142
3242.1,7,1103.7544621207712,7.0,50.20625871619921,382.4718455259032,142
3242.2,7,1103.7544621207712,7.0,50.22084172429992,382.3608497760578,142
3242.3,7,1103.7544621207712,7.0,50.32551015426601,381.580022667613,142
3242.4,7,1103.7544621207712,7.0,50.39581888624524,381.03577733755293,142
3242.5,7,1103.7544621207712,7.0,50.427967986218725,380.79234745216684,142
3242.6,7,1103.7544621207712,7.0,50.43900067610335,380.70963183610957,142
3242.7,7,1103.7544621207712,7.0,50.458317962071845,380.56187464556035,142
3242.8,7,1103.7544621207712,7.0,50.45445986932469,380.5952511340946,142
3242.9,7,1103.7544621207712,7.0,50.46785597195159,380.49418860215826,142
3243.0,7,1103.7544621207712,7.0,50.48738477157363,380.345499787589,142
3243.1,7,1103.7544621207712,7.0,50.48458424078982,380.36731745741395,142
3243.2,7,1103.7544621207712,7.0,50.47804470400932,380.41973083495236,142
3243.3,7,1103.7544621207712,7.0,50.50696449886799,380.20024689541776,142
3243.4,7,1103.7544621207712,7.0,50.32837326222941,381.52213332147664,142
3243.5,7,1103.7544621207712,7.699999999999999,50.33069274191961,381.5062322025134,142
3243.6,7,1103.7544621207712,7.699999999999999,50.33645427506982,381.46257355364884,142
3243.7,7,1103.7544621207712,7.699999999999999,50.345067213461796,381.3986682236852,142
3243.8,7,1103.7544621207712,7.699999999999999,50.18817289703175,382.6199774660571,142
3243.9,7,1103.7544621207712,7.699999999999999,50.20421237129884,382.4975823730967,142
3244.0,7,1103.7544621207712,7.699999999999999,50.19269429526829,382.59168657808834,142
3244.1,7,1103.7544621207712,7.699999999999999,50.21408337259964,382.4279170458627,142
3244.2,7,1103.7544621207712,7.699999999999999,50.217815862676126,382.40142697071576,142
3244.3,7,1103.7544621207712,7.699999999999999,50.25193342953411,382.13791571340073,142
3244.4,7,1103.7544621207712,7.699999999999999,50.23839415377071,382.246920349755,142
3244.5,7,1103.7544621207712,7.699999999999999,50.33686422896612,381.5106729529915,142
3244.6,7,1103.7544621207712,7.699999999999999,50.35553038214012,381.3707684696759,142
3244.7,7,1103.7544621207712,7.699999999999999,50.36552516066129,381.29478673262804,142
3244.8,7,1103.7544621207712,7.699999999999999,50.376632290674905,381.21369332446136,142
3244.9,7,1103.7544621207712,7.699999999999999,50.1988607042303,382.5347456425451,142
3245.0,7,1103.7544621207712,7.699999999999999,50.22120405174795,382.3639250324476,142
3245.1,7,1103.7544621207712,7.699999999999999,50.21456776683263,382.4195440091674,142
3245.2,7,1103.7544621207712,7.699999999999999,50.26648811779769,382.0166206694047,142
3245.3,7,1103.7544621207712,7.699999999999999,50.27226726415683,381.97375355937606,142
3245.4,7,1103.7544621207712,7.699999999999999,50.265870127636745,382.02443192325416,142
3245.5,7,1103.7544621207712,7.699999999999999,50.27897083676564,381.9258262661996,142
3245.6,7,1103.7544621207712,7.699999999999999,50.261684021683465,382.0620964706709,142
3245.7,7,1103.7544621207712,7.699999999999999,50.27623716412799,381.95368869000765,142
3245.8,7,1103.7544621207712,7.0,50.27767826579864,381.9455486341447,142
3245.9,7,1103.7544621207712,7.0,50.28623043022979,381.8814789702977,142
3246.0,7,1103.7544621207712,7.0,50.304320304971476,381.744090277619,142
3246.1,7,1103.7544621207712,7.0,50.31700294506554,381.6511285876304,142
3246.2,7,1103.7544621207712,7.0,50.329165764571044,381.5599594590441,142
3246.3,7,1103.7544621207712,7.0,50.343166478624696,381.4522231271684,142
3246.4,7,1103.7544621207712,7.0,50.35006601968267,381.40217488297577,142
3246.5,7,1103.7544621207712,7.0,50.36143852825029,381.31769539693397,142
3246.6,7,1103.7544621207712,7.0,50.38193611577698,381.16189992164266,142
3246.7,7,1103.7544621207712,7.0,50.39645000194891,381.05110457946626,142
3246.8,7,1103.7544621207712,7.0,50.40904126362599,380.9547660497301,142
3246.9,7,1103.7544621207712,7.0,50.41999380789293,380.87430336029604,142
3247.0,7,1103.7544621207712,7.0,50.493144676952525,380.3322444278851,142
3247.1,7,1103.7544621207712,7.0,50.47844812870348,380.44528096839156,142
3247.2,7,1103.7544621207712,7.0,50.317926638348844,381.6202123598341,142
3247.3,7,1103.7544621207712,7.0,50.349820858854656,381.3782152354302,142
3247.4,7,1103.7544621207712,6.3,50.363442867896836,381.27550806854254,142
3247.5,7,1103.7544621207712,6.3,50.39115073834771,381.0616457233971,142
3247.6,7,1103.7544621207712,6.3,50.38789462230129,381.08684263764434,142
3247.7,7,1103.7544621207712,6.3,50.40135334536191,380.9862810368652,142
3247.8,7,1103.7544621207712,6.3,50.442171140021884,380.6755925125236,142
3247.9,7,1103.7544621207712,6.3,50.45994985440813,380.54100086894965,142
3248.0,7,1103.7544621207712,6.3,50.47187346020048,380.4510789296688,142
3248.1,7,1103.7544621207712,6.3,50.519405443992426,380.08963030189506,142
3248.2,7,1103.7544621207712,6.3,50.54121674150236,379.92420073628864,142
3248.3,7,1103.7544621207712,6.3,50.54483419391414,379.8993300007161,142
3248.4,7,1103.7544621207712,6.3,50.56099314938706,379.77779498652137,142
3248.5,7,1103.7544621207712,6.3,50.57388439359572,379.6808925565059,142
3248.6,7,1103.7544621207712,6.3,50.57159612946849,379.69979409205314,142
3248.7,7,1103.7544621207712,6.3,50.4754870783177,380.443397874604,142
3248.8,7,1103.7544621207712,5.6,50.5762724368561,379.70131621211397,142
3248.9,7,1103.7544621207712,5.6,50.57154848920004,379.7397896654965,142
3249.0,7,1103.7544621207712,5.6,50.5945387735105,379.5676573974523,142
3249.1,7,1103.7544621207712,6.3,50.60775991342139,379.4673227170847,142
3249.2,7,1103.7544621207712,6.3,50.63836604148184,379.2352010881382,142
3249.3,7,1103.7544621207712,6.3,50.65325859029727,379.12220258555146,142
3249.4,7,1103.7544621207712,6.3,50.68834234674795,378.85429258948795,142
3249.5,7,1103.7544621207712,6.3,50.696260569492544,378.7963380712982,142
3249.6,7,1103.7544621207712,6.3,50.72854102142445,378.5514393084202,142
3249.7,7,1103.7544621207712,6.3,50.75642148996096,378.34276711633106,142
3249.8,8,1103.8121177053931,5.6,50.77780890436271,378.1840043609758,142
3249.9,7,1103.8121177053931,4.8999999999999995,50.795291573167205,378.053570862356,142
3250.0,8,1103.7958541299147,5.6,50.7979813121793,378.03700553291384,142
3250.1,7,1103.7958541299147,4.8999999999999995,50.8147866147325,377.9104445573394,142
3250.2,7,1103.7958541299147,5.6,50.82155899218991,377.86139001381025,142
3250.3,7,1103.7958541299147,5.6,50.828554045766694,377.81152961275563,142
3250.4,7,1103.7958541299147,5.6,50.829926519614894,377.80646271658054,142
3250.5,7,1103.7958541299147,5.6,50.849278724731704,377.66214925972116,142
3250.6,7,1103.7958541299147,5.6,50.86802507775576,377.52332548559895,142
3250.7,7,1103.7958541299147,5.6,50.88384013599613,377.407812867836,142
3250.8,7,1103.7958541299147,6.3,50.91820601571264,377.15149735921636,142
3250.9,7,1103.7958541299147,6.3,50.959337356201644,376.8584239517012,142
3251.0,7,1103.7958541299147,6.3,50.96463443894042,376.822458112974,142
3251.1,7,1103.7958541299147,5.6,50.97322634511578,376.7614690500692,142
3251.2,7,1103.7958541299147,5.6,50.9778675680636,376.7306645409501,142
3251.3,7,1103.7958541299147,5.6,50.996240487486816,376.5939267226822,142
3251.4,7,1103.7958541299147,5.6,51.005568193723235,376.52851803374506,142
3251.5,7,1103.7958541299147,5.6,51.02908464016448,376.35413198017625,142
3251.6,7,1103.7958541299147,5.6,51.03097261099009,376.3426673556374,142
3251.7,7,1103.7958541299147,5.6,51.055044507139385,376.1619942498517,142
3251.8,7,1103.7958541299147,5.6,51.056328646793006,376.1581839122141,142
3251.9,7,1103.7958541299147,5.6,51.078456555753576,375.9918782994561,142
3252.0,7,1103.7958541299147,5.6,51.065431886286255,376.0955376165441,142
3252.1,7,1103.7958541299147,4.8999999999999995,51.07069865717971,376.06078792130677,142
3252.2,8,1103.8054442954199,4.8999999999999995,51.065213831158765,376.10799711370885,142
3252.3,8,1103.7498709087292,4.8999999999999995,51.07665771150966,376.0258074435487,142
3252.4,8,1103.7498709087292,4.8999999999999995,51.08178147555202,375.9910707181083,142
3252.5,8,1103.7498709087292,4.8999999999999995,51.074726664795115,376.0497593926376,142
3252.6,8,1103.7498709087292,4.8999999999999995,51.092483846884804,375.9228693563498,142
3252.7,8,1103.7498709087292,4.8999999999999995,51.081559001386765,376.013354634797,142
3252.8,8,1103.7498709087292,4.8999999999999995,51.08531494966523,375.9894878375857,142
3252.9,8,1103.7498709087292,4.8999999999999995,51.07625285042755,376.06413459608643,142
3253.0,8,1103.7498709087292,4.8999999999999995,51.06730957024204,376.14294970842286,142
3253.1,8,1103.7498709087292,4.8999999999999995,51.0618844542653,376.1889088235225,142
3253.2,8,1103.7498709087292,4.8999999999999995,51.050554220502434,376.27888128927646,142
3253.3,8,1103.7498709087292,4.8999999999999995,51.082802361544836,376.05701413037525,142
3253.4,8,1103.7498709087292,4.8999999999999995,51.06712144065885,376.18353911802444,142
3253.5,8,1103.7498709087292,4.8999999999999995,51.08426724126517,376.0572464653775,142
3253.6,8,1103.7498709087292,4.8999999999999995,51.07820216164953,376.1100343192786,142
3253.7,8,1103.7498709087292,4.8999999999999995,51.08539193393946,376.06074547554425,142
3253.8,8,1103.7498709087292,4.8999999999999995,51.056779913144226,376.3657565530083,142
3253.9,8,1103.7498709087292,4.8999999999999995,51.05890083562794,376.35561547334123,142
3254.0,8,1103.7498709087292,4.8999999999999995,51.064549667141875,376.3213616005103,142
3254.1,7,1103.7498709087292,4.8999999999999995,51.08056091292002,376.21212688361095,142
3254.2,7,1103.7498709087292,5.6,51.08555781052898,376.18399977125836,142
3254.3,7,1103.7498709087292,5.6,51.08185978438678,376.2227116440476,142
3254.4,7,1103.7498709087292,5.6,51.07199743156356,376.3079318692888,142
3254.5,7,1103.7498709087292,5.6,51.150327453473366,375.70610316226976,142
3254.6,7,1103.7498709087292,5.6,51.156436173661376,375.6725214639644,142
3254.7,7,1103.7498709087292,5.6,51.16438822643982,375.620678291868,142
3254.8,7,1103.7498709087292,5.6,51.17421373858204,375.55690233457227,142
3254.9,7,1103.7498709087292,5.6,51.19074893445675,375.437561360724,142
3255.0,8,1103.6929954771447,5.6,51.18616286686568,375.4911206120157,142
3255.1,8,1103.6929954771447,5.6,51.21289753761816,375.2984806022572,142
3255.2,8,1103.6929954771447,5.6,51.22176612982356,375.242570327207,142
3255.3,7,1103.6929954771447,4.8999999999999995,51.228013856461715,375.20536302841515,142
3255.4,7,1103.6929954771447,5.6,51.23728170005311,375.14554774543024,142
3255.5,7,1103.6929954771447,5.6,51.24012881136413,375.13162360671936,142
3255.6,7,1103.6929954771447,5.6,51.24395008293604,375.1112321346758,142
3255.7,7,1103.6929954771447,5.6,51.251661144542595,375.0623610027,142
3255.8,7,1103.6929954771447,6.3,51.254669541930156,375.04959978483885,142
3255.9,7,1103.6929954771447,6.3,51.17751561926228,375.66685416280495,142
3256.0,7,1103.6929954771447,6.3,51.19700202321154,375.5328735426822,142
3256.1,7,1103.6929954771447,5.6,51.21677903725991,375.4139193361365,142
3256.2,7,1103.6929954771447,5.6,51.22601286908767,375.3526609831602,142
3256.3,7,1103.6929954771447,5.6,51.24507937326898,375.2170856800776,142
3256.4,7,1103.6929954771447,5.6,51.247721303627785,375.21115917940756,142
3256.5,7,1103.6929954771447,5.6,51.25755292011162,375.1486209047164,142
3256.6,7,1103.6929954771447,5.6,51.25997031446141,375.14021302651645,142
3256.7,7,1103.6929954771447,5.6,51.27350939912046,375.05005609829686,142
3256.8,7,1103.6929954771447,5.6,51.26859775821414,375.1042871266633,142
3256.9,7,1103.6929954771447,5.6,51.330896108908476,374.6229457290033,142
3257.0,7,1103.6929954771447,5.6,51.3443707078599,374.5383531447245,142
3257.1,7,1103.6929954771447,5.6,51.345994866036484,374.5398340170934,142
3257.2,7,1103.6929954771447,5.6,51.355871724709075,374.4782870808351,142
3257.3,7,1103.6929954771447,5.6,51.35209000532966,374.51530954713917,142
3257.4,7,1103.6929954771447,5.6,51.37737656651788,374.33994182900756,142
3257.5,7,1103.6929954771447,6.3,51.37227314379997,374.3875248487076,142
3257.6,7,1103.6929954771447,6.3,51.37226846194479,374.4076476780101,142
3257.7,9,1103.6929954771447,5.6,51.38534170394085,374.3174588299721,142
3257.8,9,1103.6929954771447,5.6000000000000005,51.38571289201471,374.32550566431007,142
3257.9,9,1103.6929954771447,5.6000000000000005,51.37657651432031,374.4060718983387,142
3258.0,9,1103.6929954771447,5.6000000000000005,51.36193987266877,374.5334988927218,142
3258.1,9,1103.6929954771447,5.6000000000000005,51.36118978052343,374.55486733125906,142
3258.2,9,1103.6929954771447,5.6000000000000005,51.35333780166434,374.6339173716166,142
3258.3,9,1103.6929954771447,5.6000000000000005,51.36318251408298,374.56685870245246,142
3258.4,9,1103.6929954771447,5.6000000000000005,51.35079423825813,374.675650385253,142
3258.5,9,1103.6929954771447,5.6000000000000005,51.354238536712174,374.66154843951927,142
3258.6,7,1103.6929954771447,5.6000000000000005,51.35947977016397,374.51430805047585,142
3258.7,7,1103.6929954771447,5.6,51.35806399420336,374.54032788576876,142
3258.8,7,1103.6929954771447,5.6,51.36906431943943,374.4711409847601,142
3258.9,7,1103.6929954771447,5.6,51.38416883976742,374.3868225974587,142
3259.0,7,1103.6929954771447,5.6,51.387757712412494,374.36845997490275,142
3259.1,7,1103.6929954771447,5.6,51.37296127164038,374.4945118637481,142
3259.2,7,1103.6929954771447,5.6,51.324472133243724,374.82506235821813,142
3259.3,7,1103.6929954771447,5.6,51.3241093188619,374.8396505869623,142
3259.4,7,1103.6929954771447,5.6,51.321555971156705,374.8788729061237,142
3259.5,7,1103.6929954771447,5.6,51.341600217654246,374.74688646833306,142
3259.6,7,1103.6929954771447,5.6,51.39407269374226,374.3444630936707,142
3259.7,7,1103.6929954771447,6.3,51.40341868020194,374.294399192695,142
3259.8,7,1103.6929954771447,6.3,51.408637538867836,374.27832386096327,142
3259.9,7,1103.6929954771447,6.3,51.419427349428304,374.2144503011873,142
3260.0,7,1103.6929954771447,6.3,51.43704098919426,374.09945537240014,142
3260.1,7,1103.6929954771447,6.3,51.29981923503099,375.2267428161516,142
3260.2,9,1103.6929954771447,5.6,51.304336238306455,375.2089118196325,142
3260.3,9,1103.6929954771447,5.6000000000000005,51.2279782800791,375.724159493422,142
3260.4,8,1103.6360397088788,5.6000000000000005,51.227309375663566,375.7507666241705,142
3260.5,8,1103.6360397088788,5.6,51.234100235817735,375.71482711717863,142
3260.6,8,1103.6360397088788,5.6,51.24038372292175,375.6867427066681,142
3260.7,8,1103.6360397088788,5.6,51.24445396282521,375.67960163347044,142
3260.8,8,1103.6360397088788,5.6,51.23490165462165,375.7749744083933,142
3260.9,8,1103.6360397088788,5.6,51.23650222034584,375.7885656147391,142
3261.0,8,1103.6360397088788,5.6,51.24777435364132,375.72527362272126,142
3261.1,8,1103.6360397088788,5.6,51.25719682070134,375.6785164222191,142
3261.2,8,1103.6360397088788,5.6,51.262185356079016,375.6586635860479,142
3261.3,8,1103.6360397088788,5.6,51.27075820036336,375.6162936177427,142
3261.4,8,1103.6360397088788,5.6,51.28843219758531,375.50002732567447,142
3261.5,8,1103.6360397088788,5.6,51.29366723472374,375.47906509065325,142
3261.6,8,1103.6360397088788,5.6,51.29591559362113,375.4836825087111,142
3261.7,8,1103.6360397088788,5.6,51.316422648147636,375.34658375323494,142
3261.8,8,1103.6360397088788,5.6,51.32948067616849,375.28147578196143,142
3261.9,8,1103.6360397088788,5.6,51.34350874630029,375.1831341674871,142
3262.0,8,1103.6360397088788,5.6,51.34873543280667,375.1678309964603,142
3262.1,8,1103.6360397088788,5.6,51.365070212458924,375.06075735257673,142
3262.2,8,1103.6360397088788,5.6,51.41671978486376,374.659560199225,142
3262.3,8,1103.6360397088788,5.6,51.43481668651012,374.532819988461,142
3262.4,8,1103.6360397088788,5.6,51.432453030080445,374.56221787379644,142
3262.5,8,1103.6360397088788,5.6,51.293901550940504,375.4989910818325,142
3262.6,8,1103.6360397088788,5.6,51.29989820679603,375.475199780052,142
3262.7,7,1103.5832558335455,4.8999999999999995,51.29991620882998,375.4855933739683,142
3262.8,7,1103.5832558335455,5.6,51.30215408673155,375.4915163765768,142
3262.9,9,1103.5832558335455,4.8999999999999995,51.31030929152715,375.439642242633,142
3263.0,8,1103.5832558335455,4.800000000000001,51.30291792017775,375.5200027333795,142
3263.1,8,1103.5832558335455,4.8999999999999995,51.311653528782955,375.4841506605476,142
3263.2,8,1103.5832558335455,4.8999999999999995,51.328817514746035,375.360324756685,142
3263.3,8,1103.5832558335455,4.8999999999999995,51.322655911053005,375.428078121972,142
3263.4,8,1103.5832558335455,4.8999999999999995,51.21294577998326,376.36269822416165,142
3263.5,8,1103.5832558335455,4.8999999999999995,51.224151229295785,376.2881096543084,142
3263.6,8,1103.5832558335455,4.8999999999999995,51.23723626717312,376.20358251865633,142
3263.7,8,1103.5832558335455,4.8999999999999995,51.25793016100187,376.06308445783736,142
3263.8,8,1103.5259018314719,4.8999999999999995,51.26980128394722,375.98402254058686,142
3263.9,8,1103.5259018314719,5.6,51.28958109183782,375.84631379588507,142
3264.0,8,1103.5259018314719,5.6,51.3027961088099,375.76912153362264,142
3264.1,8,1103.5259018314719,4.8999999999999995,51.32899891917811,375.5815384139585,142
3264.2,8,1103.5259018314719,4.8999999999999995,51.27578533910868,375.91643652731926,142
3264.3,8,1103.5259018314719,4.8999999999999995,51.282063285643815,375.8876522618839,142
3264.4,8,1103.5259018314719,4.8999999999999995,51.30480876707284,375.7312199801331,142
3264.5,8,1103.5259018314719,4.8999999999999995,51.320675664510134,375.6184904781926,142
3264.6,8,1103.5259018314719,4.8999999999999995,51.328467647880245,375.5745694575132,142
3264.7,8,1103.5259018314719,4.8999999999999995,51.34172869983031,375.48658245529555,142
3264.8,7,1103.4695929933764,4.8999999999999995,51.405911647564935,374.98095825278006,142
3264.9,7,1103.4695929933764,5.6,51.42529303738475,374.8451813922093,142
3265.0,7,1103.4695929933764,5.6,51.434010118384016,374.79393343093113,142
3265.1,7,1103.4695929933764,5.6,51.45208126188965,374.6735817409645,142
3265.2,7,1103.4695929933764,5.6,51.46899382149995,374.55682947990715,142
3265.3,7,1103.4695929933764,5.6,51.48976155235585,374.4159550314372,142
3265.4,7,1103.4695929933764,5.6,51.50061041638711,374.3444390262973,142
3265.5,7,1103.4695929933764,5.6,51.52722818456647,374.14726804898146,142
3265.6,7,1103.4695929933764,5.6,51.542982414802196,374.0436642939618,142
3265.7,7,1103.4695929933764,5.6,51.55406198062826,373.9809968284859,142
3265.8,7,1103.4695929933764,5.6,51.582616077198836,373.7764427030915,142
3265.9,7,1103.4695929933764,5.6,51.59863747009749,373.6660611806547,142
3266.0,7,1103.4695929933764,5.6,51.62142198339841,373.5053310713919,142
3266.1,7,1103.4695929933764,5.6,51.63535354041389,373.4129194236625,142
3266.2,7,1103.4695929933764,5.6,51.63570683217306,373.42472075237856,142
3266.3,7,1103.4695929933764,5.6,51.64829822664164,373.35865079201153,142
3266.4,7,1103.4695929933764,5.6,51.67430742618906,373.16808864684504,142
3266.5,7,1103.4695929933764,5.6,51.61552191419912,373.5543233085756,142
3266.6,7,1103.4695929933764,5.6,51.62749282676366,373.48077219977193,142
3266.7,7,1103.4695929933764,5.6,51.65465235962053,373.2934924987994,142
3266.8,7,1103.4695929933764,5.6,51.66771872435928,373.21323850325274,142
3266.9,7,1103.4695929933764,5.6,51.69410705135706,373.0264453451255,142
3267.0,7,1103.412017699761,5.6,51.71939293512393,372.8475783301532,142
3267.1,7,1103.412017699761,6.3,51.73073432008826,372.77452941276937,142
3267.2,7,1103.412017699761,6.3,51.75316516894899,372.61381308567337,142
3267.3,7,1103.412017699761,6.3,51.77065643417121,372.48139439225145,142
3267.4,7,1103.412017699761,6.3,51.7884575452491,372.3512055785969,142
3267.5,7,1103.412017699761,6.3,51.812011553274075,372.17925775151093,142
3267.6,7,1103.412017699761,5.6,51.8736343370723,371.6881757723451,142
3267.7,7,1103.412017699761,5.6,51.80406095340788,372.1207274945069,142
3267.8,7,1103.412017699761,5.6,51.80735606792033,372.0922645436762,142
3267.9,7,1103.412017699761,5.6,51.829331166335386,371.93667787362506,142
3268.0,7,1103.412017699761,5.6,51.831570440640654,371.92585529641633,142
3268.1,7,1103.412017699761,5.6,51.85089286622092,371.7713568470674,142
3268.2,7,1103.412017699761,5.6,51.86437717724595,371.68314632054336,142
3268.3,7,1103.412017699761,5.6,51.864699018723186,371.67835599023545,142
3268.4,7,1103.412017699761,5.6,51.88265084425726,371.5540098182264,142
3268.5,7,1103.412017699761,5.6,51.893632814363954,371.47449864833993,142
3268.6,7,1103.412017699761,5.6,51.9026860255175,371.41748353967205,142
3268.7,7,1103.412017699761,5.6,51.92210293425758,371.27041238769914,142
3268.8,7,1103.412017699761,5.6,51.920255896011,371.2900463423641,142
3268.9,7,1103.412017699761,5.6,51.93451124210151,371.18524316431063,142
3269.0,7,1103.412017699761,5.6,51.94864180473693,371.0903350107867,142
3269.1,11,1103.412017699761,4.8999999999999995,51.95606233384329,371.0456936780924,142
3269.2,11,1103.412017699761,4.5,51.9647030610648,370.98878341531963,142
3269.3,11,1103.412017699761,4.5,51.967767002208944,370.9690591756969,142
3269.4,11,1103.412017699761,4.5,51.974969520943134,370.92748997916726,142
3269.5,7,1103.3563172731697,4.5,51.96930905143262,370.9756641154328,142
3269.6,7,1103.3563172731697,5.6,51.97685682338383,370.921962355295,142
3269.7,7,1103.3563172731697,5.6,51.9736949818693,370.9544408179218,142
3269.8,7,1103.3563172731697,5.6,51.87757529429779,371.576862124882,142
3269.9,7,1103.3563172731697,5.6,51.87984666752389,371.5631056163919,142
3270.0,7,1103.3563172731697,5.6,51.88253087728031,371.5526391016392,142
3270.1,7,1103.3563172731697,5.6,51.89070518275261,371.4915334555883,142
3270.2,7,1103.3563172731697,5.6,51.87992534675186,371.58743365795044,142
3270.3,7,1103.3563172731697,5.6,51.92290727019555,371.241354934245,142
3270.4,7,1103.3563172731697,5.6,51.91568683438931,371.3107220337471,142
3270.5,7,1103.3563172731697,5.6,51.920571517811915,371.2692387527977,142
3270.6,7,1103.3563172731697,5.6,51.920459530933925,371.2949474745638,142
3270.7,7,1103.3563172731697,5.6,51.92522494328174,371.25795499564026,142
3270.8,7,1103.3563172731697,5.6,51.88613236744901,371.28085052261326,142
3270.9,7,1103.3563172731697,5.6,51.88755833068272,371.2763725383917,142
3271.0,7,1103.3563172731697,5.6,51.893780946896,371.2296506906573,142
3271.1,7,1103.3563172731697,5.6,51.71184132651768,372.70953170852334,142
3271.2,7,1103.3563172731697,5.6,51.711479240940136,372.71098542081734,142
3271.3,7,1103.3563172731697,5.6,51.707955206321266,372.7428545015353,142
3271.4,7,1103.3563172731697,5.6,51.71172127363502,372.71985435411443,142
3271.5,7,1103.3563172731697,5.6,51.706694513743344,372.76062934940734,142
3271.6,7,1103.3563172731697,5.6,51.713755466585965,372.71454843658626,142
3271.7,7,1103.3563172731697,5.6,51.71593998071577,372.71073180556095,142
3271.8,9,1103.3563172731697,4.8999999999999995,51.729596942133284,372.61283354391196,142
3271.9,9,1103.3563172731697,4.800000000000001,51.716213429946464,372.7193226429583,142
3272.0,9,1103.3563172731697,4.800000000000001,51.73540511580788,372.58425405697494,142
3272.1,7,1103.2998481088036,4.800000000000001,51.73932732725366,372.5530270999118,142
3272.2,7,1103.2998481088036,5.6,51.74632959344931,372.50852478208424,142
3272.3,7,1103.2998481088036,5.6,51.74839679394702,372.4974176016841,142
3272.4,7,1103.2998481088036,5.6,51.75720112455628,372.44634309200626,142
3272.5,7,1103.2998481088036,5.6,51.756998109438314,372.4623670694816,142
3272.6,7,1103.2998481088036,5.6,51.77967300745479,372.2983037448694,142
3272.7,7,1103.2998481088036,5.6,51.78587632883236,372.2640000412358,142
3272.8,7,1103.2998481088036,5.6,51.797338470590205,372.17949486549816,142
3272.9,7,1103.2998481088036,5.6,51.80074984247378,372.1718333003129,142
3273.0,7,1103.2998481088036,5.6,51.80818952510344,372.1095279770651,142
3273.1,9,1103.2998481088036,4.8999999999999995,51.81381739773763,371.7208991124297,142
3273.2,9,1103.2998481088036,4.800000000000001,51.82534181024196,371.6300517921396,142
3273.3,9,1103.2998481088036,4.800000000000001,51.83422113912634,371.5572058310446,142
3273.4,9,1103.2998481088036,4.800000000000001,51.85008660234139,371.4452324123031,142
3273.5,9,1103.2998481088036,4.800000000000001,51.85397838660447,371.41446284206955,142
3273.6,9,1103.2998481088036,4.800000000000001,51.87252969695159,371.27196539444446,142
3273.7,9,1103.2998481088036,4.800000000000001,51.875573747938255,371.2491539276899,142
3273.8,9,1103.2998481088036,4.800000000000001,51.87954874553651,371.22029453880975,142
3273.9,9,1103.2998481088036,4.800000000000001,51.89963344053449,371.0657393831887,142
3274.0,8,1103.268174112627,4.0,51.90102082433398,371.0574465529536,142
3274.1,8,1103.2213849771622,4.199999999999999,51.90000937727089,371.0679797640771,142
3274.2,8,1103.2213849771622,4.199999999999999,51.90972928014115,370.9869949221773,142
3274.3,8,1103.2213849771622,4.199999999999999,51.90754458034938,370.9894526060689,142
3274.4,7,1103.2213849771622,4.199999999999999,51.90132548924724,371.04287935348395,142
3274.5,7,1103.1641979287865,4.8999999999999995,51.91782720002262,370.9073710204286,142
3274.6,7,1103.1641979287865,5.6,51.92150056370872,370.87996022284415,142
3274.7,9,1103.1641979287865,4.8999999999999995,51.925023855142186,370.8579399049191,142
3274.8,9,1103.1641979287865,4.800000000000001,51.91559190660756,370.92413747274975,142
3274.9,9,1103.1641979287865,4.800000000000001,51.91627802479731,370.9199386814733,142
3275.0,9,1103.1641979287865,4.800000000000001,51.93011016604157,370.8116562277636,142
3275.1,9,1103.1641979287865,4.800000000000001,51.92500700944015,370.8619789382632,142
3275.2,9,1103.1641979287865,4.800000000000001,51.8725012852462,371.18690062171237,142
3275.3,9,1103.1641979287865,4.800000000000001,51.99550407793264,370.2083699212586,142
3275.4,9,1103.1641979287865,4.800000000000001,51.991865470680196,370.232695033283,142
3275.5,9,1103.1641979287865,4.800000000000001,51.986104317508946,370.2695296061579,142
3275.6,9,1103.1641979287865,4.800000000000001,51.982778446712786,370.2915277668444,142
3275.7,9,1103.1641979287865,4.800000000000001,51.98331815919351,370.28620824012336,142
3275.8,8,1103.1641979287865,4.0,51.975796842403966,370.3270465024642,142
3275.9,8,1103.1641979287865,4.199999999999999,51.972924416650216,370.3387499217839,142
3276.0,8,1103.1641979287865,4.199999999999999,51.95620808508396,370.4617853619808,142
3276.1,8,1103.1067178834764,4.199999999999999,51.95431621827325,370.4602311900243,142
3276.2,8,1103.1067178834764,4.8999999999999995,51.942606168191915,370.54653826365075,142
3276.3,8,1103.1067178834764,4.8999999999999995,51.93497181503834,370.5902764358508,142
3276.4,8,1103.1067178834764,4.8999999999999995,51.702936337298716,372.4370248955856,142
3276.5,8,1103.1067178834764,4.8999999999999995,51.69608456585476,372.4759397023711,142
3276.6,8,1103.1067178834764,4.8999999999999995,51.68109376955042,372.5758204085943,142
3276.7,8,1103.1067178834764,4.8999999999999995,51.66312337173174,372.7085854741656,142
3276.8,8,1103.1067178834764,4.8999999999999995,51.65376559033665,372.77112951641794,142
3276.9,8,1103.1067178834764,4.8999999999999995,51.66263184200747,372.6951630737651,142
3277.0,8,1103.1067178834764,4.8999999999999995,51.451492915273974,374.1004587939424,142
3277.1,8,1103.1067178834764,4.8999999999999995,51.446537639459436,374.13664493884363,142
3277.2,8,1103.1067178834764,4.8999999999999995,51.438357781265175,374.1999857138172,142
3277.3,8,1103.1067178834764,4.8999999999999995,51.44911479717999,374.11380807585977,142
3277.4,8,1103.1067178834764,4.8999999999999995,51.42591015209865,374.2886694442964,142
3277.5,8,1103.1067178834764,4.8999999999999995,51.5465834259915,373.315728801237,142
3277.6,8,1103.1067178834764,4.8999999999999995,51.52575275975052,373.4829039792058,142
3277.7,8,1103.1067178834764,4.8999999999999995,51.59135788997423,373.06652923676825,142
3277.8,9,1103.1067178834764,4.8999999999999995,51.574839521276004,373.19477940002264,142
3277.9,9,1103.1067178834764,5.6000000000000005,51.56143915327528,373.2981861291976,142
3278.0,9,1103.1067178834764,5.6000000000000005,51.5458395417067,373.4124431887765,142
3278.1,9,1103.1067178834764,5.6000000000000005,51.53015311440674,373.5247971496749,142
3278.2,9,1103.1067178834764,5.6000000000000005,51.513251750888074,373.6562921315658,142
3278.3,9,1103.1067178834764,5.6000000000000005,51.505393930303484,373.7060096908666,142
3278.4,9,1103.1067178834764,5.6000000000000005,51.484407073743164,373.8648039454981,142
3278.5,9,1103.1067178834764,5.6000000000000005,51.47506956308089,373.9314124775757,142
3278.6,9,1103.1067178834764,5.6000000000000005,51.33889512910853,375.0202294763574,142
3278.7,9,1103.1067178834764,5.6000000000000005,51.32709796062189,375.1026500788771,142
3278.8,9,1103.1067178834764,5.6000000000000005,51.30648580221876,375.2557862593071,142
3278.9,9,1103.1067178834764,5.6000000000000005,51.17061367753982,376.16660883201735,142
3279.0,9,1103.1067178834764,5.6000000000000005,51.1712403760017,375.8504833645792,142
3279.1,9,1103.1067178834764,5.6000000000000005,51.15409669592657,375.973511341899,142
3279.2,9,1103.1067178834764,6.4,51.12705550940808,376.17389300204115,142
3279.3,9,1103.1067178834764,6.4,51.11453307095384,376.2649796926456,142
3279.4,9,1103.1067178834764,6.4,51.078686488751266,376.53601547294056,142
3279.5,9,1103.1067178834764,6.4,51.060614155866,376.6702806058013,142
3279.6,9,1103.1067178834764,6.4,51.05434110094866,376.7092932469375,142
3279.7,9,1103.1067178834764,6.4,51.02004992192277,376.9665447698871,142
3279.8,9,1103.1067178834764,6.4,51.21535214483053,375.5050948661253,142
3279.9,9,1103.1067178834764,6.4,51.19034154411256,375.6898948301347,142
3280.0,9,1103.1067178834764,6.4,51.15975853997221,375.9204827723646,142
3280.1,9,1103.1067178834764,6.4,51.13631695715148,376.09209289450393,142
3280.2,9,1103.1067178834764,6.4,51.10501798794063,376.3322841488799,142
3280.3,9,1103.1067178834764,6.4,51.08951568903008,376.4462100594633,142
3280.4,9,1103.1067178834764,6.4,51.05172693927973,376.7345409338484,142
3280.5,9,1103.1067178834764,6.4,51.02408482097167,376.9461335699075,142
3280.6,9,1103.1067178834764,6.4,50.9943234064319,377.1726083930298,142
3280.7,9,1103.1067178834764,6.4,50.98090007000333,377.2686303412872,142
3280.8,9,1103.1067178834764,5.6000000000000005,50.93946977180247,377.581487863423,142
3280.9,9,1103.1067178834764,5.6000000000000005,50.91728871805003,377.7459434747857,142
3281.0,9,1103.1067178834764,5.6000000000000005,50.770620195378925,378.7880897618021,142
3281.1,9,1103.1067178834764,5.6000000000000005,50.7473930124208,378.960497143866,142
3281.2,9,1103.1067178834764,5.6000000000000005,50.71711944768333,379.18761380021533,142
3281.3,9,1103.1067178834764,5.6000000000000005,50.676335442735876,379.50021371143964,142
3281.4,9,1103.1067178834764,5.6000000000000005,50.64975615350994,379.7022675003403,142
3281.5,9,1103.1067178834764,5.6000000000000005,50.622875825934685,379.9004777287422,142
3281.6,9,1103.1067178834764,5.6000000000000005,50.577976844295165,380.25157562261296,142
3281.7,9,1103.1067178834764,5.6000000000000005,50.54682271658854,380.4907329949267,142
3281.8,9,1103.1067178834764,5.6000000000000005,50.52277794391401,380.67453271636145,142
3281.9,9,1103.1067178834764,5.6000000000000005,50.622700370743395,380.00932907563595,142
3282.0,9,1103.1067178834764,5.6000000000000005,50.58434778597836,380.2979373007653,142
3282.1,9,1103.1067178834764,5.6000000000000005,50.548450954804736,380.57934017150006,142
3282.2,8,1103.062919099264,4.800000000000001,50.53295382883837,380.7018319705066,142
3282.3,8,1103.062919099264,4.8999999999999995,50.51852061708422,380.8112804053673,142
3282.4,8,1103.062919099264,4.8999999999999995,50.501207685039944,380.94371624364,142
3282.5,8,1103.062919099264,4.8999999999999995,50.47394596937018,381.1501346633932,142
3282.6,8,1103.062919099264,4.199999999999999,50.454335720971855,381.2956131709683,142
3282.7,8,1103.062919099264,4.199999999999999,50.551111365338315,380.491959428791,142
3282.8,8,1103.062919099264,4.199999999999999,50.53257846653437,380.62748738203936,142
3282.9,8,1103.062919099264,4.199999999999999,50.388400359089005,381.8133533883796,142
3283.0,8,1103.062919099264,4.199999999999999,50.3632730355703,382.0047794568608,142
3283.1,8,1103.062919099264,4.199999999999999,50.35436707275179,382.0749566289456,142
3283.2,8,1103.062919099264,4.199999999999999,50.33334056771384,382.24352437355645,142
3283.3,8,1103.062919099264,4.199999999999999,50.30561626907224,382.458242427186,142
3283.4,8,1103.062919099264,4.199999999999999,50.282710410913026,382.6339176498508,142
3283.5,8,1103.062919099264,4.199999999999999,50.25167411863519,382.8811290702483,142
3283.6,6,1102.1426709394448,4.199999999999999,50.31694154886614,382.33411868129116,142
3283.7,6,1101.9097126981494,4.0,50.29876132829047,382.4711784547117,142
3283.8,6,1101.9097126981494,4.0,50.28119554459076,382.604605402012,142
3283.9,6,1101.9097126981494,4.0,50.25566178282562,382.80065787478827,142
3284.0,6,1101.9097126981494,4.0,50.229398215651884,383.0130775488721,142
3284.1,6,1101.9097126981494,4.0,50.22145183753214,383.06647530378586,142
3284.2,6,1101.9097126981494,4.0,50.189319938010605,383.3232941801647,142
3284.3,6,1101.9097126981494,4.0,50.165011665722254,383.5180749542157,142
3284.4,9,1101.9097126981494,4.0,50.14578145205283,383.6738564182819,142
3284.5,9,1101.9097126981494,4.800000000000001,50.10460035257804,383.90311955337063,142
3284.6,6,1101.9097126981494,4.800000000000001,50.08353926730605,384.0774990297067,142
3284.7,6,1101.9097126981494,4.0,50.064904410462276,384.2321368340553,142
3284.8,6,1101.9097126981494,4.0,50.0393062271562,384.44421684732777,142
3284.9,6,1101.9097126981494,4.0,50.01106851157199,384.6701757000685,142
3285.0,6,1101.9097126981494,4.0,49.968530540122984,385.019242822063,142
3285.1,6,1101.9097126981494,4.0,49.94767636300949,385.19335676328683,142
3285.2,6,1101.9097126981494,4.0,49.91228881676565,385.4872300294918,142
3285.3,6,1101.9097126981494,4.0,49.88235207765061,385.73492349806776,142
3285.4,6,1101.9097126981494,4.0,49.852325215883056,385.98918106910185,142
3285.5,6,1101.9097126981494,4.0,49.817840734876086,386.27848261519966,142
3285.6,6,1101.9097126981494,4.0,49.7928517904491,386.4816599811028,142
3285.7,6,1101.9097126981494,4.0,49.75572253863662,386.7992106383417,142
3285.8,6,1101.9097126981494,4.0,49.78996773124721,386.5052186779097,142
3285.9,6,1101.9097126981494,4.0,49.76452651831259,386.72406103986134,142
3286.0,6,1101.9097126981494,4.0,49.7416497650704,386.92184410006047,142
3286.1,6,1101.9097126981494,4.0,49.78479328501098,386.44508696370593,142
3286.2,6,1101.6593749400827,4.0,49.83075821122697,386.15088382764765,142
3286.3,6,1101.6593749400827,4.5,49.805692945131824,386.3617027359751,142
3286.4,6,1101.6593749400827,4.5,49.791028058373094,386.4875397360918,142
3286.5,6,1101.6593749400827,4.5,49.777984686079606,386.6061245321687,142
3286.6,7,1101.5985802135901,4.5,49.760740322634376,386.7472002172676,142
3286.7,6,1101.5985802135901,4.8999999999999995,49.751357756596896,386.8377140514859,142
3286.8,6,1101.5985802135901,4.5,49.741671018822494,386.9220949141071,142
3286.9,6,1101.5985802135901,4.5,49.738757125701454,386.9505896490707,142
3287.0,6,1101.5985802135901,4.5,49.7374991453506,386.9638600010232,142
3287.1,6,1101.5985802135901,4.5,49.72864472589457,387.0432067885715,142
3287.2,7,1101.5687729510726,4.0,49.72871538971751,387.0485912191572,142
3287.3,6,1101.5687729510726,4.8999999999999995,49.72546871042353,387.08209857664144,142
3287.4,6,1101.5687729510726,4.0,49.732090805940615,387.040734553182,142
3287.5,6,1101.5687729510726,4.0,49.71708031025722,387.1823792710346,142
3287.6,6,1101.5687729510726,4.0,49.71439163751572,387.21464061649294,142
3287.7,6,1101.5687729510726,4.0,49.70652835304055,387.2922789818831,142
3287.8,9,1101.5687729510726,4.0,49.70891609525137,387.2887595589471,142
3287.9,9,1101.5687729510726,4.800000000000001,49.70939569070994,387.30947717160035,142
3288.0,6,1101.5687729510726,4.0,49.720713537284276,387.2274491148298,142
3288.1,8,1101.5687729510726,4.0,49.714454994525255,387.29439021030333,142
3288.2,8,1101.5687729510726,3.5,49.718533927941536,387.28072463970005,142
3288.3,8,1101.5687729510726,3.5,49.78067294296165,386.5818538915381,142
3288.4,8,1101.5687729510726,3.5,49.91817165941,385.5271279698511,142
3288.5,8,1101.5687729510726,3.5,49.915884091320024,385.55983569015757,142
3288.6,8,1101.5687729510726,3.5,49.88291295179951,385.7947257234141,142
3288.7,8,1101.5687729510726,3.5,49.89438833852456,385.7105330796318,142
3288.8,8,1101.5687729510726,3.5,49.89579256868798,385.71427984454857,142
3288.9,8,1101.5687729510726,3.5,49.79253024048006,386.6081733957757,142
3289.0,8,1101.5687729510726,3.5,49.79784424798064,386.57865829493596,142
3289.1,8,1101.5687729510726,3.5,49.79839152670726,386.58637387086526,142
3289.2,8,1101.5687729510726,3.5,49.80309322957008,386.56310553092464,142
3289.3,8,1101.5687729510726,3.5,49.810681521711274,386.52072737640106,142
3289.4,6,1101.3240476577587,3.5,49.807408386490195,386.5639235989869,142
3289.5,6,1101.3240476577587,4.5,49.81018368941925,386.55632518517064,142
3289.6,6,1101.3240476577587,4.5,49.81866966551273,386.5100923474804,142
3289.7,6,1101.3240476577587,4.5,49.81825283401278,386.5239590368716,142
3289.8,6,1101.3240476577587,4.5,49.822949060975745,386.49879764942307,142
3289.9,6,1101.3240476577587,4.5,49.82439645444492,386.49294890437795,142
3290.0,8,1101.3240476577587,4.5,49.911456022059085,385.9203070711892,142
3290.1,8,1101.3240476577587,3.5,49.91137439483729,385.9349868601876,142
3290.2,8,1101.3240476577587,3.5,49.91393882808774,385.9301024615045,142
3290.3,8,1101.3240476577587,3.5,49.86271423043278,386.2839228863126,142
3290.4,8,1101.3240476577587,3.5,49.85492876051398,386.3612526629262,142
3290.5,8,1101.3240476577587,3.5,49.84515931008764,386.4513808633276,142
3290.6,8,1101.3240476577587,3.5,49.84597598872647,386.4630057064792,142
3290.7,8,1101.3240476577587,3.5,49.838757474981705,386.5394926530081,142
3290.8,9,1101.3240476577587,3.5,49.84396174521328,386.5049948127461,142
3290.9,9,1101.3240476577587,4.0,49.838735266553286,386.5630414570832,142
3291.0,11,1101.3240476577587,3.2,49.907903238280795,385.9721962101839,142
3291.1,11,1101.3240476577587,6.3,49.90207932297815,386.03760027621877,142
3291.2,11,1101.3240476577587,6.3,49.89723431990136,386.0967936158646,142
3291.3,11,1101.3240476577587,6.3,49.88215735964265,386.2232197563464,142
3291.4,11,1101.3240476577587,6.3,49.872662677664024,386.316522890401,142
3291.5,11,1101.3240476577587,6.3,49.86565064099548,386.3868746360734,142
3291.6,11,1101.3240476577587,6.3,49.84986662513316,386.52545866361237,142
3291.7,11,1101.3240476577587,6.3,49.84379050476993,386.58113147476627,142
3291.8,6,1101.0761991543734,5.4,49.83040083558053,386.7102367764764,142
3291.9,6,1101.0761991543734,5.0,49.83036913637952,386.71475506702654,142
3292.0,6,1101.0761991543734,5.0,49.82035878639476,386.8064921276789,142
3292.1,6,1101.0761991543734,5.0,49.892337857786714,386.16900810727293,142
3292.2,6,1101.0761991543734,5.0,49.89713050299483,386.1440075720563,142
3292.3,11,1101.0761991543734,5.0,49.97262133558903,385.6544756679858,142
3292.4,8,1101.0761991543734,6.3,49.9768321178458,385.25612777997986,142
3292.5,8,1101.0761991543734,3.5,49.96921043578706,385.3262909987244,142
3292.6,11,1101.0761991543734,3.5,49.96681500994926,385.34870708549715,142
3292.7,11,1101.0761991543734,6.3,49.964757071841674,385.36967806863447,142
3292.8,11,1101.0761991543734,6.3,49.871827564161165,386.0075620562352,142
3292.9,11,1101.0761991543734,6.3,49.87958642256936,385.9501958880926,142
3293.0,11,1101.0761991543734,6.3,49.87572329698957,385.98528148277785,142
3293.1,11,1101.0761991543734,6.3,49.88873741210747,385.87999344189143,142
3293.2,11,1101.0761991543734,6.3,49.890895666667795,385.872556600752,142
3293.3,6,1101.0761991543734,5.4,49.90021598500063,385.78846017948786,142
3293.4,6,1101.0761991543734,5.0,49.91921813216043,385.63465055193234,142
3293.5,6,1101.0761991543734,5.0,49.9149083820379,385.67978163965915,142
3293.6,6,1101.0761991543734,5.0,49.938074265618546,385.4873062975544,142
3293.7,6,1101.0761991543734,5.0,49.920004499245564,385.6271578858467,142
3293.8,6,1101.0761991543734,5.0,49.936403818593085,385.6886584547741,142
3293.9,6,1101.0761991543734,5.0,49.8308656571367,386.413018992993,142
3294.0,6,1101.0761991543734,5.0,49.67019315469024,387.80225141699754,142
3294.1,6,1101.0761991543734,5.0,49.668653539629574,387.8096222955606,142
3294.2,6,1101.0761991543734,5.0,49.700486124763515,387.5319936251359,142
3294.3,6,1101.0761991543734,5.0,49.70868243159971,387.45674702515066,142
3294.4,6,1100.82763483324,5.0,49.712218217216076,387.4110812196998,142
3294.5,6,1100.82763483324,5.5,49.71738749382711,387.35737225715866,142
3294.6,6,1100.82763483324,5.5,49.729841615855264,387.25429893162004,142
3294.7,6,1100.82763483324,5.5,49.730945421864575,387.2274916763175,142
3294.8,6,1100.82763483324,5.5,49.90876236733844,385.85101698065125,142
3294.9,6,1100.82763483324,5.5,49.91756906968327,385.7722319494611,142
3295.0,6,1100.82763483324,5.5,49.925431748303154,385.70141812480034,142
3295.1,6,1100.82763483324,5.5,49.93312072706418,385.6320187298278,142
3295.2,6,1100.82763483324,5.5,49.94336488281009,385.54828886166797,142
3295.3,6,1100.82763483324,5.5,49.954564749670396,385.45231892207664,142
3295.4,6,1100.82763483324,5.5,49.968960540614646,385.336190374798,142
3295.5,6,1100.82763483324,5.5,49.97561388479686,385.2693223574201,142
3295.6,6,1100.82763483324,5.5,49.99186826776929,385.1330927884463,142
3295.7,6,1100.82763483324,5.5,49.997474396911564,385.0764876493357,142
3295.8,6,1100.82763483324,5.5,50.01475301479532,384.9270438648285,142
3295.9,6,1100.82763483324,5.5,50.02049970557112,384.8719434760007,142
3296.0,6,1100.82763483324,5.5,49.838441458272555,386.4392491301845,142
3296.1,6,1100.82763483324,5.5,49.844427342821916,386.376475208599,142
3296.2,6,1100.82763483324,5.5,49.849250049628,385.9788690698607,142
3296.3,6,1100.82763483324,5.5,49.76911385422988,386.5116513172699,142
3296.4,6,1100.82763483324,5.5,49.75007122416031,386.6639862249882,142
3296.5,6,1100.82763483324,5.5,49.768669338602095,386.50377801215427,142
3296.6,6,1100.82763483324,5.5,49.76688594578715,386.50952296902517,142
3296.7,6,1100.82763483324,5.5,49.77238144450324,386.4551955230366,142
3296.8,6,1100.82763483324,5.5,49.76815104494868,386.4791939159667,142
3296.9,6,1100.82763483324,5.5,49.77961275762715,386.38395147270944,142
3297.0,6,1100.82763483324,5.5,49.771290359988186,386.4436558257133,142
3297.1,6,1100.82763483324,5.0,49.775913428444824,386.39505926504324,142
3297.2,6,1100.82763483324,5.0,49.58321817074147,388.0312563688284,142
3297.3,6,1100.5791171247636,5.0,49.57180958170258,388.115432136553,142
3297.4,6,1100.5791171247636,5.5,49.63487842407174,387.6545389976218,142
3297.5,6,1100.5791171247636,5.5,49.63481169718321,387.6531343886295,142
3297.6,6,1100.5791171247636,5.5,49.73990811818258,386.73642453665076,142
3297.7,6,1100.5791171247636,5.5,49.74029888867229,386.7190891197456,142
3297.8,6,1100.5791171247636,5.5,49.60476902133363,387.7003289795763,142
3297.9,6,1100.5791171247636,5.5,49.61918246498644,387.57179163192166,142
3298.0,6,1100.5791171247636,5.5,49.624952330920635,387.51761695494315,142
3298.1,6,1100.5791171247636,5.5,49.62258598282743,387.52983825517526,142
3298.2,6,1100.5791171247636,5.5,49.61628043117126,387.5729881255795,142
3298.3,6,1100.5791171247636,5.5,49.64466075219558,387.3288017099371,142
3298.4,6,1100.5791171247636,5.5,49.62185105086844,387.51242844330056,142
3298.5,6,1100.5791171247636,5.5,49.62874640619257,387.444816598442,142
3298.6,6,1100.5791171247636,5.5,49.6282649763102,387.4424119741877,142
3298.7,6,1100.5791171247636,5.5,49.6330471770361,387.3960263655901,142
3298.8,6,1100.5791171247636,5.5,49.633419430878774,387.3816543618242,142
3298.9,6,1100.5791171247636,5.5,49.631675797080156,387.39216880010645,142
3299.0,6,1100.5791171247636,5.5,49.64049550631938,387.3090054993245,142
3299.1,6,1100.5791171247636,5.5,49.640312033512984,387.3023384805787,142
3299.2,6,1100.5791171247636,5.5,49.67096161190383,387.02403243330093,142
3299.3,6,1100.5791171247636,5.5,49.674687002148374,386.9863827443976,142
3299.4,6,1100.5791171247636,5.5,49.686689151221955,386.888313504865,142
3299.5,6,1100.5791171247636,5.5,49.68098338346376,386.9237441966974,142
3299.6,8,1100.5791171247636,5.0,49.74679656161641,386.4397541852788,142
3299.7,8,1100.5791171247636,4.8999999999999995,49.753629134890396,386.3803863324582,142
3299.8,8,1100.5791171247636,4.8999999999999995,49.74223328163848,386.4679726747851,142
3299.9,8,1100.5791171247636,4.8999999999999995,49.74537676044144,386.43382661015687,142
3300.0,8,1100.5791171247636,4.8999999999999995,49.75196199500385,386.3779389858613,142
3300.1,8,1100.5791171247636,4.8999999999999995,49.757797653231464,386.32415016182347,142
3300.2,8,1100.5791171247636,4.8999999999999995,49.826051001917016,385.7543260535016,142
3300.3,8,1100.5791171247636,4.8999999999999995,49.835184920084416,385.6704458116036,142
3300.4,8,1100.5791171247636,4.8999999999999995,49.74343190095147,386.3377627104945,142
3300.5,8,1100.5791171247636,4.8999999999999995,49.72676110797518,386.4719578743336,142
3300.6,6,1100.333657160402,4.8999999999999995,49.73173135455593,386.426457830861,142
3300.7,6,1100.333657160402,5.5,49.73251103793362,386.4190560343023,142
3300.8,6,1100.333657160402,5.5,49.71522746092782,386.5587017405269,142
3300.9,6,1100.333657160402,5.5,49.70476736123471,386.6437285727734,142
3301.0,8,1100.333657160402,5.5,49.703067241489286,386.65880534075325,142
3301.1,8,1100.333657160402,4.8999999999999995,49.69564553724973,386.7120364324933,142
3301.2,8,1100.333657160402,4.8999999999999995,49.69679511456005,386.70640277103143,142
3301.3,8,1100.333657160402,4.8999999999999995,49.706123125829905,386.63112544294484,142
3301.4,8,1100.333657160402,4.8999999999999995,49.68716130305289,386.78699729143125,142
3301.5,6,1100.333657160402,4.199999999999999,49.68557845495367,386.8033844465933,142
3301.6,6,1100.333657160402,5.5,49.69300872093362,386.74391003782,142
3301.7,6,1100.333657160402,5.5,49.58933307463134,387.50792955753445,142
3301.8,8,1100.333657160402,5.0,49.59236987213711,387.48625388967355,142
3301.9,8,1100.333657160402,4.8999999999999995,49.59095710834356,387.5047153404049,142
3302.0,8,1100.333657160402,4.8999999999999995,49.58299122161661,387.5672315503851,142
3302.1,8,1100.333657160402,4.8999999999999995,49.658525406001495,387.01831427129923,142
3302.2,8,1100.333657160402,4.8999999999999995,49.659392720742105,387.01258716401037,142
3302.3,8,1100.333657160402,4.8999999999999995,49.6532644400891,387.0665451644661,142
3302.4,8,1100.333657160402,4.8999999999999995,49.659082816855836,387.0226813459735,142
3302.5,8,1100.333657160402,4.8999999999999995,49.6471835144593,387.1241099764908,142
3302.6,8,1100.333657160402,4.8999999999999995,49.70772846732369,386.62240882557285,142
3302.7,8,1100.333657160402,4.8999999999999995,49.63617513648828,387.21469421819756,142
3302.8,8,1100.333657160402,4.8999999999999995,49.609578339852824,387.4352574649346,142
3302.9,8,1100.333657160402,4.8999999999999995,49.612161314013356,387.4161396785462,142
3303.0,8,1100.333657160402,4.8999999999999995,49.60645545685605,387.46324016429094,142
3303.1,8,1100.333657160402,4.8999999999999995,49.58960648860979,387.60530015423717,142
3303.2,8,1100.333657160402,4.8999999999999995,49.592849428698194,387.58207685067816,142
3303.3,8,1100.333657160402,4.8999999999999995,49.59101310994286,387.59798306828804,142
3303.4,8,1100.333657160402,4.8999999999999995,49.61069120642787,387.4350030603945,142
3303.5,8,1100.333657160402,4.8999999999999995,49.597821661669386,387.54177470307354,142
3303.6,8,1100.333657160402,4.8999999999999995,49.59852503592778,387.5262720840068,142
3303.7,8,1100.333657160402,5.6,49.598412217859924,387.52897713272364,142
3303.8,8,1100.333657160402,5.6,49.598332858539266,387.523842665248,142
3303.9,8,1100.333657160402,5.6,49.492308239195026,388.41346858083705,142
3304.0,8,1100.333657160402,5.6,49.50390802374413,388.3160244048387,142
3304.1,8,1100.333657160402,4.8999999999999995,49.50353766792651,388.31376029398075,142
3304.2,8,1100.333657160402,4.8999999999999995,49.49968175023925,388.34559632291155,142
3304.3,8,1100.333657160402,4.8999999999999995,49.50886355500117,388.27057767590816,142
3304.4,8,1100.333657160402,4.8999999999999995,49.486966626974066,388.44574489007914,142
3304.5,8,1100.333657160402,4.8999999999999995,49.49480420070981,388.36819470622663,142
3304.6,8,1100.333657160402,4.8999999999999995,49.48234847541006,388.4683974974448,142
3304.7,8,1100.333657160402,4.8999999999999995,49.36707402933628,389.43517335323565,142
3304.8,8,1100.333657160402,4.8999999999999995,49.36399851240955,389.4555259480208,142
3304.9,8,1100.333657160402,4.8999999999999995,49.4320963337721,388.96823537504594,142
3305.0,8,1100.333657160402,4.8999999999999995,49.44062402828485,388.89418374366403,142
3305.1,8,1100.333657160402,4.8999999999999995,49.437108848524616,388.9226738870632,142
3305.2,8,1100.333657160402,4.8999999999999995,49.313612976747066,389.8297987191596,142
3305.3,8,1100.333657160402,4.8999999999999995,49.312845183386145,389.83746157980295,142
3305.4,8,1100.333657160402,4.8999999999999995,49.319744966750605,389.77787276862006,142
3305.5,8,1100.333657160402,5.6,49.30719539586802,389.8829538832624,142
3305.6,8,1100.333657160402,5.6,49.41077410297741,389.00689084355406,142
3305.7,8,1100.333657160402,5.6,49.39572177194295,389.12954843994044,142
3305.8,8,1100.333657160402,5.6,49.393360206905996,389.1489931570936,142
3305.9,8,1100.333657160402,5.6,49.39507521059736,389.1343107321976,142
3306.0,8,1100.333657160402,5.6,49.381205391543354,389.2442512926765,142
3306.1,8,1100.333657160402,5.6,49.38780313542797,389.1923029466766,142
3306.2,8,1100.333657160402,5.6,49.157476358258776,391.036048377267,142
3306.3,8,1100.333657160402,5.6,49.1518094446251,391.0800505294252,142
3306.4,8,1100.333657160402,5.6,49.14549968172631,391.1335384049398,142
3306.5,8,1100.333657160402,5.6,49.1606130240703,391.00971324429634,142
3306.6,8,1100.333657160402,5.6,49.146547319098374,391.12533351355336,142
3306.7,8,1100.333657160402,5.6,49.16163256816862,390.995245533202,142
3306.8,8,1100.333657160402,5.6,49.14137473657223,391.1622205314246,142
3306.9,8,1100.333657160402,5.6,49.14413020313411,391.1333353673391,142
3307.0,8,1100.333657160402,5.6,49.133023435692444,391.2264469500371,142
3307.1,8,1100.333657160402,5.6,49.13716248727009,391.18864457996574,142
3307.2,8,1100.333657160402,5.6,49.19471473660336,390.77500082354675,142
3307.3,8,1100.333657160402,5.6,49.20095673631508,390.7162024573505,142
3307.4,8,1100.333657160402,5.6,49.18776134968431,390.82801777205947,142
3307.5,8,1100.333657160402,5.6,49.182150358164336,390.86920121986896,142
3307.6,8,1100.333657160402,6.3,49.18537670495219,390.8425873066544,142
3307.7,8,1100.333657160402,6.3,49.17524487905018,390.9181139492006,142
3307.8,8,1100.333657160402,6.3,49.21416435495266,390.47555645268613,142
3307.9,8,1100.333657160402,6.3,49.2681231755192,390.0133629043687,142
3308.0,8,1100.333657160402,6.3,49.263460099126355,390.0481679694563,142
3308.1,8,1100.333657160402,6.3,49.25714138284088,390.09653857408733,142
3308.2,8,1100.333657160402,6.3,49.252576577884305,390.1331729712371,142
3308.3,8,1100.333657160402,6.3,49.25489739611005,390.1117637976561,142
3308.4,8,1100.333657160402,6.3,49.238292513449,390.2456383145901,142
3308.5,8,1100.333657160402,6.3,49.2427732835332,390.20571840164325,142
3308.6,8,1100.333657160402,6.3,49.234064898673125,390.27896636835186,142
3308.7,8,1100.333657160402,6.3,49.120758418795205,391.2342010895352,142
3308.8,8,1100.333657160402,6.3,49.12494877017856,391.1930406010092,142
3308.9,8,1100.333657160402,6.3,49.120223695470685,391.23438656357126,142
3309.0,8,1100.333657160402,7.0,49.13078937567128,391.14134699379883,142
3309.1,8,1100.333657160402,7.0,49.11866278201194,391.2418143126286,142
3309.2,8,1100.333657160402,7.0,49.12358489662223,391.1975794811166,142
3309.3,8,1100.333657160402,7.0,49.118586312427304,391.23945622474923,142
3309.4,8,1100.333657160402,7.0,49.115550992425995,391.25206783304884,142
3309.5,8,1100.333657160402,7.0,49.10407908275763,391.34590528207826,142
3309.6,8,1100.333657160402,7.0,49.08782908780299,391.47644914155455,142
3309.7,8,1100.333657160402,7.0,49.09219035429352,391.4394612088436,142
3309.8,8,1100.333657160402,7.0,49.082295355792596,391.513569162449,142
3309.9,8,1100.333657160402,7.0,49.20529149432635,390.596913258556,142
3310.0,8,1100.333657160402,7.0,49.20790249259797,390.5657602905176,142
3310.1,8,1100.333657160402,7.0,49.21555766238763,390.5008023141387,142
3310.2,8,1100.333657160402,7.0,49.20328610348406,390.5944219824137,142
3310.3,8,1100.333657160402,7.0,49.03729119258285,392.0049128193965,142
3310.4,8,1100.333657160402,7.0,49.116406517275735,391.3448169841345,142
3310.5,8,1100.333657160402,7.0,49.10110897112345,391.31169736537777,142
3310.6,8,1100.333657160402,7.699999999999999,49.12308661949197,391.1219785699947,142
3310.7,8,1100.333657160402,7.699999999999999,49.11573875600017,391.179673235373,142
3310.8,8,1100.333657160402,7.699999999999999,49.12775831988795,391.0749477572177,142
3310.9,8,1100.333657160402,7.699999999999999,49.111069676680295,391.20834472165,142
3311.0,8,1100.333657160402,7.699999999999999,49.127124191284125,391.06982107337905,142
3311.1,8,1100.333657160402,7.699999999999999,49.12308814367239,391.1019161526565,142
3311.2,8,1100.333657160402,7.699999999999999,49.144392678948535,390.92489341300217,142
3311.3,8,1100.333657160402,7.699999999999999,49.13710012857149,390.9858320435694,142
3311.4,8,1100.333657160402,7.699999999999999,49.153761897563044,390.8462410394061,142
3311.5,8,1100.333657160402,7.699999999999999,49.13263954943952,391.02322004667883,142
3311.6,8,1100.333657160402,7.699999999999999,49.036042377099825,391.7477162715858,142
3311.7,8,1100.333657160402,7.699999999999999,49.03679642636068,391.739275639708,142
3311.8,8,1100.333657160402,7.699999999999999,49.046307026627076,391.66259720417486,142
3311.9,8,1100.333657160402,7.699999999999999,48.9010993875346,392.88367884400213,142
3312.0,8,1100.333657160402,7.699999999999999,48.918939420964875,392.73605280851586,142
3312.1,8,1100.333657160402,7.699999999999999,48.92844776746168,392.6591571544421,142
3312.2,8,1100.333657160402,7.0,48.948079286324,392.492749766353,142
3312.3,8,1100.333657160402,7.0,48.95594569520031,392.4276375097577,142
3312.4,8,1100.333657160402,7.0,48.98275511028668,392.2051089649111,142
3312.5,8,1100.333657160402,7.699999999999999,48.99152263632004,392.13339477173184,142
3312.6,8,1100.333657160402,7.699999999999999,48.997740508434944,392.0836155693512,142
3312.7,8,1100.333657160402,7.699999999999999,49.10591065938737,391.2511402432582,142
3312.8,8,1100.333657160402,7.699999999999999,48.981872922252265,392.1849404458041,142
3312.9,8,1100.333657160402,7.699999999999999,48.98842340790894,392.12884758004975,142
3313.0,8,1100.333657160402,7.699999999999999,48.87391406894726,393.09458880868215,142
3313.1,8,1100.333657160402,7.699999999999999,48.87747383013922,393.0581898625495,142
3313.2,8,1100.333657160402,7.699999999999999,48.889702091192845,392.95548620634077,142
3313.3,8,1100.333657160402,7.699999999999999,48.89823148773238,392.8855668618183,142
3313.4,8,1100.333657160402,7.699999999999999,48.924964757124165,392.66282625171584,142
3313.5,8,1100.333657160402,7.0,48.934150024951094,392.5854749974603,142
3313.6,8,1100.333657160402,7.0,48.93007332092564,392.6181544870541,142
3313.7,8,1100.333657160402,7.0,48.94732493193237,392.4752999202725,142
3313.8,8,1100.333657160402,7.0,48.96312979569906,392.34186764108006,142
3313.9,8,1100.333657160402,7.0,48.968513691469894,392.29640378342697,142
3314.0,8,1100.333657160402,7.699999999999999,48.984510032954695,392.1638472568809,142
3314.1,8,1100.333657160402,7.699999999999999,49.00533841232434,391.99548019129026,142
3314.2,8,1100.333657160402,7.699999999999999,49.026306649296814,391.82453319887395,142
3314.3,8,1100.333657160402,7.699999999999999,49.04598955913415,391.662379922833,142
3314.4,8,1100.333657160402,7.699999999999999,49.15249480203971,390.8565824613995,142
3314.5,8,1100.333657160402,7.699999999999999,49.167772027149205,390.7317241354816,142
3314.6,8,1100.333657160402,7.699999999999999,49.17852594646169,390.6464692719412,142
3314.7,8,1100.333657160402,7.699999999999999,49.20004300477497,390.471733439537,142
3314.8,8,1100.333657160402,7.699999999999999,49.21322380004459,390.359200064025,142
3314.9,8,1100.333657160402,7.699999999999999,49.2123490850027,390.3718622594594,142
3315.0,8,1100.333657160402,7.699999999999999,49.228883636021564,390.2357241221198,142
3315.1,8,1100.333657160402,7.699999999999999,49.23086972188519,390.2194771719826,142
3315.2,8,1100.333657160402,7.699999999999999,49.10495024912827,391.172059536298,142
3315.3,8,1100.333657160402,7.699999999999999,49.13329467706895,390.93951016339565,142
3315.4,8,1100.333657160402,7.699999999999999,49.13805192414529,390.9028017045572,142
3315.5,8,1100.333657160402,7.699999999999999,49.212456916829936,390.2903914472925,142
3315.6,8,1100.333657160402,7.699999999999999,49.228494079650275,390.16359062280026,142
3315.7,8,1100.333657160402,7.699999999999999,49.25489939383685,389.9496230243002,142
3315.8,8,1100.333657160402,7.699999999999999,49.26662923013931,389.85520526078847,142
3315.9,8,1100.333657160402,7.699999999999999,49.28490815288684,389.70849307796675,142
3316.0,8,1100.333657160402,7.699999999999999,49.30167714344112,389.57334040156536,142
3316.1,8,1100.333657160402,7.699999999999999,49.32930868394057,389.35506929375117,142
3316.2,8,1100.333657160402,7.0,49.34438667202657,389.2363696264598,142
3316.3,8,1100.333657160402,7.699999999999999,49.3540017886223,389.1619414441936,142
3316.4,8,1100.333657160402,7.699999999999999,49.37556653035864,388.99185908393736,142
3316.5,8,1100.333657160402,7.699999999999999,49.25940116187468,389.8639530313952,142
3316.6,8,1100.333657160402,7.699999999999999,49.18154269216208,390.5642352454913,142
3316.7,8,1100.333657160402,7.699999999999999,49.18257505174681,390.55757156742254,142
3316.8,8,1100.333657160402,7.699999999999999,49.20009453353058,390.41584791200205,142
3316.9,8,1100.333657160402,7.699999999999999,49.217514947840854,390.2759581811223,142
3317.0,8,1100.333657160402,7.699999999999999,49.244323822350346,390.059376745196,142
3317.1,8,1100.333657160402,7.699999999999999,49.27245206604864,389.8330140011018,142
3317.2,8,1100.333657160402,7.699999999999999,49.28086642581036,389.76885956490287,142
3317.3,8,1100.333657160402,7.699999999999999,49.31044936383502,389.5284282496947,142
3317.4,8,1100.333657160402,7.699999999999999,49.318671470403494,389.4626805550762,142
3317.5,8,1100.333657160402,7.699999999999999,49.339331150753864,389.2985553778992,142
3317.6,8,1100.333657160402,7.699999999999999,49.343500718673816,389.26676266174127,142
3317.7,8,1100.333657160402,7.699999999999999,49.35876961900763,389.147475790839,142
3317.8,8,1100.333657160402,7.699999999999999,49.148170883455904,390.8963079767211,142
3317.9,8,1100.333657160402,7.699999999999999,49.17124563763127,390.7140585660718,142
3318.0,8,1100.333657160402,7.699999999999999,49.19849167970714,390.4931461957558,142
3318.1,8,1100.333657160402,7.699999999999999,49.26179033725671,389.977191314293,142
3318.2,8,1100.333657160402,7.699999999999999,49.27820916770065,389.8494206941766,142
3318.3,8,1100.333657160402,7.0,49.319730076405236,389.51724123628446,142
3318.4,8,1100.333657160402,7.0,49.4282883093705,388.7081921901531,142
3318.5,8,1100.333657160402,7.0,49.46859663768855,388.3854779743128,142
3318.6,8,1100.333657160402,7.0,49.46805908760566,388.3936974997384,142
3318.7,8,1100.333657160402,7.0,49.49637952643684,388.16991535728846,142
3318.8,8,1100.333657160402,7.0,49.511587292814085,388.0499321225012,142
3318.9,8,1100.333657160402,7.0,49.530505892975484,387.9003571531694,142
3319.0,8,1100.333657160402,7.0,49.534099997670296,387.8727489065894,142
3319.1,8,1100.333657160402,7.0,49.55646341317535,387.69443025849955,142
3319.2,8,1100.333657160402,7.0,49.5774348718592,387.5279525695399,142
3319.3,8,1100.333657160402,7.0,49.61064806983347,387.2619121833941,142
3319.4,8,1100.333657160402,7.0,49.61640537873012,387.21836569111383,142
3319.5,8,1100.333657160402,7.0,49.6627873552827,386.85336413494133,142
3319.6,8,1100.333657160402,7.0,49.666239732173295,386.82686597173534,142
3319.7,8,1100.333657160402,7.0,49.68333038723358,386.69850096192266,142
3319.8,8,1100.333657160402,7.699999999999999,49.70944400687099,386.489115282399,142
3319.9,8,1100.333657160402,7.699999999999999,49.723945080237044,386.3800995630695,142
3320.0,8,1100.333657160402,7.699999999999999,49.74803415715286,386.18714058523165,142
3320.1,8,1100.333657160402,7.699999999999999,49.75389081576252,386.14921980497377,142
3320.2,8,1100.333657160402,7.699999999999999,49.79046408590247,385.8557264308736,142
3320.3,8,1100.333657160402,7.699999999999999,49.69125288591182,386.5881286995768,142
3320.4,8,1100.333657160402,7.699999999999999,49.70914144098245,386.4471681120232,142
3320.5,8,1100.333657160402,7.699999999999999,49.73069989972059,386.2772082260385,142
3320.6,8,1100.333657160402,7.699999999999999,49.774710655788724,385.9188187139747,142
3320.7,8,1100.333657160402,7.699999999999999,49.78460881683536,385.841459438651,142
3320.8,8,1100.333657160402,7.699999999999999,49.80042193410365,385.71845491371016,142
3320.9,8,1100.333657160402,7.699999999999999,49.8115174141992,385.6287130614245,142
3321.0,8,1100.333657160402,7.699999999999999,49.809328584084696,385.647922646492,142
3321.1,8,1100.333657160402,7.699999999999999,49.831846139662105,385.46633751275704,142
3321.2,8,1100.333657160402,7.699999999999999,49.832220661115656,385.4698790368628,142
3321.3,8,1100.333657160402,7.699999999999999,49.67042419935101,386.6660758755464,142
3321.4,8,1100.333657160402,7.699999999999999,49.67242965228721,386.65360348493516,142
3321.5,8,1100.333657160402,7.699999999999999,49.69460394888786,386.4769156629104,142
3321.6,8,1100.333657160402,7.699999999999999,49.699462963346704,386.43888734901503,142
3321.7,8,1100.333657160402,7.699999999999999,49.70619784734575,386.384135342856,142
3321.8,8,1100.333657160402,7.699999999999999,49.717381778970974,386.2980015115792,142
3321.9,8,1100.333657160402,7.699999999999999,49.71777551160103,386.2972783916631,142
3322.0,8,1100.333657160402,7.0,49.74131089462116,386.11022912290053,142
3322.1,8,1100.333657160402,7.0,49.535189677417364,387.781552809132,142
3322.2,8,1100.333657160402,7.0,49.552506745938175,387.6436258843048,142
3322.3,8,1100.333657160402,7.0,49.569410269353114,387.50932717829676,142
3322.4,8,1100.333657160402,7.0,49.57397218142046,387.47473930462803,142
3322.5,8,1100.333657160402,7.0,49.64216209628874,386.96300901487473,142
3322.6,8,1100.333657160402,7.0,49.648452403707395,386.91600040964414,142
3322.7,8,1100.333657160402,7.0,49.64780269128069,386.9245677473016,142
3322.8,8,1100.333657160402,7.0,49.660998087772526,386.8197658058515,142
3322.9,8,1100.333657160402,7.0,49.66533944654389,386.7871776196581,142
3323.0,8,1100.333657160402,7.0,49.67051071486986,386.75016425504225,142
3323.1,8,1100.333657160402,7.0,49.58615768446927,387.36218345966296,142
3323.2,8,1100.333657160402,7.0,49.592623321334955,387.3115787539955,142
3323.3,8,1100.333657160402,7.0,49.61545291358064,387.1318996753363,142
3323.4,8,1100.333657160402,7.0,49.63011948252357,387.0163751937231,142
3323.5,8,1100.333657160402,7.0,49.66252987281399,386.7560701401876,142
3323.6,8,1100.333657160402,7.0,49.68296920511709,386.59364592929387,142
3323.7,8,1100.333657160402,7.0,49.70383802995552,386.43291151194467,142
3323.8,8,1100.333657160402,7.0,49.73101720142304,386.2184246869642,142
3323.9,8,1100.333657160402,6.3,49.60739878133132,387.14315166430157,142
3324.0,8,1100.333657160402,6.3,49.638954992898704,386.89422645785055,142
3324.1,8,1100.333657160402,6.3,49.657169576390864,386.7515873372886,142
3324.2,8,1100.333657160402,6.3,49.67786248644019,386.58766831037724,142
3324.3,8,1100.333657160402,6.3,49.697246119453496,386.4355729932352,142
3324.4,8,1100.333657160402,6.3,49.706915905523374,386.3626521545199,142
3324.5,8,1100.333657160402,6.3,49.73950496594248,386.1075060995311,142
3324.6,8,1100.333657160402,6.3,49.76340862143867,385.91999826272036,142
3324.7,8,1100.333657160402,7.0,49.78869572567207,385.7247796313646,142
3324.8,8,1100.333657160402,7.0,49.815277424653615,385.51761638717346,142
3324.9,8,1100.333657160402,7.0,49.875355992773024,385.0704916363966,142
3325.0,8,1100.333657160402,7.0,49.886741835241914,384.98311016228195,142
3325.1,8,1100.333657160402,7.0,49.91398452294837,384.77390882386896,142
3325.2,8,1100.333657160402,6.3,49.9275547642911,384.66840711031216,142
3325.3,8,1100.333657160402,6.3,49.944706481779264,384.53653754639663,142
3325.4,8,1100.333657160402,6.3,49.95488090639427,384.459074221769,142
3325.5,8,1100.333657160402,6.3,49.96952780298085,384.3456270164219,142
3325.6,8,1100.333657160402,6.3,49.98755702464679,384.20636101502373,142
3325.7,8,1100.333657160402,6.3,49.9946593311501,384.15034059901774,142
3325.8,8,1100.333657160402,6.3,50.01656351490695,383.97899273280007,142
3325.9,8,1100.333657160402,6.3,50.02867373968451,383.8872834102628,142
3326.0,8,1100.333657160402,6.3,50.04704939903452,383.7453303885452,142
3326.1,8,1100.333657160402,6.3,50.06216740083279,383.6267859556525,142
3326.2,8,1100.333657160402,6.3,50.081707933255096,383.4776346453662,142
3326.3,8,1100.333657160402,6.3,50.08377323944515,383.4633850784268,142
3326.4,8,1100.333657160402,6.3,49.9623370425513,384.3115389694607,142
3326.5,8,1100.333657160402,6.3,50.04001055666154,383.72224124721026,142
3326.6,8,1100.333657160402,6.3,50.0634932274987,383.5407984018608,142
3326.7,8,1100.333657160402,6.3,50.073908218825814,383.4597550583992,142
3326.8,8,1100.333657160402,6.3,50.10075313224355,383.2519659013301,142
3326.9,8,1100.333657160402,6.3,50.101469967492434,383.24742711912927,142
3327.0,8,1100.333657160402,6.3,50.128315542865465,383.0400195371281,142
3327.1,8,1100.333657160402,5.6,50.12972808482759,383.0288391387376,142
3327.2,8,1100.333657160402,5.6,50.1495702319892,382.8777348738024,142
3327.3,8,1100.333657160402,5.6,50.146534976007025,382.9002904629207,142
3327.4,8,1100.333657160402,5.6,50.012662842639024,383.94690207203865,142
3327.5,8,1100.333657160402,5.6,49.86923487958529,385.0309924074809,142
3327.6,8,1100.333657160402,5.6,49.962875561091494,384.3157678090137,142
3327.7,8,1100.333657160402,5.6,49.97110816339293,384.2518222796615,142
3327.8,8,1100.333657160402,5.6,49.98379383701052,384.15431172402197,142
3327.9,8,1100.333657160402,5.6,49.99188012636947,384.0924545983569,142
3328.0,8,1100.333657160402,5.6,50.00415029019676,383.99878153556546,142
3328.1,8,1100.333657160402,5.6,50.015149340874075,383.91480250535346,142
3328.2,8,1100.333657160402,5.6,50.03584688074449,383.756905752031,142
3328.3,8,1100.333657160402,5.6,50.037485359642744,383.74623034451,142
3328.4,8,1100.333657160402,5.6,50.049021407964005,383.6581588536326,142
3328.5,8,1100.333657160402,5.6,50.06967433094631,383.49982447131106,142
3328.6,8,1100.333657160402,5.6,50.08510771400471,383.3811987652168,142
3328.7,8,1100.333657160402,5.6,50.081371347734006,383.4113915194374,142
3328.8,8,1100.333657160402,5.6,50.0985251242891,383.2811096227518,142
3328.9,8,1100.333657160402,5.6,49.95773189717879,384.3406233235621,142
3329.0,8,1100.333657160402,5.6,49.96221619433463,384.30500005386796,142
3329.1,8,1100.333657160402,5.6,49.9743094449543,384.2111503950527,142
3329.2,8,1100.333657160402,4.8999999999999995,50.00529335386015,383.9715036819497,142
3329.3,8,1100.333657160402,4.8999999999999995,50.01697740002932,383.8816199951561,142
3329.4,8,1100.333657160402,4.8999999999999995,50.01937939581842,383.86295729388314,142
3329.5,9,1101.0549576001442,4.8999999999999995,50.01939720159078,383.86344406548125,142
3329.6,8,1101.0005652399084,4.0,50.0452741507455,383.66366552850945,142
3329.7,8,1101.0005652399084,5.6,50.04296114175486,383.68210046847645,142
3329.8,8,1101.0005652399084,5.6,50.05654676639433,383.57704858893175,142
3329.9,8,1101.0005652399084,5.6,50.063072629298055,383.5268995888052,142
3330.0,8,1101.0005652399084,5.6,50.07909867954454,383.4044428767529,142
3330.1,8,1101.0005652399084,5.6,50.139387382775865,382.94811244170467,142
3330.2,10,1101.0005652399084,4.8999999999999995,50.15229916720435,382.849062577543,142
3330.3,10,1101.0005652399084,5.6000000000000005,50.131293120024694,383.0116436856737,142
3330.4,10,1101.0005652399084,5.6000000000000005,50.14947585223745,382.87224514073534,142
3330.5,10,1101.0005652399084,5.6000000000000005,50.166288748327254,382.74317314123425,142
3330.6,8,1101.0005652399084,4.800000000000001,50.023129201266045,383.8275033367936,142
3330.7,8,1101.0005652399084,4.8999999999999995,50.0407067690865,383.6918447779159,142
3330.8,8,1101.0005652399084,4.8999999999999995,50.035050920968246,383.7356773836126,142
3330.9,8,1101.0005652399084,4.8999999999999995,50.0328682107717,383.752537826907,142
3331.0,8,1101.0005652399084,4.8999999999999995,50.05835748679499,383.5568108439551,142
3331.1,7,1101.1686332452925,4.8999999999999995,50.04126692084149,383.6882045638803,142
3331.2,8,1101.1686332452925,4.8999999999999995,50.05371735216243,383.592664809655,142
3331.3,8,1101.1686332452925,4.8999999999999995,50.04107277385381,383.6899359614476,142
3331.4,10,1101.1686332452925,4.199999999999999,49.84779368031234,385.19319670578744,142
3331.5,10,1101.1686332452925,5.6000000000000005,49.83650786890402,385.28208212540994,142
3331.6,10,1101.1686332452925,5.6000000000000005,49.83100071277966,385.32395112432334,142
3331.7,10,1101.1686332452925,5.6000000000000005,49.83187365064475,385.31669008403895,142
3331.8,10,1101.1686332452925,5.6000000000000005,49.82468526506847,385.37333829787445,142
3331.9,10,1101.1686332452925,5.6000000000000005,49.811374572929125,385.4773515545285,142
3332.0,10,1101.1686332452925,5.6000000000000005,49.81262894143163,385.46630367954526,142
3332.1,7,1101.2167345276907,5.6000000000000005,49.903380086358645,384.7770395256895,142
3332.2,7,1101.2662375403609,4.8999999999999995,49.90649407505367,384.7517182108983,142
3332.3,8,1101.2143400991977,4.8999999999999995,49.89956340690959,384.80625615861294,142
3332.4,10,1101.2143400991977,4.8999999999999995,49.88933568544731,384.8838964226784,142
3332.5,10,1101.2143400991977,5.6000000000000005,49.883580532704414,384.92715243560565,142
3332.6,10,1101.2143400991977,5.6000000000000005,49.87867928070421,384.9639267158699,142
3332.7,10,1101.2143400991977,5.6000000000000005,49.861613809624714,385.0957653246386,142
3332.8,10,1101.2143400991977,6.4,49.85559260775125,385.139599836275,142
3332.9,10,1101.2143400991977,6.4,49.84083703785814,385.2533710446972,142
3333.0,10,1101.2143400991977,6.4,49.82935908433281,385.33901754326587,142
3333.1,10,1101.2143400991977,6.4,49.8174980996524,385.4291328331617,142
3333.2,10,1101.2143400991977,6.4,49.80176874654704,385.55032535919656,142
3333.3,10,1101.2143400991977,6.4,49.78596869756855,385.6710691607678,142
3333.4,10,1101.2143400991977,6.4,49.76159037949215,385.8595808875875,142
3333.5,10,1101.2143400991977,6.4,49.73615788357874,386.0567331874099,142
3333.6,10,1101.2143400991977,6.4,49.72308051489078,386.1570830700048,142
3333.7,10,1101.2143400991977,6.4,49.698340102946176,386.3486491214514,142
3333.8,10,1101.2143400991977,6.4,49.67307215186479,386.5448848272547,142
3333.9,10,1101.2143400991977,6.4,49.64525466272173,386.7609131931064,142
3334.0,10,1101.2143400991977,7.2,49.605831150629335,387.06832797381816,142
3334.1,10,1101.2143400991977,7.2,49.56615188688903,387.3949958805986,142
3334.2,10,1101.2143400991977,7.2,49.352622824703936,389.0478969543159,142
3334.3,10,1101.2143400991977,7.2,49.40446550951581,388.6468650712385,142
3334.4,10,1101.2143400991977,7.2,49.37511125539092,388.87826847222834,142
3334.5,10,1101.2143400991977,7.2,49.42920072178402,388.4440440648368,142
3334.6,10,1101.2143400991977,7.2,49.40568367132428,388.62822931266436,142
3334.7,10,1101.2143400991977,7.2,49.36734562423243,388.929903710383,142
3334.8,10,1101.2143400991977,7.2,49.3359329575072,389.1770304880704,142
3334.9,10,1101.2143400991977,6.4,49.32253069939893,389.2813868920107,142
3335.0,10,1101.2143400991977,6.4,49.28421093723728,389.5840696003247,142
3335.1,10,1101.2143400991977,6.4,49.267047042189276,389.7183187058074,142
3335.2,10,1101.2143400991977,6.4,49.230798266688026,390.00487344199877,142
3335.3,10,1101.2143400991977,6.4,49.20242281098898,390.2289293384085,142
3335.4,10,1101.2143400991977,6.4,49.16354704071642,390.537437536918,142
3335.5,10,1101.2143400991977,6.4,49.11749799040851,390.9041537884335,142
3335.6,10,1101.2143400991977,6.4,49.09321859281461,391.0968577990152,142
3335.7,10,1101.2143400991977,6.4,48.973669644475876,392.05614667319867,142
3335.8,10,1101.2143400991977,6.4,48.94926304767493,392.249910451157,142
3335.9,10,1101.2143400991977,6.4,48.77621327618739,393.63533542833085,142
3336.0,10,1101.2143400991977,6.4,48.74732000670778,393.86836048641203,142
3336.1,10,1101.2143400991977,6.4,48.71174896252689,394.15594322264644,142
3336.2,10,1101.2143400991977,7.2,48.679684563015215,394.4153565463101,142
3336.3,10,1101.2143400991977,7.2,48.64687307983063,394.68126397557984,142
3336.4,10,1101.2143400991977,7.2,48.6086856464699,394.9912982732659,142
3336.5,10,1101.2143400991977,7.2,48.56477074238525,395.3484061287891,142
3336.6,10,1101.2143400991977,7.2,48.523365071880605,395.68569778449626,142
3336.7,10,1101.2143400991977,7.2,48.495991029998066,395.9090186318881,142
3336.8,10,1101.2143400991977,7.2,48.52530227810943,395.67083427537966,142
3336.9,10,1101.2143400991977,7.2,48.559623719850194,395.390213747031,142
3337.0,10,1101.2143400991977,7.2,48.517036830152925,395.7372933568938,142
3337.1,10,1101.2143400991977,7.2,48.487578785860286,395.9777936880605,142
3337.2,10,1101.2143400991977,6.4,48.44645205301481,396.3140007215075,142
3337.3,10,1101.2143400991977,6.4,48.40902319035342,396.62056869344326,142
3337.4,10,1101.2143400991977,6.4,48.38137668453247,396.84773060457405,142
3337.5,10,1101.2143400991977,6.4,48.33854329846825,397.19961528001943,142
3337.6,10,1101.2143400991977,6.4,48.17675167784364,398.53261903756555,142
3337.7,10,1101.2143400991977,6.4,48.14310428783253,398.8110436250058,142
3337.8,10,1101.2143400991977,6.4,48.11832941923569,399.01636656288633,142
3337.9,10,1101.2143400991977,6.4,48.08947052052211,399.25580258457575,142
3338.0,10,1101.2143400991977,6.4,48.059713521767954,399.5030123146053,142
3338.1,10,1101.2143400991977,6.4,48.03371444294536,399.71929378898466,142
3338.2,10,1101.2143400991977,6.4,47.986480577267145,400.11274926414126,142
3338.3,10,1101.2143400991977,6.4,47.968159375677104,400.26569995118575,142
3338.4,10,1101.2143400991977,6.4,47.95217087311809,400.39939875630057,142
3338.5,10,1101.2143400991977,5.6000000000000005,47.932633667350785,400.56272575934065,142
3338.6,10,1101.2143400991977,5.6000000000000005,47.88512268768093,400.9599159410361,142
3338.7,10,1101.2143400991977,5.6000000000000005,47.87838720837309,401.01680042989506,142
3338.8,10,1101.2143400991977,5.6000000000000005,47.67599051674905,402.7253744422468,142
3338.9,10,1101.2143400991977,5.6000000000000005,47.667574169287484,402.79729876344027,142
3339.0,10,1101.2143400991977,5.6000000000000005,47.71302159657323,402.4093009204438,142
3339.1,10,1101.2143400991977,5.6000000000000005,47.68337423494002,402.65908186546926,142
3339.2,10,1101.2143400991977,5.6000000000000005,47.56498420332707,403.6584841120695,142
3339.3,10,1101.2143400991977,5.6000000000000005,47.5202359380919,404.03843869792644,142
3339.4,10,1101.2143400991977,5.6000000000000005,47.519035169435696,404.04881032379825,142
3339.5,10,1101.2143400991977,5.6000000000000005,47.47612435889518,404.41385570961177,142
3339.6,10,1101.2143400991977,5.6000000000000005,47.45766003776552,404.57128787683854,142
3339.7,10,1101.2143400991977,5.6000000000000005,47.441644414176395,404.7079529259721,142
3339.8,10,1101.2143400991977,5.6000000000000005,47.41860676371252,404.90452443882674,142
3339.9,10,1101.2143400991977,5.6000000000000005,47.2311893339357,406.5196078000396,142
3340.0,10,1101.2143400991977,6.4,47.199233631647424,406.7956972218401,142
3340.1,10,1101.2143400991977,6.4,47.03506438366449,408.2073639777225,142
3340.2,10,1101.2143400991977,6.4,47.01260035761318,408.4027755409038,142
3340.3,10,1101.2143400991977,6.4,46.97758271170362,408.70719673976174,142
3340.4,10,1101.2143400991977,6.4,46.965400188410264,408.8142306055611,142
3340.5,10,1101.2143400991977,6.4,47.03347157544583,408.22025047254795,142
3340.6,10,1101.2143400991977,6.4,47.00555146420937,408.462782347894,142
3340.7,10,1101.2143400991977,5.6000000000000005,46.9957120819979,408.5485647876932,142
3340.8,10,1101.2143400991977,5.6000000000000005,46.97680351332154,408.7130350723397,142
3340.9,10,1101.2143400991977,5.6000000000000005,46.96972315360584,408.7758509540714,142
3341.0,10,1101.708067727721,5.6000000000000005,46.8437281775326,409.8826168817743,143
3341.1,10,1101.708067727721,-100.0,46.84537264461585,409.87077887663577,143
3341.2,10,1101.708067727721,5.6000000000000005,46.83745626660642,409.94032415596985,143
3341.3,10,1101.708067727721,5.6000000000000005,46.821278204250824,410.08351821167594,143
3341.4,10,1101.708067727721,5.6000000000000005,46.814619335629615,410.14264096153363,143
3341.5,10,1101.708067727721,5.6000000000000005,46.8268542716117,410.0365294311365,143
3341.6,10,1101.708067727721,5.6000000000000005,46.79887380884536,410.2800165167049,143
3341.7,10,1101.708067727721,5.6000000000000005,46.79024246229436,410.3565827136184,143
3341.8,10,1101.708067727721,5.6000000000000005,46.77419146895856,410.49714016809145,143
3341.9,10,1101.708067727721,5.6000000000000005,46.777760793265585,410.4653440163226,143
3342.0,10,1101.708067727721,5.6000000000000005,46.75590776311034,410.6566884906225,143
3342.1,10,1101.708067727721,5.6000000000000005,46.75467470110203,410.667351675463,143
3342.2,10,1101.708067727721,5.6000000000000005,46.760643380085256,410.61621929099084,143
3342.3,10,1101.708067727721,5.6000000000000005,46.748296409330905,410.7241819573449,143
3342.4,10,1101.708067727721,5.6000000000000005,46.74999359645109,410.7097910866194,143
3342.5,10,1101.708067727721,5.6000000000000005,46.76182189379335,410.60518925150393,143
3342.6,10,1101.708067727721,4.800000000000001,46.760674474550434,410.6164591282371,143
3342.7,9,1101.708067727721,4.0,46.758865204994855,410.63159440263246,143
3342.8,9,1101.708067727721,4.800000000000001,46.765630782512666,410.57182331514707,143
3342.9,9,1101.708067727721,4.800000000000001,46.777398957858416,410.46886860257155,143
3343.0,8,1101.674083283397,4.800000000000001,46.61483077363163,411.88809945675916,143
3343.1,9,1101.674083283397,4.199999999999999,46.657871076921275,411.5061955381797,143
3343.2,9,1101.674083283397,4.800000000000001,46.672587791404666,411.3764335902107,143
3343.3,9,1101.674083283397,4.800000000000001,46.67345744474252,411.36871061083605,143
3343.4,12,1101.674083283397,4.800000000000001,46.67615376598478,411.34494906465136,143
3343.5,12,1101.674083283397,4.5,46.75692592457648,410.6350099912373,143
3343.6,8,1101.6059662301038,4.5,46.75232265878829,410.6750593131187,143
3343.7,8,1101.6059662301038,4.8999999999999995,46.7589868550139,410.6163606869578,143
3343.8,8,1101.6059662301038,4.8999999999999995,46.753406025939434,410.6652682943069,143
3343.9,8,1101.6059662301038,4.8999999999999995,46.76526271802612,410.56120220212796,143
3344.0,8,1101.6059662301038,4.8999999999999995,46.78999175483576,410.3441845659372,143
3344.1,8,1101.6059662301038,4.8999999999999995,46.796447141259634,410.28781560792896,143
3344.2,8,1101.6059662301038,4.8999999999999995,46.816500856166286,410.11223982271554,143
3344.3,8,1101.6059662301038,4.8999999999999995,46.83253165814219,409.9721705368627,143
3344.4,12,1101.6059662301038,4.8999999999999995,46.85266290566622,409.79596457903136,143
3344.5,12,1101.6059662301038,5.4,46.860023437436716,409.7317421110514,143
3344.6,12,1101.6059662301038,5.4,46.867651667210346,409.66567615508427,143
3344.7,12,1101.6059662301038,5.4,46.88412342980551,409.52207317096605,143
3344.8,12,1101.6059662301038,5.4,46.91117462427035,409.2859950527099,143
3344.9,12,1101.6059662301038,5.4,46.90888968282945,409.3069820135198,143
3345.0,12,1101.6059662301038,5.4,46.925347830124785,409.1641922391309,143
3345.1,12,1101.6059662301038,5.4,46.930585264463076,409.1195349568415,143
3345.2,12,1101.6059662301038,5.4,46.943067261495855,409.0114186536947,143
3345.3,12,1101.6059662301038,5.4,46.943951935280225,409.00545554146197,143
3345.4,12,1101.6059662301038,5.4,46.95176882994795,408.9374979689051,143
3345.5,12,1101.6059662301038,5.4,46.960321877106594,408.8640556750437,143
3345.6,12,1101.6059662301038,6.3,46.79767334510612,410.2776899163837,143
3345.7,12,1101.6059662301038,6.3,46.853078447753774,409.7948967979661,143
3345.8,12,1101.6059662301038,5.4,46.86255870302038,409.71281786211057,143
3345.9,12,1101.6059662301038,5.4,46.86390606670305,409.7027021638663,143
3346.0,12,1101.6059662301038,5.4,46.89464512023606,409.4338490353868,143
3346.1,12,1101.6059662301038,5.4,46.896953132327184,409.4154378441376,143
3346.2,12,1101.6059662301038,5.4,46.708154298199815,411.0954026515469,143
3346.3,12,1101.6059662301038,5.4,46.72549607474295,410.9437919737519,143
3346.4,12,1101.6059662301038,5.4,46.72944300127031,410.9121346987258,143
3346.5,12,1101.6059662301038,5.4,46.73394423436454,410.8752629165822,143
3346.6,12,1101.6059662301038,5.4,46.749171207445094,410.74273376162284,143
3346.7,12,1101.6059662301038,5.4,46.75822918886911,410.6651875832241,143
3346.8,12,1101.6059662301038,5.4,46.75512875567375,410.69637806224443,143
3346.9,12,1101.6059662301038,5.4,46.763487530768124,410.62498073785815,143
3347.0,12,1101.6059662301038,6.3,46.7675716664194,410.59206598193197,143
3347.1,12,1101.6059662301038,6.3,46.79067668466321,410.3885729799618,143
3347.2,12,1101.6059662301038,6.3,46.78971338036409,410.40100106477416,143
3347.3,12,1101.6059662301038,6.3,46.79574273929508,410.35102082772266,143
3347.4,12,1101.6059662301038,6.3,46.80508727618658,410.2699100703344,143
3347.5,12,1101.6059662301038,6.3,46.82563407947303,410.0923810024882,143
3347.6,12,1101.6059662301038,6.3,46.8186756825809,410.15749259389554,143
3347.7,12,1102.09713836913,6.3,46.81883518190378,410.15971139977887,144
3347.8,12,1102.09713836913,-100.0,46.8154534512816,410.1931819558832,144
3347.9,12,1102.09713836913,6.3,46.819834255376236,410.15810790382386,144
3348.0,12,1102.09713836913,6.3,46.82539089160856,410.11494281965633,144
3348.1,12,1102.09713836913,5.4,46.83582973465372,410.0247438178506,144
3348.2,12,1102.09713836913,5.4,46.83490379014155,410.0360552690203,144
3348.3,12,1102.09713836913,5.4,46.983864208690505,408.7064429388024,144
3348.4,12,1102.09713836913,5.4,46.981605618867874,408.72798072441606,144
3348.5,12,1102.09713836913,5.4,46.977834229801246,408.7678924622835,144
3348.6,12,1102.09713836913,5.4,47.03425845678753,408.2839304188592,144
3348.7,12,1102.09713836913,5.4,47.02402675057821,408.37754430415,144
3348.8,12,1102.09713836913,5.4,47.03639184939659,408.27036692457386,144
3348.9,12,1102.09713836913,5.4,47.028657223261646,408.3441669254316,144
3349.0,12,1102.09713836913,5.4,47.02782115501264,408.3544683294783,144
3349.1,12,1102.09713836913,5.4,47.031810764164696,408.32240369472925,144
3349.2,12,1102.09713836913,5.4,47.02648452759192,408.37239051036545,144
3349.3,8,1102.047700835401,4.5,47.020721126015076,408.4249692304191,144
3349.4,8,1102.047700835401,4.8999999999999995,47.02536882321928,408.38790249980275,144
3349.5,8,1102.047700835401,4.8999999999999995,47.025442070822955,408.3914199201428,144
3349.6,8,1102.047700835401,4.8999999999999995,47.04123755734166,408.2575176911509,144
3349.7,8,1102.047700835401,4.8999999999999995,47.05184413483393,408.1672614825485,144
3349.8,8,1102.047700835401,4.8999999999999995,47.05117188019364,408.1781269984433,144
3349.9,8,1102.047700835401,4.8999999999999995,47.05114762843999,408.18222945024024,144
3350.0,8,1102.047700835401,4.8999999999999995,47.06633959366436,408.04968418391894,144
3350.1,12,1102.047700835401,4.8999999999999995,47.10523995406952,407.7065923152174,144
3350.2,12,1102.047700835401,5.4,47.1031990992375,407.7284789844146,144
3350.3,12,1102.047700835401,5.4,47.10348723297916,407.73039779094506,144
3350.4,12,1102.047700835401,5.4,47.09956621996553,407.77051344930106,144
3350.5,12,1102.047700835401,5.4,47.11240488151745,407.6598133828615,144
3350.6,12,1102.047700835401,5.4,47.09585954431026,407.8091424081367,144
3350.7,12,1102.047700835401,5.4,47.08742243989825,407.88859136965004,144
3350.8,12,1102.047700835401,5.4,47.0810327237687,407.94995539216745,144
3350.9,8,1102.047700835401,5.4,47.06837694522607,408.06722957085753,144
3351.0,8,1102.047700835401,4.8999999999999995,47.05481557429927,408.1914720087312,144
3351.1,8,1102.047700835401,4.8999999999999995,47.053879992008106,408.20147715892233,144
3351.2,8,1102.047700835401,4.8999999999999995,47.07899656602523,407.9949310701686,144
3351.3,8,1102.047700835401,4.8999999999999995,47.06919957870717,408.0876404217724,144
3351.4,8,1102.047700835401,4.8999999999999995,47.06751245018728,408.10409491851294,144
3351.5,8,1102.047700835401,4.8999999999999995,46.85490883057075,410.045137788985,144
3351.6,8,1102.047700835401,4.8999999999999995,46.84588594904082,410.12812352812546,144
3351.7,8,1102.047700835401,4.8999999999999995,46.84456819443169,410.14911913786995,144
3351.8,8,1101.9924742978108,4.8999999999999995,46.845913914145314,410.1424164069209,144
3351.9,8,1101.9924742978108,5.6,46.84194006107162,410.1840451753256,144
3352.0,8,1101.9924742978108,5.6,46.82571188685492,410.3315735269237,144
3352.1,8,1101.9924742978108,5.6,46.81485996684144,410.4354966179811,144
3352.2,8,1101.9924742978108,5.6,46.80647330271314,410.5087564041472,144
3352.3,8,1101.9924742978108,5.6,46.778544595987626,410.77133050204014,144
3352.4,8,1101.9924742978108,5.6,46.78467447121654,410.7143925508734,144
3352.5,8,1101.9924742978108,5.6,46.77021631735516,410.8458008857116,144
3352.6,8,1101.9924742978108,5.6,46.763622211230576,410.9063058053644,144
3352.7,8,1101.9924742978108,5.6,46.7449414616018,411.08128885326755,144
3352.8,8,1101.9924742978108,5.6,46.7475393421676,411.05382713061783,144
3352.9,8,1101.9924742978108,5.6,46.76158370766238,410.9195907914508,144
3353.0,7,1102.0363940498196,5.6,46.75021306319367,411.02356308197756,144
3353.1,8,1102.0363940498196,4.8999999999999995,46.74288217605141,411.0972365094824,144
3353.2,8,1102.0363940498196,5.6,46.71620890304844,411.3385680647771,144
3353.3,8,1102.0363940498196,5.6,46.69960629254108,411.4873491668061,144
3353.4,8,1102.0363940498196,5.6,46.67341566873089,411.7250685654006,144
3353.5,8,1102.0363940498196,4.8999999999999995,46.6512066949691,411.9214350965517,144
3353.6,8,1102.0363940498196,4.8999999999999995,46.628070829055716,412.1293568132824,144
3353.7,8,1102.0363940498196,4.8999999999999995,46.622317026368556,412.19259817409807,144
3353.8,8,1102.0363940498196,4.8999999999999995,46.59676573058144,412.42663301912836,144
3353.9,8,1102.0363940498196,4.8999999999999995,46.564666793402,412.7163600822374,144
3354.0,8,1102.0363940498196,4.8999999999999995,46.53897842055805,412.94588378317746,144
3354.1,8,1102.0363940498196,4.8999999999999995,46.509336531687175,413.20994171236754,144
3354.2,8,1102.0363940498196,4.8999999999999995,46.48427074568545,413.43836271546866,144
3354.3,8,1102.0363940498196,4.8999999999999995,46.46942670219698,413.5659380100462,144
3354.4,8,1102.0363940498196,4.8999999999999995,46.43665672616778,413.8616095950348,144
3354.5,8,1102.0363940498196,4.8999999999999995,46.45668428125768,413.4836841285333,144
3354.6,8,1102.0363940498196,4.8999999999999995,46.432949837503784,413.6941513867473,144
3354.7,8,1102.0363940498196,4.8999999999999995,46.403862842165225,413.95244753606096,144
3354.8,8,1102.0363940498196,4.8999999999999995,46.37009752991196,414.2623603009745,144
3354.9,8,1102.0363940498196,4.199999999999999,46.350315831555896,414.440214179754,144
3355.0,8,1102.0363940498196,4.199999999999999,46.322240945990785,414.6993839732671,144
3355.1,8,1102.0363940498196,4.199999999999999,46.30839016458411,414.8230575312318,144
3355.2,8,1102.0363940498196,4.199999999999999,46.30099972421955,414.8854894629391,144
3355.3,8,1102.0363940498196,4.199999999999999,46.272955055403955,415.14052075749237,144
3355.4,8,1101.9808962977681,4.199999999999999,46.253239388111055,415.3133378360142,144
3355.5,8,1101.9808962977681,4.8999999999999995,46.244649657211966,415.39263673871875,144
3355.6,8,1101.9808962977681,4.8999999999999995,46.236451163633085,415.46368201742666,144
3355.7,8,1101.9808962977681,4.8999999999999995,46.221097210516746,415.6011232768385,144
3355.8,8,1101.9808962977681,4.8999999999999995,46.197661166984815,415.88285510795833,144
3355.9,8,1101.9808962977681,4.8999999999999995,46.199137406957135,415.86910297340955,144
3356.0,8,1101.9808962977681,4.8999999999999995,46.18444681361653,416.0017193328679,144
3356.1,8,1101.9808962977681,4.8999999999999995,46.18429618616608,415.99927986575574,144
3356.2,8,1101.9808962977681,4.8999999999999995,46.181331712872,416.03138865833216,144
3356.3,8,1101.9808962977681,4.8999999999999995,46.17713115971087,416.06568048502265,144
3356.4,8,1101.9808962977681,4.8999999999999995,46.16843073462893,416.1490212249052,144
3356.5,8,1101.9808962977681,4.8999999999999995,46.18111460909691,416.0489460494682,144
3356.6,8,1101.9808962977681,4.8999999999999995,46.18129369673214,416.0446369289435,144
3356.7,8,1101.9808962977681,4.8999999999999995,46.1700817067387,416.1473537524264,144
3356.8,8,1101.9808962977681,4.8999999999999995,46.15199738408906,416.3088378945797,144
3356.9,8,1101.9808962977681,4.8999999999999995,46.146362966082194,416.3575538855182,144
3357.0,8,1101.9808962977681,4.8999999999999995,46.13399279595105,416.46967071622106,144
3357.1,8,1101.9808962977681,4.8999999999999995,46.11028645648891,416.6899792334001,144
3357.2,8,1101.9808962977681,4.8999999999999995,46.09536426529775,416.82781590422337,144
3357.3,8,1101.9808962977681,4.8999999999999995,46.07689922791289,416.9969906153734,144
3357.4,8,1101.9808962977681,4.8999999999999995,46.04359844086477,417.3080719962471,144
3357.5,8,1101.9808962977681,4.8999999999999995,46.02853620554119,417.4474088411365,144
3357.6,8,1101.9808962977681,4.8999999999999995,46.01519349632848,417.5645495764196,144
3357.7,8,1101.9808962977681,4.8999999999999995,45.97597777201022,417.93288070062624,144
3357.8,8,1101.9808962977681,4.8999999999999995,45.95702418369588,418.1101735593644,144
3357.9,8,1101.9808962977681,4.8999999999999995,45.93312634047364,418.32655340769304,144
3358.0,8,1101.9808962977681,4.8999999999999995,45.895568793700306,418.67448398535225,144
3358.1,8,1101.9808962977681,4.8999999999999995,45.87887925170485,418.8230084500733,144
3358.2,8,1101.9808962977681,4.8999999999999995,45.83976227088811,419.1893583711653,144
3358.3,8,1101.9808962977681,4.8999999999999995,45.81317111623351,419.4281689959457,144
3358.4,8,1101.9808962977681,4.8999999999999995,45.774883419304196,419.7835657025606,144
3358.5,8,1101.9808962977681,4.8999999999999995,45.749730727727936,420.0133190636386,144
3358.6,8,1101.9258050646638,4.8999999999999995,45.71051121605582,420.3824905577287,144
3358.7,8,1101.9258050646638,5.6,45.7055878328151,420.4299330056781,144
3358.8,8,1101.9258050646638,5.6,45.6825252364937,420.64794153665383,144
3358.9,8,1101.9258050646638,5.6,45.685597365866435,420.629001361385,144
3359.0,8,1101.9258050646638,5.6,45.65453866145571,420.91981017083094,144
3359.1,8,1101.9258050646638,5.6,45.62366671725661,421.2123017975942,144
3359.2,8,1101.9258050646638,5.6,45.59843650882757,421.44649639843215,144
3359.3,8,1101.9258050646638,5.6,45.56565155359306,421.75751630947263,144
3359.4,8,1101.9258050646638,5.6,45.54118279416227,421.9858770159723,144
3359.5,8,1101.9258050646638,5.6,45.51244574421446,422.2592189206216,144
3359.6,8,1101.9258050646638,5.6,45.48960307428728,422.4718925280186,144
3359.7,8,1101.9258050646638,5.6,45.492153363062194,422.44049507372597,144
3359.8,8,1101.9258050646638,5.6,45.470268917442,422.6500155699758,144
3359.9,8,1101.9258050646638,5.6,45.44902291561641,422.8557924447266,144
3360.0,8,1101.9258050646638,5.6,45.4335535402405,423.0039337924402,144
3360.1,8,1101.9258050646638,5.6,45.42850582977104,423.05618248114956,144
3360.2,8,1101.9258050646638,5.6,45.419769883084754,423.1449742651746,144
3360.3,8,1101.9258050646638,5.6,45.4242068460144,423.11051025441895,144
3360.4,8,1101.9258050646638,5.6,45.431412031153414,423.0375803870662,144
3360.5,8,1101.9258050646638,5.6,45.429714362776096,423.0602292838156,144
3360.6,8,1101.9258050646638,5.6,45.43525449858265,423.0099310000521,144
3360.7,8,1101.9258050646638,5.6,45.43218813291747,423.0390043604367,144
3360.8,8,1101.9258050646638,5.6,45.41571637713926,423.19925415297337,144
3360.9,8,1101.9258050646638,5.6,45.42219489596252,423.13971410142005,144
3361.0,8,1101.9258050646638,5.6,45.425819208657515,423.1055386740308,144
3361.1,8,1101.9258050646638,5.6,45.42630912145987,423.09992929182516,144
3361.2,8,1101.9258050646638,5.6,45.36729904230643,423.78351981448037,144
3361.3,8,1101.9258050646638,5.6,45.3795291699344,423.6712880251433,144
3361.4,8,1101.9258050646638,5.6,45.4094512667253,423.40455469684787,144
3361.5,8,1101.9258050646638,5.6,45.40209106418919,423.482985134768,144
3361.6,8,1101.9258050646638,5.6,45.26075632177317,424.9149959285138,144
3361.7,8,1101.9258050646638,5.6,45.274459675082056,424.7830572527837,144
3361.8,7,1101.966327055219,5.6,45.27031250460544,424.8280404962992,144
3361.9,8,1101.966327055219,5.6,45.29259191287956,424.6187550281089,144
3362.0,8,1101.966327055219,5.6,45.29405406555825,424.61338629378645,144
3362.1,8,1101.966327055219,5.6,45.20531558568286,425.3877068453895,144
3362.2,8,1101.966327055219,5.6,45.233842900645996,425.11044397341516,144
3362.3,8,1101.966327055219,5.6,45.22413920016214,425.2221182332056,144
3362.4,8,1101.966327055219,5.6,45.24439844256847,425.0257753436159,144
3362.5,8,1101.966327055219,5.6,45.26298041354069,424.85296546221076,144
3362.6,8,1101.9113756902368,5.6,45.298757011575,424.51000691360605,144
3362.7,8,1101.9113756902368,6.3,45.15100667753818,426.03606363521493,144
3362.8,8,1101.9113756902368,6.3,45.16866300209196,425.86592215399105,144
3362.9,8,1101.9113756902368,6.3,45.20384789438191,425.5261179400451,144
3363.0,8,1101.9113756902368,6.3,45.112704125507435,426.29342005305784,144
3363.1,8,1101.9113756902368,6.3,45.13958346798633,426.0280819100474,144
3363.2,8,1101.9113756902368,6.3,45.162107154841365,425.79672808721955,144
3363.3,8,1101.9113756902368,6.3,45.172155117100644,425.69751542877043,144
3363.4,8,1101.9113756902368,6.3,45.185746491647684,425.57542402272185,144
3363.5,8,1101.9113756902368,6.3,45.22400622523351,425.20537963216054,144
3363.6,8,1101.9113756902368,6.3,45.2567009917837,424.8876513570355,144
3363.7,8,1101.9113756902368,6.3,45.28645286639141,424.6005825029767,144
3363.8,8,1101.9113756902368,6.3,45.31695627269198,424.30200917103355,144
3363.9,8,1101.9113756902368,6.3,45.347710062125905,424.0004233529347,144
3364.0,8,1101.9113756902368,6.3,45.37668212840536,423.7132389619202,144
3364.1,8,1101.9113756902368,6.3,45.404551343548164,423.4440648003688,144
3364.2,8,1101.9113756902368,6.3,45.43621740784949,423.1383830604904,144
3364.3,8,1101.9113756902368,6.3,45.47296436349852,422.78663612127275,144
3364.4,8,1101.9113756902368,6.3,45.514757497491516,422.3756264106727,144
3364.5,8,1101.9113756902368,6.3,45.53304456918072,422.2041195304664,144
3364.6,8,1101.9113756902368,6.3,45.598613362884755,421.59722746922984,144
3364.7,8,1101.9113756902368,6.3,45.374577050943785,423.8514118525803,144
3364.8,8,1101.9113756902368,6.3,45.383173896001296,423.7745921201065,144
3364.9,8,1101.9113756902368,6.3,45.40760065911259,423.53539903865396,144
3365.0,8,1101.9113756902368,6.3,45.42099942447496,423.40670906838744,144
3365.1,8,1101.9113756902368,6.3,45.42225378539102,423.3892572487653,144
3365.2,8,1101.9113756902368,6.3,45.434100844341515,423.27708414533834,144
3365.3,8,1101.9113756902368,6.3,45.46555934899921,422.97257545091486,144
3365.4,8,1101.9113756902368,6.3,45.48779149993667,422.7615553273653,144
3365.5,8,1101.9113756902368,6.3,45.43342327902269,423.08147962569075,144
3365.6,8,1101.9113756902368,6.3,45.43939746189415,423.0186798003425,144
3365.7,8,1101.9113756902368,6.3,45.472863143336845,422.69396099003364,144
3365.8,8,1101.9113756902368,6.3,45.48399437250282,422.58497232602883,144
3365.9,8,1101.9113756902368,6.3,45.50767824946503,422.34735596841733,144
3366.0,8,1101.856291092596,6.3,45.52412937441061,422.1874226916916,144
3366.1,8,1101.856291092596,7.0,45.538863374060156,422.0385338493512,144
3366.2,8,1101.856291092596,7.0,45.55893430564488,421.84042112662377,144
3366.3,8,1101.856291092596,7.0,45.56791222901165,421.7520254485297,144
3366.4,8,1101.856291092596,7.0,45.586975293322034,421.5664084490543,144
3366.5,8,1101.856291092596,7.0,45.60858265651355,421.3582195550372,144
3366.6,8,1101.856291092596,7.0,45.627699760867486,421.17734437293007,144
3366.7,8,1101.856291092596,7.0,45.650540779545395,420.95777761199054,144
3366.8,8,1101.856291092596,7.0,45.66840917720576,420.78735943529335,144
3366.9,8,1101.856291092596,7.0,45.676759125224436,420.70675690652115,144
3367.0,8,1101.856291092596,7.0,45.575513488115476,421.5797871287717,144
3367.1,8,1101.856291092596,7.0,45.600629775032516,421.34126824292645,144
3367.2,8,1101.856291092596,7.0,45.62222513397673,421.13891965059804,144
3367.3,8,1101.856291092596,7.0,45.65424840851866,420.8341529166016,144
3367.4,8,1101.856291092596,6.3,45.68033711205925,420.5875156579557,144
3367.5,8,1101.856291092596,6.3,45.72620074750222,420.1739058470465,144
3367.6,8,1101.856291092596,6.3,45.751885473235674,419.93349611300573,144
3367.7,8,1101.856291092596,6.3,45.77981289265824,419.6742007790554,144
3367.8,8,1101.856291092596,6.3,45.80442370868923,419.4455190029083,144
3367.9,8,1101.856291092596,6.3,45.82870653033868,419.2225573990114,144
3368.0,8,1101.856291092596,6.3,45.84886658138733,419.0413795474053,144
3368.1,8,1101.856291092596,6.3,45.8628608212901,418.913229264981,144
3368.2,8,1101.856291092596,6.3,45.879360567254835,418.7708123310165,144
3368.3,8,1101.856291092596,6.3,45.900618261764535,418.5767376130453,144
3368.4,8,1101.856291092596,6.3,45.897830958398465,418.61110235186334,144
3368.5,8,1101.856291092596,5.6,45.91263715237104,418.47922788791493,144
3368.6,8,1101.856291092596,5.6,45.919240523338686,418.41774119341204,144
3368.7,8,1101.856291092596,5.6,45.91087529290823,418.5059534141655,144
3368.8,8,1101.856291092596,5.6,45.938796367019066,418.24502107415475,144
3368.9,8,1101.856291092596,5.6,45.93940418392441,418.244607365191,144
3369.0,8,1101.856291092596,5.6,45.73298108172523,420.250313027281,144
3369.1,8,1101.856291092596,5.6,45.7481745812712,420.11171073043647,144
3369.2,8,1101.856291092596,5.6,45.74962584928507,420.09710080517027,144
3369.3,8,1101.856291092596,5.6,45.76131914667444,419.9932991403156,144
3369.4,8,1101.856291092596,5.6,45.775503103324944,419.85718565899595,144
3369.5,8,1101.856291092596,5.6,45.776496993068065,419.8467374255139,144
3369.6,8,1101.856291092596,5.6,45.765677195657254,419.94980891976866,144
3369.7,8,1101.856291092596,5.6,45.78027910615995,419.8136572696832,144
3369.8,8,1101.856291092596,5.6,45.7842168289282,419.7826657482135,144
3369.9,8,1101.856291092596,5.6,45.79468879592257,419.6874098099223,144
3370.0,8,1101.856291092596,5.6,45.790152739124395,419.7387540172758,144
3370.1,8,1101.856291092596,5.6,45.79150450250773,419.73150501404155,144
3370.2,8,1101.856291092596,5.6,45.80868393474043,419.5764804588614,144
3370.3,8,1101.856291092596,5.6,45.81963070373512,419.4781276291625,144
3370.4,8,1101.856291092596,5.6,45.812889424684656,419.5408224755032,144
3370.5,8,1101.856291092596,5.6,45.6546462034284,420.90986977668285,144
3370.6,8,1101.856291092596,5.6,45.669872435383226,420.6760159384559,144
3370.7,8,1101.856291092596,4.199999999999999,45.75844239965372,419.90419168898313,144
3370.8,8,1101.8011289689655,4.199999999999999,45.7610876112507,419.88730037650737,144
3370.9,8,1101.8011289689655,4.8999999999999995,45.78030630175326,419.70611625498066,144
3371.0,8,1101.8011289689655,4.8999999999999995,45.53066495156986,422.16470507333645,144
3371.1,8,1101.8011289689655,4.8999999999999995,45.55962679530147,421.8895870353688,144
3371.2,8,1101.8011289689655,4.8999999999999995,45.56736511122789,421.82074997570885,144
3371.3,8,1101.8011289689655,4.8999999999999995,45.57797158698055,421.72861002995455,144
3371.4,8,1101.8011289689655,4.8999999999999995,45.599261165125085,421.53167767236926,144
3371.5,8,1101.8011289689655,4.8999999999999995,45.608425020855904,421.44875638096823,144
3371.6,8,1101.8011289689655,4.8999999999999995,45.63835785180002,421.16595530475365,144
3371.7,8,1101.8011289689655,4.8999999999999995,45.6551192296988,421.01294679062715,144
3371.8,8,1101.8011289689655,4.8999999999999995,45.663347092877075,420.932730574168,144
3371.9,8,1101.8011289689655,4.8999999999999995,45.67064660251367,420.86606021369505,144
3372.0,8,1101.8011289689655,4.8999999999999995,45.662619198314815,420.94277139948076,144
3372.1,8,1101.8011289689655,4.8999999999999995,45.67402340872861,420.8417281686409,144
3372.2,8,1101.8011289689655,4.8999999999999995,45.48717521187916,422.47255543666927,144
3372.3,8,1101.8011289689655,4.8999999999999995,45.48567945747747,422.4886024252425,144
3372.4,8,1101.8011289689655,4.8999999999999995,45.48391625834766,422.5049497773636,144
3372.5,8,1101.8011289689655,4.199999999999999,45.503477799644614,422.3147689794,144
3372.6,8,1101.8011289689655,4.199999999999999,45.49885534106389,422.35844634155137,144
3372.7,8,1101.8011289689655,4.199999999999999,45.57574138035529,421.4659596023481,144
3372.8,8,1101.8011289689655,4.199999999999999,45.575463866550564,421.4665379312162,144
3372.9,8,1101.8011289689655,4.199999999999999,45.57301229307669,421.49303995123523,144
3373.0,8,1101.8011289689655,4.199999999999999,45.58567495312679,421.37324185844517,144
3373.1,8,1101.8011289689655,4.199999999999999,45.69953507868381,420.281925660807,144
3373.2,8,1101.8011289689655,4.199999999999999,45.71159525815368,420.16725582984344,144
3373.3,8,1101.8011289689655,4.199999999999999,45.78027237909582,419.5659322203126,144
3373.4,8,1101.8011289689655,4.199999999999999,45.77997992490352,419.5688670202848,144
3373.5,8,1101.8011289689655,4.199999999999999,45.79290114606992,419.45335487565274,144
3373.6,8,1101.8011289689655,4.199999999999999,45.774868930291134,419.62383819224465,144
3373.7,8,1101.8011289689655,4.199999999999999,45.778407596422014,419.5911288072791,144
3373.8,8,1101.8011289689655,4.199999999999999,45.778818753068606,419.5882967111062,144
3373.9,8,1101.8011289689655,3.5,45.77007021785076,419.67801486475645,144
3374.0,10,1101.8011289689655,3.5,45.779854561799866,419.58957610869095,144
3374.1,10,1101.8011289689655,4.0,45.78776665350745,419.51677717223794,144
3374.2,10,1101.8011289689655,4.0,45.78390339264592,419.55847801569155,144
3374.3,10,1101.8011289689655,4.0,45.79321568685329,419.4745963500628,144
3374.4,10,1101.8011289689655,4.0,45.79334460048859,419.4735080748977,144
3374.5,10,1101.8011289689655,4.0,45.78272796951355,419.57678332336434,144
3374.6,10,1101.8011289689655,4.0,45.78567314779741,419.5511757674215,144
3374.7,10,1101.8011289689655,4.0,45.77476448091942,419.65671267520577,144
3374.8,10,1101.8011289689655,4.0,45.76588275394755,419.7456923221617,144
3374.9,10,1101.8011289689655,4.0,45.76141534172723,419.79050482700154,144
3375.0,10,1101.8011289689655,4.0,45.73964641165484,419.99837838557926,144
3375.1,10,1101.8011289689655,4.0,45.74189382278672,419.98259651473006,144
3375.2,10,1101.8011289689655,4.0,45.74062730924258,419.99376046476397,144
3375.3,10,1101.8011289689655,4.0,45.7343109197338,420.05974139660407,144
3375.4,8,1101.8011289689655,4.0,45.736246635897054,420.0442811726075,144
3375.5,8,1101.8011289689655,3.5,45.73527938507796,420.05863309611345,144
3375.6,8,1101.8011289689655,3.5,45.72643391045702,420.14521942937813,144
3375.7,10,1101.8011289689655,3.5,45.84521889566075,419.0080487252901,144
3375.8,10,1101.8011289689655,4.0,45.83222729266528,419.13639559906954,144
3375.9,10,1101.8011289689655,4.0,45.83659558234428,419.1005716430591,144
3376.0,10,1101.8011289689655,4.0,45.8306125020172,419.1591447498813,144
3376.1,10,1101.8011289689655,4.0,45.89319619726701,418.62065374206554,144
3376.2,10,1101.8011289689655,4.0,45.89073492247792,418.64704671965296,144
3376.3,10,1101.8011289689655,4.0,45.8861715638836,418.69560277157314,144
3376.4,10,1101.8011289689655,4.0,45.889621980706224,418.6628557878397,144
3376.5,10,1101.8011289689655,4.0,45.87504670437833,418.8027012884827,144
3376.6,10,1101.8011289689655,4.0,45.86874579281951,418.87096940400187,144
3376.7,10,1101.8011289689655,4.0,45.916994597200286,418.3658749243924,144
3376.8,8,1101.7461393209908,4.0,45.901952490387856,418.5104665467462,144
3376.9,8,1101.7461393209908,4.199999999999999,45.90404060884782,418.49421768945234,144
3377.0,8,1101.7461393209908,4.199999999999999,45.903410312480275,418.4991265233233,144
3377.1,8,1101.7461393209908,4.199999999999999,45.88543959595907,418.6723606460014,144
3377.2,8,1101.7461393209908,4.199999999999999,45.88843935973044,418.6434709302983,144
3377.3,8,1101.7461393209908,4.199999999999999,45.87374866892729,418.7857607687042,144
3377.4,8,1101.7461393209908,4.199999999999999,45.875865978200636,418.7669747105658,144
3377.5,10,1101.7461393209908,3.5,45.87515494403115,418.7781592908998,144
3377.6,10,1101.7461393209908,4.800000000000001,45.8829163154675,418.70429603088223,144
3377.7,10,1101.7461393209908,4.800000000000001,45.92853177905974,418.2032817452048,144
3377.8,10,1101.7461393209908,4.800000000000001,45.94321418247077,418.0645180898554,144
3377.9,10,1101.7461393209908,4.800000000000001,45.931261951532335,418.1793720765274,144
3378.0,10,1101.7461393209908,4.800000000000001,45.93819953806402,418.11687234294556,144
3378.1,10,1101.7461393209908,4.800000000000001,45.93933978236588,418.11150266828986,144
3378.2,10,1101.7461393209908,4.800000000000001,45.92685505910137,418.23217096322867,144
3378.3,10,1101.7461393209908,4.800000000000001,45.915062287389674,418.34550956758704,144
3378.4,10,1101.7461393209908,4.800000000000001,45.93170788792199,418.19158982590534,144
3378.5,10,1101.7461393209908,4.800000000000001,45.923504736660604,418.2724198678222,144
3378.6,10,1101.7461393209908,4.800000000000001,45.94935222429402,418.0332481166221,144
3378.7,10,1101.7461393209908,4.800000000000001,46.04057478225124,417.1768676693423,144
3378.8,10,1101.7461393209908,4.800000000000001,46.03387405827556,417.2466158135005,144
3378.9,10,1101.7461393209908,4.800000000000001,46.049558652807,417.1033925751435,144
3379.0,10,1101.7461393209908,4.800000000000001,46.05382137924696,417.0743846095685,144
3379.1,10,1101.7461393209908,4.800000000000001,46.064074350488255,416.98224469031396,144
3379.2,10,1101.7461393209908,4.0,46.144179070776595,416.2802835179842,144
3379.3,10,1101.7461393209908,4.0,46.132573025233015,416.3973210940019,144
3379.4,10,1101.7461393209908,4.0,46.142159991130825,416.31190127231207,144
3379.5,10,1101.7461393209908,4.0,46.15166578121363,416.2307956451916,144
3379.6,10,1101.7461393209908,4.0,46.163290160033796,416.1283067574455,144
3379.7,10,1101.7461393209908,4.0,46.16284838535884,416.1383651286107,144
3379.8,10,1101.7461393209908,4.0,46.16908424442923,416.08616589743303,144
3379.9,10,1101.7461393209908,4.0,46.23302090966733,415.4462688337492,144
3380.0,10,1101.7461393209908,4.0,46.2370010584393,415.4158530412333,144
3380.1,10,1101.7461393209908,4.0,46.249416336144826,415.30494622577646,144
3380.2,10,1101.7461393209908,4.0,46.26453799482137,415.17026766244726,144
3380.3,10,1101.7461393209908,4.0,46.280313999418844,415.0320814003104,144
3380.4,10,1101.7461393209908,4.0,46.28898972429809,414.95249012233603,144
3380.5,10,1101.7461393209908,4.0,46.29022809669978,414.94611427119855,144
3380.6,6,1100.8959715256146,3.2,46.309466121623636,414.77029368326697,144
3380.7,6,1100.68933757496,4.5,46.33535287178675,414.5403048301107,144
3380.8,6,1100.68933757496,4.5,46.38261735300342,414.11216121517407,144
3380.9,6,1100.68933757496,4.5,46.42688059469125,413.71020062183044,144
3381.0,6,1100.68933757496,4.5,46.45148827149236,413.49144022108965,144
3381.1,6,1100.68933757496,4.5,46.49182386813102,413.1216494706789,144
3381.2,6,1100.68933757496,4.5,46.509040056705416,412.9701073426494,144
3381.3,6,1100.68933757496,4.5,46.54958251823506,412.60771825741296,144
3381.4,6,1100.68933757496,4.5,46.5865689416358,412.272779610359,144
3381.5,6,1100.68933757496,4.5,46.70326515301406,411.2166922171921,144
3381.6,6,1100.68933757496,4.5,46.738471674183685,410.9042527339509,144
3381.7,6,1100.68933757496,4.5,46.77767050730232,410.5561533009369,144
3381.8,6,1100.68933757496,4.5,46.80524502327508,410.30991803953395,144
3381.9,6,1100.68933757496,4.5,46.90621011987365,409.43183746666534,144
3382.0,6,1100.68933757496,4.5,46.92340696123208,409.2840961659361,144
3382.1,6,1100.68933757496,4.5,46.95520417250631,409.00230376935576,144
3382.2,6,1100.68933757496,4.5,46.99664134369808,408.6362581356967,144
3382.3,6,1100.68933757496,4.5,47.05288011499867,408.1376325350946,144
3382.4,6,1100.68933757496,4.5,47.06808176687923,408.00426456815455,144
3382.5,6,1100.68933757496,4.5,47.09272078635381,407.7870579984387,144
3382.6,6,1100.68933757496,4.5,47.098718581512514,407.7363432328226,144
3382.7,6,1100.68933757496,4.5,47.1296661413399,407.46653497744177,144
3382.8,6,1100.68933757496,4.5,47.15671290775009,407.22917772208046,144
3382.9,6,1100.68933757496,4.5,47.15506695500657,407.2462130839739,144
3383.0,6,1100.68933757496,4.5,47.1646041316512,407.16103339256085,144
3383.1,6,1100.68933757496,4.5,47.19807965531324,406.87033349623823,144
3383.2,6,1100.68933757496,4.5,47.192535716450976,406.922836642862,144
3383.3,6,1100.68933757496,4.5,47.20325814232207,406.83069559614614,144
3383.4,6,1100.68933757496,4.5,47.196775750048886,406.88879612528524,144
3383.5,6,1100.68933757496,4.5,47.209538524604525,406.7796029847706,144
3383.6,6,1100.68933757496,4.5,47.21048710015372,406.7738668464481,144
3383.7,6,1100.68933757496,4.5,47.20993453631969,406.78231410061835,144
3383.8,6,1100.68933757496,4.5,47.21727566689056,406.71824235256764,144
3383.9,6,1100.68933757496,4.5,47.216907656095984,406.72385835973705,144
3384.0,6,1100.68933757496,4.5,47.1889120038171,406.97419409918314,144
3384.1,6,1100.68933757496,4.5,47.19117978986766,406.9575308862105,144
3384.2,6,1100.68933757496,4.5,47.1902834586755,406.9701667924144,144
3384.3,6,1100.68933757496,4.5,47.244088966128736,406.52113588552197,144
3384.4,6,1100.68933757496,4.5,47.2604357633916,406.3829931670286,144
3384.5,6,1100.68933757496,4.5,47.267101542430765,406.3278359301121,144
3384.6,6,1100.68933757496,4.5,47.27184459653464,406.28965244275537,144
3384.7,6,1100.68933757496,4.5,47.266466900535306,406.3410323102603,144
3384.8,6,1100.68933757496,4.5,47.26311963525016,406.37258815975383,144
3384.9,6,1100.68933757496,4.5,47.26540031123586,406.3569083487266,144
3385.0,6,1100.68933757496,4.5,47.26784586351185,406.33349482585095,144
3385.1,6,1100.68933757496,4.5,47.26245698270537,406.3861605213065,144
3385.2,6,1100.68933757496,4.5,47.23099927694835,406.66387989123757,144
3385.3,6,1100.68933757496,4.5,47.22049501999473,406.7575931014222,144
3385.4,6,1100.4466278729776,4.5,47.21228026463818,406.8341929233187,144
3385.5,6,1100.4466278729776,5.0,47.21189844626416,406.8343944400988,144
3385.6,6,1100.4466278729776,5.0,47.17842895217158,407.13435346996005,144
3385.7,6,1100.4466278729776,5.0,47.1905527868232,407.02929182960895,144
3385.8,6,1100.4466278729776,5.0,47.16455076240621,407.26169547336565,144
3385.9,6,1100.4466278729776,5.0,47.151287531018546,407.37947465007096,144
3386.0,6,1100.4466278729776,5.0,47.23334845086345,406.64533586172035,144
3386.1,6,1100.4466278729776,5.0,47.23095677305438,406.66726589526917,144
3386.2,6,1100.4466278729776,5.0,47.22011777599176,406.7625648640085,144
3386.3,6,1100.4466278729776,5.0,47.19694128392415,406.97076565087855,144
3386.4,6,1100.4466278729776,5.0,47.18825078662188,407.0447703066204,144
3386.5,6,1100.4466278729776,5.0,47.192052242791675,407.0101779083953,144
3386.6,6,1100.4466278729776,5.0,47.16644456419934,407.24001557050633,144
3386.7,6,1100.4466278729776,5.0,47.15172392180598,407.3747631948341,144
3386.8,6,1100.4466278729776,5.0,47.14986318376273,407.3930136016153,144
3386.9,6,1100.4466278729776,5.0,47.14886321589148,407.4036028120146,144
3387.0,6,1100.4466278729776,5.0,47.1677596627786,407.26101190035064,144
3387.1,6,1100.4466278729776,5.0,47.155869355710664,407.36804744846074,144
3387.2,6,1100.4466278729776,5.0,47.137421263316156,407.53240580502154,144
3387.3,6,1100.4466278729776,5.0,47.129034838832666,407.60580627965123,144
3387.4,6,1100.4466278729776,5.0,47.12257220462236,407.6628243122973,144
3387.5,6,1100.4466278729776,5.0,47.1085336229209,407.7921729741961,144
3387.6,6,1100.4466278729776,5.0,47.10701124113792,407.8085087868765,144
3387.7,6,1100.4466278729776,5.0,47.096582603141314,407.9038493099682,144
3387.8,6,1100.4466278729776,5.0,47.081559937605405,408.03897799291406,144
3387.9,6,1100.4466278729776,5.0,47.06011586135588,408.2361058132479,144
3388.0,6,1100.4466278729776,5.0,47.04468921615009,408.3719403942147,144
3388.1,6,1100.4466278729776,5.0,47.03218315923464,408.48530198973833,144
3388.2,6,1100.4466278729776,5.0,47.08915098755951,407.9623676992192,144
3388.3,6,1100.4466278729776,5.0,47.076693812079455,408.0760437946477,144
3388.4,6,1100.4466278729776,5.0,47.065651979091285,408.16898210947045,144
3388.5,6,1100.4466278729776,5.0,47.04282115772618,408.3768571496322,144
3388.6,6,1100.4466278729776,5.0,47.02254943243965,408.56229224684455,144
3388.7,6,1100.4466278729776,5.0,47.00694285961097,408.7007042066357,144
3388.8,6,1100.4466278729776,5.0,47.009278128234044,408.6790545409981,144
3388.9,6,1100.4466278729776,5.0,46.98752910639146,408.8744677281354,144
3389.0,6,1100.4466278729776,5.0,46.98211282423415,408.9258484714171,144
3389.1,6,1100.4466278729776,5.0,46.981933561222974,408.9274877220935,144
3389.2,6,1100.4466278729776,5.0,46.92913291519588,409.3776963041704,144
3389.3,6,1100.4466278729776,5.0,46.924837522450574,409.42108557835627,144
3389.4,6,1100.4466278729776,5.0,46.9258779456274,409.41446228634754,144
3389.5,6,1100.4466278729776,5.0,46.91912858095502,409.47293135582606,144
3389.6,6,1100.4466278729776,5.0,46.9093384661728,409.5662989797228,144
3389.7,6,1100.4466278729776,5.0,46.95915690939913,409.1027949797905,144
3389.8,6,1100.4466278729776,5.0,46.971869272386414,408.9924234023249,144
3389.9,6,1100.4466278729776,5.0,46.97298957848314,408.982865837109,144
3390.0,6,1100.9313220805261,5.0,46.96899200617267,409.01992459519136,145
3390.1,6,1100.9313220805261,-100.0,46.980402704594844,408.916888122454,145
3390.2,6,1100.9313220805261,5.0,46.99845873017529,408.75831406038157,145
3390.3,6,1100.9313220805261,5.0,46.99404276785492,408.800946661669,145
3390.4,6,1100.9313220805261,5.0,47.003127365299534,408.7215172722217,145
3390.5,6,1100.9313220805261,5.0,47.00946174083109,408.66099266645904,145
3390.6,6,1100.9313220805261,5.0,46.96811870980904,408.98880704558326,145
3390.7,6,1100.9313220805261,5.0,46.94328456208983,409.2163378809682,145
3390.8,6,1100.9313220805261,5.0,46.922958460403855,409.4803568745489,145
3390.9,6,1100.9313220805261,5.0,46.83952796823591,410.25415369657435,145
3391.0,6,1100.9313220805261,5.0,46.85832481187073,410.0845880611994,145
3391.1,6,1100.9313220805261,5.0,46.86809240584069,409.99817317123757,145
3391.2,6,1100.9313220805261,5.0,46.877275279705586,409.91644899264907,145
3391.3,6,1100.9313220805261,5.0,46.89943901362278,409.71664885167655,145
3391.4,6,1100.9313220805261,5.0,46.912835556434985,409.59460609293706,145
3391.5,6,1100.9313220805261,5.0,46.91151332892018,409.61494474175,145
3391.6,6,1100.9313220805261,5.0,46.936693945022334,409.38517575423754,145
3391.7,6,1100.9313220805261,5.0,46.96584496021765,409.120631661683,145
3391.8,6,1100.9313220805261,5.0,46.984351777633066,408.9574597117345,145
3391.9,6,1100.9313220805261,5.0,47.002883573872936,408.7896580821062,145
3392.0,6,1100.9313220805261,5.0,47.03404006136486,408.51588107617334,145
3392.1,6,1100.9313220805261,5.0,46.990473082198974,408.8499881132392,145
3392.2,6,1100.9313220805261,5.0,47.00005048460426,408.76350174361244,145
3392.3,6,1100.9313220805261,5.0,46.91016074881972,409.59401993062977,145
3392.4,6,1100.9313220805261,5.0,46.929166681743965,409.4214374600116,145
3392.5,6,1100.9313220805261,5.0,46.96105741135028,409.12435082871417,145
3392.6,6,1100.9313220805261,5.0,46.967926362084214,409.06646151480044,145
3392.7,6,1100.9313220805261,5.0,47.123721733613806,407.6501883467055,145
3392.8,6,1100.9313220805261,5.0,47.153414392063254,407.3913289593029,145
3392.9,6,1100.9313220805261,5.0,47.16598243299839,407.2769925057123,145
3393.0,6,1100.9313220805261,5.0,47.196977487783045,407.00523520282127,145
3393.1,8,1100.9313220805261,4.5,47.216721815557335,406.8343092099504,145
3393.2,8,1100.9313220805261,4.199999999999999,47.246887087069325,406.5672103237992,145
3393.3,8,1100.9313220805261,4.199999999999999,47.11016522199,407.80818494621815,145
3393.4,8,1100.9313220805261,4.199999999999999,47.14406679502924,407.506163198184,145
3393.5,8,1100.9313220805261,4.199999999999999,47.165302953802176,407.3187006668328,145
3393.6,8,1100.9313220805261,4.199999999999999,47.186451941927544,407.1345169558267,145
3393.7,8,1100.9313220805261,4.199999999999999,47.21917903917634,406.8472828347519,145
3393.8,8,1100.9313220805261,4.199999999999999,47.241367454847364,406.6502717475414,145
3393.9,8,1100.9313220805261,4.199999999999999,47.268219072344536,406.4191608582937,145
3394.0,8,1100.9313220805261,4.199999999999999,47.207367085873514,406.9043428363186,145
3394.1,8,1100.9313220805261,4.199999999999999,47.37908455058722,405.47488274434716,145
3394.2,8,1100.9313220805261,4.199999999999999,47.4030756548207,405.2643782763246,145
3394.3,8,1100.9313220805261,4.199999999999999,47.42605431817007,405.06428112484974,145
3394.4,8,1100.9313220805261,4.199999999999999,47.454153136318546,404.81617416677955,145
3394.5,8,1100.9313220805261,4.199999999999999,47.47919123261221,404.5966803476466,145
3394.6,8,1100.9313220805261,4.199999999999999,47.481414768780496,404.57909007840806,145
3394.7,8,1100.9313220805261,4.199999999999999,47.49974149320751,404.4212065783126,145
3394.8,8,1100.9313220805261,4.199999999999999,47.51757402490466,404.26575220639165,145
3394.9,8,1100.9313220805261,4.199999999999999,47.54381428840813,404.0359004296215,145
3395.0,8,1100.9313220805261,4.199999999999999,47.38689980474157,405.437074318678,145
3395.1,8,1100.9313220805261,4.199999999999999,47.52151535107261,404.23417551872205,145
3395.2,8,1100.9313220805261,4.199999999999999,47.535945127081746,404.1025927701449,145
3395.3,8,1100.9313220805261,4.199999999999999,47.56511193587552,403.84966191711754,145
3395.4,8,1100.9313220805261,4.199999999999999,47.47354415039659,404.5881160419184,145
3395.5,8,1100.9313220805261,4.199999999999999,47.48685146273982,404.4716429776091,145
3395.6,8,1100.9313220805261,4.8999999999999995,47.520926609134186,404.17069704252845,145
3395.7,8,1100.9313220805261,4.8999999999999995,47.55312587323439,403.89138447554654,145
3395.8,8,1100.9313220805261,4.8999999999999995,47.573334378888845,403.71275201405393,145
3395.9,8,1100.9313220805261,4.8999999999999995,47.65799079365753,402.8832549931002,145
3396.0,8,1100.9313220805261,4.8999999999999995,47.6794115922383,402.7001253988276,145
3396.1,8,1100.9313220805261,4.8999999999999995,47.704511114524806,402.4861498047718,145
3396.2,8,1100.9313220805261,4.8999999999999995,47.728831643128196,402.2795000212137,145
3396.3,8,1100.9313220805261,4.8999999999999995,47.75278753325274,402.0767620332043,145
3396.4,8,1100.9313220805261,4.8999999999999995,47.891311353878756,400.92235909297375,145
3396.5,8,1100.9313220805261,4.8999999999999995,47.842311378898785,401.3239010302328,145
3396.6,8,1100.9313220805261,4.8999999999999995,47.872322762320024,401.07065477721517,145
3396.7,8,1100.9313220805261,4.8999999999999995,47.898984131265706,400.8467660090507,145
3396.8,8,1100.9313220805261,4.8999999999999995,47.942231171152955,400.4839461488727,145
3396.9,8,1100.9313220805261,4.8999999999999995,47.965163087270916,400.2921477899481,145
3397.0,8,1100.9313220805261,4.8999999999999995,48.00447150526102,399.9637538601488,145
3397.1,8,1100.9313220805261,4.8999999999999995,48.025976731803226,399.7845305141658,145
3397.2,8,1100.9313220805261,4.8999999999999995,48.067757331356205,399.43649253337696,145
3397.3,8,1100.9313220805261,5.6,48.209444261719476,398.2635209731683,145
3397.4,8,1100.9313220805261,4.8999999999999995,48.23471429503655,398.05528809188775,145
3397.5,8,1100.9313220805261,4.8999999999999995,48.26576683443737,397.79965682308693,145
3397.6,8,1100.9313220805261,4.8999999999999995,48.29806026953297,397.53415758988933,145
3397.7,8,1100.9313220805261,4.8999999999999995,48.343098886324576,397.1650680374412,145
3397.8,8,1100.9313220805261,4.8999999999999995,48.367218923849464,396.9670509533505,145
3397.9,8,1100.9313220805261,4.8999999999999995,48.40088588931976,396.6917281685953,145
3398.0,8,1100.9313220805261,4.8999999999999995,48.32602364597081,397.31578997911686,145
3398.1,8,1100.9313220805261,4.8999999999999995,48.34827458295126,397.13322639737464,145
3398.2,8,1100.9313220805261,4.8999999999999995,48.23958983729347,398.0178333940431,145
3398.3,8,1100.9313220805261,4.8999999999999995,48.26917758968234,397.77453625254884,145
3398.4,8,1100.9313220805261,4.8999999999999995,48.303777707538174,397.4889111739246,145
3398.5,8,1100.9313220805261,4.8999999999999995,48.33185634930415,397.2581494379117,145
3398.6,8,1100.9313220805261,4.8999999999999995,48.45044272239156,396.28144112767757,145
3398.7,8,1100.9313220805261,4.8999999999999995,48.47114313764659,396.1121203910657,145
3398.8,8,1100.9313220805261,4.8999999999999995,48.51916645898427,395.7200963389605,145
3398.9,8,1100.9313220805261,4.8999999999999995,48.53713347156881,395.57345919331937,145
3399.0,8,1100.9313220805261,4.8999999999999995,48.57407263586296,395.27270999387224,145
3399.1,8,1100.9313220805261,4.8999999999999995,48.59347402629647,395.11478870321383,145
3399.2,8,1101.416438314646,4.8999999999999995,48.616609815267864,394.926755958434,146
3399.3,8,1101.416438314646,-100.0,48.532593425149294,395.61280901735927,146
3399.4,8,1101.416438314646,4.8999999999999995,48.56571007715418,395.34310791110886,146
3399.5,8,1101.416438314646,4.8999999999999995,48.60686303523735,395.00873239409987,146
3399.6,8,1101.416438314646,4.8999999999999995,48.62297757793543,394.8773424232461,146
3399.7,8,1101.416438314646,4.199999999999999,48.66777936694377,394.5136058912159,146
3399.8,8,1101.416438314646,4.8999999999999995,48.780778034915585,393.6038679028457,146
3399.9,8,1101.416438314646,4.8999999999999995,48.80509121590515,393.40652489467664,146
3400.0,8,1101.416438314646,4.8999999999999995,48.84062675552627,393.11992027166957,146
3400.1,8,1101.416438314646,4.8999999999999995,48.871942809241034,392.86761618994126,146
3400.2,8,1101.416438314646,4.8999999999999995,48.928529699866765,392.41355929914283,146
3400.3,8,1101.416438314646,4.8999999999999995,48.934491321331286,392.3637574320125,146
3400.4,8,1101.416438314646,4.8999999999999995,48.98859279033407,391.9308591272196,146
3400.5,8,1101.416438314646,4.8999999999999995,49.019661112442904,391.68190393841576,146
3400.6,8,1101.416438314646,4.8999999999999995,49.05502640781833,391.3991181943942,146
3400.7,8,1101.416438314646,4.8999999999999995,49.093712930925534,391.09027831208914,146
3400.8,8,1101.416438314646,4.8999999999999995,49.14170705957008,390.70786999972154,146
3400.9,8,1101.416438314646,4.8999999999999995,49.17545633757784,390.4396277410955,146
3401.0,8,1101.416438314646,4.8999999999999995,49.21037850686321,390.16236426452497,146
3401.1,8,1101.416438314646,4.8999999999999995,49.25344096516453,389.82087210514464,146
3401.2,8,1101.416438314646,4.8999999999999995,49.03760091007157,391.53629010275534,146
3401.3,8,1101.416438314646,5.6,49.063282927771056,391.3313765237511,146
3401.4,8,1101.416438314646,4.8999999999999995,49.10779172785627,390.97671642090006,146
3401.5,8,1101.416438314646,4.8999999999999995,49.13946595734047,390.72495125550745,146
3401.6,8,1101.416438314646,4.8999999999999995,49.178379299368956,390.4159017208035,146
3401.7,8,1101.416438314646,4.8999999999999995,49.218320661356564,390.09933377577255,146
3401.8,8,1101.416438314646,4.8999999999999995,49.243267637094434,389.9020867347285,146
3401.9,8,1101.416438314646,4.8999999999999995,49.28722499738416,389.55450147512147,146
3402.0,8,1101.416438314646,4.8999999999999995,49.3063926258324,389.40372957824593,146
3402.1,8,1101.416438314646,4.8999999999999995,49.340492186775776,389.13517831675205,146
3402.2,8,1101.416438314646,4.8999999999999995,49.249969576930326,389.8481397486196,146
3402.3,8,1101.416438314646,4.8999999999999995,49.28288427587695,389.58797160010147,146
3402.4,8,1101.416438314646,4.8999999999999995,49.31312113078131,389.34929751690146,146
3402.5,8,1101.416438314646,4.8999999999999995,49.36616765132656,388.93103288713587,146
3402.6,8,1101.416438314646,4.8999999999999995,49.40763506952604,388.6047624632944,146
3402.7,8,1101.416438314646,4.8999999999999995,49.446916834263035,388.2965655669234,146
3402.8,7,1101.558059070342,4.8999999999999995,49.49613043400855,387.910719686446,146
3402.9,8,1101.558059070342,4.199999999999999,49.52965496679059,387.64855432053093,146
3403.0,8,1101.558059070342,4.8999999999999995,49.49556355299589,387.9194523724839,146
3403.1,8,1101.558059070342,4.8999999999999995,49.53302599275771,387.6268326940726,146
3403.2,8,1101.558059070342,4.8999999999999995,49.56674428029646,387.3635594247834,146
3403.3,8,1101.558059070342,4.8999999999999995,49.47221397210576,388.09817243347493,146
3403.4,8,1101.558059070342,4.8999999999999995,49.51929832256914,387.7289814273274,146
3403.5,8,1101.558059070342,4.8999999999999995,49.54410665439548,387.5356213721244,146
3403.6,8,1101.558059070342,4.8999999999999995,49.59902472629557,387.1064444022589,146
3403.7,8,1101.558059070342,4.8999999999999995,49.783687908329135,385.67918132656746,146
3403.8,8,1101.558059070342,4.8999999999999995,49.818850572266015,385.4070365143525,146
3403.9,8,1101.558059070342,4.8999999999999995,49.840584332347234,385.24082132604775,146
3404.0,8,1101.558059070342,4.8999999999999995,49.89017877912805,384.85722372193777,146
3404.1,7,1101.6377980421018,4.8999999999999995,49.93360313811491,384.52325799943924,146
3404.2,8,1101.6377980421018,4.8999999999999995,50.07280281709013,383.4690580853363,146
3404.3,8,1101.6377980421018,4.8999999999999995,50.11972191283164,383.1082167088715,146
3404.4,8,1101.6377980421018,4.8999999999999995,50.13893970392243,382.9620439267211,146
3404.5,8,1101.6377980421018,4.8999999999999995,50.02382534997433,383.8622891764021,146
3404.6,8,1101.6377980421018,4.8999999999999995,50.05489625775836,383.62150858396205,146
3404.7,8,1101.6377980421018,5.6,49.95078183239146,384.4052465699599,146
3404.8,8,1101.6377980421018,5.6,49.98664216448641,384.12770168964545,146
3404.9,8,1101.6377980421018,5.6,50.0122985776705,383.92920109099964,146
3405.0,8,1101.6377980421018,5.6,50.04749330970614,383.6582650050714,146
3405.1,8,1101.6377980421018,5.6,50.0838390930403,383.3774649513123,146
3405.2,8,1101.6377980421018,5.6,50.09653658536574,383.2820288855381,146
3405.3,8,1101.6377980421018,5.6,50.128907598254955,383.034300060702,146
3405.4,8,1101.6377980421018,5.6,50.15774256364064,382.8130379146138,146
3405.5,8,1101.6377980421018,5.6,50.184415286834366,382.6089081081784,146
3405.6,8,1101.6377980421018,5.6,50.222830066565194,382.3141128720291,146
3405.7,8,1101.6377980421018,5.6,50.24647385177346,382.1344991419913,146
3405.8,8,1101.6377980421018,5.6,50.281809445884036,381.8645540410895,146
3405.9,8,1101.6377980421018,5.6,50.30941926237574,381.6540806047718,146
3406.0,8,1101.6377980421018,4.8999999999999995,50.34209399322326,381.4050948460942,146
3406.1,8,1101.6377980421018,4.8999999999999995,50.38138232143978,381.10487232991227,146
3406.2,8,1101.6377980421018,4.8999999999999995,50.40393800599431,380.9334904373281,146
3406.3,8,1101.6377980421018,4.8999999999999995,50.4434182290221,380.6335732408536,146
3406.4,8,1101.6377980421018,4.8999999999999995,50.44643988190883,380.61083557654683,146
3406.5,7,1101.6320738635775,4.8999999999999995,50.40709202754469,380.9118517933065,146
3406.6,7,1101.5976305725933,4.8999999999999995,50.53151271137473,379.9835723551725,146
3406.7,7,1101.5976305725933,4.8999999999999995,50.557988795959886,379.7835156404641,146
3406.8,7,1101.5976305725933,4.8999999999999995,50.58313629671057,379.5917827871973,146
3406.9,8,1101.5976305725933,4.199999999999999,50.442046358381084,380.67328177585796,146
3407.0,8,1101.5976305725933,4.8999999999999995,50.45825978490335,380.5500260994237,146
3407.1,8,1101.5976305725933,5.6,50.46504768968353,380.4965377490422,146
3407.2,8,1101.5976305725933,5.6,50.47226274986198,380.4385817059904,146
3407.3,8,1101.5976305725933,5.6,50.49192005173539,380.28751093881414,146
3407.4,8,1101.5976305725933,5.6,50.33751124335632,381.4348266086355,146
3407.5,8,1101.5976305725933,5.6,50.33535010195892,381.4503582529204,146
3407.6,8,1101.5976305725933,5.6,50.33631778140768,381.44192226193826,146
3407.7,8,1101.5976305725933,5.6,50.33651553823509,381.4390074668536,146
3407.8,8,1101.5976305725933,5.6,50.335176394994434,381.44788372874496,146
3407.9,8,1101.5976305725933,5.6,50.34341731302635,381.3845574608026,146
3408.0,8,1101.5976305725933,5.6,50.318656240765,381.5725905750854,146
3408.1,8,1101.5976305725933,5.6,50.324982170055954,381.5233443393445,146
3408.2,8,1101.5976305725933,5.6,50.32841507158207,381.4963572972014,146
3408.3,8,1101.5976305725933,5.6,50.317821811198634,381.5764561211917,146
3408.4,8,1101.5976305725933,5.6,50.34508816875545,381.36890694325416,146
3408.5,8,1101.5976305725933,5.6,50.355237903911174,381.29270540611276,146
3408.6,8,1101.5976305725933,6.3,50.25905555297771,382.02726651470306,146
3408.7,8,1101.5976305725933,6.3,50.26402029970292,382.00537066099804,146
3408.8,8,1101.5976305725933,6.3,50.400465111778765,380.95946272311795,146
3408.9,8,1101.5976305725933,6.3,50.39916875838276,380.9712292479844,146
3409.0,8,1101.5976305725933,6.3,50.410176134862894,380.89052339028297,146
3409.1,8,1101.5976305725933,6.3,50.38406155266432,381.08877676760244,146
3409.2,8,1101.5976305725933,6.3,50.39210546528044,381.0304170091718,146
3409.3,8,1101.5976305725933,6.3,50.380435497774585,381.1195571602381,146
3409.4,8,1101.5976305725933,6.3,50.375980596673465,381.15434806485393,146
3409.5,8,1101.5976305725933,6.3,50.37107970452526,381.1925387596387,146
3409.6,8,1101.5976305725933,6.3,50.07124546014428,383.4686181081015,146
3409.7,8,1101.5976305725933,6.3,50.060682175352824,383.549994080336,146
3409.8,8,1101.5976305725933,6.3,50.0515768951267,383.62094063025813,146
3409.9,8,1101.5976305725933,6.3,50.039304064035306,383.7138378092769,146
3410.0,8,1101.5976305725933,6.3,50.047261450005465,383.6558941381727,146
3410.1,8,1101.5976305725933,6.3,50.013025733875736,383.9004426360873,146
3410.2,8,1101.5976305725933,6.3,50.00211839547809,383.9840078240122,146
3410.3,8,1101.5976305725933,6.3,49.98430892252527,384.12077095954356,146
3410.4,8,1101.5976305725933,6.3,49.98742395451211,384.09663564592574,146
3410.5,8,1101.5976305725933,6.3,49.98227664715557,384.1361711199083,146
3410.6,8,1101.5976305725933,6.3,49.95935077076235,384.31244009533685,146
3410.7,8,1101.5976305725933,6.3,49.96737853789621,384.2508199063095,146
3410.8,8,1101.5976305725933,6.3,49.948318928084475,384.3974373852552,146
3410.9,8,1101.5976305725933,6.3,49.95230562154835,384.36694191355696,146
3411.0,8,1101.5976305725933,6.3,50.05289251847026,383.5947510778261,146
3411.1,8,1101.5976305725933,6.3,50.03311251712332,383.7463564437481,146
3411.2,8,1101.5976305725933,6.3,50.05008963503736,383.6157639688473,146
3411.3,8,1101.5976305725933,6.3,50.02834238551941,383.7825260023412,146
3411.4,8,1101.5976305725933,6.3,50.03593407438355,383.72423207130277,146
3411.5,8,1101.5976305725933,6.3,50.019523993716575,383.85022254681996,146
3411.6,8,1101.5976305725933,6.3,50.0053974949384,383.9587962469243,146
3411.7,8,1101.5976305725933,6.3,49.99867467259895,384.0108264302107,146
3411.8,8,1101.5976305725933,6.3,49.825541551384106,385.35257847805735,146
3411.9,8,1101.5976305725933,6.3,49.80372980393081,385.52288466070775,146
3412.0,8,1101.5976305725933,6.3,49.652518113804845,386.69072393733643,146
3412.1,8,1101.5976305725933,6.3,49.64746056378913,386.73156185214395,146
3412.2,8,1101.5976305725933,6.3,49.63425630752131,386.83487918436117,146
3412.3,8,1101.5976305725933,6.3,49.63619586855646,386.8217107354511,146
3412.4,8,1101.5976305725933,6.3,49.62127483915744,386.9391236625993,146
3412.5,8,1101.5976305725933,6.3,49.60747167121859,387.0481318217387,146
3412.6,8,1101.5976305725933,6.3,49.60869885798252,387.0400408153429,146
3412.7,8,1101.5976305725933,6.3,49.59492122825604,387.14874710788496,146
3412.8,8,1101.5976305725933,6.3,49.463615782728894,388.20483824306984,146
3412.9,8,1101.5976305725933,6.3,49.469836739993106,388.16087141732953,146
3413.0,8,1101.5976305725933,6.3,49.4516641336825,388.30489729758546,146
3413.1,8,1101.5976305725933,6.3,49.45827704283157,388.2562997973609,146
3413.2,8,1101.5976305725933,6.3,49.56276208851527,387.4211139251715,146
3413.3,8,1101.5976305725933,6.3,49.536692950324344,387.623717832901,146
3413.4,8,1101.5976305725933,6.3,49.54521340677893,387.56031587624955,146
3413.5,8,1101.5976305725933,5.6,49.5375315822372,387.6216817373715,146
3413.6,8,1101.5976305725933,5.6,49.542741065799376,387.5829952561353,146
3413.7,8,1101.5976305725933,5.6,49.52205208255257,387.7455019974853,146
3413.8,7,1101.5621540565976,5.6,49.53021858436061,387.6854072350344,146
3413.9,8,1101.5621540565976,5.6,49.52678148379707,387.7135331252192,146
3414.0,8,1101.5621540565976,5.6,49.5248196150319,387.72901891616254,146
3414.1,8,1101.5621540565976,5.6,49.29231359652712,389.5641933198812,146
3414.2,8,1101.5621540565976,5.6,49.29507087970698,389.5429798051369,146
3414.3,8,1101.5621540565976,5.6,49.3085710393732,389.4388124515105,146
3414.4,8,1101.5621540565976,5.6,49.31444318867657,389.39531552336007,146
3414.5,8,1101.5621540565976,5.6,49.30687510216984,389.45519626859925,146
3414.6,8,1101.5621540565976,5.6,49.31334966268762,389.4053719850575,146
3414.7,8,1101.5621540565976,5.6,49.3078817538036,389.44686211052897,146
3414.8,8,1101.5621540565976,5.6,49.314548192763496,389.3942223899513,146
3414.9,8,1101.5621540565976,5.6,49.343437875779514,389.16966196661417,146
3415.0,8,1101.5621540565976,5.6,49.333884020467494,389.24176854439133,146
3415.1,8,1101.5621540565976,5.6,49.35398026669978,389.0859679832476,146
3415.2,8,1101.5621540565976,5.6,49.208403641288655,390.271858300472,146
3415.3,8,1101.5621540565976,5.6,49.19685242451908,390.3634180165737,146
3415.4,8,1101.5621540565976,5.6,49.29953976589509,389.5294209159059,146
3415.5,8,1101.5621540565976,5.6,49.30571116177251,389.48577605444393,146
3415.6,8,1101.5621540565976,5.6,49.30341217232261,389.50527659750344,146
3415.7,8,1101.5621540565976,5.6,49.27143455375246,389.7536239276449,146
3415.8,8,1101.5621540565976,5.6,49.27811098190853,389.7045027771278,146
3415.9,8,1101.5621540565976,5.6,49.269165268192836,389.7768807943391,146
3416.0,8,1101.5621540565976,5.6,49.28513283307723,389.65419763783257,146
3416.1,8,1101.5621540565976,4.8999999999999995,49.28288728474102,389.67500620960044,146
3416.2,7,1101.5250617662696,4.8999999999999995,49.122273546620406,390.9169562352417,146
3416.3,7,1101.4722471710452,5.6,48.99302726374707,391.98349148655905,146
3416.4,7,1101.4722471710452,5.6,48.99895679882678,391.9398790700246,146
3416.5,7,1101.4722471710452,5.6,48.983073212619445,392.06644714376205,146
3416.6,7,1101.4722471710452,5.6,48.989765495346276,392.0186843496242,146
3416.7,8,1101.4722471710452,5.6,48.98838547000794,392.03498095809584,146
3416.8,8,1101.4722471710452,4.8999999999999995,48.98768563365205,392.0448141555132,146
3416.9,8,1101.4722471710452,4.8999999999999995,48.98570193525628,392.0631517919237,146
3417.0,8,1101.4722471710452,4.8999999999999995,48.977656199632754,392.1310846096583,146
3417.1,8,1101.4722471710452,4.8999999999999995,48.98770780595363,392.053895588357,146
3417.2,8,1101.4722471710452,4.8999999999999995,48.98468242255522,392.0780255287332,146
3417.3,8,1101.4722471710452,4.8999999999999995,48.988760510824264,392.0487496009964,146
3417.4,8,1101.4722471710452,4.199999999999999,48.996135097271235,391.994712084253,146
3417.5,8,1101.4722471710452,4.199999999999999,48.9805338480777,392.1200721881571,146
3417.6,8,1101.4722471710452,4.199999999999999,49.07080901904499,391.3778071007004,146
3417.7,8,1101.4185353359242,4.199999999999999,49.06964823657384,391.3888448834855,146
3417.8,8,1101.9005597116052,4.8999999999999995,49.06690861130332,391.4141950671841,147
3417.9,8,1101.9005597116052,-100.0,49.07554609492266,391.3513380158269,147
3418.0,8,1101.9005597116052,4.8999999999999995,49.05708183792834,391.49553198778165,147
3418.1,8,1101.9005597116052,4.8999999999999995,49.06572830224333,391.43272961388516,147
3418.2,8,1101.9005597116052,4.8999999999999995,48.932731071367485,392.57351761673453,147
3418.3,7,1101.9005597116052,4.199999999999999,48.94156250975619,392.5064851665644,147
3418.4,7,1101.9005597116052,5.6,48.79705999588375,393.624204307037,147
3418.5,7,1101.9005597116052,5.6,48.76571553810158,393.8395977468632,147
3418.6,7,1101.9005597116052,5.6,48.77183167417266,393.7916148408288,147
3418.7,7,1101.9005597116052,5.6,48.76845156581848,393.8204713694089,147
3418.8,7,1101.9005597116052,5.6,48.77744977049484,393.7498034456676,147
3418.9,7,1101.9005597116052,5.6,48.762680855598184,393.86541435193635,147
3419.0,7,1101.9005597116052,5.6,48.76581599039085,393.8422907360275,147
3419.1,7,1101.8462948258386,5.6,48.77035313551893,393.8082771756183,147
3419.2,7,1101.8462948258386,6.3,48.75134625379546,393.96105746587295,147
3419.3,7,1101.8462948258386,6.3,48.75052089671721,393.9686769615547,147
3419.4,7,1101.8462948258386,6.3,48.75041513053232,393.9750009865011,147
3419.5,7,1101.8462948258386,5.6,48.751560119463925,393.96555543625317,147
3419.6,7,1101.8462948258386,5.6,48.75632900378665,393.92896033381123,147
3419.7,7,1101.8462948258386,5.6,48.756497788979274,393.93176321998544,147
3419.8,7,1101.8462948258386,5.6,48.75179111165658,393.9687860824781,147
3419.9,7,1101.8462948258386,5.6,48.74386146165588,394.0353322581267,147
3420.0,7,1101.8462948258386,5.6,48.75452422771444,393.951747937518,147
3420.1,7,1101.8462948258386,5.6,48.60379146065689,395.2254147480537,147
3420.2,7,1101.8462948258386,5.6,48.68872683119241,394.5075610933195,147
3420.3,7,1101.8462948258386,5.6,48.68505285784981,394.54179354545755,147
3420.4,7,1101.8462948258386,5.6,48.70458499120853,394.3876557218582,147
3420.5,7,1101.8462948258386,5.6,48.67976161844305,394.5829387259163,147
3420.6,7,1101.8462948258386,5.6,48.68574669679486,394.53909405842734,147
3420.7,7,1101.8462948258386,5.6,48.76446692299313,393.92983597530906,147
3420.8,7,1101.8462948258386,5.6,48.75130507862135,394.0373739179604,147
3420.9,7,1101.8462948258386,5.6,48.736195502091725,394.1554198902003,147
3421.0,7,1102.326701837932,5.6,48.747110046986705,394.07212333837924,148
3421.1,7,1102.326701837932,-100.0,48.718881363440985,394.2946194948042,148
3421.2,7,1102.326701837932,5.6,48.713132423721426,394.3471854193127,148
3421.3,7,1102.326701837932,5.6,48.69847098504319,394.4698578387922,148
3421.4,7,1102.326701837932,5.6,48.66711384801988,394.7206471859538,148
3421.5,7,1102.326701837932,5.6,48.6543209292354,394.82716088655184,148
3421.6,7,1102.326701837932,5.6,48.64551077443483,394.90570958737607,148
3421.7,7,1102.326701837932,5.6,48.618129454769246,395.12570670674035,148
3421.8,7,1102.326701837932,5.6,48.59541352199545,395.31754323893506,148
3421.9,7,1102.326701837932,5.6,48.56354508341758,395.576514549997,148
3422.0,7,1102.326701837932,5.6,48.55969496451077,395.6178676902938,148
3422.1,7,1102.326701837932,5.6,48.54248117456955,395.7614237796571,148
3422.2,7,1102.2721278587949,5.6,48.52093994910024,395.94047835130885,148
3422.3,7,1102.2721278587949,6.3,48.51405792369916,395.99750920447514,148
3422.4,9,1102.2721278587949,5.6,48.50512338239792,396.0770178781445,148
3422.5,9,1102.2721278587949,5.6000000000000005,48.49194076108962,396.1902796509537,148
3422.6,9,1102.2721278587949,5.6000000000000005,48.48326653670668,396.26493246454646,148
3422.7,9,1102.2721278587949,5.6000000000000005,48.33777999151653,397.4078646761775,148
3422.8,9,1102.2721278587949,5.6000000000000005,48.33382647890421,397.4480632101939,148
3422.9,9,1102.2721278587949,5.6000000000000005,48.32505823562167,397.51624051805413,148
3423.0,9,1102.2721278587949,5.6000000000000005,48.43503762380443,396.6712300557541,148
3423.1,7,1102.2721278587949,5.6000000000000005,48.390298499068976,397.02693161891443,148
3423.2,7,1102.2721278587949,6.3,48.39920657128675,396.96037418499463,148
3423.3,7,1102.2721278587949,6.3,48.394373794674,396.9998034872782,148
3423.4,7,1102.2721278587949,6.3,48.45978197646578,396.4917112717296,148
3423.5,7,1102.2721278587949,6.3,48.4591349962913,396.49112908529446,148
3423.6,7,1102.2721278587949,6.3,48.45902638039954,396.48968965546896,148
3423.7,7,1102.2721278587949,6.3,48.46665831871438,396.42684968502937,148
3423.8,7,1102.2721278587949,6.3,48.48108966494836,396.3101647733339,148
3423.9,7,1102.2721278587949,6.3,48.54637553652498,396.0479080871429,148
3424.0,7,1102.2721278587949,7.0,48.55237378593273,396.00457595314356,148
3424.1,9,1102.2721278587949,6.3,48.55622204495806,395.96716800167655,148
3424.2,9,1102.2721278587949,6.4,48.56787627722191,395.87125623844327,148
3424.3,9,1102.2721278587949,6.4,48.4441795035524,396.95948942580935,148
3424.4,9,1102.2721278587949,6.4,48.44394423266604,396.95389027675833,148
3424.5,9,1102.2721278587949,6.4,48.45369338643541,396.8665015555337,148
3424.6,9,1102.2721278587949,7.2,48.47177813628887,396.7163132848631,148
3424.7,9,1102.2721278587949,7.2,48.47481193141454,396.6848248734402,148
3424.8,9,1102.2721278587949,7.2,48.5074953655315,396.4223989683396,148
3424.9,9,1102.2721278587949,7.2,48.505247025815166,396.43050504282814,148
3425.0,9,1102.2721278587949,7.2,48.524422789100406,396.27700292816604,148
3425.1,9,1102.2721278587949,7.2,48.509500995502194,396.3718447260951,148
3425.2,9,1102.2721278587949,7.2,48.40300754093584,397.1689352381194,148
3425.3,9,1102.2721278587949,7.2,48.40152925508835,397.1696340372024,148
3425.4,9,1102.2721278587949,7.2,48.275798073785595,398.31737614430745,148
3425.5,9,1102.2721278587949,7.2,48.336055367111214,397.7644690130239,148
3425.6,9,1102.2721278587949,6.4,48.35817072411366,397.5849044004282,148
3425.7,9,1102.2721278587949,6.4,48.38285747547867,397.39505128698346,148
3425.8,9,1102.2721278587949,6.4,48.391620880281124,397.3227955235817,148
3425.9,9,1102.2721278587949,6.4,48.39441640457743,397.29945561412717,148
3426.0,9,1102.2721278587949,6.4,48.4094602793089,397.1768726195746,148
3426.1,9,1102.2721278587949,6.4,48.402890895560276,397.2226618141216,148
3426.2,9,1102.2721278587949,6.4,48.40642694263565,397.1951222961832,148
3426.3,9,1102.2721278587949,6.4,48.40295709012328,397.21135180106364,148
3426.4,9,1102.2721278587949,6.4,48.40259479440238,397.2062797063429,148
3426.5,9,1102.2721278587949,6.4,48.419616150367055,397.0696870857057,148
3426.6,9,1102.2721278587949,6.4,48.40863923200689,397.1496488657361,148
3426.7,9,1102.2721278587949,6.4,48.42515656714819,397.01485740789616,148
3426.8,7,1102.2195972033533,5.6000000000000005,48.42524671652151,397.01503499959904,148
3426.9,7,1102.2195972033533,6.3,48.41608466144601,397.07475165421397,148
3427.0,7,1102.2195972033533,6.3,48.44269175816827,396.86517693830416,148
3427.1,7,1102.2195972033533,6.3,48.42310028906039,397.0020218751781,148
3427.2,7,1102.2195972033533,6.3,48.31857135027951,397.7905983068176,148
3427.3,7,1102.2195972033533,6.3,48.317276646315,397.794437026534,148
3427.4,7,1102.2195972033533,6.3,48.32575070748681,397.71675243752406,148
3427.5,7,1102.2195972033533,6.3,48.34392062213504,397.57423648876755,148
3427.6,7,1102.2195972033533,6.3,48.34108010826597,397.5891490561369,148
3427.7,7,1102.2195972033533,6.3,48.33513828816041,397.6302097477321,148
3427.8,7,1102.2195972033533,6.3,48.3355216691719,397.6188938444331,148
3427.9,7,1102.2195972033533,6.3,48.34539581635529,397.5331051621781,148
3428.0,7,1102.2195972033533,6.3,48.37111281692262,397.3285027406854,148
3428.1,7,1102.2195972033533,6.3,48.345918671907384,397.5186708343749,148
3428.2,7,1102.2195972033533,6.3,48.39644267259213,397.12222918310664,148
3428.3,7,1102.2195972033533,6.3,48.39431345660749,397.1346011403956,148
3428.4,7,1102.2195972033533,6.3,48.410714612423206,396.99889937771434,148
3428.5,9,1102.2195972033533,5.6,48.487872866357435,396.33910953127406,148
3428.6,9,1102.2195972033533,6.4,48.479258461021416,396.40408414078513,148
3428.7,9,1102.2195972033533,6.4,48.475197930208054,396.43714690662944,148
3428.8,9,1102.2195972033533,6.4,48.48868961065611,396.32870398334467,148
3428.9,9,1102.2195972033533,6.4,48.48133215679087,396.38427088724177,148
3429.0,9,1102.2195972033533,6.4,48.48606630924303,396.34307208491373,148
3429.1,9,1102.2195972033533,6.4,48.49327086574162,396.2771354680756,148
3429.2,9,1102.2195972033533,6.4,48.531957664011,395.9503657578449,148
3429.3,9,1102.2195972033533,6.4,48.528162665527056,395.9764411021395,148
3429.4,9,1102.2195972033533,6.4,48.52439314277616,396.0061451673147,148
3429.5,9,1102.2195972033533,6.4,48.5133731653265,396.0870201050579,148
3429.6,9,1102.2195972033533,6.4,48.53035225081952,395.9527436625102,148
3429.7,9,1102.2195972033533,6.4,48.53094346505181,395.9445746260616,148
3429.8,9,1102.2195972033533,6.4,48.538374973901526,395.88908503520906,148
3429.9,9,1102.2195972033533,6.4,48.532538183769105,395.92773997041786,148
3430.0,9,1102.2195972033533,6.4,48.527297927384325,395.96670120673366,148
3430.1,9,1102.2195972033533,6.4,48.54311099512323,395.84222375037797,148
3430.2,9,1102.2195972033533,6.4,48.54083147537222,395.85683057840765,148
3430.3,9,1102.2195972033533,6.4,48.52398907233356,395.98386680622275,148
3430.4,9,1102.2195972033533,7.2,48.523952626070866,395.98175175985705,148
3430.5,9,1102.2195972033533,7.2,48.52933744656766,395.9290925129999,148
3430.6,9,1102.2195972033533,7.2,48.5109430294239,396.0744591696061,148
3430.7,9,1102.2195972033533,7.2,48.49113019901425,396.2170195525237,148
3430.8,9,1102.2195972033533,6.4,48.483038737163646,396.2787626170367,148
3430.9,9,1102.2195972033533,6.4,48.481172992306476,396.29146515266245,148
3431.0,9,1102.2195972033533,6.4,48.46788576148364,396.4241472881316,148
3431.1,9,1102.2195972033533,6.4,48.45188823279848,396.54984753797237,148
3431.2,9,1102.2195972033533,6.4,48.46963198372701,396.41643855305415,148
3431.3,9,1102.2195972033533,6.4,48.456820934447634,396.51530053527364,148
3431.4,9,1102.2195972033533,6.4,48.45720537302022,396.5134150463516,148
3431.5,9,1102.2195972033533,6.4,48.47715656496858,396.3602053498596,148
3431.6,9,1102.2195972033533,6.4,48.460892864097815,396.48134560786946,148
3431.7,9,1102.2195972033533,6.4,48.47995950250301,396.33166310256945,148
3431.8,9,1102.2195972033533,6.4,48.528490467651196,396.0364430369207,148
3431.9,9,1102.2195972033533,6.4,48.56069076143785,395.7864044554599,148
3432.0,9,1102.2195972033533,6.4,48.57484811032381,395.6730206262173,148
3432.1,9,1102.2195972033533,6.4,48.60368597495794,395.44041709692755,148
3432.2,9,1102.2195972033533,6.4,48.657039013422775,394.999432018966,148
3432.3,9,1102.2195972033533,6.4,48.6841587115334,394.71149845581436,148
3432.4,9,1102.2195972033533,6.4,48.705193932027775,394.54961828380414,148
3432.5,9,1102.2195972033533,6.4,48.727803877188855,394.370605763431,148
3432.6,9,1102.2195972033533,6.4,48.74002834591828,394.27473770895267,148
3432.7,9,1102.2195972033533,7.2,48.76093034565878,394.10789810674316,148
3432.8,9,1102.2195972033533,7.2,48.78686650511774,393.9017472551276,148
3432.9,9,1102.2195972033533,7.2,48.82066906677072,393.6329131881092,148
3433.0,9,1102.2195972033533,7.2,48.85062359579345,393.3971024731378,148
3433.1,9,1102.2195972033533,7.2,48.87662562911133,393.1891941585614,148
3433.2,9,1102.2195972033533,7.2,48.9091545230892,392.9364608520696,148
3433.3,9,1102.2195972033533,6.4,48.9332016092999,392.7444960863294,148
3433.4,9,1102.2195972033533,6.4,48.9564792469038,392.5630453180029,148
3433.5,9,1102.2195972033533,6.4,48.969556823122424,392.4522376963746,148
3433.6,9,1102.2195972033533,6.4,48.99823292019842,392.22679848287953,148
3433.7,9,1102.2195972033533,6.4,49.052992190009846,391.8037131771537,148
3433.8,9,1102.2195972033533,6.4,49.062825797616554,391.718046041338,148
3433.9,9,1102.2195972033533,6.4,49.07640281139379,391.6060546957311,148
3434.0,9,1102.2195972033533,6.4,49.09814429108194,391.4341706121311,148
3434.1,9,1102.2195972033533,6.4,49.132283078742546,391.1704117251079,148
3434.2,9,1102.2195972033533,6.4,49.16482409879601,390.91993477231233,148
3434.3,9,1102.2195972033533,6.4,49.18986602015437,390.7227304260631,148
3434.4,9,1102.2195972033533,6.4,49.21989190254173,390.4872421506202,148
3434.5,9,1102.2195972033533,6.4,49.24619336303347,390.2827214763433,148
3434.6,9,1102.2195972033533,6.4,49.26866091735852,390.10575172949416,148
3434.7,9,1102.2195972033533,6.4,49.2834687201493,389.9875425005836,148
3434.8,9,1102.2195972033533,7.2,49.335426642923636,389.5876660302048,148
3434.9,9,1102.2195972033533,7.2,49.361108856944526,389.3857561028653,148
3435.0,9,1102.2195972033533,7.2,49.36712959498642,389.3368572832444,148
3435.1,9,1102.2195972033533,7.2,49.398680892669006,389.090683929226,148
3435.2,9,1102.2195972033533,7.2,49.42636572040068,388.8717392281084,148
3435.3,9,1102.2195972033533,7.2,49.46723439420088,388.53933185867595,148
3435.4,9,1102.2195972033533,7.2,49.41607689744727,388.99496853328117,148
3435.5,9,1102.2195972033533,7.2,49.449242049497485,388.73225460681743,148
3435.6,9,1102.2195972033533,7.2,49.36320523990109,389.3498777036839,148
3435.7,9,1102.2195972033533,6.4,49.39089333373372,389.13718184863984,148
3435.8,9,1102.2195972033533,6.4,49.42830140504569,388.8500974603278,148
3435.9,9,1102.2195972033533,6.4,49.46021104596835,388.6004409905787,148
3436.0,9,1102.2195972033533,6.4,49.478640877937124,388.45115126879045,148
3436.1,9,1102.2195972033533,6.4,49.52723985215805,388.23758365427307,148
3436.2,9,1102.2195972033533,6.4,49.54283423257891,388.11597615513085,148
3436.3,9,1102.2195972033533,6.4,49.57371935268867,387.8800656734321,148
3436.4,9,1102.2195972033533,6.4,49.6053351166297,387.6434609801305,148
3436.5,9,1102.2195972033533,6.4,49.62518238664879,387.4899066572013,148
3436.6,9,1102.2195972033533,6.4,49.64576040548224,387.3250175668909,148
3436.7,9,1102.2195972033533,6.4,49.681351316910494,387.06131851536486,148
3436.8,9,1102.2195972033533,5.6000000000000005,49.73253393453496,386.6708696414428,148
3436.9,9,1102.2195972033533,5.6000000000000005,49.73866953946857,386.6127650564404,148
3437.0,9,1102.2195972033533,5.6000000000000005,49.7839975935579,386.27149653266724,148
3437.1,9,1102.2195972033533,5.6000000000000005,49.81623370425315,386.02630335124945,148
3437.2,9,1102.2195972033533,5.6000000000000005,49.835964535898825,385.8717790743003,148
3437.3,9,1102.2195972033533,5.6000000000000005,49.87009960860621,385.6098211146214,148
3437.4,9,1102.2195972033533,5.6000000000000005,49.90058457985383,385.3825858317068,148
3437.5,9,1102.2195972033533,5.6000000000000005,49.921250838353146,385.22473210034923,148
3437.6,9,1102.2195972033533,5.6000000000000005,49.939555155522925,385.08779877379936,148
3437.7,9,1102.2195972033533,5.6000000000000005,49.96099787435561,384.9254806237062,148
3437.8,9,1102.2195972033533,6.4,49.99510038149931,384.6629008308312,148
3437.9,9,1102.2195972033533,6.4,50.007284878250026,384.5708048840318,148
3438.0,9,1102.2195972033533,6.4,49.90972909618462,385.42667764079954,148
3438.1,9,1102.2195972033533,6.4,49.93721991420846,385.21705536019124,148
3438.2,9,1102.2195972033533,6.4,49.94109044877776,385.17830497500324,148
3438.3,9,1102.2195972033533,6.4,49.97113811374322,384.94896495848593,148
3438.4,9,1102.2195972033533,6.4,49.99275978850562,384.7797290588277,148
3438.5,9,1102.2195972033533,5.6000000000000005,50.02485988718894,384.53211858390387,148
3438.6,9,1102.2195972033533,5.6000000000000005,50.02587597590502,384.51697722547385,148
3438.7,9,1102.2195972033533,5.6000000000000005,50.06859003978247,384.1964389306203,148
3438.8,9,1102.2195972033533,5.6000000000000005,50.09854836356503,383.9714855638292,148
3438.9,9,1102.2195972033533,5.6000000000000005,50.11052965384147,383.87542930151074,148
3439.0,9,1102.2195972033533,5.6000000000000005,50.13354796358887,383.69867596018634,148
3439.1,9,1102.2195972033533,5.6000000000000005,49.99951459511433,384.81149648457756,148
3439.2,9,1102.2195972033533,5.6000000000000005,49.9049086173912,385.4669284579274,148
3439.3,9,1102.2195972033533,5.6000000000000005,49.951949946495276,385.116650509401,148
3439.4,9,1102.2195972033533,5.6000000000000005,49.97725191175406,384.9272774146615,148
3439.5,9,1102.2195972033533,5.6000000000000005,49.99977653488362,384.7486278780781,148
3439.6,9,1102.2195972033533,5.6000000000000005,50.00900130080757,384.67983124384614,148
3439.7,9,1102.2195972033533,5.6000000000000005,50.04156639777872,384.4372304566923,148
3439.8,9,1102.2195972033533,5.6000000000000005,50.060376762567216,384.2946754618672,148
3439.9,9,1102.2195972033533,6.4,50.086524889452434,384.0893171169871,148
3440.0,9,1102.2195972033533,6.4,50.11317273053132,383.89294085222673,148
3440.1,9,1102.2195972033533,6.4,50.25219982716015,382.732887792594,148
3440.2,9,1102.2195972033533,5.6000000000000005,50.261277908223335,382.66562927222,148
3440.3,9,1102.2195972033533,5.6000000000000005,50.29734845133575,382.4030209038462,148
3440.4,9,1102.2195972033533,5.6000000000000005,50.32131364138793,382.2296741616423,148
3440.5,9,1102.2195972033533,5.6000000000000005,50.20039848705434,383.0702854301797,148
3440.6,9,1102.2195972033533,5.6000000000000005,50.22086770712846,382.91420677557346,148
3440.7,9,1102.2195972033533,5.6000000000000005,50.239389457658675,382.7864767531132,148
3440.8,9,1102.2195972033533,5.6000000000000005,50.2259713526134,382.8785904018787,148
3440.9,9,1102.2195972033533,5.6000000000000005,50.264191140844545,382.60526430169665,148
3441.0,9,1102.2195972033533,5.6000000000000005,50.28099273701798,382.47754780691406,148
3441.1,11,1102.2195972033533,4.800000000000001,50.28439921449754,382.45151963197594,148
3441.2,11,1102.2195972033533,5.4,50.302895412244865,382.32487420070066,148
3441.3,11,1102.2195972033533,5.4,50.28725083242974,382.4400348190163,148
3441.4,9,1102.2195972033533,5.4,50.33064262642165,382.0687073956641,148
3441.5,9,1102.2195972033533,4.800000000000001,50.33686722722115,382.0242965253,148
3441.6,9,1102.2195972033533,4.800000000000001,50.33677912870303,382.02148234327035,148
3441.7,9,1102.2195972033533,5.6000000000000005,50.35079070453246,381.9196207573648,148
3441.8,9,1102.2195972033533,5.6000000000000005,50.238973556221524,382.8481367308434,148
3441.9,9,1102.2195972033533,5.6000000000000005,50.261290921539086,382.68103760726814,148
3442.0,9,1102.2195972033533,5.6000000000000005,50.284516517817266,382.515820561347,148
3442.1,9,1102.2195972033533,5.6000000000000005,50.28253489432019,382.5264066601516,148
3442.2,9,1102.2195972033533,5.6000000000000005,50.28235432734766,382.52005016358635,148
3442.3,9,1102.2195972033533,5.6000000000000005,50.332877526295725,382.16893602035555,148
3442.4,9,1102.2195972033533,5.6000000000000005,50.5941483109357,380.1945823727178,148
3442.5,9,1102.2195972033533,5.6000000000000005,50.5934743606918,380.19248177973753,148
3442.6,9,1102.2195972033533,5.6000000000000005,50.61626185167452,380.02251600629836,148
3442.7,9,1102.2195972033533,5.6000000000000005,50.614542132625616,380.031976914868,148
3442.8,9,1102.2195972033533,5.6000000000000005,50.463532994176504,381.2509192631926,148
3442.9,9,1102.2195972033533,5.6000000000000005,50.497383705510046,381.01177152718867,148
3443.0,9,1102.2195972033533,5.6000000000000005,50.48679661300539,381.08032786981465,148
3443.1,9,1102.2195972033533,5.6000000000000005,50.500496115008495,380.97655941014955,148
3443.2,7,1102.1886954511826,5.6000000000000005,50.521062119076355,380.8232221885305,148
3443.3,9,1102.1886954511826,4.199999999999999,50.52612461645446,380.7790285549073,148
3443.4,9,1102.1886954511826,5.6000000000000005,50.54124907704477,380.6595478511764,148
3443.5,9,1102.1886954511826,5.6000000000000005,50.54479626504065,380.6266277603347,148
3443.6,9,1102.1886954511826,5.6000000000000005,50.587684885031535,380.31828995740506,148
3443.7,9,1102.1886954511826,5.6000000000000005,50.603222139277065,380.1967206033903,148
3443.8,9,1102.1886954511826,5.6000000000000005,50.625554649580366,380.03717773516405,148
3443.9,11,1102.1886954511826,4.800000000000001,50.63166435453068,379.98800527696693,148
3444.0,11,1102.1886954511826,5.4,50.6435835862396,379.89046332798995,148
3444.1,11,1102.1886954511826,5.4,50.66174398760311,379.7582042049506,148
3444.2,11,1102.1886954511826,5.4,50.659461786530244,379.76212756689125,148
3444.3,11,1102.1886954511826,5.4,50.67224340597408,379.66334366066894,148
3444.4,11,1102.1886954511826,5.4,50.67723411625198,379.6217102564541,148
3444.5,11,1102.1886954511826,5.4,50.68884331877244,379.5363528693463,148
3444.6,11,1102.1886954511826,5.4,50.71327197266126,379.36098802531734,148
3444.7,11,1102.1886954511826,5.4,50.57138193274347,380.52573136719127,148
3444.8,11,1102.1886954511826,5.4,50.66603775406238,379.87177967243207,148
3444.9,11,1102.1886954511826,5.4,50.704195189563656,379.6014821075869,148
3445.0,11,1102.1886954511826,5.4,50.694395394886186,379.65866580313144,148
3445.1,11,1102.1886954511826,5.4,50.827377644179904,378.5916956077275,148
3445.2,11,1102.1886954511826,5.4,50.81611362668684,378.6592676871624,148
3445.3,11,1102.1886954511826,5.4,50.825191351358384,378.5829695002095,148
3445.4,11,1102.1886954511826,5.4,50.847711834826846,378.4248780740877,148
3445.5,11,1102.1886954511826,5.4,50.852101617222566,378.3792608268357,148
3445.6,11,1102.1886954511826,5.4,50.85411271847755,378.3613953620495,148
3445.7,9,1102.1886954511826,4.5,50.84166659153753,378.43585842272546,148
3445.8,11,1102.1886954511826,4.0,50.856392058653825,378.3320943600528,148
3445.9,11,1102.1886954511826,5.4,50.6971076268661,379.650105625157,148
3446.0,11,1102.1886954511826,5.4,50.7047511824413,379.5917439774833,148
3446.1,11,1102.1886954511826,5.4,50.706688452683736,379.5816589678239,148
3446.2,11,1102.1886954511826,5.4,50.70132515936835,379.6149676524852,148
3446.3,11,1102.1886954511826,5.4,50.7049431494283,379.5907031574246,148
3446.4,11,1102.1886954511826,5.4,50.728305756765025,379.42422357532786,148
3446.5,11,1102.1886954511826,5.4,50.718482592590235,379.4900390276308,148
3446.6,11,1102.1886954511826,5.4,50.7231634051999,379.4570224134211,148
3446.7,7,1102.113941770402,4.5,50.71809137463097,379.49502088498923,148
3446.8,7,1102.113941770402,4.8999999999999995,50.713480978679065,379.53383610531,148
3446.9,7,1102.113941770402,4.8999999999999995,50.48534235376515,381.3254032197473,148
3447.0,11,1102.113941770402,4.8999999999999995,50.46671834473864,381.4698048557355,148
3447.1,11,1102.113941770402,5.4,50.54017420266975,380.96896340507163,148
3447.2,11,1102.113941770402,5.4,50.52622719803692,381.06625923283656,148
3447.3,11,1102.113941770402,5.4,50.530945904246906,380.8397184571271,148
3447.4,11,1102.113941770402,5.4,50.510627973922716,380.97758615140765,148
3447.5,11,1102.113941770402,5.4,50.51482790065033,380.9630108991196,148
3447.6,11,1102.113941770402,5.4,50.590617952755125,380.32375890107204,148
3447.7,11,1102.113941770402,5.4,50.60973460837221,380.17419506302656,148
3447.8,11,1102.113941770402,5.4,50.603194960277875,380.22515236962494,148
3447.9,11,1102.113941770402,5.4,50.47176755621975,381.1445647714547,148
3448.0,7,1102.113941770402,5.4,50.48488541803107,381.0681140540929,148
3448.1,7,1102.113941770402,4.8999999999999995,50.49503500349017,381.0070883896823,148
3448.2,7,1102.113941770402,4.8999999999999995,50.340207052720054,382.27479788530286,148
3448.3,7,1102.113941770402,4.8999999999999995,50.34341282894685,382.26433098052155,148
3448.4,7,1102.113941770402,4.8999999999999995,50.325595446327,382.40503632842575,148
3448.5,7,1102.113941770402,4.8999999999999995,50.34444122449749,382.28224083524816,148
3448.6,7,1102.113941770402,4.8999999999999995,50.33377004295819,382.35666756293745,148
3448.7,7,1102.113941770402,4.8999999999999995,50.315915786167125,382.6479861395137,148
3448.8,7,1102.113941770402,4.8999999999999995,50.342179040014,382.47494707830344,148
3448.9,11,1102.113941770402,4.8999999999999995,50.33352730976024,382.5408688679338,148
3449.0,7,1102.113941770402,5.4,50.361738376455975,382.36543833691854,148
3449.1,7,1102.0598206805814,4.8999999999999995,50.361452670593124,382.37826158991555,148
3449.2,7,1102.0598206805814,5.6,50.34151745986731,382.523841137679,148
3449.3,7,1102.0598206805814,5.6,50.35522809701242,382.4350092524139,148
3449.4,7,1102.0598206805814,5.6,50.408125776654465,382.08365052668273,148
3449.5,7,1102.0598206805814,5.6,50.41916908903575,382.02391821634933,148
3449.6,7,1102.0598206805814,4.8999999999999995,50.26917947310632,383.0473938524461,148
3449.7,7,1102.0598206805814,4.8999999999999995,50.088130966668494,384.6139097819422,148
3449.8,7,1102.0598206805814,4.8999999999999995,50.08488386189429,384.65673380670137,148
3449.9,7,1102.0598206805814,4.8999999999999995,50.08191085542349,384.69061822824204,148
3450.0,7,1102.0598206805814,4.8999999999999995,50.08195980541255,384.69710329625264,148
3450.1,7,1102.0598206805814,4.8999999999999995,50.08243652892017,384.69660382008965,148
3450.2,7,1102.0598206805814,4.8999999999999995,50.15979330322112,384.0237516478627,148
3450.3,7,1102.0598206805814,4.8999999999999995,50.179395071069656,383.90808192779684,148
3450.4,7,1102.0598206805814,4.8999999999999995,50.15630504392513,384.0853566605993,148
3450.5,7,1102.0598206805814,4.8999999999999995,50.02026406028125,385.0367386371448,148
3450.6,7,1102.0598206805814,4.8999999999999995,50.03704675918677,384.93129505498484,148
3450.7,7,1102.0598206805814,4.8999999999999995,50.031565292665455,384.98970021137734,148
3450.8,7,1102.0598206805814,4.8999999999999995,50.023114110226444,385.0657137270582,148
3450.9,7,1102.0598206805814,4.8999999999999995,49.98248923825938,385.37185070713275,148
3451.0,7,1102.0598206805814,4.8999999999999995,49.98528166381659,385.3706726606868,148
3451.1,7,1102.0598206805814,4.8999999999999995,49.964983942649226,385.53596206193913,148
3451.2,7,1102.0598206805814,4.8999999999999995,49.939247108676525,385.73372206276633,148
3451.3,7,1102.0598206805814,4.8999999999999995,49.94581860805475,385.7068022017379,148
3451.4,7,1102.0598206805814,4.8999999999999995,49.92302356851309,385.8904404133951,148
3451.5,7,1102.0598206805814,4.8999999999999995,49.96118484912712,385.64844878703786,148
3451.6,7,1102.0598206805814,4.8999999999999995,49.94573890592268,385.7842192376567,148
3451.7,7,1102.0598206805814,4.8999999999999995,49.835725011288176,386.5555459612616,148
3451.8,7,1102.0598206805814,4.8999999999999995,49.815258079032034,386.7210103516062,148
3451.9,7,1102.0598206805814,4.8999999999999995,49.806017305893235,386.80021088268956,148
3452.0,7,1102.0598206805814,4.8999999999999995,49.79367822835506,386.91546507432656,148
3452.1,7,1102.0598206805814,4.8999999999999995,49.773739148006314,387.07973790976166,148
3452.2,7,1102.0598206805814,4.8999999999999995,49.75393547759606,387.22746952876287,148
3452.3,7,1102.0598206805814,4.8999999999999995,49.76155659272,387.19526674467215,148
3452.4,7,1102.005854118325,4.8999999999999995,49.717260349937916,387.51772716723923,148
3452.5,7,1102.005854118325,5.6,49.70914633178515,387.59094410650766,148
3452.6,7,1102.005854118325,5.6,49.692231825938094,387.73331228114967,148
3452.7,7,1102.005854118325,5.6,49.69032888267216,387.7656097430163,148
3452.8,7,1102.005854118325,5.6,49.78792273663724,387.3202389255915,148
3452.9,7,1102.005854118325,5.6,49.754516621045084,387.581446782335,148
3453.0,7,1102.005854118325,5.6,49.72021836748486,387.6745181618968,148
3453.1,7,1102.005854118325,5.6,49.69668318152004,387.8628362025556,148
3453.2,7,1102.005854118325,5.6,49.67864952131907,388.02547290809537,148
3453.3,7,1102.005854118325,5.6,49.67498013649423,388.0819758832319,148
3453.4,7,1102.005854118325,5.6,49.64027580443377,388.34947456388574,148
3453.5,7,1102.005854118325,5.6,49.61433866421295,388.5564923064777,148
3453.6,7,1102.005854118325,5.6,49.62372340715734,388.5159011750842,148
3453.7,7,1102.005854118325,5.6,49.623242571594886,388.54205737657253,148
3453.8,7,1102.005854118325,5.6,49.61195829057266,388.6479644707193,148
3453.9,7,1102.005854118325,5.6,49.61878826905411,388.62627720160197,148
3454.0,7,1102.005854118325,5.6,49.610188875925544,388.7041303540862,148
3454.1,7,1102.005854118325,5.6,49.64343744933403,388.5034763010724,148
3454.2,7,1102.005854118325,5.6,49.623154958734155,388.6773351275149,148
3454.3,7,1102.005854118325,5.6,49.61523263605605,388.7434280694734,148
3454.4,7,1102.005854118325,5.6,49.589965391273715,388.9415254186023,148
3454.5,7,1102.005854118325,5.6,49.57565535806544,389.08111934196165,148
3454.6,7,1102.005854118325,5.6,49.43769349154351,390.3022317745617,148
3454.7,7,1102.005854118325,5.6,49.443437107420834,390.29134548757077,148
3454.8,7,1102.005854118325,5.6,49.44577231529071,390.28028238457057,148
3454.9,7,1102.005854118325,5.6,49.443447592285764,390.31170727120787,148
3455.0,7,1102.005854118325,5.6,49.44803510200008,390.3093774027636,148
3455.1,7,1102.005854118325,5.6,49.40842516250877,390.60102029845757,148
3455.2,7,1102.005854118325,5.6,49.40338370584384,390.6636797509783,148
3455.3,7,1102.005854118325,5.6,49.40236904671149,390.6786480287808,148
3455.4,7,1102.005854118325,5.6,49.403328167999135,390.6877894913602,148
3455.5,7,1102.005854118325,5.6,49.4044199321758,390.6876459790293,148
3455.6,7,1102.005854118325,5.6,49.41695695471749,390.6062391815974,148
3455.7,7,1102.005854118325,5.6,49.25230255376637,391.7504801510705,148
3455.8,7,1102.005854118325,5.6,49.326069151966124,391.0817567475401,148
3455.9,7,1102.005854118325,5.6,49.31367606546244,391.1789132957709,148
3456.0,7,1102.005854118325,5.6,49.29390346747215,391.3478513237026,148
3456.1,7,1102.005854118325,5.6,49.28189040385254,391.4310913632322,148
3456.2,7,1102.005854118325,5.6,49.28577959158127,391.43122963066094,148
3456.3,7,1102.005854118325,5.6,49.28578101023078,391.4439074057399,148
3456.4,7,1102.005854118325,5.6,49.28353044754196,391.46550066216423,148
3456.5,7,1101.9517009171268,5.6,49.29181708354254,391.4176290292947,148
3456.6,7,1101.9517009171268,6.3,49.29090283447931,391.43570516091086,148
3456.7,7,1101.9517009171268,6.3,49.12265357969749,392.94927756930633,148
3456.8,7,1101.9517009171268,6.3,49.112899862177514,393.0276971794208,148
3456.9,7,1101.9517009171268,6.3,49.0013401760245,393.6351116790457,148
3457.0,7,1101.9517009171268,6.3,48.93519971616704,394.2238100190365,148
3457.1,7,1101.9517009171268,6.3,48.93996474747317,394.213595469822,148
3457.2,7,1101.9517009171268,6.3,48.937862176740055,394.2191987287232,148
3457.3,7,1101.9517009171268,6.3,48.90617237568189,394.62370509234665,148
3457.4,7,1101.9517009171268,6.3,48.901779961521335,394.66198505917487,148
3457.5,7,1101.9517009171268,6.3,48.91366321919096,394.57109941878974,148
3457.6,7,1101.9517009171268,6.3,48.762541733882884,396.02251074395065,148
3457.7,7,1101.9517009171268,6.3,48.74264801044623,396.16608231709665,148
3457.8,7,1101.9517009171268,6.3,48.75134874233016,396.1116851240922,148
3457.9,7,1101.9517009171268,6.3,48.741364405676066,396.18536760733065,148
3458.0,7,1101.9517009171268,6.3,48.732598393128825,396.27003777478274,148
3458.1,7,1101.9517009171268,6.3,48.71199482878029,396.41480904036075,148
3458.2,7,1101.9517009171268,6.3,48.74188441731553,396.1977186774875,148
3458.3,7,1101.9517009171268,6.3,48.624377449378684,396.87100803687184,148
3458.4,7,1101.9517009171268,6.3,48.602984947426464,397.0570707660165,148
3458.5,7,1101.9517009171268,6.3,48.59834603265536,397.09961807015986,148
3458.6,7,1101.9517009171268,6.3,48.58116831088793,397.24100995319793,148
3458.7,7,1101.9517009171268,6.3,48.58363372255257,397.2317098462926,148
3458.8,7,1101.9517009171268,6.3,48.57835605631888,397.27771988061426,148
3458.9,7,1101.9517009171268,6.3,48.56039413339067,397.42536026862024,148
3459.0,7,1101.9517009171268,6.3,48.575303097510826,397.3268646057785,148
3459.1,7,1101.9517009171268,6.3,48.57144816233043,397.3793538711193,148
3459.2,7,1101.9517009171268,5.6,48.56304598038573,397.4639670007475,148
3459.3,7,1101.9517009171268,5.6,48.54596347889448,397.6043015668856,148
3459.4,7,1101.9517009171268,5.6,48.53284392067596,397.72050597676883,148
3459.5,7,1101.9517009171268,5.6,48.51911799580028,397.8587975917238,148
3459.6,7,1101.9517009171268,5.6,48.35755648043991,399.35921475503415,148
3459.7,7,1101.9517009171268,5.6,48.36498901546126,399.31413785266705,148
3459.8,7,1101.9517009171268,5.6,48.34845406241152,399.43258110891094,148
3459.9,7,1101.9517009171268,5.6,48.3450528429733,399.46279466169904,148
3460.0,7,1101.9517009171268,5.6,48.33554686650331,399.543603764794,148
3460.1,7,1101.9517009171268,5.6,48.32761904830265,399.60665111310146,148
3460.2,7,1101.9517009171268,5.6,48.316758156548204,399.690218486051,148
3460.3,7,1101.9517009171268,5.6,48.29425529750584,399.8414358355561,148
3460.4,7,1101.9517009171268,5.6,48.29982741137022,399.8095851372259,148
3460.5,7,1101.9517009171268,5.6,48.29549950847649,399.85239880353504,148
3460.6,7,1101.9517009171268,5.6,48.27205743980347,400.0283923775515,148
3460.7,7,1101.9517009171268,5.6,48.262944116526775,400.1152270268756,148
3460.8,7,1101.9517009171268,5.6,48.21550451468485,400.4841339198782,148
3460.9,7,1101.9517009171268,5.6,48.226914409444234,400.4210872784737,148
3461.0,7,1101.9517009171268,5.6,48.08454375973585,400.97285674444333,148
3461.1,7,1101.9517009171268,5.6,48.14563011326459,400.39944251123313,148
3461.2,7,1101.9517009171268,5.6,48.13452876087214,400.48934954907105,148
3461.3,7,1101.9517009171268,5.6,48.118958015275894,400.61515497091216,148
3461.4,7,1101.9517009171268,5.6,48.08803297696309,400.85802934363915,148
3461.5,7,1101.9517009171268,4.8999999999999995,48.04520231191248,401.19767137875954,148
3461.6,7,1101.9517009171268,4.8999999999999995,48.01693451314857,401.4078668520782,148
3461.7,7,1101.9517009171268,4.8999999999999995,47.97812157582726,401.70367906155076,148
3461.8,7,1101.9517009171268,4.8999999999999995,47.95001513099653,401.93147845394196,148
3461.9,7,1101.9517009171268,4.8999999999999995,47.76251720311414,403.341420811976,148
3462.0,7,1101.9517009171268,4.8999999999999995,47.72759917729783,403.623753541092,148
3462.1,7,1101.9517009171268,4.8999999999999995,47.71491614645642,403.72637470935626,148
3462.2,7,1101.9517009171268,4.8999999999999995,47.55368921124979,405.24464003908133,148
3462.3,7,1101.9517009171268,4.8999999999999995,47.51355155812397,405.5533300820831,148
3462.4,7,1101.9517009171268,4.8999999999999995,47.428109072001504,405.777283069448,148
3462.5,7,1101.9517009171268,4.8999999999999995,47.420536781972245,405.8299514462333,148
3462.6,7,1101.9517009171268,4.8999999999999995,47.39510264663739,406.0338868782989,148
3462.7,7,1101.9517009171268,4.8999999999999995,47.36460424201847,406.290942919007,148
3462.8,7,1101.9517009171268,4.199999999999999,47.350417608917546,406.39997011479517,148
3462.9,7,1101.9517009171268,4.199999999999999,47.34284600943583,406.4614030690714,148
3463.0,7,1101.9517009171268,4.199999999999999,47.32574362016044,406.60749549746265,148
3463.1,7,1101.9517009171268,4.199999999999999,46.96969162733279,409.6884914265551,148
3463.2,7,1101.9517009171268,4.199999999999999,46.9441466779036,409.9028584655907,148
3463.3,7,1101.9517009171268,4.199999999999999,46.930164964947465,410.0188403176991,148
3463.4,7,1101.9517009171268,4.199999999999999,46.9358883032255,409.97711507767207,148
3463.5,7,1101.9517009171268,4.199999999999999,46.91681663673023,410.1365473445867,148
3463.6,7,1101.9517009171268,4.199999999999999,46.90370110074436,410.2473164656655,148
3463.7,7,1101.9517009171268,4.199999999999999,46.91874366813205,410.13200263604494,148
3463.8,7,1101.9517009171268,4.199999999999999,46.905808951144195,410.24101734542114,148
3463.9,7,1101.9517009171268,4.199999999999999,46.91122531683426,410.19774826317763,148
3464.0,7,1101.9517009171268,4.199999999999999,46.9028040419973,410.27212477781904,148
3464.1,7,1101.9517009171268,4.199999999999999,46.89387295981912,410.3549563784018,148
3464.2,7,1101.9517009171268,4.199999999999999,46.69931997724035,411.92233643816087,148
3464.3,7,1101.9517009171268,4.199999999999999,46.714032147270736,411.80750195871724,148
3464.4,7,1101.9517009171268,4.199999999999999,46.51652652975653,412.9340066710017,148
3464.5,8,1102.1445620986115,2.8,46.51621068039514,412.94132791266975,148
3464.6,8,1102.1445620986115,4.199999999999999,46.503905162328806,413.0502150034347,148
3464.7,8,1102.1445620986115,4.199999999999999,46.32328428849668,414.75069063162255,148
3464.8,8,1102.1445620986115,4.199999999999999,46.288182291402336,415.06172757306047,148
3464.9,8,1102.1445620986115,4.199999999999999,46.420326996773426,413.8271818984606,148
3465.0,8,1102.1445620986115,4.199999999999999,46.41749059474141,413.85605079552744,148
3465.1,8,1102.1445620986115,4.199999999999999,46.39069087510978,414.0928270328111,148
3465.2,8,1102.1445620986115,4.199999999999999,46.399072898920565,414.0256152675215,148
3465.3,8,1102.1445620986115,4.199999999999999,46.40066900053448,414.01577362001296,148
3465.4,8,1102.1445620986115,4.199999999999999,46.40377180577184,413.9890542264818,148
3465.5,8,1102.1445620986115,4.199999999999999,46.33402711440279,414.41675334858576,148
3465.6,8,1102.1445620986115,4.8999999999999995,46.32682414666385,414.48246968883,148
3465.7,8,1102.1445620986115,4.8999999999999995,46.318500385221974,414.5571712323401,148
3465.8,8,1102.1445620986115,4.8999999999999995,46.317185480683264,414.5701535118575,148
3465.9,8,1102.1445620986115,4.8999999999999995,46.31630713691047,414.5783754252738,148
3466.0,8,1102.1445620986115,4.8999999999999995,46.31141443058605,414.6236613541166,148
3466.1,8,1102.1445620986115,4.8999999999999995,46.31526760394699,414.58874757100074,148
3466.2,8,1102.1445620986115,4.8999999999999995,46.33109957372407,414.4507616536582,148
3466.3,8,1102.1445620986115,4.8999999999999995,46.34202135134723,414.3700161679402,148
3466.4,8,1102.1445620986115,4.199999999999999,46.333739912685836,414.44477076884345,148
3466.5,8,1102.1445620986115,4.199999999999999,46.32902953342597,414.485742693679,148
3466.6,8,1102.1445620986115,4.199999999999999,46.32727818542898,414.5031180904684,148
3466.7,8,1102.6203385028905,4.199999999999999,46.32998706193705,414.48293892894844,149
3466.8,8,1102.6203385028905,-100.0,46.32070052694795,414.5643525953229,149
3466.9,8,1102.6203385028905,4.199999999999999,46.314751697229966,414.6162549387211,149
3467.0,8,1102.6203385028905,3.5,46.308172870629704,414.67437540491244,149
3467.1,8,1102.6203385028905,3.5,46.31583719700144,414.60820161124934,149
3467.2,8,1102.6203385028905,3.5,46.297854374650484,414.76620412147884,149
3467.3,8,1102.6203385028905,3.5,46.29287157100718,414.8084618911971,149
3467.4,8,1102.6203385028905,3.5,46.31877448531388,414.6049903371171,149
3467.5,8,1102.6203385028905,2.8,46.313141675193606,414.64799024225806,149
3467.6,6,1101.831292681683,2.8,46.30368792663754,414.7310900579786,149
3467.7,7,1101.7790058906253,3.5,46.10531575593862,416.4745845014304,149
3467.8,7,1101.7790058906253,4.199999999999999,46.102730487001224,416.49498775970085,149
3467.9,7,1101.7790058906253,4.199999999999999,46.34850302674309,414.33348596771896,149
3468.0,7,1101.7790058906253,4.199999999999999,46.352225834642674,414.29706037886876,149
3468.1,7,1101.7790058906253,4.199999999999999,46.339890265828004,414.40159718084976,149
3468.2,7,1101.7790058906253,4.199999999999999,46.34286758763845,414.3736974519247,149
3468.3,7,1101.7790058906253,4.199999999999999,46.34897330054412,414.32219364981404,149
3468.4,7,1101.7790058906253,4.199999999999999,46.35022990345634,414.30504160147603,149
3468.5,7,1101.7790058906253,4.199999999999999,46.35884984283233,414.2259962135795,149
3468.6,7,1101.7790058906253,4.199999999999999,46.360869638107886,414.2065399354326,149
3468.7,7,1101.7790058906253,4.199999999999999,46.348578081214384,414.3120639136956,149
3468.8,7,1101.7790058906253,4.199999999999999,46.461086023009656,413.28226114148396,149
3468.9,7,1101.7790058906253,4.199999999999999,46.44496832951688,413.423048885876,149
3469.0,7,1101.7790058906253,4.199999999999999,46.4349400851481,413.51078660733504,149
3469.1,7,1101.7790058906253,4.199999999999999,46.4343875421505,413.51411194096045,149
3469.2,7,1102.2540762620256,4.199999999999999,46.43021901388125,413.54955719527004,150
3469.3,7,1102.2540762620256,-100.0,46.41003931638048,413.72605881382265,150
3469.4,7,1102.2540762620256,4.199999999999999,46.386961216422705,413.928240323997,150
3469.5,7,1102.2540762620256,4.199999999999999,46.37424345921856,414.04030137540633,150
3469.6,6,1101.8571914586755,4.199999999999999,46.35283491670161,414.2284132136489,150
3469.7,6,1101.8571914586755,4.0,46.34998319096017,414.25288083382827,150
3469.8,6,1101.8571914586755,4.0,46.34995063876066,414.2525565753553,150
3469.9,6,1101.8571914586755,4.0,46.3244329865973,414.47742581685316,150
3470.0,6,1101.8571914586755,4.0,46.312671280626304,414.5810335495938,150
3470.1,6,1101.8571914586755,4.0,46.30971018900298,414.6066812720343,150
3470.2,6,1101.8571914586755,4.0,46.42840448468342,413.5582319085146,150
3470.3,6,1101.8571914586755,4.0,46.42640569766088,413.5745177968127,150
3470.4,6,1101.8571914586755,4.0,46.40686634554049,413.7453998130885,150
3470.5,6,1101.8571914586755,4.0,46.404938389466366,413.76219557433456,150
3470.6,6,1101.8571914586755,4.0,46.387009423412565,413.9220664936596,150
3470.7,6,1101.8571914586755,4.0,46.357160635324725,414.18486373231076,150
3470.8,6,1101.8571914586755,4.0,46.34489357488347,414.2937416982566,150
3470.9,6,1101.8571914586755,4.0,46.327769081482046,414.44574175386396,150
3471.0,6,1101.8571914586755,4.0,46.4130106244351,413.67823957226926,150
3471.1,6,1101.8571914586755,4.0,46.39897473784225,413.8029943104435,150
3471.2,6,1101.8571914586755,4.0,46.346842600394154,414.2678996616379,150
3471.3,6,1101.8571914586755,4.0,46.31586708726516,414.54477093570733,150
3471.4,6,1101.8571914586755,4.0,46.28461133217422,414.8247304014609,150
3471.5,6,1101.8571914586755,4.0,46.265970039938225,414.99201626850584,150
3471.6,6,1101.8571914586755,4.0,46.24745010390306,415.1583712332312,150
3471.7,6,1101.8571914586755,4.0,46.23777514301614,415.2455565343225,150
3471.8,6,1101.8571914586755,4.0,46.20812766258639,415.5130254487402,150
3471.9,6,1101.8571914586755,4.0,46.19301735517111,415.6497761593856,150
3472.0,7,1101.8041699369019,4.0,46.179319306595445,415.77393770463254,150
3472.1,7,1101.8041699369019,4.8999999999999995,46.146258798424455,416.0734241329835,150
3472.2,6,1101.8041699369019,4.199999999999999,46.129909068037406,416.22110799615984,150
3472.3,6,1102.278329162786,4.0,46.12312664904444,416.2823745852995,151
3472.4,6,1102.278329162786,-100.0,46.10069319379306,416.4860568384605,151
3472.5,6,1102.278329162786,4.0,46.102763074853165,416.46716930125115,151
3472.6,6,1102.278329162786,4.0,46.103136717643636,416.4649794783222,151
3472.7,6,1102.278329162786,4.0,46.08814331143425,416.6013166952133,151
3472.8,6,1102.278329162786,4.0,46.0948513600328,416.54070209784055,151
3472.9,6,1102.278329162786,4.0,45.95163816598871,417.83174673435343,151
3473.0,6,1102.278329162786,4.0,46.00784490696289,417.32020870863096,151
3473.1,6,1102.278329162786,4.0,46.01281331238727,417.27514471838106,151
3473.2,6,1102.278329162786,4.0,46.018309661604064,417.2252774179981,151
3473.3,6,1102.278329162786,4.0,46.103468371183,416.45644800467767,151
3473.4,6,1102.278329162786,4.0,46.10314850550202,416.45939125181997,151
3473.5,6,1102.278329162786,4.0,46.11169193250865,416.38193772229323,151
3473.6,6,1102.0409898472765,4.0,45.96936685363781,417.68156173338923,151
3473.7,6,1102.0409898472765,4.5,45.967566783013005,417.6972922098416,151
3473.8,6,1102.0409898472765,4.5,45.80767740259596,419.1452723164465,151
3473.9,6,1102.0409898472765,4.5,45.80437188315396,419.175318605508,151
3474.0,6,1102.0409898472765,4.5,45.80532430751799,419.16619904854963,151
3474.1,6,1102.0409898472765,4.5,45.799158452663335,419.22265003531027,151
3474.2,6,1102.0409898472765,4.5,45.80103786883362,419.2054862744774,151
3474.3,6,1102.0409898472765,4.5,45.779382813840925,419.40402613977926,151
3474.4,6,1102.0409898472765,4.5,45.78789393198301,419.3258832370406,151
3474.5,6,1102.0409898472765,4.5,45.76996464731852,419.49027153924186,151
3474.6,6,1102.0409898472765,4.5,45.773016008370874,419.4621228356233,151
3474.7,6,1102.0409898472765,4.5,45.76814515852963,419.50672963863616,151
3474.8,6,1102.0409898472765,4.5,45.751764253528094,419.65727698983153,151
3474.9,6,1102.0409898472765,4.5,45.734007524789405,419.8207534077826,151
3475.0,6,1102.0409898472765,4.5,45.7232473202511,419.9197169803363,151
3475.1,6,1102.0409898472765,4.5,45.71129069012766,420.0294834430588,151
3475.2,6,1102.0409898472765,4.5,45.69622355787125,420.1678179210742,151
3475.3,6,1102.0409898472765,4.5,45.68935883955015,420.23065051542613,151
3475.4,6,1102.0409898472765,4.5,45.6966449107325,420.1630237095152,151
3475.5,6,1102.0409898472765,4.5,45.61583495011401,420.962496637418,151
3475.6,6,1102.0409898472765,4.5,45.58672725846512,421.2329367958072,151
3475.7,6,1102.0409898472765,4.5,45.58118794491733,421.2836803543268,151
3475.8,6,1102.0409898472765,4.5,45.64404826938583,420.7224137989459,151
3475.9,6,1102.0409898472765,4.5,45.618678106298574,420.95671989475284,151
3476.0,6,1102.0409898472765,4.5,45.66262830575839,420.53925495852855,151
3476.1,6,1102.0409898472765,4.5,45.649756441278406,420.6595442857322,151
3476.2,6,1102.0409898472765,4.5,45.61132830670965,421.0181873026575,151
3476.3,6,1102.0409898472765,4.5,45.65134309491248,420.5823973654934,151
3476.4,6,1102.0409898472765,4.5,45.64027590834544,420.68369977020694,151
3476.5,6,1102.0409898472765,4.5,45.627827660055246,420.79980039265496,151
3476.6,6,1101.8039846950521,4.5,45.619843129053905,420.8784074496009,151
3476.7,6,1101.8039846950521,4.5,45.6144051075267,420.9290612837523,151
3476.8,6,1101.8039846950521,4.5,45.58985665239919,421.15701752396,151
3476.9,6,1101.8039846950521,4.5,45.56853864640003,421.35618779451795,151
3477.0,6,1101.8039846950521,4.5,45.553927329826784,421.49131631709986,151
3477.1,6,1101.8039846950521,4.5,45.55361489537083,421.49394258207224,151
3477.2,6,1101.8039846950521,4.5,45.49374747125381,422.0974618174353,151
3477.3,6,1101.8039846950521,4.5,45.48651384717963,422.1641104788897,151
3477.4,6,1101.8039846950521,4.5,45.47215282850409,422.30148954233266,151
3477.5,6,1101.8039846950521,4.5,45.4598739035523,422.41831302008916,151
3477.6,6,1101.8039846950521,4.5,45.43353084133115,422.6895372623126,151
3477.7,6,1101.8039846950521,4.5,45.44042864829224,422.62390667288855,151
3477.8,6,1101.8039846950521,4.5,45.28979441635144,423.99969556674034,151
3477.9,6,1101.8039846950521,4.5,45.29371075796492,423.9633718277804,151
3478.0,6,1101.6441990828885,4.5,45.24530422701558,424.5781234842326,151
3478.1,6,1101.6441990828885,5.0,45.22936471231134,424.72860514981545,151
3478.2,6,1101.6441990828885,5.0,45.224826244863266,424.781403050839,151
3478.3,6,1101.6441990828885,5.0,45.2178443663748,424.85006657089025,151
3478.4,6,1101.6441990828885,5.0,45.23392135812942,424.6987975354498,151
3478.5,6,1101.6441990828885,5.0,45.22323869870826,424.80666224945867,151
3478.6,6,1101.6441990828885,5.0,45.227841635352256,424.760848551751,151
3478.7,6,1101.6441990828885,5.0,45.25317934474458,424.5179905189558,151
3478.8,6,1101.6441990828885,5.0,45.254218352430875,424.5127280956822,151
3478.9,6,1101.6441990828885,5.0,45.24712247929413,424.5861022698864,151
3479.0,6,1101.6441990828885,5.0,45.261416566876605,424.4558647039525,151
3479.1,6,1101.6441990828885,5.0,45.25420741147233,424.531963625232,151
3479.2,6,1101.6441990828885,5.0,45.256572845609014,424.51113075360144,151
3479.3,6,1101.6441990828885,5.0,45.23530056782897,424.72393117798026,151
3479.4,6,1101.6441990828885,5.0,45.24681267811472,424.62107115073445,151
3479.5,6,1101.6441990828885,5.0,45.23700073006427,424.72382900848277,151
3479.6,6,1101.6441990828885,5.0,45.077185202409865,426.1583863993843,151
3479.7,6,1101.6441990828885,5.0,45.08783366078889,426.063500749568,151
3479.8,6,1101.4071936195644,5.0,44.95627061912401,427.3804933193149,151
3479.9,6,1101.4071936195644,5.5,44.95226939301274,427.4334118675656,151
3480.0,6,1101.4071936195644,5.5,44.9488624832451,427.4723909481366,151
3480.1,6,1101.4071936195644,5.5,44.946400673817664,427.49989899498553,151
3480.2,6,1101.4071936195644,5.5,44.94468551778435,427.5250554782675,151
3480.3,6,1101.4071936195644,5.5,44.942359421540175,427.5498479979335,151
3480.4,6,1101.4071936195644,5.5,44.94928417348126,427.4904038576875,151
3480.5,6,1101.4071936195644,5.5,44.944416704584356,427.5464179982314,151
3480.6,6,1101.4071936195644,5.5,44.93997529959796,427.59121676093093,151
3480.7,6,1101.4071936195644,5.5,44.757049266558106,429.2539023361718,151
3480.8,6,1101.4071936195644,5.5,44.753240246476565,429.2995636739575,151
3480.9,6,1101.4071936195644,5.5,44.74681792592665,429.3651332181346,151
3481.0,6,1101.2690987310152,5.5,44.72182221566457,429.91585514872094,151
3481.1,6,1101.2690987310152,6.0,44.72142325649134,429.92826391248286,151
3481.2,6,1101.2690987310152,6.0,44.72761922567909,429.88183396827526,151
3481.3,6,1101.2690987310152,6.0,44.746291558193946,429.70543087074975,151
3481.4,6,1101.2690987310152,6.0,44.749024198305094,429.6865403242962,151
3481.5,6,1101.2690987310152,6.0,44.80452734928892,429.12926371582034,151
3481.6,6,1101.2690987310152,6.0,44.81892055115785,429.0002747489361,151
3481.7,6,1101.2690987310152,6.0,44.81896952838194,429.0183320958529,151
3481.8,6,1101.2690987310152,6.0,44.822544664801754,428.99831530945175,151
3481.9,6,1101.2690987310152,5.5,44.831058639096874,428.9241871558895,151
3482.0,6,1101.2690987310152,5.5,44.82639968001756,428.9863810328851,151
3482.1,6,1101.2690987310152,5.5,44.8395122949738,428.8672205755747,151
3482.2,6,1101.2690987310152,5.5,44.83347748155487,428.94401652909903,151
3482.3,6,1101.2690987310152,5.5,44.83782241835833,428.91411296842114,151
3482.4,6,1101.2690987310152,5.5,44.84850288181161,428.8268798042081,151
3482.5,6,1101.2690987310152,5.5,44.85417560215211,428.7828041557567,151
3482.6,6,1101.2690987310152,5.5,44.85878803223694,428.744139654991,151
3482.7,6,1101.2690987310152,5.5,44.858215384163074,429.1388741013142,151
3482.8,6,1101.2690987310152,5.5,44.859522486546325,429.14015394645935,151
3482.9,6,1101.0326073402218,5.5,44.86099984165203,429.1441274939748,151
3483.0,6,1101.0326073402218,6.0,44.87949573316757,428.97645398213865,151
3483.1,6,1101.0326073402218,6.0,44.89590720368085,428.8148177821903,151
3483.2,6,1101.0326073402218,6.0,44.89581128043111,428.83453766063747,151
3483.3,6,1101.0326073402218,6.0,44.91947678115607,428.6034978616975,151
3483.4,6,1101.0326073402218,6.0,44.91358164448146,428.6788855105714,151
3483.5,6,1101.0326073402218,6.0,44.92910371996719,428.5371065914443,151
3483.6,6,1101.0326073402218,6.0,44.93658752565142,428.47973927890735,151
3483.7,6,1101.0326073402218,6.0,44.942178993259496,428.42667541084575,151
3483.8,6,1101.0326073402218,6.0,44.96197699295046,428.24120836639224,151
3483.9,6,1101.0326073402218,6.0,45.171171493330604,426.3087402532575,151
3484.0,6,1101.0326073402218,6.0,45.177066200060686,426.25244005930875,151
3484.1,6,1101.0326073402218,6.0,45.186319336328765,426.17605475341975,151
3484.2,6,1101.0326073402218,5.5,45.18807129548006,426.1544457628354,151
3484.3,6,1101.0326073402218,5.5,45.185068318708346,426.1996512777057,151
3484.4,6,1101.0326073402218,5.5,45.19058835248639,426.1425743999215,151
3484.5,6,1101.0326073402218,5.5,45.19359086286987,426.1219763666063,151
3484.6,6,1101.0326073402218,5.5,45.19656863527861,426.1004017070632,151
3484.7,6,1101.0326073402218,5.5,45.19079504303552,426.16628568434356,151
3484.8,6,1101.0326073402218,5.5,45.189026542099825,426.2090320312983,151
3484.9,6,1101.0326073402218,5.5,45.20648806369483,426.05164097792795,151
3485.0,6,1101.0326073402218,5.5,45.20858224676458,426.0387248358844,151
3485.1,6,1101.0326073402218,5.5,45.20237796442508,426.1137124776459,151
3485.2,6,1101.0326073402218,5.5,45.20892105282758,426.07232917076146,151
3485.3,6,1101.0326073402218,5.5,45.21595219234895,426.01999707356936,151
3485.4,6,1101.0326073402218,5.5,45.20362346246924,426.15169072248733,151
3485.5,6,1101.0326073402218,5.5,45.10549206937913,426.9773518488071,151
3485.6,6,1101.0326073402218,5.5,45.117475813047015,426.87503219291216,151
3485.7,6,1101.0326073402218,5.5,45.13296063602978,426.7344044180096,151
3485.8,6,1101.0326073402218,5.5,44.98318646340728,428.3455341165853,151
3485.9,6,1101.0326073402218,5.5,44.98689998423857,428.31970889473746,151
3486.0,6,1101.0326073402218,5.5,44.993387077638275,428.26988877454755,151
3486.1,6,1101.0326073402218,5.5,44.99596439660531,428.25918795105224,151
3486.2,6,1101.0326073402218,5.5,45.061950830258496,427.33157733885685,151
3486.3,6,1101.0326073402218,5.5,45.07824894955613,427.18064524846505,151
3486.4,6,1101.0326073402218,5.5,45.229850092321726,425.9063672061715,151
3486.5,6,1101.0326073402218,5.5,45.118625830211656,426.8296999231576,151
3486.6,6,1101.0326073402218,5.5,45.11976995385899,426.59910032196757,151
3486.7,6,1101.0326073402218,5.5,45.13352175093601,426.46841143251714,151
3486.8,6,1101.0326073402218,5.5,45.13066249617931,426.5191845630522,151
3486.9,6,1101.0326073402218,5.5,45.15339107104981,426.30859880261977,151
3487.0,6,1101.0326073402218,5.5,45.17635432636559,426.09713974282204,151
3487.1,6,1101.0326073402218,5.5,45.199995204238675,425.873133153858,151
3487.2,6,1101.0326073402218,5.5,45.21028826505369,425.7904346682533,151
3487.3,6,1101.0326073402218,5.5,45.21238575646055,425.7803741659295,151
3487.4,6,1101.0326073402218,5.5,45.242190727469975,425.51287810388595,151
3487.5,6,1101.0326073402218,5.5,45.266128110567195,425.3098839006384,151
3487.6,6,1101.0326073402218,5.5,45.29433335386373,425.0652368938231,151
3487.7,6,1101.0326073402218,5.5,45.324812238993296,424.808741935679,151
3487.8,6,1101.0326073402218,5.0,45.35466593465557,424.5351500223222,151
3487.9,6,1101.0326073402218,5.0,45.380655237682376,424.3057230959854,151
3488.0,6,1101.0326073402218,5.0,45.400165270145834,424.1429040985959,151
3488.1,6,1101.0326073402218,5.0,45.43106442798503,423.859522667697,151
3488.2,6,1101.0326073402218,5.0,45.44072598625729,423.80586402526666,151
3488.3,6,1101.0326073402218,5.0,45.48152984922294,423.4234040267396,151
3488.4,6,1101.0326073402218,5.0,45.50918819745402,423.18143119589877,151
3488.5,6,1101.0326073402218,5.0,45.67959865519178,421.7549334694732,151
3488.6,6,1101.0326073402218,5.0,45.55919316230384,422.74172131479816,151
3488.7,6,1101.0326073402218,5.0,45.60934536229314,422.26952217868575,151
3488.8,6,1101.0326073402218,5.0,45.640039508867886,421.99203894184177,151
3488.9,6,1101.0326073402218,5.0,45.691429325766826,421.5184206592885,151
3489.0,6,1101.0326073402218,5.0,45.72381603534123,421.22711816651247,151
3489.1,6,1101.0326073402218,5.0,45.74560947781896,421.0446364554891,151
3489.2,6,1100.7965393031816,5.0,45.79390478131821,420.595102626335,151
3489.3,6,1100.7965393031816,5.5,45.83853880755446,420.1952454410041,151
3489.4,6,1100.7965393031816,5.5,45.88006015744443,419.82466541617555,151
3489.5,6,1100.7965393031816,5.5,45.91271233494444,419.53479136879366,151
3489.6,6,1100.7965393031816,5.5,45.93911879176294,419.28905244829775,151
3489.7,6,1100.7965393031816,5.5,45.94826265673062,419.2304188287319,151
3489.8,6,1100.7965393031816,5.5,45.99747544864971,418.7702091089669,151
3489.9,8,1100.7965393031816,5.0,46.019280987999615,418.5797705223515,151
3490.0,6,1100.7965393031816,3.5,46.050878104465625,418.2911123732578,151
3490.1,6,1100.7965393031816,5.0,46.09340304479258,417.90635461023464,151
3490.2,6,1100.7965393031816,5.0,46.11780717748961,417.68143810581796,151
3490.3,6,1100.7965393031816,5.0,46.13672509968478,417.50217657105657,151
3490.4,6,1100.7965393031816,5.0,45.98125343036948,418.7431895297457,151
3490.5,6,1100.7965393031816,5.0,45.9911832593472,418.6447441204423,151
3490.6,6,1100.7965393031816,5.0,46.017777060966736,418.39395146001175,151
3490.7,6,1100.7965393031816,5.0,46.0248625418521,418.3226617618675,151
3490.8,6,1100.7965393031816,5.0,46.04573292603837,418.12405437363765,151
3490.9,8,1100.7965393031816,5.0,46.056920887478114,418.0085511757668,151
3491.0,8,1100.7965393031816,3.5,46.0778695268352,417.8124810393397,151
3491.1,8,1100.7965393031816,3.5,46.10050877499767,418.19385600602294,151
3491.2,6,1100.7006489854953,3.5,45.95477328183303,419.34085520942403,151
3491.3,6,1100.7006489854953,5.5,45.979735762418336,419.094369325843,151
3491.4,8,1100.7006489854953,5.5,45.99799193571236,418.92262598581743,151
3491.5,8,1100.7006489854953,3.5,45.995373966577176,418.9449152789018,151
3491.6,8,1100.7006489854953,4.199999999999999,46.00736045871454,418.836135889983,151
3491.7,8,1100.7006489854953,4.199999999999999,46.01943560059584,418.70065831713765,151
3491.8,8,1100.7006489854953,4.199999999999999,46.02736980793682,418.62620296429714,151
3491.9,8,1100.7006489854953,4.199999999999999,46.02045522658176,418.6851876214006,151
3492.0,8,1100.7006489854953,4.199999999999999,46.028985168163054,418.5790594929143,151
3492.1,8,1100.7006489854953,4.199999999999999,46.03617734959809,418.50116780698534,151
3492.2,8,1100.7006489854953,4.199999999999999,46.04943733606446,418.37044702970985,151
3492.3,8,1100.7006489854953,4.199999999999999,46.04886405477146,418.36976107888444,151
3492.4,8,1100.7006489854953,4.199999999999999,46.053381355526454,418.31593246761156,151
3492.5,8,1100.7006489854953,4.199999999999999,46.061836115567715,418.2355289957428,151
3492.6,8,1100.7006489854953,4.199999999999999,46.05821695725435,418.27335762571136,151
3492.7,8,1100.7006489854953,4.199999999999999,46.071373021850704,418.1434085692565,151
3492.8,8,1100.7006489854953,4.199999999999999,46.074280619590034,418.11030354793854,151
3492.9,8,1100.7006489854953,4.199999999999999,46.05512585088375,418.17400481518166,151
3493.0,8,1100.7006489854953,4.199999999999999,46.05478171966819,418.1659297664254,151
3493.1,8,1100.7006489854953,4.199999999999999,45.95895996465777,419.12780915738693,151
3493.2,8,1100.7006489854953,4.199999999999999,45.961493661629994,419.08870804039714,151
3493.3,8,1100.7006489854953,4.8999999999999995,45.9830823605693,418.8841966706635,151
3493.4,8,1100.7006489854953,4.8999999999999995,46.00819128368143,418.6242822551235,151
3493.5,8,1100.7006489854953,4.8999999999999995,46.01307960220111,418.57749486672583,151
3493.6,8,1100.7006489854953,4.8999999999999995,46.01905844558601,418.50033655159416,151
3493.7,8,1100.7006489854953,4.8999999999999995,45.85122918669043,419.85520436135187,151
3493.8,8,1100.7006489854953,4.8999999999999995,45.86957219298927,419.6693328582219,151
3493.9,8,1100.7006489854953,4.8999999999999995,45.89306609246296,419.43683285488294,151
3494.0,8,1100.7006489854953,4.8999999999999995,45.92327466255414,419.1516449275655,151
3494.1,8,1100.7006489854953,4.8999999999999995,45.943198672574155,418.95812733443904,151
3494.2,8,1100.7006489854953,4.8999999999999995,45.96402182683224,418.7722502796337,151
3494.3,8,1100.7006489854953,4.8999999999999995,45.986171724195245,418.55904051107893,151
3494.4,8,1100.7006489854953,4.8999999999999995,46.19840073448573,416.8037253100169,151
3494.5,8,1100.7006489854953,4.8999999999999995,46.216145254805085,416.6164054873194,151
3494.6,8,1100.7006489854953,4.8999999999999995,46.23506021987748,416.4420372521447,151
3494.7,8,1100.7006489854953,4.8999999999999995,46.09316110433036,417.87665231529445,151
3494.8,8,1100.7006489854953,4.8999999999999995,46.28072531828259,416.36660394928424,151
3494.9,8,1100.7006489854953,4.8999999999999995,46.286025935424334,416.30149554643526,151
3495.0,8,1100.7006489854953,4.8999999999999995,46.29958209428824,416.17859628298515,151
3495.1,8,1100.7006489854953,4.8999999999999995,46.32030712720062,415.9818869022048,151
3495.2,8,1100.7006489854953,4.8999999999999995,46.33856369135182,415.8154700441587,151
3495.3,8,1100.7006489854953,4.8999999999999995,46.358893632691604,415.63158924151185,151
3495.4,8,1100.7006489854953,5.6,46.375939698995225,415.4709319431019,151
3495.5,8,1100.7006489854953,5.6,46.396588485141265,415.2770220891482,151
3495.6,8,1100.7006489854953,5.6,46.400418548762985,415.25325522005915,151
3495.7,8,1100.7006489854953,5.6,46.4187795032951,415.08593356265516,151
3495.8,8,1100.7006489854953,5.6,46.0869506609472,418.1364107642511,151
3495.9,8,1100.7006489854953,5.6,46.09203974784003,418.0907412857307,151
3496.0,8,1100.7006489854953,5.6,46.341571267967424,415.5766195418182,151
3496.1,8,1100.7006489854953,4.8999999999999995,46.3547582877935,415.4680104432831,151
3496.2,8,1100.7006489854953,4.8999999999999995,46.36105251454781,415.41535105194004,151
3496.3,8,1100.7006489854953,4.8999999999999995,46.359535167216904,415.4499470395591,151
3496.4,8,1100.7006489854953,4.8999999999999995,46.38510598124378,415.2284637066131,151
3496.5,8,1100.7006489854953,4.8999999999999995,46.38916246853316,415.1925881243013,151
3496.6,8,1100.7006489854953,4.8999999999999995,46.40223757821197,415.0933318575448,151
3496.7,8,1100.7006489854953,4.8999999999999995,46.432130220012155,414.81724533581735,151
3496.8,8,1100.7006489854953,5.6,46.427062401102546,414.87503433983125,151
3496.9,8,1100.7006489854953,5.6,46.433907640818944,414.825664549123,151
3497.0,8,1100.7006489854953,5.6,46.45152148814013,414.6768992511056,151
3497.1,8,1100.7006489854953,5.6,46.46959761622202,414.51557230862693,151
3497.2,8,1100.7006489854953,5.6,46.61267486953343,413.3648819537666,151
3497.3,8,1100.7006489854953,5.6,46.60242931477839,413.4701984990851,151
3497.4,8,1100.7006489854953,5.6,46.46511892305362,414.88014179404456,151
3497.5,8,1100.7006489854953,5.6,46.47391635270563,414.8046560339056,151
3497.6,8,1100.7006489854953,5.6,46.48415173369156,414.7244292624297,151
3497.7,8,1100.7006489854953,5.6,46.48262118178885,414.74974493054464,151
3497.8,8,1100.7006489854953,5.6,46.49034675467001,414.69287058632426,151
3497.9,8,1100.7006489854953,5.6,46.50813131252413,414.548604409196,151
3498.0,8,1100.7006489854953,5.6,46.50777059650084,414.552592914569,151
3498.1,8,1100.7006489854953,5.6,46.520004705980995,414.4508946768037,151
3498.2,8,1100.7006489854953,5.6,46.52889542707887,414.3853628007942,151
3498.3,8,1100.7006489854953,5.6,46.542851984123715,414.26532366334715,151
3498.4,8,1100.7006489854953,5.6,46.541366625006425,414.282745650684,151
3498.5,8,1100.7006489854953,5.6,46.56136453180502,414.11134188804783,151
3498.6,8,1100.7006489854953,5.6,46.57046952788437,414.02790439393857,151
3498.7,8,1100.7006489854953,5.6,46.57811884096737,413.9674555924687,151
3498.8,8,1100.7006489854953,5.6,46.74844748873031,412.2821266015777,151
3498.9,8,1100.7006489854953,5.6,46.755333445769715,412.2461760290235,151
3499.0,8,1100.7006489854953,5.6,46.768717745483386,412.1297428840677,151
3499.1,8,1100.7006489854953,5.6,46.77004906153665,412.13132142498,151
3499.2,8,1100.7006489854953,5.6,46.78022137663253,412.0541728672773,151
3499.3,8,1100.7006489854953,5.6,46.78730167963557,411.99865669244974,151
3499.4,8,1100.7006489854953,5.6,46.79615369710436,411.94007412346286,151
3499.5,8,1100.7006489854953,5.6,46.886870735832964,411.2404673992265,151
3499.6,8,1100.7006489854953,5.6,46.89260295519908,411.195595465462,151
3499.7,8,1100.7006489854953,5.6,46.887266969286955,411.2608514254158,151
3499.8,8,1100.7006489854953,5.6,46.894876516164146,411.1815483372029,151
3499.9,8,1100.7006489854953,5.6,46.891116694737164,411.21417087462385,151
3500.0,8,1100.7006489854953,5.6,46.87597666709721,411.35195766160035,151
3500.1,8,1100.7006489854953,5.6,46.747882868737975,412.33247760987854,151
3500.2,8,1100.7006489854953,5.6,46.73214960355112,412.4698096255543,151
3500.3,8,1100.7006489854953,5.6,46.73532519700709,412.4541621081115,151
3500.4,8,1100.7006489854953,5.6,46.74751658403207,412.3362972507131,151
3500.5,8,1100.7006489854953,5.6,46.73872778903194,412.42201631357943,151
3500.6,8,1100.7006489854953,5.6,46.73029698295577,412.5031088022072,151
3500.7,8,1100.7006489854953,5.6,46.740472164756866,412.4099301942132,151
3500.8,8,1100.7006489854953,5.6,46.732215789196786,412.4934659514331,151
3500.9,8,1100.7006489854953,5.6,46.73810998741686,412.4566541390436,151
3501.0,8,1100.7006489854953,5.6,46.73047140802019,412.5475048867107,151
3501.1,8,1100.7006489854953,5.6,46.682532060798096,412.95678226616377,151
3501.2,8,1100.7006489854953,5.6,46.61962865567417,413.77056760474903,151
3501.3,8,1100.7006489854953,5.6,46.467468733533835,414.9609274486984,151
3501.4,8,1100.7006489854953,5.6,46.44861195066194,415.16161109202284,151
3501.5,8,1100.7006489854953,5.6,46.22575583485921,417.4926258548303,151
3501.6,8,1100.7006489854953,5.6,46.33268675426482,416.39850656341207,151
3501.7,8,1100.7006489854953,5.6,46.34998256398684,416.23877923751303,151
3501.8,8,1100.7006489854953,5.6,46.34465662465164,416.3040148873305,151
3501.9,8,1100.7006489854953,5.6,46.35656274396207,416.18999960290415,151
3502.0,8,1100.7006489854953,5.6,46.36044143297014,416.16195158438217,151
3502.1,8,1100.7006489854953,5.6,46.49251817228957,415.09760852653034,151
3502.2,8,1100.7006489854953,5.6,46.49048595571233,415.1264753417004,151
3502.3,8,1100.7006489854953,5.6,46.50601802090368,414.989480243945,151
3502.4,8,1100.7006489854953,5.6,46.517481441726076,414.8929807222278,151
3502.5,8,1100.7006489854953,5.6,46.51724341779837,414.9040436546227,151
3502.6,8,1100.7006489854953,5.6,46.53184518764293,414.7789610272846,151
3502.7,8,1100.7006489854953,5.6,46.53964016477809,414.7090002893767,151
3502.8,8,1100.7006489854953,5.6,46.543535801428234,414.6885712385106,151
3502.9,8,1100.7006489854953,5.6,46.55169945006942,414.61964865957464,151
3503.0,8,1100.7006489854953,5.6,46.55955279621318,414.56342326144966,151
3503.1,8,1100.7006489854953,4.8999999999999995,46.5674732156377,414.5041209298099,151
3503.2,8,1100.7006489854953,4.8999999999999995,46.58327173358993,414.37640367525205,151
3503.3,8,1100.7006489854953,4.8999999999999995,46.598331246998335,414.24213946842195,151
3503.4,8,1100.7006489854953,4.8999999999999995,46.58787279117675,414.35398751326943,151
3503.5,8,1100.7006489854953,4.8999999999999995,46.60622369487601,414.18333204395253,151
3503.6,8,1100.7006489854953,4.8999999999999995,46.615489755149326,414.1186302916399,151
3503.7,8,1100.7006489854953,4.8999999999999995,46.63443571428306,413.93595056252434,151
3503.8,8,1100.7006489854953,4.8999999999999995,46.73798112742877,412.886119474517,151
3503.9,8,1100.7006489854953,4.8999999999999995,46.74513463563696,412.8219318915955,151
3504.0,8,1100.7006489854953,4.8999999999999995,46.74916144167857,412.78897100099726,151
3504.1,8,1100.7006489854953,4.8999999999999995,46.7570231124818,412.72415432746084,151
3504.2,8,1100.7006489854953,4.8999999999999995,46.76162383124653,412.656993124207,151
3504.3,8,1100.7006489854953,4.8999999999999995,46.84784672582229,412.0042197142435,151
3504.4,8,1100.7006489854953,4.8999999999999995,46.83770027646932,412.096725177592,151
3504.5,8,1100.7006489854953,4.8999999999999995,46.494514451633066,415.6555856628761,151
3504.6,8,1100.7006489854953,4.8999999999999995,46.48655212041224,415.7329527538317,151
3504.7,8,1100.7006489854953,4.8999999999999995,46.486614314695274,415.7216778339151,151
3504.8,8,1100.7006489854953,4.8999999999999995,46.51350738848722,414.5970774461738,151
3504.9,8,1100.7006489854953,4.8999999999999995,46.5156498119367,414.5749405267988,151
3505.0,8,1100.7006489854953,4.8999999999999995,46.512836284443836,414.5891213901678,151
3505.1,8,1100.7006489854953,4.8999999999999995,46.50564187945224,414.6533101826924,151
3505.2,8,1100.7006489854953,4.8999999999999995,46.50063356659043,414.6978900953287,151
3505.3,8,1100.7006489854953,4.8999999999999995,46.51192482347227,414.5882157018823,151
3505.4,8,1100.7006489854953,4.8999999999999995,46.504631994473016,414.6405064749624,151
3505.5,8,1100.7006489854953,4.8999999999999995,46.370671213209555,415.69873136283604,151
3505.6,8,1100.7006489854953,4.8999999999999995,46.373385883381175,415.66275954551696,151
3505.7,10,1100.7006489854953,4.199999999999999,46.37389257560014,415.6448201758699,151
3505.8,10,1100.7006489854953,2.4000000000000004,46.37430581737989,415.63834156343637,151
3505.9,10,1100.7006489854953,2.4000000000000004,46.40493135914737,414.8020975663907,151
3506.0,10,1100.7006489854953,2.4000000000000004,46.42047041116957,414.6595272307094,151
3506.1,10,1100.7006489854953,2.4000000000000004,46.48737976356453,413.8710194546143,151
3506.2,10,1100.7006489854953,2.4000000000000004,46.497416628441535,413.7883488975398,151
3506.3,10,1100.7006489854953,2.4000000000000004,46.51684811702124,413.61225919292724,151
3506.4,10,1100.7006489854953,2.4000000000000004,46.51618545038478,413.62338745236843,151
3506.5,10,1100.7006489854953,2.4000000000000004,46.53581851198136,413.44623095123643,151
3506.6,10,1100.7006489854953,2.4000000000000004,46.53546387559038,413.44619005747654,151
3506.7,10,1100.7006489854953,2.4000000000000004,46.535587817116976,413.4425641898579,151
3506.8,10,1100.7006489854953,2.4000000000000004,46.565866456050365,413.0451486492784,151
3506.9,10,1100.7006489854953,2.4000000000000004,46.567068590476524,413.02511658470075,151
3507.0,10,1100.7006489854953,2.4000000000000004,46.570408989795354,412.99570160658345,151
3507.1,10,1100.7006489854953,2.4000000000000004,46.57764070893799,412.9305115612583,151
3507.2,10,1100.7006489854953,2.4000000000000004,46.60691774497145,412.6645186424621,151
3507.3,10,1100.7006489854953,2.4000000000000004,46.609778463209274,412.64433326435676,151
3507.4,10,1100.7006489854953,2.4000000000000004,46.61869807883883,412.56268317941704,151
3507.5,10,1100.7006489854953,2.4000000000000004,46.616988048837115,412.57299303526304,151
3507.6,10,1100.7006489854953,2.4000000000000004,46.62779602993072,412.4702430419432,151
3507.7,10,1100.7006489854953,2.4000000000000004,46.616562214065524,412.5723382636486,151
3507.8,10,1100.7006489854953,2.4000000000000004,46.620130468995136,412.5542907246608,151
3507.9,10,1100.7006489854953,2.4000000000000004,46.6292664597607,412.48056680035484,151
3508.0,10,1100.7006489854953,2.4000000000000004,46.62784531668292,412.50157973761407,151
3508.1,10,1100.7006489854953,3.2,46.62636490893661,412.5176747284996,151
3508.2,10,1100.7006489854953,3.2,46.61821094599763,412.6039216531707,151
3508.3,10,1100.7006489854953,3.2,46.61558574236243,412.64156024297523,151
3508.4,10,1100.7006489854953,3.2,46.61608305630044,412.6412859681245,151
3508.5,10,1100.7006489854953,3.2,46.61419986353414,412.672763807342,151
3508.6,10,1100.7006489854953,3.2,46.616050544885574,412.6617862322286,151
3508.7,10,1100.7006489854953,3.2,46.61714279214607,412.6634382790189,151
3508.8,10,1100.7006489854953,3.2,46.40598234578817,415.07498275614586,151
3508.9,10,1100.7006489854953,3.2,46.402213099860845,415.1289482709042,151
3509.0,10,1100.7006489854953,3.2,46.40733588969067,415.0776752913612,151
3509.1,10,1100.7006489854953,3.2,46.47695817046147,414.5398334012067,151
3509.2,10,1100.7006489854953,3.2,46.47973616978785,414.5080325728187,151
3509.3,10,1100.7006489854953,3.2,46.486302554941744,414.465877592281,151
3509.4,10,1100.7006489854953,3.2,46.47969012171485,414.52281264867224,151
3509.5,10,1100.7006489854953,3.2,46.479986057628295,414.53639238521663,151
3509.6,10,1100.7006489854953,3.2,46.48871897129732,414.46811573329563,151
3509.7,10,1100.7006489854953,3.2,46.493312256541195,414.4360591372955,151
3509.8,10,1100.7006489854953,3.2,46.4982516548055,414.40302073433566,151
3509.9,10,1100.7006489854953,3.2,46.504278220956564,414.36315644433705,151
3510.0,10,1100.7006489854953,3.2,46.57815403262846,413.65439743422166,151
3510.1,10,1100.7006489854953,3.2,46.57567066617857,413.70289636121663,151
3510.2,10,1100.7006489854953,3.2,46.573910121693515,413.7384252135288,151
3510.3,10,1100.7006489854953,3.2,46.57817839964097,413.72165178814043,151
3510.4,10,1100.7006489854953,3.2,46.58568839674963,413.6719182118486,151
3510.5,10,1100.7006489854953,3.2,46.58875706732614,413.6659631724359,151
3510.6,10,1100.7006489854953,3.2,46.59600130708431,413.600238950114,151
3510.7,10,1100.7006489854953,3.2,46.590759213591596,413.678932036119,151
3510.8,10,1100.7006489854953,3.2,46.62061088940837,413.6228648439985,151
3510.9,6,1099.8108742091365,3.2,46.63118726963202,413.5382489223265,151
3511.0,6,1099.6259683884543,5.5,46.64180181736081,413.4650002178796,151
3511.1,6,1099.6259683884543,5.5,46.66094411573957,413.29050144582834,151
3511.2,6,1099.6259683884543,5.5,46.67164847410328,413.1949551155908,151
3511.3,6,1099.6259683884543,5.5,46.68683988361954,413.06753935480646,151
3511.4,6,1099.6259683884543,5.5,46.75904238169223,412.49262148303984,151
3511.5,6,1099.6259683884543,5.5,46.59305403854728,413.77236227648393,151
3511.6,6,1099.6259683884543,5.5,46.61288150324046,413.59390426522936,151
3511.7,6,1099.6259683884543,5.5,46.63486133407287,413.3969858446926,151
3511.8,6,1099.6259683884543,5.5,46.6555465881806,413.20786636060757,151
3511.9,6,1099.6259683884543,5.5,46.67345724132974,413.06417950841205,151
3512.0,6,1099.6259683884543,5.5,46.69973620065204,412.8253467663609,151
3512.1,6,1099.6259683884543,5.5,46.72361272607985,412.6035495690663,151
3512.2,6,1099.6259683884543,5.5,46.73181679150808,412.54496789246554,151
3512.3,6,1099.6259683884543,5.5,46.733121956462675,412.5334840346344,151
3512.4,6,1099.6259683884543,5.5,46.75058747781415,412.3812813951689,151
3512.5,6,1099.6259683884543,5.5,46.75782625140553,412.33671516513357,151
3512.6,6,1099.6259683884543,5.5,46.78564175434447,412.0988653992347,151
3512.7,6,1099.6259683884543,5.5,46.79024068853147,412.07699601856604,151
3512.8,6,1099.6259683884543,5.5,46.80856558982198,411.9146945363942,151
3512.9,6,1099.6259683884543,5.5,46.81096013710885,411.9110140819342,151
3513.0,6,1099.6259683884543,5.5,46.82028646594365,411.8377079079596,151
3513.1,6,1099.6259683884543,5.5,46.83270704288843,411.7430676083751,151
3513.2,6,1099.6259683884543,5.5,46.834642198680164,411.74925866833803,151
3513.3,6,1099.6259683884543,5.5,46.84601111040701,411.6648746627006,151
3513.4,6,1099.6259683884543,5.5,46.8507241288969,411.63666103734056,151
3513.5,6,1099.39128538134,5.5,46.84897615568794,411.67157767682613,151
3513.6,6,1099.39128538134,6.0,46.85377405709527,411.63531065154496,151
3513.7,6,1099.39128538134,6.0,46.90214653450712,411.2711595477046,151
3513.8,6,1099.39128538134,6.0,46.91053440183299,411.2173659697587,151
3513.9,6,1099.39128538134,6.0,46.92634254600466,411.07150737972955,151
3514.0,6,1099.39128538134,6.0,46.93852927782175,410.9764806677849,151
3514.1,6,1099.39128538134,6.0,46.95720692538984,410.79887563556946,151
3514.2,6,1099.39128538134,6.0,46.96855175487217,410.7058875322318,151
3514.3,6,1099.39128538134,6.0,46.99769726211415,410.43689450613846,151
3514.4,6,1099.39128538134,6.0,47.00365737802552,410.39534288215725,151
3514.5,6,1099.39128538134,6.0,47.03448426843612,410.1091459106997,151
3514.6,6,1099.39128538134,6.0,47.048875453384085,409.9772603710661,151
3514.7,6,1099.39128538134,6.0,47.0637981208951,409.85035037091393,151
3514.8,6,1099.39128538134,6.0,47.07990859187116,409.6989433060395,151
3514.9,6,1099.39128538134,6.0,47.082738182608665,409.68998001815186,151
3515.0,10,1099.39128538134,6.0,47.10735170932513,409.46607037258804,151
3515.1,10,1099.39128538134,5.6000000000000005,47.11478027026372,409.39634202106845,151
3515.2,10,1099.39128538134,5.6000000000000005,47.12401105492337,409.31951233816926,151
3515.3,10,1099.39128538134,5.6000000000000005,47.1352420147705,409.21551303297656,151
3515.4,10,1099.39128538134,5.6000000000000005,47.14994253896269,409.0803153696673,151
3515.5,10,1099.39128538134,5.6000000000000005,47.15159808504581,409.07926036882395,151
3515.6,10,1099.39128538134,5.6000000000000005,47.16043539078179,409.00650411349307,151
3515.7,10,1099.39128538134,5.6000000000000005,47.16146006396715,409.01578048577886,151
3515.8,10,1099.39128538134,5.6000000000000005,47.18640803851578,408.8014726200714,151
3515.9,10,1099.39128538134,5.6000000000000005,47.31010482725404,407.5928203638485,151
3516.0,10,1099.39128538134,5.6000000000000005,47.309154340767165,407.6162412316294,151
3516.1,10,1099.39128538134,5.6000000000000005,47.32026664553078,407.5168990491435,151
3516.2,10,1099.39128538134,5.6000000000000005,47.309920949146765,407.62371427532764,151
3516.3,10,1099.39128538134,5.6000000000000005,47.31742312121486,407.55852987712893,151
3516.4,10,1099.39128538134,5.6000000000000005,47.323970983109305,407.50725790891994,151
3516.5,10,1099.39128538134,5.6000000000000005,47.32377861882878,407.51641925863373,151
3516.6,10,1099.39128538134,5.6000000000000005,47.33902839357935,407.3971872642601,151
3516.7,10,1099.39128538134,5.6000000000000005,47.34545802711095,407.3393819351859,151
3516.8,10,1099.39128538134,5.6000000000000005,47.347732610957266,407.32250651105596,151
3516.9,10,1099.39128538134,5.6000000000000005,47.357248171120915,407.2447666616358,151
3517.0,10,1099.39128538134,5.6000000000000005,47.222384804376816,408.5722768543486,151
3517.1,10,1099.39128538134,5.6000000000000005,47.22828709404669,408.54724787878615,151
3517.2,10,1099.39128538134,5.6000000000000005,47.23756995116619,408.4614155745809,151
3517.3,10,1099.39128538134,5.6000000000000005,47.25202354661753,408.3524017394152,151
3517.4,10,1099.39128538134,5.6000000000000005,47.26786975687179,408.2210816184325,151
3517.5,10,1099.39128538134,5.6000000000000005,47.271913967445876,408.18230311291427,151
3517.6,10,1099.39128538134,5.6000000000000005,47.27948716494534,408.1234286745793,151
3517.7,10,1099.39128538134,5.6000000000000005,47.275896782369614,408.1672885219852,151
3517.8,10,1099.39128538134,5.6000000000000005,47.29411447029201,408.0088300159494,151
3517.9,10,1099.39128538134,5.6000000000000005,47.29517270329387,408.0079646364962,151
3518.0,10,1099.39128538134,5.6000000000000005,47.3099516415683,407.8838521535016,151
3518.1,10,1099.39128538134,5.6000000000000005,47.19258026152354,408.7604984568725,151
3518.2,10,1099.39128538134,5.6000000000000005,47.19864198132619,408.6987113128241,151
3518.3,10,1099.39128538134,5.6000000000000005,47.21142699839475,408.59428967658334,151
3518.4,10,1099.39128538134,5.6000000000000005,47.31624462778251,407.5687821798541,151
3518.5,10,1099.39128538134,5.6000000000000005,47.46081777749904,406.48200708450565,151
3518.6,10,1099.39128538134,5.6000000000000005,47.45340771861624,406.53150343985516,151
3518.7,10,1099.39128538134,5.6000000000000005,47.45460580119699,406.51640504878696,151
3518.8,10,1099.39128538134,5.6000000000000005,47.44519911686556,406.5999096206459,151
3518.9,10,1099.39128538134,5.6000000000000005,47.43384979833351,406.7015582858025,151
3519.0,10,1099.39128538134,5.6000000000000005,47.4334324646951,406.7128364788337,151
3519.1,10,1099.39128538134,5.6000000000000005,47.43882687639697,406.6536853178245,151
3519.2,10,1099.39128538134,5.6000000000000005,47.44552373879721,406.5812248700639,151
3519.3,10,1099.39128538134,5.6000000000000005,47.394446451464816,407.42085673178843,151
3519.4,10,1099.39128538134,5.6000000000000005,47.379349480067404,407.553317428495,151
3519.5,10,1099.39128538134,5.6000000000000005,47.37707759843836,407.5733921473442,151
3519.6,10,1099.39128538134,5.6000000000000005,47.31329298809683,408.1525621540493,151
3519.7,10,1099.39128538134,5.6000000000000005,47.29390970479122,408.33274611715615,151
3519.8,10,1099.39128538134,5.6000000000000005,47.297131089917784,408.2893593552729,151
3519.9,10,1099.39128538134,5.6000000000000005,47.299341405777255,408.2679842080721,151
3520.0,10,1099.39128538134,5.6000000000000005,47.30006886345055,408.26800063815165,151
3520.1,10,1099.39128538134,5.6000000000000005,47.30022522490498,408.2684486435983,151
3520.2,10,1099.39128538134,4.800000000000001,47.29541060013696,408.3060338561496,151
3520.3,10,1099.39128538134,4.800000000000001,47.290989514596895,408.35492985551303,151
3520.4,10,1099.39128538134,4.800000000000001,47.288446118506165,408.381008950766,151
3520.5,10,1099.39128538134,4.800000000000001,46.94880933202822,411.512121868623,151
3520.6,10,1099.39128538134,4.800000000000001,46.98909088338936,411.61593193926285,151
3520.7,10,1099.39128538134,4.800000000000001,46.99013957748882,411.61292875124906,151
3520.8,10,1099.39128538134,4.800000000000001,47.11146678955569,410.3913081672756,151
3520.9,10,1099.39128538134,4.800000000000001,47.13382319337615,410.18309902965746,151
3521.0,10,1099.39128538134,4.800000000000001,47.136865248084725,410.1573495168315,151
3521.1,10,1099.39128538134,4.800000000000001,47.152919527515884,410.02288932986505,151
3521.2,10,1099.39128538134,4.800000000000001,47.155609973124584,409.9997183656059,151
3521.3,10,1099.39128538134,4.800000000000001,47.16716206301007,409.8901882976661,151
3521.4,10,1099.39128538134,4.800000000000001,47.1840954360193,409.742439585562,151
3521.5,10,1099.39128538134,4.800000000000001,47.06425922697658,410.6108733651771,151
3521.6,10,1099.39128538134,4.800000000000001,47.084958126350415,410.4177781143645,151
3521.7,10,1099.39128538134,4.800000000000001,47.0988655887152,410.30149849985037,151
3521.8,10,1099.39128538134,4.800000000000001,47.32901665526434,407.96711994265274,151
3521.9,6,1099.1925336061531,4.800000000000001,47.358445853700154,407.68891741291407,151
3522.0,6,1098.9778549793573,5.0,47.14733706782014,409.8441655136992,151
3522.1,6,1098.9778549793573,5.0,47.15573195994085,409.7514908442638,151
3522.2,6,1098.9778549793573,5.0,47.16207022907864,409.7134853760374,151
3522.3,6,1098.9778549793573,5.0,47.16971688010267,409.62856140855297,151
3522.4,6,1098.9778549793573,5.0,47.188409307557805,409.46626995112865,151
3522.5,6,1098.9778549793573,5.0,47.06213298437156,410.3574942939118,151
3522.6,6,1098.9778549793573,5.0,47.068225164202374,410.30206949965884,151
3522.7,6,1098.9778549793573,5.0,47.06550281605509,410.32411936809115,151
3522.8,6,1098.9778549793573,5.0,47.08594137659692,410.1518832473133,151
3522.9,6,1098.9778549793573,5.0,47.10137543192404,410.0109614882641,151
3523.0,6,1098.9778549793573,5.0,47.11036890701245,409.93452848301234,151
3523.1,6,1098.9778549793573,5.0,47.13078637469718,409.732753384436,151
3523.2,6,1098.9778549793573,5.0,46.90745191185658,412.02604116563435,151
3523.3,6,1099.448931120459,5.0,46.924233742201466,411.88483682626224,152
3523.4,6,1099.448931120459,-100.0,46.93205383079123,411.8214260872067,152
3523.5,6,1099.448931120459,5.0,46.93012377018047,411.8342054917563,152
3523.6,6,1099.448931120459,5.0,46.94391461398983,411.7145208746021,152
3523.7,6,1099.448931120459,5.0,46.9388043748219,411.7591165127254,152
3523.8,6,1099.448931120459,5.0,46.94835185003829,411.6831095757133,152
3523.9,6,1099.448931120459,5.0,46.94304278109802,411.7446596229862,152
3524.0,6,1099.448931120459,5.0,47.040901584238554,410.75873291677306,152
3524.1,6,1099.448931120459,5.0,47.038348947070105,410.8007697465538,152
3524.2,6,1099.448931120459,5.0,47.14361314140545,410.00570711137743,152
3524.3,6,1099.448931120459,5.0,47.14440428245953,410.0170288411315,152
3524.4,6,1099.448931120459,5.0,47.16027545197391,409.8687822162012,152
3524.5,6,1099.448931120459,5.0,47.15884061637916,409.87596227829965,152
3524.6,6,1099.448931120459,5.0,47.15727288316254,409.9076804691787,152
3524.7,6,1099.448931120459,5.0,47.24437603920123,409.23114874804503,152
3524.8,6,1099.448931120459,5.0,47.22629509538881,409.4194838369938,152
3524.9,6,1099.448931120459,5.0,47.22252360548458,409.4313209947047,152
3525.0,6,1099.448931120459,5.0,47.22431984823133,409.41922252271524,152
3525.1,6,1099.448931120459,5.0,47.225282321175754,409.4137072737162,152
3525.2,6,1099.448931120459,5.0,47.22571054653804,409.41387636297395,152
3525.3,6,1099.448931120459,5.0,47.238473928903325,409.2969928707049,152
3525.4,6,1099.448931120459,5.0,47.240390177086965,409.2666478639386,152
3525.5,6,1099.448931120459,5.0,47.23506411899925,409.31357603324614,152
3525.6,6,1099.448931120459,5.0,47.23515938890576,409.3106153097101,152
3525.7,6,1099.448931120459,5.0,47.23231338335785,409.34603233667474,152
3525.8,6,1099.448931120459,5.0,47.2354677612268,409.3149698138434,152
3525.9,6,1099.448931120459,5.0,47.22829124394801,409.3752152722319,152
3526.0,6,1099.448931120459,5.0,47.21683477649414,409.4802190312036,152
3526.1,6,1099.448931120459,5.0,47.212882380997485,409.50653488932676,152
3526.2,6,1099.448931120459,5.0,47.195514940582015,409.6805145340213,152
3526.3,6,1099.448931120459,5.0,47.18803726553438,409.73838852359495,152
3526.4,6,1099.448931120459,5.0,47.18922933761138,409.72462745357245,152
3526.5,6,1099.448931120459,5.0,47.18300252848471,409.7858008066245,152
3526.6,6,1099.448931120459,5.0,47.25464269446635,409.0521671320857,152
3526.7,6,1099.448931120459,5.0,47.25014553755834,409.08753361543603,152
3526.8,6,1099.448931120459,5.0,47.2515582351017,409.0568552730022,152
3526.9,6,1099.448931120459,5.0,47.30679934577668,408.6565848565365,152
3527.0,6,1099.448931120459,5.0,47.2912868499687,408.8156215356455,152
3527.1,6,1099.448931120459,5.0,47.282166922224,408.8913786680928,152
3527.2,6,1099.448931120459,5.0,47.28421296173265,408.87391644949264,152
3527.3,6,1099.448931120459,5.0,47.27272948003852,408.9780994706209,152
3527.4,6,1099.448931120459,5.0,47.25735018720019,409.1083806109674,152
3527.5,6,1099.448931120459,5.0,47.235442746768626,409.2883589585755,152
3527.6,6,1099.448931120459,5.0,47.21964883740738,409.4285518257425,152
3527.7,6,1099.448931120459,5.0,47.09533863303862,410.36600008229937,152
3527.8,12,1099.448931120459,5.0,47.09291166521929,410.3657169632602,152
3527.9,12,1099.448931120459,4.5,47.077335966665146,410.51272157501035,152
3528.0,12,1099.9197094041733,4.5,47.0751683585013,410.5099683754864,153
3528.1,12,1099.9197094041733,-100.0,47.06356731723233,410.6085935199928,153
3528.2,12,1099.9197094041733,4.5,47.13471170033638,409.81901324250884,153
3528.3,12,1099.9197094041733,4.5,47.1238381915731,409.9093650229143,153
3528.4,12,1099.9197094041733,4.5,47.12231542746275,409.91950983587043,153
3528.5,12,1099.9197094041733,4.5,46.92048345976336,411.90583404081616,153
3528.6,12,1099.9197094041733,4.5,46.932794844612715,411.78307036064854,153
3528.7,12,1099.9197094041733,4.5,46.92777784144938,411.83008269034644,153
3528.8,12,1099.9197094041733,4.5,46.93283790619263,411.76365557192287,153
3528.9,12,1099.9197094041733,4.5,46.72446922851857,413.9102363551314,153
3529.0,12,1099.9197094041733,4.5,46.741035158234574,413.74814452898863,153
3529.1,12,1099.9197094041733,4.5,46.75518721581021,413.59959732879815,153
3529.2,12,1099.9197094041733,4.5,46.76333961709382,413.5059326352236,153
3529.3,12,1099.9197094041733,4.5,46.84763511155005,412.64004589626177,153
3529.4,12,1099.9197094041733,4.5,46.85548096579814,412.55160822678744,153
3529.5,12,1099.9197094041733,4.5,46.873459755897166,412.37935301077925,153
3529.6,12,1099.9197094041733,4.5,46.886916830836554,412.243914856631,153
3529.7,12,1099.9197094041733,5.4,46.9016090091352,412.1013508710628,153
3529.8,12,1099.9197094041733,5.4,46.91203631386483,412.00647017042,153
3529.9,12,1099.9197094041733,5.4,46.97042495130217,411.56324027726527,153
3530.0,12,1099.9197094041733,5.4,46.99346935653004,411.3585230786101,153
3530.1,12,1099.9197094041733,5.4,46.997113920682736,411.2951448177653,153
3530.2,12,1099.9197094041733,5.4,47.012477769151346,411.13181739335937,153
3530.3,12,1099.9197094041733,5.4,47.01690735597488,411.0803548527596,153
3530.4,12,1099.9197094041733,5.4,47.03282725884878,410.9363185415151,153
3530.5,12,1099.9197094041733,5.4,46.85983041788254,412.23793164133076,153
3530.6,12,1099.9197094041733,5.4,46.64015540172932,414.5135801657474,153
3530.7,12,1099.9197094041733,5.4,46.63518516000475,414.5424802826627,153
3530.8,12,1099.9197094041733,6.3,46.757920495444,413.27172366079355,153
3530.9,12,1099.9197094041733,6.3,46.75265448256583,413.32214776508727,153
3531.0,12,1099.9197094041733,6.3,46.76232886352234,413.2198702380821,153
3531.1,12,1099.9197094041733,6.3,46.76870808571705,413.171609357795,153
3531.2,12,1099.9197094041733,6.3,46.777176561892745,413.09765268701074,153
3531.3,12,1099.9197094041733,6.3,46.77813476915658,413.0790936014686,153
3531.4,12,1099.9197094041733,6.3,46.59378010429906,414.47388311378063,153
3531.5,12,1099.9197094041733,6.3,46.58368686765418,414.56263947865784,153
3531.6,12,1099.9197094041733,6.3,46.582933514585996,414.5634318422033,153
3531.7,12,1099.9197094041733,6.3,46.576076883842305,414.61133263307477,153
3531.8,12,1099.9197094041733,6.3,46.57138686375119,414.656455655809,153
3531.9,12,1099.9197094041733,6.3,46.56323634040477,414.72447830641966,153
3532.0,12,1099.9197094041733,6.3,46.557016746290174,414.7849789116466,153
3532.1,12,1099.9197094041733,6.3,46.5435661919214,414.8902975662535,153
3532.2,12,1099.9197094041733,6.3,46.53720299289152,414.926150587744,153
3532.3,12,1099.9197094041733,6.3,46.51395847391731,415.14450474008777,153
3532.4,12,1099.9197094041733,6.3,46.49907796451298,415.2787562275759,153
3532.5,12,1099.9197094041733,6.3,46.51835045665588,415.1511465867496,153
3532.6,12,1099.9197094041733,5.4,46.501154054141836,415.28989706527204,153
3532.7,12,1099.9197094041733,5.4,46.21803054077166,418.2443022077481,153
3532.8,12,1099.9197094041733,5.4,46.20991171110556,418.315143403948,153
3532.9,12,1099.9197094041733,5.4,46.02931324151746,419.7109258882997,153
3533.0,12,1099.9197094041733,5.4,46.02053672816287,419.789091463448,153
3533.1,7,1100.0658197757227,5.4,45.99915613482789,419.99169617249186,153
3533.2,7,1100.1075295902685,4.199999999999999,45.97477868891291,419.56247641420447,153
3533.3,7,1100.1268213550804,4.199999999999999,45.96369031221412,419.6632386165856,153
3533.4,7,1100.0768974441262,4.199999999999999,46.02016250645775,419.0353073654469,153
3533.5,7,1100.0768974441262,4.8999999999999995,46.00893852882249,419.12083341090283,153
3533.6,7,1100.0768974441262,4.8999999999999995,45.98380023192057,419.33836467131897,153
3533.7,7,1100.0768974441262,4.8999999999999995,45.95508298288237,419.60185673202363,153
3533.8,7,1100.5443952512214,4.8999999999999995,45.93571651564897,419.76735898001385,154
3533.9,7,1100.5443952512214,-100.0,45.91595204960926,419.93626530854,154
3534.0,7,1100.5443952512214,4.8999999999999995,45.89463880370283,420.1285085019548,154
3534.1,7,1100.5443952512214,4.8999999999999995,45.873924020042466,420.29844912579614,154
3534.2,7,1100.5443952512214,4.8999999999999995,45.858429965337685,420.43200638625524,154
3534.3,7,1100.5443952512214,4.8999999999999995,45.83357481753552,420.6561932569554,154
3534.4,7,1100.5443952512214,4.199999999999999,45.81328412832034,420.8288027462586,154
3534.5,7,1100.5443952512214,4.199999999999999,45.79606703118487,420.9859014372937,154
3534.6,7,1100.5443952512214,4.199999999999999,45.57472053897237,422.7866573634383,154
3534.7,7,1100.5443952512214,4.199999999999999,45.55331831063064,422.97975216400584,154
3534.8,7,1100.5443952512214,4.199999999999999,45.53307958103184,423.15336367746875,154
3534.9,7,1100.5443952512214,4.199999999999999,45.520864297247805,423.26839327418196,154
3535.0,7,1100.5443952512214,4.199999999999999,45.5057541124718,423.38424136062406,154
3535.1,7,1100.5443952512214,4.199999999999999,45.52375420776028,423.26364492381254,154
3535.2,7,1100.5443952512214,4.199999999999999,45.49935590755627,423.47011113775676,154
3535.3,7,1100.5443952512214,4.199999999999999,45.48092503920223,423.6338519091271,154
3535.4,7,1100.5443952512214,4.199999999999999,45.46983077032948,423.7084384207353,154
3535.5,7,1100.5443952512214,4.199999999999999,45.49750912024202,423.1952128219971,154
3535.6,7,1100.5443952512214,4.199999999999999,45.478234336602384,423.3579594161097,154
3535.7,7,1100.5443952512214,4.199999999999999,45.51537177435773,422.9338392521313,154
3535.8,7,1100.5443952512214,4.199999999999999,45.479737734294424,423.25435384492766,154
3535.9,7,1100.5443952512214,4.199999999999999,45.44696675527351,423.5410576982665,154
3536.0,7,1101.0117492639495,4.199999999999999,45.40671131750279,423.91481470141684,155
3536.1,7,1101.0117492639495,-100.0,45.36982833842761,424.2512221249039,155
3536.2,12,1101.0117492639495,4.199999999999999,45.32991025271372,424.620767597464,155
3536.3,12,1101.0117492639495,4.5,45.30387292232409,424.8612365730928,155
3536.4,12,1101.0117492639495,4.5,45.31687702619585,424.4725263734899,155
3536.5,7,1101.0117492639495,3.6,45.27910606857094,424.8128116071896,155
3536.6,7,1101.0117492639495,4.199999999999999,45.245761805534855,425.1154619381456,155
3536.7,7,1101.0117492639495,4.199999999999999,45.2010404517432,425.5334089542264,155
3536.8,7,1101.0117492639495,4.199999999999999,45.17549505155812,425.75970368386396,155
3536.9,7,1101.0117492639495,4.199999999999999,45.13449426238487,426.1456879690469,155
3537.0,7,1101.0117492639495,4.199999999999999,45.10710373208099,426.39644203585226,155
3537.1,7,1101.0117492639495,4.199999999999999,45.07326087448896,426.7197022225861,155
3537.2,7,1101.0117492639495,4.199999999999999,45.043562921176886,427.00047316732287,155
3537.3,7,1101.0117492639495,4.199999999999999,45.01830406966733,427.2412239778844,155
3537.4,7,1101.0117492639495,3.5,44.98982941773566,427.5089930197414,155
3537.5,7,1100.959844871642,3.5,44.96370396823039,427.75685781826866,155
3537.6,7,1100.959844871642,4.199999999999999,44.9380323086512,428.00045735579204,155
3537.7,7,1100.959844871642,4.199999999999999,44.92673521465238,428.09514582393524,155
3537.8,7,1100.959844871642,4.199999999999999,44.89816564622641,428.37444427004175,155
3537.9,7,1100.959844871642,4.199999999999999,44.895367698832914,428.39346842613054,155
3538.0,7,1100.959844871642,4.199999999999999,44.88923687091311,428.44213981246196,155
3538.1,7,1101.4258462200794,4.199999999999999,44.872789091138905,428.59969684271437,156
3538.2,7,1101.4258462200794,-100.0,44.867549538106495,428.63964542745373,156
3538.3,7,1101.4258462200794,4.199999999999999,44.95062133533426,427.90562444794233,156
3538.4,7,1101.4258462200794,4.199999999999999,44.92901662238201,428.1052117475832,156
3538.5,7,1101.4258462200794,4.199999999999999,44.90568254806769,428.3136020422163,156
3538.6,7,1101.4258462200794,4.199999999999999,44.892850954559684,428.4241745781033,156
3538.7,7,1101.4258462200794,4.199999999999999,44.88068269383689,428.5341775315852,156
3538.8,7,1101.4258462200794,4.199999999999999,44.86418484608305,428.68614422247583,156
3538.9,7,1101.4258462200794,4.199999999999999,44.88042271355978,428.4945460529665,156
3539.0,7,1101.4258462200794,4.199999999999999,44.881042057944896,428.47552393309275,156
3539.1,7,1101.4258462200794,4.199999999999999,44.8614949099616,428.6658003424188,156
3539.2,7,1101.4258462200794,4.199999999999999,44.85129923152151,428.75927091096116,156
3539.3,7,1101.4258462200794,4.199999999999999,44.84604098055839,428.80003898726557,156
3539.4,7,1101.4258462200794,4.199999999999999,44.83531378359338,428.90038081086806,156
3539.5,7,1101.4258462200794,4.199999999999999,44.837485745765285,428.8772264122109,156
3539.6,7,1101.4258462200794,4.199999999999999,44.828614997166014,428.95480763240295,156
3539.7,7,1101.4258462200794,4.199999999999999,44.65653510907314,430.74075666786734,156
3539.8,7,1101.3741573217835,4.199999999999999,44.650879083521616,430.78877494847944,156
3539.9,7,1101.3741573217835,4.8999999999999995,44.63568829598068,430.9279658716971,156
3540.0,7,1101.3741573217835,4.8999999999999995,44.61508244437293,431.1325631231187,156
3540.1,7,1101.3741573217835,4.8999999999999995,44.59488767418223,431.3373395902919,156
3540.2,7,1101.3741573217835,4.8999999999999995,44.60672607107986,431.21192801789186,156
3540.3,7,1101.3741573217835,4.8999999999999995,44.6202835077988,431.0811425419006,156
3540.4,7,1101.3741573217835,4.8999999999999995,44.72795148886749,430.1407980611542,156
3540.5,7,1101.3741573217835,4.8999999999999995,44.744719414352176,429.97096635796834,156
3540.6,7,1101.3741573217835,4.199999999999999,44.763897277040826,429.7737848526805,156
3540.7,7,1101.3741573217835,4.199999999999999,44.77487905197503,429.6642254829112,156
3540.8,7,1101.3741573217835,4.199999999999999,44.64106231987829,430.8249481637283,156
3540.9,7,1101.3741573217835,4.199999999999999,44.64545772030562,430.7770550590128,156
3541.0,7,1101.3741573217835,4.199999999999999,44.652720669085525,430.69475358770313,156
3541.1,7,1101.3741573217835,4.199999999999999,44.666275134625145,430.2781820354876,156
3541.2,7,1101.3741573217835,4.199999999999999,44.68080742198802,430.1275891220284,156
3541.3,7,1101.839797670527,4.199999999999999,44.69018884865349,430.03282063051677,157
3541.4,7,1101.839797670527,-100.0,44.70015213320564,429.9235485895715,157
3541.5,7,1101.839797670527,4.199999999999999,44.706185897277344,429.8551227014382,157
3541.6,7,1101.839797670527,4.199999999999999,44.726013424157465,429.6516684755936,157
3541.7,7,1101.839797670527,4.199999999999999,44.72772715898591,429.63854160940934,157
3541.8,7,1101.839797670527,4.199999999999999,44.749592438359585,429.41738879461116,157
3541.9,7,1101.7873376261114,4.199999999999999,44.76277210923651,429.28703090475335,157
3542.0,7,1101.7873376261114,4.8999999999999995,44.817264331535426,428.7452395021983,157
3542.1,7,1101.7873376261114,4.8999999999999995,44.81622330711977,428.7576450121824,157
3542.2,7,1101.7873376261114,4.8999999999999995,44.825292488708826,428.66317764558727,157
3542.3,7,1101.7873376261114,4.8999999999999995,44.826387032217454,428.66004441456323,157
3542.4,7,1101.7873376261114,4.8999999999999995,44.85068888176217,428.4143429649366,157
3542.5,7,1101.7873376261114,4.8999999999999995,44.85272779629851,428.39540144618377,157
3542.6,7,1101.7873376261114,4.8999999999999995,44.880487226126995,428.12395006883105,157
3542.7,7,1101.7873376261114,4.8999999999999995,44.88765319486523,428.0551745281979,157
3542.8,7,1101.7873376261114,4.8999999999999995,44.906922166760495,427.8668297866868,157
3542.9,7,1101.7873376261114,4.8999999999999995,44.899237701592156,427.946136969798,157
3543.0,7,1101.7873376261114,4.8999999999999995,44.923922883119616,427.70002732180683,157
3543.1,7,1101.7873376261114,4.8999999999999995,44.93101377405098,427.6335972940647,157
3543.2,7,1101.7873376261114,4.8999999999999995,44.94430754808185,427.50109449325186,157
3543.3,7,1101.7873376261114,4.8999999999999995,44.96143457482661,427.33982162035255,157
3543.4,7,1101.7873376261114,4.8999999999999995,44.976666527506595,427.1890332510387,157
3543.5,7,1101.7873376261114,4.8999999999999995,44.999793437105396,426.9601609166227,157
3543.6,7,1101.7873376261114,4.8999999999999995,45.018111133164254,426.7808905636898,157
3543.7,7,1102.2520537856271,4.8999999999999995,45.0331425179739,426.6350750898967,158
3543.8,7,1102.2520537856271,-100.0,45.032887209396264,426.6391382681247,158
3543.9,7,1102.2520537856271,4.199999999999999,45.03904704653202,426.5788981646525,158
3544.0,7,1102.2520537856271,4.199999999999999,45.05520628533608,426.4280202026798,158
3544.1,7,1102.2520537856271,4.199999999999999,45.05038517471072,426.4770062302282,158
3544.2,7,1102.2520537856271,4.199999999999999,45.06243568262662,426.3621741985331,158
3544.3,7,1102.2520537856271,4.199999999999999,45.07184589020856,426.2769524266717,158
3544.4,7,1102.2520537856271,4.199999999999999,45.062121623980744,426.3738159949779,158
3544.5,7,1102.2520537856271,4.199999999999999,45.05864847206013,426.41177146690404,158
3544.6,7,1102.2520537856271,4.199999999999999,44.99191353430908,427.1172678484945,158
3544.7,7,1102.2520537856271,4.199999999999999,45.00764315003691,426.93474604349547,158
3544.8,8,1102.2520537856271,3.5,45.00511977683061,426.9544846344229,158
3544.9,8,1102.2520537856271,4.199999999999999,45.01613232645813,426.8442802816469,158
3545.0,7,1102.2520537856271,3.5,45.02470304529819,426.7694937491293,158
3545.1,7,1102.2520537856271,3.5,45.030084102934595,426.7147600811337,158
3545.2,7,1102.2520537856271,3.5,45.03672807409603,426.6479562355513,158
3545.3,7,1102.2520537856271,3.5,45.04389039129374,426.5865373326495,158
3545.4,7,1102.2520537856271,3.5,45.064000808502215,426.3874871745575,158
3545.5,7,1102.2520537856271,3.5,45.075190610846484,426.2814828441434,158
3545.6,7,1102.2520537856271,3.5,45.074279793683004,426.2924929156667,158
3545.7,8,1102.2520537856271,3.5,45.07488030764297,426.2834424960738,158
3545.8,8,1102.2520537856271,4.199999999999999,45.09923161211513,426.0457166092664,158
3545.9,8,1102.2520537856271,4.199999999999999,45.10581077382609,425.9781315688407,158
3546.0,8,1102.2520537856271,4.199999999999999,45.10750656444122,425.9621607358098,158
3546.1,8,1102.7170580900997,4.199999999999999,45.126086847172445,425.77478447817407,159
3546.2,8,1102.7170580900997,-100.0,45.11988749957362,425.8312284829135,159
3546.3,7,1102.6651885791848,4.199999999999999,45.11888783827739,425.83414469023205,159
3546.4,7,1102.6651885791848,4.199999999999999,45.13129283710899,425.7149560747652,159
3546.5,7,1102.6651885791848,4.199999999999999,45.142250083940866,425.6066389335738,159
3546.6,8,1102.6651885791848,4.199999999999999,45.150509041464474,425.523173987891,159
3546.7,8,1102.6651885791848,4.199999999999999,45.14801473124564,425.54024428152684,159
3546.8,8,1102.6651885791848,4.199999999999999,45.15856564773707,425.4386827042656,159
3546.9,8,1102.6651885791848,4.199999999999999,45.17428181252072,425.29014476373413,159
3547.0,8,1102.6651885791848,4.199999999999999,45.19489471230004,425.0907285335355,159
3547.1,8,1102.6651885791848,4.199999999999999,45.220705675798285,424.8496167770841,159
3547.2,8,1102.6651885791848,4.199999999999999,45.34423930410095,423.650485197546,159
3547.3,8,1102.6651885791848,4.199999999999999,45.37905561964829,423.3206995798448,159
3547.4,8,1102.6651885791848,4.199999999999999,45.408676075316876,423.04063280940903,159
3547.5,8,1102.6651885791848,4.8999999999999995,45.435734237404446,422.78843407259666,159
3547.6,8,1102.6651885791848,4.8999999999999995,45.4724987250888,422.44221501567733,159
3547.7,8,1102.6651885791848,4.8999999999999995,45.510926859495875,422.07953925799114,159
3547.8,8,1102.6651885791848,4.8999999999999995,45.5250927664672,421.9413357312517,159
3547.9,8,1102.6651885791848,4.8999999999999995,45.543375773072995,421.7701881998104,159
3548.0,8,1102.6651885791848,4.8999999999999995,45.4515412428134,422.5858740766845,159
3548.1,8,1102.6651885791848,4.8999999999999995,45.461904096448485,422.4865147975826,159
3548.2,8,1103.1290372457713,4.8999999999999995,45.47782008651784,422.3421937211395,160
3548.3,8,1103.1290372457713,-100.0,45.49691818134639,422.16365356955976,160
3548.4,8,1103.1290372457713,4.8999999999999995,45.4953389956754,422.1809262500843,160
3548.5,8,1103.1290372457713,4.8999999999999995,45.504312991692004,422.0834864024156,160
3548.6,7,1103.0761635338424,4.199999999999999,45.51796229280254,421.95618394661057,160
3548.7,7,1103.0761635338424,5.6,45.53951123089204,421.755536815507,160
3548.8,7,1103.0761635338424,5.6,45.56105355239575,421.5542481998424,160
3548.9,7,1103.0761635338424,5.6,45.573334516764945,421.4405267648974,160
3549.0,7,1103.0761635338424,5.6,45.59839002385377,421.2061415013635,160
3549.1,7,1103.0761635338424,5.6,45.78121832467933,419.58011366718324,160
3549.2,7,1103.0761635338424,5.6,45.801330303222684,419.3913096184756,160
3549.3,7,1103.0761635338424,5.6,45.84006173937899,419.0228108505572,160
3549.4,7,1103.0761635338424,5.6,45.85293764055132,418.9005270477281,160
3549.5,7,1103.0761635338424,5.6,45.73076372345014,420.0772608646165,160
3549.6,7,1103.0761635338424,5.6,45.76006135429813,419.80355295822494,160
3549.7,7,1103.0761635338424,5.6,45.77535653658775,419.66296850668687,160
3549.8,7,1103.0761635338424,5.6,45.792622570588264,419.5068690695551,160
3549.9,7,1103.0761635338424,5.6,45.818502093011375,419.26812063565677,160
3550.0,7,1103.0761635338424,5.6,45.8416839250892,419.0517522674512,160
3550.1,8,1103.0761635338424,5.6,45.74263864691096,419.8976704867799,160
3550.2,8,1103.0761635338424,5.6,45.765510440020755,419.6821284998557,160
3550.3,8,1103.0761635338424,5.6,45.797472873399144,419.38109841899075,160
3550.4,8,1103.0761635338424,5.6,45.88053563154205,418.5990360028344,160
3550.5,8,1103.0761635338424,5.6,45.90764730471129,418.3469557365983,160
3550.6,8,1103.0761635338424,5.6,45.939288177383844,418.05542404677885,160
3550.7,8,1103.0761635338424,5.6,45.95195368164383,417.9381380059459,160
3550.8,8,1103.0761635338424,5.6,45.98398609755851,417.64326148853195,160
3550.9,8,1103.0761635338424,5.6,46.01021828207959,417.4008788096818,160
3551.0,8,1103.0761635338424,5.6,46.15549119034908,416.12376373457715,160
3551.1,8,1103.0761635338424,5.6,46.0412021643546,417.1106565789605,160
3551.2,8,1103.0761635338424,6.3,46.04881089934273,417.04129968992174,160
3551.3,8,1103.0761635338424,6.3,46.079188324973444,416.7636851769232,160
3551.4,8,1103.0761635338424,6.3,46.101191436926044,416.5647632220116,160
3551.5,8,1103.0761635338424,6.3,46.12703591130904,416.3283788122254,160
3551.6,8,1103.0761635338424,6.3,46.15986299806717,416.03003555921737,160
3551.7,8,1103.0761635338424,6.3,46.19338590633074,415.72361219444724,160
3551.8,8,1103.0761635338424,6.3,46.21255571073279,415.5524488372335,160
3551.9,8,1103.0761635338424,6.3,46.25530310945568,415.16499295857705,160
3552.0,8,1103.0761635338424,6.3,46.28759303093344,414.8742807944741,160
3552.1,8,1103.0761635338424,6.3,46.180907239495326,415.7980512734581,160
3552.2,8,1103.0761635338424,6.3,46.204357802349975,415.5866439369362,160
3552.3,8,1103.0761635338424,6.3,46.050172588582434,417.014968860404,160
3552.4,8,1103.0761635338424,6.3,46.06653977460688,416.8698541628678,160
3552.5,8,1103.0761635338424,6.3,46.090031897594315,416.66034373311527,160
3552.6,8,1103.0761635338424,6.3,46.121593461876586,416.3732336882448,160
3552.7,8,1103.0761635338424,6.3,46.16009220952206,416.00091740727476,160
3552.8,7,1103.0356794009576,5.6,46.175489027952416,415.86478352191415,160
3552.9,7,1103.0356794009576,5.6,46.21335827738244,415.5267415303382,160
3553.0,7,1103.4985241710565,5.6,46.07226244386038,416.77148795396556,161
3553.1,7,1103.4985241710565,-100.0,46.114191077776155,416.39227418911344,161
3553.2,7,1103.4985241710565,5.6,46.1343984501257,416.2148778241865,161
3553.3,7,1103.4985241710565,5.6,46.28306790776547,414.90355899442727,161
3553.4,7,1103.4985241710565,5.6,46.313563960920824,414.63139390040243,161
3553.5,7,1103.4985241710565,5.6,46.353130985927145,414.2795666348378,161
3553.6,7,1103.4985241710565,5.6,46.38222361224266,414.02428688889836,161
3553.7,7,1103.4985241710565,4.8999999999999995,46.419323220828446,413.69532413580987,161
3553.8,7,1103.4985241710565,4.8999999999999995,46.43872576443927,413.5267776853865,161
3553.9,7,1103.4985241710565,4.8999999999999995,46.52141046526039,412.78075941722705,161
3554.0,7,1103.4985241710565,4.8999999999999995,46.55345916965781,412.4995757732288,161
3554.1,7,1103.4985241710565,4.8999999999999995,46.579995992965195,412.2683530105588,161
3554.2,7,1103.4985241710565,4.8999999999999995,46.60696016503377,412.0341688770459,161
3554.3,7,1103.4985241710565,4.8999999999999995,46.64468050068565,411.7010115839897,161
3554.4,7,1103.4985241710565,4.8999999999999995,46.652075296916635,411.6643612917385,161
3554.5,7,1103.4985241710565,4.8999999999999995,46.68701238409977,411.35596093912557,161
3554.6,7,1103.4985241710565,4.8999999999999995,46.699858785486384,411.2450349180905,161
3554.7,7,1103.4985241710565,4.8999999999999995,46.72011745698772,411.07142833826714,161
3554.8,7,1103.4985241710565,4.8999999999999995,46.541712625538665,412.72048062945953,161
3554.9,7,1103.4985241710565,4.8999999999999995,46.5822420474682,412.3560005121683,161
3555.0,7,1103.4985241710565,4.8999999999999995,46.61154962950141,412.09785421209926,161
3555.1,8,1103.4985241710565,4.8999999999999995,46.636056317317696,411.88433165346976,161
3555.2,8,1103.4985241710565,4.8999999999999995,46.654843059380475,411.72082948488423,161
3555.3,8,1103.4985241710565,4.8999999999999995,46.6908156560644,411.4005822983633,161
3555.4,8,1103.4985241710565,4.8999999999999995,46.72737998298234,411.08839884122494,161
3555.5,8,1103.4985241710565,4.8999999999999995,46.7713009799093,410.7004765997534,161
3555.6,8,1103.4985241710565,4.8999999999999995,46.812100546250285,410.3433665464357,161
3555.7,8,1103.4985241710565,4.8999999999999995,46.858765373548,409.9381962961762,161
3555.8,8,1103.4985241710565,4.8999999999999995,46.66414683774647,411.75836057430695,161
3555.9,8,1103.4985241710565,4.8999999999999995,46.70116198427483,411.4395734643907,161
3556.0,8,1103.4985241710565,4.8999999999999995,46.7209031758516,411.28499614570023,161
3556.1,8,1103.4985241710565,4.8999999999999995,46.763141801495124,410.92217579204186,161
3556.2,8,1103.4985241710565,4.8999999999999995,46.68434553164754,411.57107804500504,161
3556.3,8,1103.4985241710565,4.8999999999999995,46.7121837389636,411.3346457721482,161
3556.4,8,1103.4985241710565,4.8999999999999995,46.745555901494015,411.0500411298086,161
3556.5,8,1103.4985241710565,4.8999999999999995,46.79643881608727,410.6027065176031,161
3556.6,8,1103.4985241710565,4.8999999999999995,46.82766379201981,410.3408961139506,161
3556.7,8,1103.4985241710565,4.8999999999999995,46.8664963449465,410.0097682395082,161
3556.8,8,1103.4985241710565,4.8999999999999995,46.92552857813917,409.51513593510623,161
3556.9,8,1103.4985241710565,4.8999999999999995,46.95015538217852,409.31270782059323,161
3557.0,8,1103.4985241710565,4.8999999999999995,47.001385229402246,408.8802445180015,161
3557.1,8,1103.4985241710565,4.8999999999999995,47.08152692417811,408.05794923214006,161
3557.2,8,1103.4985241710565,4.8999999999999995,47.11335802513748,407.7929033239193,161
3557.3,8,1103.4985241710565,4.8999999999999995,47.15633429815309,407.4293372816559,161
3557.4,8,1103.4985241710565,4.8999999999999995,47.19510461576013,407.10594566148507,161
3557.5,8,1103.4985241710565,4.8999999999999995,47.24288613159793,406.6990064671387,161
3557.6,8,1103.4985241710565,4.8999999999999995,47.27697483069181,406.4129041481052,161
3557.7,8,1103.4985241710565,4.8999999999999995,47.29967349785388,406.2312694382722,161
3557.8,8,1103.4985241710565,4.8999999999999995,47.34454416079019,405.854353523902,161
3557.9,8,1103.4985241710565,4.8999999999999995,47.39290850993119,405.4441520025834,161
3558.0,8,1103.4985241710565,4.8999999999999995,47.42337683891745,405.19707843597604,161
3558.1,8,1103.4985241710565,4.8999999999999995,47.46971680634105,404.8116620959147,161
3558.2,8,1103.4985241710565,4.8999999999999995,47.50190646555755,404.5511621266277,161
3558.3,8,1103.4985241710565,4.8999999999999995,47.44361372473226,405.0054372827414,161
3558.4,8,1103.4454341307298,4.8999999999999995,47.48808955193373,404.6316458620908,161
3558.5,8,1103.4454341307298,4.8999999999999995,47.521715936272514,404.358814936538,161
3558.6,8,1103.4454341307298,4.8999999999999995,47.566104213112546,403.99261961150546,161
3558.7,8,1103.4454341307298,4.8999999999999995,47.603537334279366,403.6924176111363,161
3558.8,8,1103.4454341307298,4.8999999999999995,47.636463824425704,403.4268574360325,161
3558.9,8,1103.4454341307298,4.8999999999999995,47.67166205732525,403.13563366064034,161
3559.0,8,1103.4454341307298,4.8999999999999995,47.703912281877734,402.8748906894409,161
3559.1,8,1103.4454341307298,4.8999999999999995,47.73458738239677,402.6365272513349,161
3559.2,8,1103.4454341307298,4.8999999999999995,47.63855392294748,403.3967618888513,161
3559.3,8,1103.4454341307298,4.8999999999999995,47.67860716525567,403.06798180779055,161
3559.4,8,1103.4454341307298,4.8999999999999995,47.70643584861254,402.8528544173325,161
3559.5,8,1103.4454341307298,4.8999999999999995,47.74481277073285,402.53615955554653,161
3559.6,8,1103.4454341307298,4.8999999999999995,47.84646249162982,401.6546849453161,161
3559.7,8,1103.4454341307298,4.8999999999999995,47.89492984865803,401.24978857110216,161
3559.8,8,1103.4454341307298,4.8999999999999995,47.92513050782691,401.01560628910534,161
3559.9,8,1103.4454341307298,4.8999999999999995,47.95719760919466,400.76402107395904,161
3560.0,8,1103.4454341307298,4.8999999999999995,47.99896945882552,400.42294731129357,161
3560.1,8,1103.4454341307298,4.8999999999999995,48.03161986152136,400.1588408501859,161
3560.2,8,1103.4454341307298,4.8999999999999995,47.900889349447766,401.3624306772522,161
3560.3,8,1103.4454341307298,4.8999999999999995,47.935993357612716,401.0798123293677,161
3560.4,8,1103.4454341307298,4.8999999999999995,47.96808162505176,400.8258196474282,161
3560.5,8,1103.4454341307298,4.8999999999999995,47.99648374814487,400.60691131400506,161
3560.6,8,1103.4454341307298,4.8999999999999995,48.038024351181406,400.27036339840737,161
3560.7,8,1103.4454341307298,4.8999999999999995,48.05728553618337,400.1350488736799,161
3560.8,8,1103.4454341307298,4.8999999999999995,47.95075263879419,400.9374900827338,161
3560.9,8,1103.4454341307298,4.8999999999999995,47.98475486469063,400.6610594183796,161
3561.0,8,1103.4454341307298,4.8999999999999995,48.02448583556563,400.34165391318754,161
3561.1,8,1103.4454341307298,4.8999999999999995,48.072902866346496,399.942059405134,161
3561.2,8,1103.4454341307298,4.8999999999999995,48.119763005345405,399.5590836825784,161
3561.3,8,1103.4454341307298,4.8999999999999995,48.15737802667441,399.2561670971629,161
3561.4,8,1103.3925367544323,4.8999999999999995,48.18219980192383,399.0664950164212,161
3561.5,8,1103.3925367544323,5.6,48.20199255555636,398.9278384056179,161
3561.6,8,1103.3925367544323,5.6,48.24048533339872,398.6300837248781,161
3561.7,8,1103.3925367544323,5.6,48.27473715293092,398.3545981107238,161
3561.8,8,1103.3925367544323,5.6,48.30307835854538,398.13321722303124,161
3561.9,8,1103.3925367544323,5.6,48.343592700334995,397.7995458528967,161
3562.0,8,1103.3925367544323,4.8999999999999995,48.37021814162047,397.59119558798466,161
3562.1,8,1103.3925367544323,4.8999999999999995,48.4078563915048,397.29973493684747,161
3562.2,8,1103.3925367544323,4.8999999999999995,48.42170480519222,397.2073545515108,161
3562.3,8,1103.3925367544323,4.8999999999999995,48.28277979108475,398.2548209160268,161
3562.4,8,1103.3925367544323,4.8999999999999995,48.326213153973015,397.895749864525,161
3562.5,8,1103.3925367544323,4.8999999999999995,48.3683689546861,397.55729102386374,161
3562.6,8,1103.3925367544323,4.8999999999999995,48.4010090412126,397.3060166203767,161
3562.7,8,1103.3925367544323,4.8999999999999995,48.43900556643412,397.000653794673,161
3562.8,8,1103.3925367544323,4.8999999999999995,48.4814697684853,396.65621318767455,161
3562.9,8,1103.3925367544323,4.8999999999999995,48.50101144986052,396.510986366402,161
3563.0,8,1103.3925367544323,4.8999999999999995,48.52693376254568,396.31227479253766,161
3563.1,8,1103.3925367544323,4.8999999999999995,48.5521827190108,396.1200375180331,161
3563.2,8,1103.3925367544323,4.8999999999999995,48.58345380366032,395.8684402642847,161
3563.3,8,1103.3925367544323,4.8999999999999995,48.615662746753245,395.61729228883326,161
3563.4,8,1103.3925367544323,4.8999999999999995,48.64301601447181,395.40704140844673,161
3563.5,8,1103.3925367544323,4.8999999999999995,48.67283598787384,395.17918746744846,161
3563.6,8,1103.3925367544323,4.8999999999999995,48.7005218550844,394.96369880817645,161
3563.7,8,1103.3925367544323,4.8999999999999995,48.70587815828827,394.9408091623801,161
3563.8,8,1103.3925367544323,4.8999999999999995,48.66105152714218,395.2626610858898,161
3563.9,8,1103.339917788387,4.8999999999999995,48.697436693225,394.9717556363847,161
3564.0,8,1103.339917788387,5.6,48.73494318483948,394.6747071668333,161
3564.1,8,1103.339917788387,4.8999999999999995,48.77110241389572,394.38468473855914,161
3564.2,8,1103.339917788387,4.8999999999999995,48.59451671685468,395.9825959655259,161
3564.3,8,1103.339917788387,4.8999999999999995,48.60339088289189,395.9318469214411,161
3564.4,8,1103.339917788387,4.8999999999999995,48.63530351824878,395.68155071339385,161
3564.5,8,1103.339917788387,4.8999999999999995,48.65299527429612,395.56362619345646,161
3564.6,8,1103.339917788387,4.8999999999999995,48.686078196717745,395.3019104201408,161
3564.7,8,1103.339917788387,4.8999999999999995,48.715385852524264,395.07108866840525,161
3564.8,8,1103.339917788387,4.8999999999999995,48.74287915384227,394.86418794979375,161
3564.9,8,1103.339917788387,4.8999999999999995,48.76722870251969,394.6841071125142,161
3565.0,8,1103.339917788387,4.8999999999999995,48.79515050210066,394.45876808107596,161
3565.1,8,1103.339917788387,4.8999999999999995,48.813349010660566,394.32862144693286,161
3565.2,8,1103.339917788387,4.8999999999999995,48.85607962915681,393.993450512006,161
3565.3,8,1103.339917788387,4.8999999999999995,48.873686084175624,393.8726417673514,161
3565.4,8,1103.339917788387,4.8999999999999995,48.87224477892683,393.9187266911254,161
3565.5,8,1103.339917788387,4.8999999999999995,48.94126078829808,393.13739908957916,161
3565.6,8,1103.339917788387,4.8999999999999995,48.958534174015725,393.0060360550866,161
3565.7,8,1103.339917788387,4.8999999999999995,48.99476446980527,392.7258174160554,161
3565.8,8,1103.339917788387,4.8999999999999995,49.00808885807692,392.63252775385035,161
3565.9,8,1103.339917788387,4.8999999999999995,49.02514217809545,392.52411532420837,161
3566.0,8,1103.339917788387,4.8999999999999995,49.05650705918022,392.2857925048022,161
3566.1,8,1103.339917788387,4.8999999999999995,49.08224106840325,392.0791692579513,161
3566.2,8,1103.339917788387,4.8999999999999995,49.09848559173126,391.9689497840157,161
3566.3,9,1103.339917788387,4.8999999999999995,49.11499488418421,391.85913652290753,161
3566.4,9,1103.339917788387,4.800000000000001,49.13752500566237,391.700457922517,161
3566.5,9,1103.339917788387,4.800000000000001,49.15602864050919,391.5811686063536,161
3566.6,9,1103.339917788387,4.800000000000001,49.191901110384386,391.3066838958594,161
3566.7,9,1103.339917788387,4.800000000000001,49.220512007432,391.0957847764487,161
3566.8,9,1103.339917788387,4.800000000000001,49.249974675043134,390.87938948335363,161
3566.9,9,1103.339917788387,4.800000000000001,49.286344786181076,390.60000759204775,161
3567.0,9,1103.339917788387,4.800000000000001,49.307405893350094,390.4409571269716,161
3567.1,9,1103.339917788387,4.800000000000001,49.32926688314138,390.288131790574,161
3567.2,8,1103.2908800996784,4.0,49.36499944095133,390.0256788182051,161
3567.3,8,1103.2908800996784,4.199999999999999,49.39022998669495,389.8425779325772,161
3567.4,8,1103.2908800996784,4.199999999999999,49.42112168351722,389.61535584545607,161
3567.5,8,1103.2908800996784,4.199999999999999,49.447575942621974,389.41964572427946,161
3567.6,8,1103.2908800996784,4.199999999999999,49.476398922474964,389.21031132527514,161
3567.7,8,1103.2908800996784,4.199999999999999,49.5124039852419,388.9384245070196,161
3567.8,8,1103.2908800996784,4.199999999999999,49.53805774485629,388.74651398576776,161
3567.9,9,1103.2908800996784,4.199999999999999,49.57453456505573,388.4765523995772,161
3568.0,9,1103.2908800996784,4.0,49.60485393244239,388.2601441270226,161
3568.1,9,1103.2908800996784,4.0,49.62510905563698,388.1308527667307,161
3568.2,9,1103.2908800996784,4.800000000000001,49.64742257595218,387.9783842182651,161
3568.3,9,1103.2908800996784,4.800000000000001,49.68030309955885,387.73626954746976,161
3568.4,9,1103.2908800996784,4.800000000000001,49.712390645435505,387.50002083752554,161
3568.5,9,1103.2908800996784,4.800000000000001,49.7509436115315,387.2102996836229,161
3568.6,9,1103.2908800996784,4.800000000000001,49.77207601762598,387.0652191168339,161
3568.7,9,1103.2908800996784,4.800000000000001,49.790839794700666,386.94166719794066,161
3568.8,10,1103.2908800996784,4.800000000000001,49.8168589506915,386.75830050031846,161
3568.9,10,1103.2908800996784,4.800000000000001,49.848671071836804,386.53540696483185,161
3569.0,10,1103.2908800996784,4.800000000000001,49.861027488043874,386.4659505501593,161
3569.1,9,1103.2908800996784,4.800000000000001,49.88635175185057,386.2984624644432,161
3569.2,9,1103.2908800996784,5.6000000000000005,49.90905577369981,386.1418778901536,161
3569.3,9,1103.2908800996784,5.6000000000000005,49.91787108779309,386.10356501090496,161
3569.4,9,1103.2908800996784,5.6000000000000005,49.934608069233164,385.99190631928747,161
3569.5,9,1103.2908800996784,5.6000000000000005,49.9539970698468,385.8719644109371,161
3569.6,10,1103.2908800996784,5.6000000000000005,49.96354755982648,385.81811673370237,161
3569.7,10,1103.2908800996784,5.6000000000000005,49.97101177815587,385.7936426050011,161
3569.8,10,1103.2908800996784,5.6000000000000005,49.996135921400466,385.6327901549877,161
3569.9,10,1103.2908800996784,5.6000000000000005,50.00848184937272,385.56425494934103,161
3570.0,10,1103.2908800996784,5.6000000000000005,50.02853443478329,385.4323530373774,161
3570.1,10,1103.2908800996784,5.6000000000000005,50.0419170933248,385.36102371197455,161
3570.2,10,1103.2908800996784,5.6000000000000005,50.06276646835203,385.2225584152632,161
3570.3,10,1103.2908800996784,5.6000000000000005,50.09101757696264,385.0324477888071,161
3570.4,10,1103.2908800996784,5.6000000000000005,50.10230838206153,384.9653647299048,161
3570.5,10,1103.2908800996784,5.6000000000000005,50.12854616696484,384.78026637068876,161
3570.6,10,1103.2908800996784,5.6000000000000005,50.14742898798161,384.66448497655114,161
3570.7,10,1103.2908800996784,5.6000000000000005,50.21078475902003,384.16310392730077,161
3570.8,10,1103.2908800996784,5.6000000000000005,50.23673722565725,383.98569241250584,161
3570.9,10,1103.2908800996784,5.6000000000000005,50.55438419463424,381.8944348583084,161
3571.0,10,1103.2908800996784,5.6000000000000005,50.56040390242593,381.8447684339368,161
3571.1,10,1103.2908800996784,5.6000000000000005,50.56274259200983,381.8486431017236,161
3571.2,10,1103.2908800996784,5.6000000000000005,50.57252593170603,381.7831702104327,161
3571.3,10,1103.2908800996784,5.6000000000000005,50.84906133310345,380.01377190557304,161
3571.4,10,1103.2908800996784,5.6000000000000005,50.86892027184294,379.8637667684383,161
3571.5,10,1103.2908800996784,5.6000000000000005,50.875519294700595,379.81751211435085,161
3571.6,10,1103.2908800996784,5.6000000000000005,50.87977461655818,379.7878170012883,161
3571.7,10,1103.2908800996784,5.6000000000000005,51.098124553291626,378.42716543430214,161
3571.8,10,1103.2908800996784,5.6000000000000005,51.101237361905326,378.42739294346757,161
3571.9,10,1103.2908800996784,5.6000000000000005,51.10161769518528,378.4231229804127,161
3572.0,10,1103.2908800996784,4.800000000000001,51.10565450884306,378.39745088410496,161
3572.1,10,1103.2908800996784,4.800000000000001,51.12234636177628,378.27486029014324,161
3572.2,10,1103.2908800996784,4.800000000000001,51.12987967408341,378.2182742358574,161
3572.3,10,1103.2908800996784,4.800000000000001,51.12974030916132,378.23464237019334,161
3572.4,10,1103.2908800996784,4.800000000000001,51.125692676615856,378.2815571748979,161
3572.5,10,1103.2908800996784,4.800000000000001,51.13495337080801,378.2053143016402,161
3572.6,10,1103.2908800996784,4.800000000000001,51.150964156429424,378.09422250575676,161
3572.7,10,1103.2908800996784,4.800000000000001,51.16732366372561,377.96371976105627,161
3572.8,10,1103.2908800996784,4.800000000000001,51.16161935828674,378.0266123024531,161
3572.9,10,1103.2908800996784,4.800000000000001,51.175621729778236,377.9168245919061,161
3573.0,10,1103.2908800996784,4.800000000000001,51.1826770350291,377.8635724119204,161
3573.1,10,1103.2908800996784,4.800000000000001,51.19764628126282,377.74602343367945,161
3573.2,10,1103.2908800996784,4.800000000000001,51.23683795255984,377.4040641324761,161
3573.3,10,1103.2908800996784,4.800000000000001,51.26518203943036,377.1826494450957,161
3573.4,10,1103.2908800996784,4.800000000000001,51.26163800011888,377.2220930642852,161
3573.5,10,1103.2908800996784,4.800000000000001,51.27688976706686,377.10450739261563,161
3573.6,10,1103.2908800996784,4.800000000000001,51.278809480072724,377.0837509346123,161
3573.7,10,1103.2908800996784,4.800000000000001,51.2931054077482,376.9795736033998,161
3573.8,10,1103.2908800996784,4.800000000000001,51.3116763700538,376.82618806900666,161
3573.9,10,1103.2908800996784,4.800000000000001,51.319454993845156,376.7587938083321,161
3574.0,10,1103.2908800996784,4.800000000000001,51.33664606931454,376.6230589731571,161
3574.1,10,1103.2908800996784,4.800000000000001,51.48777688012835,375.6894167966236,161
3574.2,10,1103.2908800996784,4.800000000000001,51.50173121536699,375.57939971858343,161
3574.3,10,1103.2908800996784,4.800000000000001,51.516531369017244,375.4722873737651,161
3574.4,10,1103.2908800996784,4.800000000000001,51.532496178243846,375.34223634164545,161
3574.5,10,1103.2908800996784,4.800000000000001,51.547615017330315,375.23134023193643,161
3574.6,10,1103.2908800996784,4.800000000000001,51.572457004277325,375.0470699483119,161
3574.7,10,1103.2908800996784,4.0,51.57682912656124,375.0100378801445,161
3574.8,10,1103.2908800996784,4.0,51.60456186465103,374.7998663825757,161
3574.9,10,1103.2908800996784,4.0,51.615839496006345,374.711428638044,161
3575.0,10,1103.2908800996784,4.0,51.5290077228034,375.4826485493519,161
3575.1,10,1103.2908800996784,4.0,51.535669700490686,375.42403728445464,161
3575.2,10,1103.2908800996784,4.0,51.55271173046934,375.29487917436836,161
3575.3,10,1103.2908800996784,4.0,51.5696868973459,375.16013734529724,161
3575.4,10,1103.2908800996784,4.0,51.58927552391209,375.0173442818325,161
3575.5,10,1103.2908800996784,4.0,51.61191128313696,374.83642745926113,161
3575.6,10,1103.2908800996784,4.0,51.618079303077536,374.7975648255485,161
3575.7,10,1103.2908800996784,4.0,51.6403500516257,374.623371618561,161
3575.8,10,1103.2908800996784,4.0,51.643555042136946,374.6151134132203,161
3575.9,10,1103.2908800996784,4.0,51.68671658232901,374.2824922995155,161
3576.0,10,1103.2908800996784,4.0,51.694215720262335,374.22201447897646,161
3576.1,10,1103.2908800996784,4.0,51.75983637941022,373.67558100547456,161
3576.2,10,1103.2908800996784,4.0,51.77512464890124,373.5582292833527,161
3576.3,10,1103.2908800996784,4.0,51.79242114649237,373.43085250756667,161
3576.4,10,1103.2908800996784,4.0,51.80109853544982,373.37109388697473,161
3576.5,10,1103.2908800996784,4.0,51.95043378907346,372.43575342018084,161
3576.6,6,1102.554438336116,3.2,51.95795343907642,372.3808067757666,161
3576.7,6,1102.3424801065398,3.5,51.9744257652643,372.2544096870752,161
3576.8,6,1102.3424801065398,3.5,51.984890146312914,372.16936939999346,161
3576.9,6,1102.3424801065398,3.5,52.01094734640428,371.97705658205695,161
3577.0,6,1102.3424801065398,3.5,52.022887367863206,371.8886581753843,161
3577.1,7,1102.4395758771664,3.5,52.04263704779202,371.74224194017347,161
3577.2,7,1102.4998358952414,4.199999999999999,52.05138071019343,371.6927852594481,161
3577.3,7,1102.4998358952414,4.199999999999999,52.04712744499734,371.71604734540415,161
3577.4,7,1102.4998358952414,4.199999999999999,52.05531969134419,371.6560486409849,161
3577.5,7,1102.4998358952414,4.199999999999999,52.051358447338465,371.6971058821118,161
3577.6,7,1102.4998358952414,4.199999999999999,51.977312466959134,372.5503117422133,161
3577.7,7,1102.4998358952414,4.199999999999999,51.985301641938435,372.4818215019268,161
3577.8,8,1102.497785730836,4.199999999999999,51.96142790604369,372.62561615044854,161
3577.9,8,1102.4650624730245,4.8999999999999995,51.95633896874273,372.6789629449315,161
3578.0,8,1102.4650624730245,4.8999999999999995,51.96032789274771,372.6454287777214,161
3578.1,8,1102.4650624730245,4.8999999999999995,51.9763500670409,372.5436583782821,161
3578.2,8,1102.4650624730245,4.8999999999999995,51.97743889802215,372.5618876849584,161
3578.3,8,1102.4650624730245,4.8999999999999995,51.970343504134306,372.64614215456515,161
3578.4,8,1102.4650624730245,4.8999999999999995,51.99038722193262,372.4865445265958,161
3578.5,8,1102.4650624730245,4.8999999999999995,51.97964244695366,372.5889490943889,161
3578.6,8,1102.4650624730245,4.8999999999999995,51.98590434070896,372.5415428314408,161
3578.7,8,1102.4650624730245,4.8999999999999995,51.97337965601575,372.64620620657263,161
3578.8,8,1102.4650624730245,4.8999999999999995,52.08027983705155,372.02320148749027,161
3578.9,11,1102.4650624730245,4.8999999999999995,52.07095659650215,372.1016803790003,161
3579.0,11,1102.4650624730245,4.5,52.11950799603549,371.68469057249126,161
3579.1,8,1102.4650624730245,4.5,52.04465636091582,372.1589816672476,161
3579.2,11,1102.4650624730245,4.8999999999999995,52.041488204413476,372.1928496839586,161
3579.3,7,1102.4140514406665,4.5,52.03039589571392,372.2824661202127,161
3579.4,7,1102.4140514406665,4.8999999999999995,52.01919323258401,372.3678654208426,161
3579.5,7,1102.4140514406665,4.8999999999999995,51.99719036766672,372.5451544637141,161
3579.6,7,1102.4140514406665,4.8999999999999995,51.98380184119462,372.647823916098,161
3579.7,7,1102.4140514406665,4.8999999999999995,51.91225749101046,373.2493907756595,161
3579.8,8,1102.4140514406665,4.8999999999999995,51.886349586108985,373.4456125332091,161
3579.9,8,1102.4140514406665,4.8999999999999995,51.860683058154166,373.64698346684145,161
3580.0,8,1102.4140514406665,4.8999999999999995,51.81908523047714,373.9705056338314,161
3580.1,8,1102.4140514406665,4.8999999999999995,51.78769867796279,374.22173179181436,161
3580.2,8,1102.4140514406665,4.8999999999999995,51.763287100839285,374.4030359247028,161
3580.3,8,1102.4140514406665,4.8999999999999995,51.73608375635534,374.62177609645755,161
3580.4,8,1102.4140514406665,4.8999999999999995,51.718337429498845,374.7565009932774,161
3580.5,8,1102.4140514406665,4.8999999999999995,51.695663348347225,374.93287815776404,161
3580.6,8,1102.4140514406665,4.8999999999999995,51.674611100732,375.09358659013424,161
3580.7,8,1102.4140514406665,4.8999999999999995,51.58299558419668,375.68197952034785,161
3580.8,8,1102.4140514406665,4.8999999999999995,51.46461493745906,376.6968750710756,161
3580.9,11,1102.4140514406665,4.8999999999999995,51.44453323553808,376.8498740626802,161
3581.0,8,1102.4140514406665,5.4,51.50469427873564,376.56741436030075,161
3581.1,8,1102.4140514406665,5.6,51.47885696417639,376.7749182579444,161
3581.2,8,1102.4140514406665,5.6,51.43469051288505,377.12605721809814,161
3581.3,8,1102.4140514406665,5.6,51.397714607896816,377.43739838138555,161
3581.4,8,1102.4140514406665,5.6,51.364454644535684,377.6935935514331,161
3581.5,8,1102.4140514406665,5.6,51.32894557550755,377.97422743051925,161
3581.6,8,1102.4140514406665,5.6,51.30206336896711,378.1818748637827,161
3581.7,8,1102.4140514406665,4.8999999999999995,51.160684882142675,379.4285700176471,161
3581.8,8,1102.4140514406665,4.8999999999999995,51.11883092297466,379.7754573006216,161
3581.9,8,1102.4140514406665,4.8999999999999995,51.07347429786062,380.1507966512512,161
3582.0,12,1102.4140514406665,4.8999999999999995,51.04370535316312,380.3906026133129,161
3582.1,12,1102.4140514406665,5.4,51.003321987302606,380.70967771667864,161
3582.2,12,1102.4140514406665,5.4,51.11871942383794,379.58384922724366,161
3582.3,12,1102.4140514406665,5.4,51.07964950007528,379.8975178806953,161
3582.4,12,1102.4140514406665,5.4,50.93425306428813,381.3994836890603,161
3582.5,12,1102.4140514406665,5.4,50.89145687138421,381.7533877001988,161
3582.6,12,1102.4140514406665,5.4,50.85453333637917,382.0217252649697,161
3582.7,12,1102.4140514406665,5.4,50.73009910638247,382.8422010788842,161
3582.8,12,1102.4140514406665,5.4,50.69947303442272,383.073771347693,161
3582.9,12,1102.4140514406665,5.4,50.6586839702985,383.3968750598606,161
3583.0,12,1102.4140514406665,5.4,50.62059318023284,383.7043735642718,161
3583.1,12,1102.4140514406665,5.4,50.594167776240425,383.90283056406025,161
3583.2,12,1102.4140514406665,5.4,50.57220456548127,384.0637572514871,161
3583.3,12,1102.4140514406665,5.4,50.532587764804745,384.3741519666431,161
3583.4,12,1102.4140514406665,5.4,50.49861666858504,384.63756557747513,161
3583.5,12,1102.4140514406665,5.4,50.37397493023944,385.4396044980808,161
3583.6,12,1102.4140514406665,5.4,50.339157905287095,385.7097999897283,161
3583.7,12,1102.4140514406665,5.4,50.300572602504445,386.02073546494364,161
3583.8,12,1102.4140514406665,5.4,50.26520672703039,386.31226133350845,161
3583.9,12,1102.4140514406665,5.4,50.23719532498236,386.52029424744535,161
3584.0,12,1102.4140514406665,5.4,50.21307469812173,386.68301335180905,161
3584.1,12,1102.4140514406665,5.4,50.02960209041711,388.36647345303436,161
3584.2,12,1102.4140514406665,5.4,50.00034468734139,388.57923758996026,161
3584.3,8,1102.4140514406665,4.5,50.046649473314986,388.2626771748079,161
3584.4,8,1102.4140514406665,4.8999999999999995,50.01855288144643,388.46774894766935,161
3584.5,8,1102.4140514406665,4.8999999999999995,50.00410075479295,388.5369070002113,161
3584.6,8,1102.4140514406665,4.8999999999999995,49.988909231786295,388.62359783789634,161
3584.7,8,1102.4140514406665,4.8999999999999995,49.97930991795867,388.6495383890722,161
3584.8,8,1102.4140514406665,4.8999999999999995,49.95813046538396,388.7927552367176,161
3584.9,8,1102.4140514406665,4.8999999999999995,49.937841508204244,388.9147224505406,161
3585.0,8,1102.4140514406665,4.8999999999999995,49.918745605366,389.0266453585007,161
3585.1,8,1102.4140514406665,4.8999999999999995,49.7962716628705,389.79305131791716,161
3585.2,12,1102.4140514406665,4.199999999999999,49.77964913604313,389.88748013214706,161
3585.3,7,1102.3854994356145,4.5,49.77018075278303,389.9077500259591,161
3585.4,7,1102.335648919113,4.8999999999999995,49.74727483708983,390.06734665705983,161
3585.5,7,1102.335648919113,4.8999999999999995,49.74341925860252,390.05289644689697,161
3585.6,7,1102.335648919113,4.8999999999999995,49.71176105881773,390.2933081499035,161
3585.7,7,1102.335648919113,4.8999999999999995,49.530883606550766,391.99708859111496,161
3585.8,7,1102.335648919113,4.8999999999999995,49.51090854297762,392.1186853914088,161
3585.9,7,1102.335648919113,4.8999999999999995,49.494054646337176,392.2013780446342,161
3586.0,7,1102.335648919113,4.8999999999999995,49.47064632768766,392.38269422841313,161
3586.1,7,1102.335648919113,4.8999999999999995,49.46751606105793,392.35604851786127,161
3586.2,8,1102.335648919113,4.199999999999999,49.43735228289724,392.5927951858871,161
3586.3,8,1102.335648919113,4.199999999999999,49.41741009699088,392.69636284520436,161
3586.4,8,1102.335648919113,4.199999999999999,49.39683321799203,392.86268673663824,161
3586.5,8,1102.335648919113,4.199999999999999,49.36770718526701,393.0877600138531,161
3586.6,8,1102.335648919113,4.199999999999999,49.52811131431248,391.48495188062265,161
3586.7,8,1102.335648919113,4.8999999999999995,49.59031135953026,391.1203510205281,161
3586.8,8,1102.335648919113,4.8999999999999995,49.5580743182369,391.38460537645926,161
3586.9,8,1102.335648919113,4.8999999999999995,49.54786466900267,391.4722463494254,161
3587.0,8,1102.335648919113,4.8999999999999995,49.36802583128519,393.18815182892354,161
3587.1,8,1102.335648919113,4.8999999999999995,49.35699983665029,393.26369071685343,161
3587.2,8,1102.335648919113,4.8999999999999995,49.36111481065099,393.2324826939402,161
3587.3,8,1102.335648919113,4.199999999999999,49.35255768039272,393.2993693743351,161
3587.4,8,1102.335648919113,4.199999999999999,49.346496616277136,393.36087651246135,161
3587.5,8,1102.335648919113,4.199999999999999,49.21498872983423,394.197244851385,161
3587.6,8,1102.335648919113,4.199999999999999,49.18601593735268,394.4656042354528,161
3587.7,7,1102.2847756798817,4.199999999999999,49.18492273059289,394.46074381666097,161
3587.8,7,1102.2847756798817,4.8999999999999995,49.169136844222955,394.6104414071556,161
3587.9,7,1102.2847756798817,4.8999999999999995,49.17495081794907,394.52914127803706,161
3588.0,7,1102.2847756798817,4.8999999999999995,49.18470509005099,394.44537226148213,161
3588.1,7,1102.2847756798817,4.8999999999999995,48.98689620540726,396.42955218240525,161
3588.2,7,1102.2847756798817,4.8999999999999995,48.98386277033973,396.47842785409955,161
3588.3,7,1102.2847756798817,4.8999999999999995,48.98038512251772,396.5212089532304,161
3588.4,7,1102.2847756798817,4.8999999999999995,48.96658773500298,396.63751024813826,161
3588.5,7,1102.2847756798817,4.8999999999999995,48.94997280262584,396.7996655794641,161
3588.6,7,1102.2847756798817,4.8999999999999995,48.8186356236573,397.71060891227376,161
3588.7,7,1102.2847756798817,4.8999999999999995,48.79906010579735,397.88838206104094,161
3588.8,7,1102.2847756798817,4.8999999999999995,48.78836808305802,398.003650690772,161
3588.9,7,1102.2847756798817,4.8999999999999995,48.76724609421201,398.20807192026416,161
3589.0,8,1102.2847756798817,4.8999999999999995,48.75210304874052,398.3706401772427,161
3589.1,8,1102.2847756798817,4.8999999999999995,48.752564671407015,398.37174024556157,161
3589.2,8,1102.2847756798817,4.8999999999999995,48.82702446798976,397.92364386175643,161
3589.3,8,1102.2847756798817,4.8999999999999995,48.82252324047275,397.96778507324564,161
3589.4,8,1102.2847756798817,4.8999999999999995,48.896593348168935,397.2010268034775,161
3589.5,8,1102.2847756798817,4.8999999999999995,48.89270853880808,397.23405760767406,161
3589.6,8,1102.2847756798817,4.8999999999999995,48.883667547787894,397.327732097212,161
3589.7,8,1102.2847756798817,4.8999999999999995,48.889085382488446,397.28803145140773,161
3589.8,8,1102.2847756798817,4.8999999999999995,48.89455292803187,397.2426252205005,161
3589.9,8,1102.2847756798817,4.8999999999999995,48.89874243939096,397.21815065166254,161
3590.0,7,1102.2847756798817,4.199999999999999,48.903228474356396,397.1886823738156,161
3590.1,7,1102.2847756798817,4.8999999999999995,48.91413813604759,397.07060471948853,161
3590.2,7,1102.2331022493865,4.8999999999999995,48.922751556747286,397.02308428255185,161
3590.3,7,1102.2331022493865,5.6,49.045141421755986,395.4226698971065,161
3590.4,7,1102.2331022493865,5.6,49.05401454515288,395.32997697539446,161
3590.5,7,1102.2331022493865,5.6,49.05493769833422,395.3445559011069,161
3590.6,7,1102.2331022493865,4.8999999999999995,49.06614086961061,395.25201994805786,161
3590.7,7,1102.2331022493865,4.8999999999999995,49.0963813513744,394.97494573811775,161
3590.8,7,1102.2331022493865,4.8999999999999995,49.0933519602839,394.99984305005546,161
3590.9,7,1102.2331022493865,4.8999999999999995,49.119395465509484,394.79069818934613,161
3591.0,7,1102.2331022493865,4.8999999999999995,49.125686576350766,394.757485490383,161
3591.1,7,1102.2331022493865,4.8999999999999995,49.13983098385781,394.6658131131431,161
3591.2,7,1102.2331022493865,4.8999999999999995,49.160858974689376,394.5057462182878,161
3591.3,7,1102.2331022493865,4.8999999999999995,49.17828740894895,394.3941016038616,161
3591.4,7,1102.2331022493865,4.8999999999999995,49.07818096160373,395.0672871780606,161
3591.5,7,1102.2331022493865,4.8999999999999995,49.162252929261385,394.5197633886925,161
3591.6,7,1102.2331022493865,4.8999999999999995,49.15896989936155,394.5704984796738,161
3591.7,7,1102.2331022493865,4.8999999999999995,49.10396669578978,394.8611859885571,161
3591.8,7,1102.2331022493865,4.8999999999999995,49.12156217140087,394.7127329840715,161
3591.9,8,1102.2331022493865,4.199999999999999,49.293215375446096,393.0616998967033,161
3592.0,8,1102.2331022493865,4.199999999999999,49.2951970007591,393.05553791610765,161
3592.1,8,1102.2331022493865,4.199999999999999,49.30224752873801,392.9908713558126,161
3592.2,8,1102.2331022493865,4.199999999999999,49.31891510091591,392.84742067314266,161
3592.3,8,1102.2331022493865,4.199999999999999,49.33311350820213,392.72225518992013,161
3592.4,8,1102.2331022493865,4.199999999999999,49.33832576078731,392.6772905642176,161
3592.5,8,1102.2331022493865,4.199999999999999,49.34902837545863,392.6016021523883,161
3592.6,8,1102.2331022493865,4.199999999999999,49.369768091266,392.4404271766264,161
3592.7,10,1102.2331022493865,3.5,49.38782728946475,392.304373481158,161
3592.8,9,1102.2331022493865,4.0,49.39913134584906,392.222393296385,161
3592.9,10,1102.2331022493865,4.0,49.41752342818995,392.0634472660304,161
3593.0,9,1102.2331022493865,4.0,49.43503166182056,391.9246349056736,161
3593.1,10,1102.2331022493865,4.0,49.46429134404661,391.6844536899171,161
3593.2,10,1102.2331022493865,4.0,49.46866400501817,391.6684179340682,161
3593.3,10,1102.2331022493865,4.0,49.494934268570766,391.43931556523626,161
3593.4,10,1102.2331022493865,4.0,49.49479653948345,391.4586322370923,161
3593.5,8,1102.2331022493865,4.0,49.519160524778485,391.26479424338265,161
3593.6,8,1102.2331022493865,4.199999999999999,49.53546845510304,391.13252888717625,161
3593.7,8,1102.2331022493865,4.199999999999999,49.54789568181408,391.02947737252634,161
3593.8,8,1102.2331022493865,4.199999999999999,49.57487510145147,390.80717955300634,161
3593.9,8,1102.2331022493865,4.199999999999999,49.59112045893867,390.6701955848359,161
3594.0,8,1102.2331022493865,4.199999999999999,49.6594366299479,390.24152397523756,161
3594.1,8,1102.2331022493865,4.199999999999999,49.832937262524,388.63186441297194,161
3594.2,8,1102.2331022493865,4.199999999999999,49.84708395906972,388.51962784620775,161
3594.3,8,1102.2331022493865,4.199999999999999,49.86626392367788,388.35916084081816,161
3594.4,8,1102.2331022493865,4.199999999999999,49.870670064350804,388.33448993807235,161
3594.5,8,1102.2331022493865,4.199999999999999,49.88051983432855,388.24702937695815,161
3594.6,8,1102.2331022493865,4.199999999999999,49.89400838287679,388.142166373294,161
3594.7,8,1102.2331022493865,4.199999999999999,49.905265920905634,388.02918703650005,161
3594.8,8,1102.2331022493865,4.199999999999999,49.9251124285189,387.868209016611,161
3594.9,8,1102.2331022493865,4.199999999999999,49.93919804318803,387.75105261120734,161
3595.0,8,1102.2331022493865,4.199999999999999,49.963571435742054,387.54247077573245,161
3595.1,8,1102.2331022493865,4.199999999999999,49.98030170989586,387.4245527454822,161
3595.2,9,1102.2331022493865,4.199999999999999,49.990720002309374,387.351327684675,161
3595.3,9,1102.2331022493865,4.800000000000001,50.01049774656307,387.195290853204,161
3595.4,9,1102.2331022493865,4.800000000000001,50.02621519696514,387.08775363407835,161
3595.5,9,1102.2331022493865,4.800000000000001,50.03463738208768,387.02727424262525,161
3595.6,9,1102.2331022493865,4.800000000000001,50.138820168675885,385.87332999637715,161
3595.7,9,1102.6905082066942,4.800000000000001,50.16285956598588,385.6828302311877,162
3595.8,9,1102.6905082066942,-100.0,50.17005124228194,385.6291260208314,162
3595.9,9,1102.6905082066942,4.800000000000001,50.18445311866358,385.5130336396656,162
3596.0,9,1102.6905082066942,4.800000000000001,50.214995377601724,385.27498383317754,162
3596.1,9,1102.6905082066942,4.800000000000001,50.22715787554155,385.18053851384957,162
3596.2,9,1102.6905082066942,4.800000000000001,50.2521049308839,384.9787982285433,162
3596.3,9,1102.6905082066942,4.800000000000001,50.453276605103184,383.3324300981734,162
3596.4,9,1102.6905082066942,4.800000000000001,50.47084894980564,383.18912137150426,162
3596.5,9,1102.6905082066942,4.800000000000001,50.49131728597206,383.0393921355261,162
3596.6,9,1102.6905082066942,4.800000000000001,50.50915011726696,382.90495883290976,162
3596.7,9,1102.6905082066942,4.800000000000001,50.5342971295682,382.71481574910797,162
3596.8,9,1102.6905082066942,4.800000000000001,50.546665177727,382.62528181337626,162
3596.9,9,1102.6905082066942,4.800000000000001,50.56011733879182,382.51140014780594,162
3597.0,9,1102.6905082066942,4.800000000000001,50.52335481996673,382.42225668176013,162
3597.1,7,1102.6406658890708,4.800000000000001,50.54069624145722,382.2825783313979,162
3597.2,7,1102.6406658890708,4.8999999999999995,50.55969279037909,382.1385110453839,162
3597.3,7,1102.6406658890708,4.8999999999999995,50.56153471767041,382.1324226460137,162
3597.4,7,1102.6406658890708,4.8999999999999995,50.5751862096965,382.0306717273161,162
3597.5,9,1102.6406658890708,4.199999999999999,50.57647383159522,382.0262562009301,162
3597.6,9,1102.6406658890708,5.6000000000000005,50.587718228493415,381.9307058789198,162
3597.7,9,1102.6406658890708,4.800000000000001,50.600362221093576,381.81154859862374,162
3597.8,9,1102.6406658890708,4.800000000000001,50.68862075095687,380.7148889236415,162
3597.9,9,1102.6406658890708,4.800000000000001,50.6867444844887,380.7118365636474,162
3598.0,9,1102.6406658890708,4.800000000000001,50.694616056589766,380.62194011958604,162
3598.1,9,1102.6406658890708,4.800000000000001,50.70773978237446,380.50353671089704,162
3598.2,9,1102.6406658890708,4.800000000000001,50.710102090089336,380.4694311751417,162
3598.3,9,1102.6406658890708,4.800000000000001,50.70738096424444,380.4706104331242,162
3598.4,9,1102.6406658890708,4.800000000000001,50.70633205429097,380.4581906512208,162
3598.5,9,1102.6406658890708,4.800000000000001,50.763564883663804,380.0572927166413,162
3598.6,9,1102.6406658890708,4.800000000000001,50.77751410667754,379.9298378319231,162
3598.7,9,1102.6406658890708,4.800000000000001,50.77795660890722,379.9122606314042,162
3598.8,9,1102.6406658890708,4.800000000000001,50.781377886196054,379.8795748259622,162
3598.9,7,1102.6406658890708,4.0,50.78069897209445,379.45477254729144,162
3599.0,7,1102.6406658890708,4.199999999999999,50.67384766868324,380.1490570310291,162
3599.1,7,1102.6406658890708,4.199999999999999,50.6860888427322,380.0356307968625,162
3599.2,7,1102.6406658890708,4.199999999999999,50.686778468019156,380.0297432964006,162
3599.3,7,1102.6406658890708,4.199999999999999,50.76264279031363,379.3862411287831,162
3599.4,6,1101.8509778177736,4.199999999999999,50.76663984477926,379.34046095531863,162
3599.5,6,1101.506301967439,4.5,50.76652844401039,379.3281413472655,162
3599.6,6,1101.506301967439,4.5,50.771512070161634,379.2753770333937,162
3599.7,7,1101.506301967439,4.5,50.795281438433825,379.06254805491085,162
3599.8,7,1101.506301967439,4.199999999999999,50.801046510923285,379.00097309636885,162
3599.9,9,1101.506301967439,3.5,50.79847671360707,379.01692122861937,162
3600.0,9,1101.506301967439,4.800000000000001,50.8205527646555,378.8269506974425,162
3600.1,9,1101.506301967439,4.800000000000001,50.826102123763405,378.7635463251321,162
3600.2,9,1101.506301967439,4.800000000000001,50.842198802770454,378.6229578798941,162
3600.3,9,1101.506301967439,4.800000000000001,50.844651208160286,378.5955910242744,162
3600.4,9,1101.506301967439,4.800000000000001,50.86242064548602,378.4366732207359,162
3600.5,9,1101.506301967439,4.800000000000001,50.889519105871514,378.21380414794146,162
3600.6,9,1101.506301967439,4.800000000000001,50.89381660569258,378.1689005578677,162
3600.7,9,1101.506301967439,4.800000000000001,50.89838167027216,378.1324516001233,162
3600.8,9,1101.506301967439,4.800000000000001,50.92242478198607,377.92946800517814,162
3600.9,9,1101.506301967439,4.800000000000001,50.92838332942449,377.87071163232076,162
3601.0,9,1101.506301967439,4.800000000000001,50.94258987580703,377.7460526496585,162
3601.1,9,1101.506301967439,4.800000000000001,50.96139731602709,377.5949795531883,162
3601.2,9,1101.506301967439,4.800000000000001,50.975071195156744,377.4879851637528,162
3601.3,9,1101.506301967439,4.800000000000001,50.98656781351596,377.396654950997,162
3601.4,9,1101.506301967439,4.800000000000001,51.007980980523214,377.2221986119537,162
3601.5,9,1101.506301967439,4.800000000000001,51.00239633219288,377.25834144396794,162
3601.6,9,1101.506301967439,4.800000000000001,51.016577111613785,377.136319890593,162
3601.7,9,1101.506301967439,4.800000000000001,51.01174871226918,377.1765916877088,162
3601.8,9,1101.506301967439,4.800000000000001,51.02185624586123,377.0906542332598,162
3601.9,9,1101.506301967439,4.800000000000001,50.86694897549971,378.1181719230252,162
3602.0,9,1101.506301967439,4.800000000000001,50.910953470864975,377.75450631660215,162
3602.1,9,1101.506301967439,4.800000000000001,50.914299711904036,377.7275843621122,162
3602.2,9,1101.506301967439,4.800000000000001,50.923940549764396,377.6468535451237,162
3602.3,9,1101.506301967439,4.0,50.940977194035,377.5081342150091,162
3602.4,6,1101.506301967439,4.0,50.94503559361239,377.4752947408289,162
3602.5,9,1101.506301967439,4.0,50.93132360005991,377.5819761437011,162
3602.6,9,1101.506301967439,4.800000000000001,50.95043934866857,377.42556494290164,162
3602.7,9,1101.506301967439,4.800000000000001,50.95540444655495,377.38706219407567,162
3602.8,9,1101.506301967439,4.800000000000001,50.95122615214515,377.41537921644886,162
3602.9,9,1101.506301967439,4.800000000000001,50.76895236821783,378.67576582748995,162
3603.0,6,1101.2815712493928,4.800000000000001,50.63800082959357,379.7310069029566,162
3603.1,6,1101.2815712493928,4.5,50.640537562024065,379.7085240501276,162
3603.2,6,1101.2815712493928,4.5,50.64591518923676,379.6662012504024,162
3603.3,6,1101.2815712493928,4.5,50.62723722594541,379.81692532385716,162
3603.4,9,1101.2815712493928,4.0,50.641986689616175,379.6926740597407,162
3603.5,9,1101.2815712493928,4.800000000000001,50.6389935336552,379.7255564491213,162
3603.6,9,1101.2815712493928,4.800000000000001,50.65870001204804,379.57178404200226,162
3603.7,9,1101.2815712493928,4.800000000000001,50.64117046932884,379.71984244951545,162
3603.8,9,1101.2815712493928,4.800000000000001,50.64079395170752,379.72364186448726,162
3603.9,9,1101.2815712493928,4.800000000000001,50.64463322903328,379.69751854119875,162
3604.0,9,1101.2815712493928,4.800000000000001,50.645046142018856,379.69804179393896,162
3604.1,9,1101.2815712493928,4.0,50.64970542082486,379.6739687423075,162
3604.2,6,1101.2815712493928,4.0,50.640729176533185,379.75038205405406,162
3604.3,6,1101.2815712493928,4.0,50.644320824094336,379.73328318735184,162
3604.4,6,1101.2815712493928,4.0,50.62907617978534,379.86740928603797,162
3604.5,6,1101.2815712493928,4.0,50.91200567190738,377.803337813081,162
3604.6,6,1101.2815712493928,4.0,50.9017279464871,377.8890546742074,162
3604.7,6,1101.2815712493928,4.0,50.89285040731306,377.9653867515909,162
3604.8,6,1101.2815712493928,4.0,50.89252581647982,377.9831404897674,162
3604.9,6,1101.2815712493928,4.0,50.8857967389774,378.04658596777324,162
3605.0,6,1101.2815712493928,4.0,50.89168062614348,378.00144666520674,162
3605.1,6,1101.2815712493928,4.0,50.84916766549662,378.33310068341115,162
3605.2,6,1101.0536203596862,4.0,50.84129043370668,378.3936075165407,162
3605.3,6,1101.0536203596862,4.5,50.843574236138,378.38492940688985,162
3605.4,6,1101.0536203596862,4.5,50.84636862420685,378.37209705330844,162
3605.5,6,1101.0536203596862,4.5,50.84929904553702,378.3676987102516,162
3605.6,6,1101.0536203596862,4.5,50.8530121324883,378.33815416631296,162
3605.7,6,1101.0536203596862,4.5,50.84842062129488,378.3885893771187,162
3605.8,6,1101.0536203596862,4.5,50.85597060205042,378.33308950136495,162
3605.9,6,1101.0536203596862,4.5,51.03749548980586,377.11538255777725,162
3606.0,6,1101.0536203596862,4.5,51.039855958521315,377.1061787298016,162
3606.1,6,1101.0536203596862,4.5,51.043141840593066,377.09539819843775,162
3606.2,6,1101.0536203596862,4.5,51.019615795226116,377.29292637458747,162
3606.3,6,1101.0536203596862,4.0,51.020002958257166,377.30020095087264,162
3606.4,6,1101.0536203596862,4.0,51.00890659511572,377.3984945740516,162
3606.5,6,1101.0536203596862,4.0,51.01079274122105,377.39286719032293,162
3606.6,6,1101.0536203596862,4.0,51.007273792746616,377.43961009538066,162
3606.7,6,1101.0536203596862,4.0,51.00874889828938,377.4348129919556,162
3606.8,6,1101.0536203596862,4.0,50.77224994951251,379.0553334467346,162
3606.9,6,1101.0536203596862,4.0,50.77703680637944,379.02292670519887,162
3607.0,6,1101.0536203596862,4.0,50.775624761263146,379.0474850632833,162
3607.1,6,1101.0536203596862,4.0,50.8581037006338,378.38121417020204,162
3607.2,6,1101.0536203596862,4.0,50.86871323317391,378.3141150690932,162
3607.3,12,1101.0536203596862,4.0,50.84095297171193,378.54583774283947,162
3607.4,12,1101.0536203596862,4.5,50.83972642939355,378.5681481516866,162
3607.5,6,1101.0536203596862,4.5,50.82578715124629,378.7011857952916,162
3607.6,6,1101.0536203596862,4.0,50.824225121121316,378.724274404765,162
3607.7,12,1101.0536203596862,4.0,50.8055266224689,378.87618750959336,162
3607.8,12,1101.0536203596862,4.5,50.56868276566183,380.50880173348924,162
3607.9,12,1101.0536203596862,4.5,50.565570860507556,380.5397347652645,162
3608.0,6,1100.8262505131988,4.5,50.55064756982943,380.6757220952437,162
3608.1,6,1100.8262505131988,4.5,50.54615850762882,380.7214096627242,162
3608.2,6,1100.8262505131988,4.5,50.537107325003554,380.8006108943316,162
3608.3,6,1100.8262505131988,4.5,50.53580828664934,380.8179104516016,162
3608.4,6,1100.8262505131988,4.5,50.51944540085154,380.9577355458154,162
3608.5,6,1100.8262505131988,4.5,50.52468416522777,380.92337946928643,162
3608.6,6,1100.8262505131988,4.5,50.526512833726684,380.91865513144614,162
3608.7,6,1100.8262505131988,4.5,50.679308522554265,379.89402973366623,162
3608.8,6,1100.8262505131988,4.5,50.6739665381583,379.94395893368164,162
3608.9,6,1100.8262505131988,4.5,50.66280303376399,380.04143031799225,162
3609.0,6,1100.8262505131988,4.5,50.65894497927532,380.0705109045486,162
3609.1,6,1100.8262505131988,4.5,50.63158779016073,380.2915700773724,162
3609.2,6,1100.8262505131988,4.5,50.63396104590589,380.29438021485703,162
3609.3,6,1100.8262505131988,4.5,50.620937475895516,380.39884082237637,162
3609.4,6,1100.8262505131988,4.5,50.446780358929495,381.8668861828726,162
3609.5,6,1100.8262505131988,4.5,50.433963199113826,381.96824475003154,162
3609.6,6,1100.8262505131988,4.5,50.497497961718295,381.41975503653066,162
3609.7,6,1100.8262505131988,4.5,50.49524633925822,381.4413209854056,162
3609.8,6,1100.8262505131988,4.5,50.49595287834762,381.4386030339974,162
3609.9,6,1100.8262505131988,4.5,50.49278613112136,381.46814682239415,162
3610.0,6,1100.8262505131988,4.5,50.48880471301045,381.5031053988023,162
3610.1,6,1100.8262505131988,4.5,50.494510813067976,381.46355599817923,162
3610.2,6,1100.8262505131988,4.5,50.425156338749176,382.2021530372617,162
3610.3,6,1100.8262505131988,4.5,50.41765074650169,382.2566387784695,162
3610.4,6,1100.8262505131988,4.5,50.42466172524257,382.2115235987732,162
3610.5,6,1100.8262505131988,4.5,50.436663475167315,382.1016685490804,162
3610.6,6,1100.8262505131988,4.5,50.43550906650078,382.1122684324673,162
3610.7,6,1100.8262505131988,4.5,50.44458088098058,382.0361900802914,162
3610.8,6,1100.5987658142315,4.5,50.42144516604617,382.23290405536466,162
3610.9,6,1100.5987658142315,5.0,50.426865005805496,382.181425998914,162
3611.0,6,1100.5987658142315,5.0,50.545842233198655,381.38548689350085,162
3611.1,6,1100.5987658142315,5.0,50.53856158175269,381.443930664431,162
3611.2,6,1100.5987658142315,5.0,50.51678501450232,381.61093766946925,162
3611.3,6,1100.5987658142315,5.0,50.53655148820152,381.43803485478594,162
3611.4,6,1100.5987658142315,5.0,50.52166054941344,381.56155659030003,162
3611.5,6,1100.5987658142315,5.0,50.53204623646427,381.4767606791657,162
3611.6,6,1100.5987658142315,5.0,50.523166182726484,381.5500076181978,162
3611.7,6,1100.5987658142315,5.0,50.51824426258669,381.5866454941903,162
3611.8,6,1100.5987658142315,5.0,50.51699010088575,381.59825845880295,162
3611.9,6,1100.5987658142315,5.0,50.515256732380024,381.58383064376886,162
3612.0,6,1100.5987658142315,5.0,50.49283633566519,381.7593382840487,162
3612.1,6,1100.5987658142315,5.0,50.48848896072356,381.7727863490908,162
3612.2,6,1100.5987658142315,5.0,50.48016870606678,381.81941846304983,162
3612.3,6,1100.5987658142315,5.0,50.461724686595375,381.94521764320456,162
3612.4,6,1100.5987658142315,5.0,50.53888876252951,381.2678197440847,162
3612.5,6,1100.5987658142315,5.0,50.52934525471685,381.3232430912606,162
3612.6,6,1100.5987658142315,5.0,50.52048129394293,381.38126446419994,162
3612.7,6,1100.5987658142315,5.0,50.52118160055739,381.3529883462162,162
3612.8,6,1100.5987658142315,5.0,50.50917324160125,381.4395911376723,162
3612.9,6,1100.5987658142315,5.0,50.51403765409018,381.3814253292393,162
3613.0,6,1100.5987658142315,5.0,50.45168847120995,381.84416226574865,162
3613.1,6,1100.5987658142315,5.0,50.34354888334807,382.9524466508584,162
3613.2,6,1100.5987658142315,5.0,50.33566055441471,382.9975361857166,162
3613.3,6,1100.5987658142315,5.0,50.324973490427595,383.0765620946738,162
3613.4,6,1100.5987658142315,5.0,50.306580434988106,383.20144967149326,162
3613.5,6,1100.5987658142315,5.0,50.29601401777755,383.2717994059591,162
3613.6,6,1100.5987658142315,5.0,50.29099108730869,383.29815836909256,162
3613.7,6,1100.5987658142315,5.0,50.34842934264981,382.547638196128,162
3613.8,6,1100.5987658142315,5.0,50.35478443790222,382.48776359658257,162
3613.9,6,1100.5987658142315,5.0,50.34458795340248,382.5623129534714,162
3614.0,6,1100.5987658142315,5.0,50.35108318819038,382.4993786126586,162
3614.1,6,1100.5987658142315,5.0,50.34555162880076,382.5442825105142,162
3614.2,6,1100.5987658142315,5.0,50.342288946238256,382.5422778583961,162
3614.3,6,1100.5987658142315,4.5,50.3376432421461,382.56934285463376,162
3614.4,6,1100.5987658142315,4.5,50.181745603015,383.61002272515213,162
3614.5,6,1100.5987658142315,4.5,50.16630228530186,383.7218395857109,162
3614.6,6,1100.5987658142315,4.5,50.15850538580892,383.7728352931481,162
3614.7,6,1100.5987658142315,4.5,50.16552240069913,383.701305889277,162
3614.8,6,1100.5987658142315,4.5,50.16328765700395,383.7142416282006,162
3614.9,6,1100.5987658142315,4.5,50.18520079056715,383.5171744733889,162
3615.0,6,1100.5987658142315,4.5,50.17841553607337,383.56770638246473,162
3615.1,6,1100.5987658142315,4.5,50.186826906018844,383.48024980826483,162
3615.2,6,1100.5987658142315,4.5,50.2042323705762,383.33010888073795,162
3615.3,6,1100.5987658142315,4.5,50.30196392701989,382.62899602737485,162
3615.4,6,1100.5987658142315,4.5,50.38854220247351,381.90270649767695,162
3615.5,6,1100.5987658142315,4.5,50.4112337660265,381.70482172365354,162
3615.6,6,1100.5987658142315,4.5,50.41031575097765,381.697592638271,162
3615.7,6,1100.5987658142315,4.5,50.414428323945415,381.65588452209454,162
3615.8,6,1100.5987658142315,4.5,50.41047910784076,381.678066407818,162
3615.9,6,1100.5987658142315,4.5,50.416748936306,381.6142576329949,162
3616.0,6,1100.5987658142315,4.5,50.43726122587081,381.43368356726046,162
3616.1,6,1100.5987658142315,4.5,50.44398503055136,381.365938603201,162
3616.2,6,1100.5987658142315,4.5,50.44347315313361,381.3584787349755,162
3616.3,6,1100.5987658142315,4.5,50.46115596438422,381.2137002892233,162
3616.4,6,1100.5987658142315,4.5,50.469385498532276,381.13532293477317,162
3616.5,6,1100.5987658142315,4.5,50.48168566215183,381.0259439212898,162
3616.6,6,1100.5987658142315,4.5,50.50351640222881,380.84636239880024,162
3616.7,6,1100.5987658142315,4.5,50.507052265219,380.81135535831766,162
3616.8,6,1100.5987658142315,4.5,50.579294453100204,380.2972965005663,162
3616.9,6,1100.5987658142315,4.5,50.60829076779271,380.05572213240976,162
3617.0,6,1100.5987658142315,4.5,50.61152629018879,380.02453491554775,162
3617.1,6,1100.5987658142315,4.5,50.61342419082142,380.00075481010475,162
3617.2,6,1100.5987658142315,4.5,50.62313549019045,379.92040741925894,162
3617.3,6,1100.5987658142315,4.5,50.63522208268973,379.81602023653426,162
3617.4,6,1100.5987658142315,4.5,50.630608658015504,379.8423646906695,162
3617.5,6,1100.37156659136,4.5,50.62909297513066,379.8565231514504,162
3617.6,6,1100.37156659136,5.0,50.64954942100191,379.68368768146917,162
3617.7,6,1100.37156659136,5.0,50.65138170499969,379.6656763482363,162
3617.8,6,1100.37156659136,5.0,50.667984287244835,379.52040597507755,162
3617.9,6,1100.37156659136,4.5,50.77168029525853,378.6132618218099,162
3618.0,6,1100.37156659136,4.5,50.787973830892575,378.4792877490428,162
3618.1,6,1100.37156659136,4.5,50.79623111848957,378.405444914352,162
3618.2,6,1100.37156659136,4.5,50.80834929953333,378.30106572619593,162
3618.3,6,1100.37156659136,4.5,50.82357568411154,378.1772147330032,162
3618.4,6,1100.37156659136,4.5,50.8398441694068,378.0474930999908,162
3618.5,6,1100.37156659136,4.5,50.84769980314111,377.9790910535361,162
3618.6,6,1100.37156659136,4.5,50.86380447072009,377.8482021015218,162
3618.7,6,1100.37156659136,4.5,50.88456576181744,377.68542137005437,162
3618.8,6,1100.37156659136,4.5,50.90493290133006,377.52181483263945,162
3618.9,6,1100.37156659136,4.5,50.91838753409414,377.41118933806916,162
3619.0,6,1100.37156659136,4.5,50.926204616630045,377.34375201136,162
3619.1,6,1100.37156659136,4.5,50.93302335107434,377.2861998152264,162
3619.2,6,1100.37156659136,4.5,50.9467436383953,377.1402642500817,162
3619.3,6,1100.37156659136,4.5,50.95916214644075,377.0452128723525,162
3619.4,6,1100.37156659136,4.5,50.9579016387497,377.06933163027975,162
3619.5,6,1100.37156659136,4.5,51.0084183129848,376.7095145423182,162
3619.6,6,1100.37156659136,4.5,51.02463029065082,376.5820204494684,162
3619.7,6,1100.37156659136,4.5,51.037350524286616,376.48193339931777,162
3619.8,6,1100.37156659136,4.5,51.057470814500164,376.32689190686324,162
3619.9,6,1100.37156659136,4.5,51.06971236449248,376.2315077055674,162
3620.0,6,1100.37156659136,4.5,51.0696244225356,376.2322846062176,162
3620.1,11,1100.37156659136,4.5,50.918760343992446,377.4125835082442,162
3620.2,6,1100.37156659136,4.5,50.93381757535472,377.2970917280226,162
3620.3,6,1100.37156659136,4.5,50.94209075316715,377.2318410993878,162
3620.4,6,1100.1446642367375,4.5,51.00277191295259,376.7563778218383,162
3620.5,6,1100.1446642367375,5.0,51.01802546368088,376.6358043874585,162
3620.6,6,1100.1446642367375,4.5,51.03683436405453,376.4950202325392,162
3620.7,6,1100.1446642367375,4.5,51.04918841109935,376.4006244364615,162
3620.8,6,1100.1446642367375,4.5,51.05771665841024,376.3371186125462,162
3620.9,6,1100.1446642367375,4.5,51.05951939582397,376.3210835600929,162
3621.0,6,1100.1446642367375,4.5,51.06326076976313,376.29760006433037,162
3621.1,6,1100.1446642367375,4.5,51.08532961037403,376.12605879151016,162
3621.2,6,1100.1446642367375,4.5,51.09595002051152,376.0430328523022,162
3621.3,6,1100.1446642367375,4.5,51.099387912183936,376.02105803166046,162
3621.4,6,1100.1446642367375,4.5,51.11065736604952,375.93686526673105,162
3621.5,6,1100.1446642367375,4.5,51.11653371744436,375.8952884833019,162
3621.6,6,1100.1446642367375,4.5,50.99476545099946,376.74300645500966,162
3621.7,6,1100.1446642367375,4.5,51.00085365432045,376.69639287287845,162
3621.8,6,1100.1446642367375,4.5,51.00256200601697,376.68584306916193,162
3621.9,6,1100.1446642367375,4.5,51.046695439458645,376.3791247684361,162
3622.0,6,1100.1446642367375,4.5,51.079085465642635,376.13105702475275,162
3622.1,6,1100.1446642367375,4.5,51.081891424384956,376.11774280907343,162
3622.2,6,1100.1446642367375,4.5,51.08591958766235,376.0934900015608,162
3622.3,6,1100.1446642367375,4.5,51.097184394563655,376.01200753508635,162
3622.4,6,1100.1446642367375,4.5,51.08479347704758,376.1075638357029,162
3622.5,6,1100.1446642367375,4.0,51.08817906177981,376.08621064217414,162
3622.6,6,1100.1446642367375,4.0,51.10439004522637,375.96849387791974,162
3622.7,6,1100.1446642367375,4.0,51.09020843182676,376.08618435198736,162
3622.8,6,1100.1446642367375,4.0,51.105991390914966,375.97052616804706,162
3622.9,6,1100.1446642367375,4.0,51.110366775635086,375.938999622642,162
3623.0,6,1099.9175491991784,4.0,51.100921667025105,376.0134859727394,162
3623.1,6,1099.9175491991784,4.5,51.09135201560964,376.0947875935468,162
3623.2,6,1099.9175491991784,4.5,51.10658681309761,375.9848113956307,162
3623.3,6,1099.9175491991784,4.5,51.099238471816804,376.04790545058984,162
3623.4,6,1099.9175491991784,4.5,51.11152505739241,375.95636698228634,162
3623.5,6,1099.9175491991784,4.5,51.11715261240709,375.91998779814685,162
3623.6,6,1099.9175491991784,4.5,51.11217568547795,375.9662884599028,162
3623.7,6,1099.9175491991784,4.5,51.12325755963986,375.8882372789726,162
3623.8,6,1099.9175491991784,4.5,51.116006280044274,375.9542196696509,162
3623.9,6,1099.9175491991784,4.5,51.12783785278459,375.86729268417827,162
3624.0,6,1099.9175491991784,4.5,51.11744274581844,375.95172608735675,162
3624.1,6,1099.9175491991784,4.5,51.11597476911142,375.9711540195432,162
3624.2,6,1099.9175491991784,4.5,51.12144331987583,375.93740185838016,162
3624.3,6,1099.9175491991784,4.5,51.14110980884685,375.79424434768623,162
3624.4,6,1099.9175491991784,4.5,51.13926765214738,375.81648777706073,162
3624.5,6,1099.9175491991784,4.0,51.15260439466349,375.72343339234067,162
3624.6,8,1099.9175491991784,4.0,51.149142295336745,375.7553217408232,162
3624.7,8,1099.9175491991784,4.199999999999999,51.14389438135521,375.8065348548986,162
3624.8,8,1099.9175491991784,4.199999999999999,51.150105621911095,375.76901386495865,162
3624.9,8,1099.9175491991784,4.199999999999999,51.1698197203013,375.627092287129,162
3625.0,8,1099.9175491991784,4.199999999999999,51.17628897475596,375.5900445859427,162
3625.1,8,1099.9175491991784,4.199999999999999,51.17760902504304,375.5874398643528,162
3625.2,6,1099.9175491991784,3.5,51.16861814378474,375.6686611869674,162
3625.3,6,1099.9175491991784,4.0,51.15965088192015,375.74423356385057,162
3625.4,6,1099.9175491991784,4.0,51.03221285790983,376.63378729558815,162
3625.5,6,1099.9175491991784,4.0,51.03372778793363,376.6376960019214,162
3625.6,6,1099.9175491991784,4.0,51.05696817484,376.4663054997619,162
3625.7,8,1099.9175491991784,3.5,51.05573691507719,376.4816360742276,162
3625.8,8,1099.9175491991784,4.199999999999999,51.06452191343027,376.42556568862744,162
3625.9,8,1099.9175491991784,4.199999999999999,51.062739652171416,376.4511287495169,162
3626.0,8,1099.9175491991784,4.199999999999999,51.06567786245138,376.43454924554385,162
3626.1,8,1099.9175491991784,4.199999999999999,51.0604188973299,376.4845163992892,162
3626.2,8,1099.9175491991784,4.199999999999999,51.0592113093231,376.5029852721211,162
3626.3,8,1099.9175491991784,4.199999999999999,51.0439760831683,376.6346372009974,162
3626.4,8,1099.9175491991784,4.199999999999999,51.187928807931755,375.6533216256337,162
3626.5,8,1099.9175491991784,4.199999999999999,51.17284208143133,375.78355023285377,162
3626.6,8,1099.9175491991784,4.199999999999999,51.172812455945135,375.7932830100706,162
3626.7,8,1099.9175491991784,4.199999999999999,51.170368922104245,375.8239093832593,162
3626.8,8,1099.9175491991784,4.199999999999999,51.16181920613287,375.8954360353405,162
3626.9,8,1099.9175491991784,4.199999999999999,51.16050380179158,375.91882134030834,162
3627.0,8,1099.9175491991784,4.199999999999999,50.96809409082757,377.4730861475337,162
3627.1,8,1099.9175491991784,4.199999999999999,50.973914385436366,377.4420480246089,162
3627.2,8,1099.9175491991784,4.199999999999999,50.95076901552967,377.62767827649316,162
3627.3,8,1099.9175491991784,4.199999999999999,50.95215891311814,377.6230916432336,162
3627.4,8,1099.9175491991784,4.199999999999999,50.93731830444976,377.75093966552413,162
3627.5,6,1099.7024607987785,3.5,50.93043356825959,377.81416215392863,162
3627.6,6,1099.7024607987785,4.0,50.95063492500587,377.6746430880848,162
3627.7,6,1099.7024607987785,4.0,50.934111637648854,377.81901542574167,162
3627.8,6,1099.7024607987785,4.0,50.93626766977902,377.8170075113759,162
3627.9,6,1099.7024607987785,4.0,50.932900410229685,377.85026736816934,162
3628.0,6,1099.7024607987785,4.0,50.92878147431303,377.89420939673676,162
3628.1,6,1099.7024607987785,4.0,50.93083234191684,377.8987675429171,162
3628.2,6,1099.7024607987785,4.0,50.929533551625475,377.92382149472553,162
3628.3,6,1099.7024607987785,4.0,50.916718721785465,378.0394777890649,162
3628.4,6,1099.7024607987785,4.0,50.922687341218776,377.99746771927687,162
3628.5,6,1099.7024607987785,4.0,50.922671734923796,378.0128164992842,162
3628.6,7,1099.8672333165139,3.5,50.90469240785225,378.1653532123802,162
3628.7,8,1099.8672333165139,4.199999999999999,50.89909384804388,378.21885851216643,162
3628.8,8,1099.8672333165139,4.199999999999999,50.88581661800501,378.3323196607633,162
3628.9,8,1099.8672333165139,4.199999999999999,50.874455898109076,378.42442889339554,162
3629.0,8,1099.8672333165139,4.199999999999999,50.86916980323773,378.47311112954,162
3629.1,8,1099.8672333165139,4.199999999999999,50.84015447366535,378.71096705668043,162
3629.2,8,1099.8672333165139,4.199999999999999,50.83990555253058,378.7131554031791,162
3629.3,8,1099.8672333165139,4.199999999999999,50.81583156546782,378.9064308683182,162
3629.4,8,1099.8672333165139,4.199999999999999,50.79940283306014,379.0476747751153,162
3629.5,7,1099.9348089176563,4.199999999999999,50.793990437010095,379.0887253104688,162
3629.6,8,1099.9348089176563,4.199999999999999,50.801389203284685,379.0371662098202,162
3629.7,8,1099.9348089176563,4.199999999999999,50.834789070011624,378.76666258916816,162
3629.8,8,1099.9348089176563,4.199999999999999,50.831690860288404,378.7798205610395,162
3629.9,8,1099.9348089176563,4.199999999999999,50.815540812538465,378.9202904549759,162
3630.0,8,1099.9348089176563,4.199999999999999,50.81817133327906,378.899726737994,162
3630.1,7,1099.9462338010158,4.199999999999999,50.813329008922665,378.9457639204679,162
3630.2,8,1099.9462338010158,4.199999999999999,50.82024945978402,378.9080280507136,162
3630.3,8,1099.9462338010158,4.199999999999999,50.81535853830627,378.94935595637577,162
3630.4,8,1099.9462338010158,4.199999999999999,50.80441587049623,379.04015132957056,162
3630.5,7,1099.900063876929,3.5,50.80303457528289,379.0549577179497,162
3630.6,7,1099.900063876929,4.199999999999999,50.77647287331938,379.27417594636876,162
3630.7,7,1099.900063876929,4.199999999999999,50.7514080388108,379.4616880929547,162
3630.8,7,1099.900063876929,4.199999999999999,50.74143409927906,379.54052676042454,162
3630.9,7,1099.900063876929,4.199999999999999,50.726018070906015,379.6567210137275,162
3631.0,7,1099.900063876929,4.199999999999999,50.70385259751344,379.8245150880103,162
3631.1,7,1099.900063876929,4.199999999999999,50.680918530101444,380.0124375737827,162
3631.2,7,1099.900063876929,4.199999999999999,50.66615788905603,380.1169849856368,162
3631.3,8,1099.900063876929,4.199999999999999,50.64934632051937,380.2521231039069,162
3631.4,8,1099.900063876929,4.199999999999999,50.6221251794326,380.46161267343666,162
3631.5,8,1099.900063876929,4.199999999999999,50.61935583967933,380.4749533137783,162
3631.6,8,1099.900063876929,4.199999999999999,50.59810975194442,380.6363086716889,162
3631.7,8,1099.900063876929,4.199999999999999,50.58608676518419,380.7281419341932,162
3631.8,8,1099.900063876929,4.199999999999999,50.57233530226566,380.83633209796375,162
3631.9,8,1099.900063876929,4.199999999999999,50.56027213429253,380.92645699655355,162
3632.0,8,1099.900063876929,4.199999999999999,50.5406527892188,381.07886044530545,162
3632.1,8,1099.900063876929,4.199999999999999,50.53260789369837,381.13418603330433,162
3632.2,8,1099.900063876929,4.199999999999999,50.522076336922865,381.20704153512224,162
3632.3,8,1099.900063876929,4.199999999999999,50.48637048435663,381.48800483460946,162
3632.4,8,1099.900063876929,4.8999999999999995,50.49341729850741,381.4134093117045,162
3632.5,8,1099.900063876929,4.8999999999999995,50.495846813246544,381.38060054328264,162
3632.6,8,1099.900063876929,4.8999999999999995,50.45601944838505,381.69187123048334,162
3632.7,8,1099.900063876929,4.8999999999999995,50.4378923879066,381.8211361908606,162
3632.8,8,1099.900063876929,4.8999999999999995,50.44089170892676,381.77707336837193,162
3632.9,8,1099.900063876929,4.8999999999999995,50.404560975703596,382.06585747364574,162
3633.0,8,1099.900063876929,4.8999999999999995,50.3949447119665,382.13036301041836,162
3633.1,8,1099.900063876929,4.8999999999999995,50.37082198596417,382.3143743446166,162
3633.2,8,1099.900063876929,4.8999999999999995,50.36921459649514,382.316341921719,162
3633.3,8,1099.900063876929,4.8999999999999995,50.36042739681953,382.3722513595708,162
3633.4,8,1099.900063876929,4.8999999999999995,50.18252518821318,383.5877794602648,162
3633.5,8,1099.900063876929,4.8999999999999995,50.163293917137416,383.73269903060634,162
3633.6,8,1099.900063876929,4.8999999999999995,50.150434670594414,383.8306702085913,162
3633.7,8,1099.900063876929,4.8999999999999995,50.13383739106855,383.9521799341719,162
3633.8,8,1099.900063876929,4.8999999999999995,50.21504292265007,383.409059001748,162
3633.9,8,1099.900063876929,4.8999999999999995,50.215485308541275,383.3785580094066,162
3634.0,8,1099.900063876929,4.8999999999999995,50.18068016957653,383.651205242733,162
3634.1,8,1099.900063876929,4.8999999999999995,50.16456368816628,383.7705205112371,162
3634.2,8,1099.900063876929,4.8999999999999995,50.1561087112382,383.8176534625069,162
3634.3,8,1099.900063876929,4.8999999999999995,50.13664909409317,383.9568575192943,162
3634.4,8,1099.900063876929,4.8999999999999995,50.113710928816246,384.13314294285726,162
3634.5,8,1099.900063876929,4.8999999999999995,50.111467925074955,384.1286253284187,162
3634.6,8,1099.900063876929,5.6,50.07841960529963,384.3764211626292,162
3634.7,8,1099.900063876929,5.6,50.232365543297945,383.0564300783959,162
3634.8,8,1099.900063876929,5.6,50.087151254177385,384.25747708888184,162
3634.9,8,1099.900063876929,5.6,50.088289719812366,384.2273936332169,162
3635.0,8,1099.900063876929,5.6,50.0657441545432,384.3959676390334,162
3635.1,8,1099.900063876929,5.6,50.05921273731711,384.438994194216,162
3635.2,8,1099.900063876929,5.6,50.039036505029145,384.58260076148076,162
3635.3,8,1099.900063876929,5.6,50.021612950664064,384.7083044978723,162
3635.4,8,1099.900063876929,5.6,50.00565152418672,384.815830997622,162
3635.5,8,1099.900063876929,5.6,49.98881609425038,384.92909413812833,162
3635.6,8,1099.900063876929,5.6,49.97013138760794,385.07128103664394,162
3635.7,8,1099.900063876929,5.6,49.96800261726324,385.067065421911,162
3635.8,8,1099.900063876929,5.6,49.95024076580209,385.1952836564501,162
3635.9,8,1099.900063876929,5.6,49.94287275222892,385.244592781467,162
3636.0,8,1099.900063876929,5.6,49.77849762993845,386.40848566363246,162
3636.1,8,1099.900063876929,5.6,49.748052205062784,386.6373538848118,162
3636.2,8,1099.900063876929,5.6,49.727168153557116,386.7921892111609,162
3636.3,8,1099.900063876929,5.6,49.713572458325025,386.8838013297451,162
3636.4,8,1099.900063876929,5.6,49.68917903607497,387.07262494878756,162
3636.5,8,1099.900063876929,5.6,49.68661348348705,387.0843869769179,162
3636.6,8,1099.900063876929,5.6,49.681095817081356,387.131946971962,162
3636.7,8,1099.900063876929,5.6,49.670980001215014,387.2123268973098,162
3636.8,8,1099.900063876929,5.6,49.665865881671664,387.2476039602616,162
3636.9,8,1099.900063876929,5.6,49.65637823472416,387.3264319373245,162
3637.0,8,1099.900063876929,5.6,49.656632152111214,387.3193863785473,162
3637.1,8,1099.900063876929,5.6,49.64995307769799,387.3770743818144,162
3637.2,8,1099.900063876929,5.6,49.64452943312461,387.63661491949995,162
3637.3,8,1099.900063876929,5.6,49.65663151361929,387.5510994802289,162
3637.4,8,1099.900063876929,5.6,49.4682128837899,388.91632304341437,162
3637.5,8,1099.900063876929,5.6,49.479100032451086,388.8380917731423,162
3637.6,8,1099.900063876929,5.6,49.471680166528714,388.750961359238,162
3637.7,8,1099.900063876929,4.8999999999999995,49.47094321165071,388.767328227402,162
3637.8,8,1099.900063876929,4.8999999999999995,49.478054457801576,388.7272965369094,162
3637.9,8,1099.900063876929,4.8999999999999995,49.480754335261494,388.71070327711305,162
3638.0,8,1099.900063876929,4.8999999999999995,49.49315817432628,388.6205932410186,162
3638.1,7,1099.8782906052334,4.8999999999999995,49.4930021683224,388.86359985999377,162
3638.2,8,1099.8782906052334,4.8999999999999995,49.49946465169738,388.82578828690697,162
3638.3,8,1099.8782906052334,4.8999999999999995,49.5220818144932,388.65375731496556,162
3638.4,8,1099.8782906052334,4.8999999999999995,49.52978299966266,388.6039470137657,162
3638.5,8,1099.8782906052334,4.8999999999999995,49.53546324463936,388.5739615110399,162
3638.6,8,1099.8782906052334,4.8999999999999995,49.55564116229407,388.4276326489369,162
3638.7,8,1099.8782906052334,5.6,49.57651387402251,388.27465226885613,162
3638.8,8,1099.8782906052334,5.6,49.593754476463936,388.14782523397173,162
3638.9,8,1099.8782906052334,5.6,49.61831378401324,387.95436994120246,162
3639.0,8,1099.8782906052334,5.6,49.640445700783744,387.77837911494873,162
3639.1,8,1099.8782906052334,5.6,49.66024568266725,387.63062108103986,162
3639.2,8,1099.8782906052334,5.6,49.68045900396629,387.47541592164475,162
3639.3,8,1099.8782906052334,5.6,49.90526367069368,385.88957035234466,162
3639.4,8,1099.8782906052334,5.6,49.93606341661481,385.6369847224161,162
3639.5,7,1099.8476336023446,5.6,49.94829569147123,385.53723239730425,162
3639.6,8,1099.8476336023446,5.6,49.95167407005213,385.5184538185901,162
3639.7,8,1099.8476336023446,5.6,49.97320878167517,385.352936909532,162
3639.8,8,1099.8476336023446,5.6,49.973178486911564,385.35616817756795,162
3639.9,8,1099.8476336023446,5.6,49.96416487295347,385.4416343483932,162
3640.0,8,1099.8476336023446,5.6,49.992951598610176,385.2043577075958,162
3640.1,8,1099.8476336023446,5.6,49.99128973604705,385.22576695832686,162
3640.2,8,1099.8476336023446,5.6,49.843283699538404,386.2397960986317,162
3640.3,8,1099.8476336023446,5.6,49.85418594707746,386.1494603523789,162
3640.4,8,1099.8476336023446,5.6,49.84229329225585,386.2584046891891,162
3640.5,8,1099.8476336023446,5.6,49.85862051749953,386.1315765448346,162
3640.6,8,1099.8476336023446,5.6,49.87911570213439,385.96881932063474,162
3640.7,8,1099.8476336023446,5.6,49.87317779733736,386.026772564373,162
3640.8,8,1099.8476336023446,5.6,50.12041378971641,383.93213969865377,162
3640.9,8,1099.8476336023446,5.6,50.137683291575875,383.7920271945687,162
3641.0,8,1099.8476336023446,5.6,50.12860125799647,383.8702109456581,162
3641.1,8,1099.8476336023446,5.6,50.13562240514906,383.80893873136085,162
3641.2,8,1099.8476336023446,5.6,50.14202693664913,383.7587131610049,162
3641.3,8,1099.8476336023446,5.6,50.136031395168175,383.8243476567449,162
3641.4,8,1099.8476336023446,5.6,50.29272410029383,382.7358308126686,162
3641.5,8,1099.8476336023446,5.6,50.29201651753685,382.7511747586874,162
3641.6,8,1099.8476336023446,5.6,50.28129332576951,382.8422245083212,162
3641.7,8,1099.8476336023446,5.6,50.138766899190436,383.81731912204145,162
3641.8,8,1099.8476336023446,5.6,50.14188236779897,383.8043737486664,162
3641.9,8,1099.8476336023446,5.6,50.13537134130877,383.86292285661347,162
3642.0,8,1099.8476336023446,5.6,50.16145554645601,383.65775361668517,162
3642.1,8,1099.8476336023446,5.6,50.162061330871495,383.66008867701305,162
3642.2,8,1099.8476336023446,5.6,50.266433970503826,382.94286658162594,162
3642.3,8,1099.8476336023446,5.6,50.27570160530408,382.8716672986651,162
3642.4,7,1099.816160404044,5.6,50.287087656408886,382.7918970029592,162
3642.5,7,1099.7674019217618,6.3,50.28079711814702,382.8495199004867,162
3642.6,7,1099.7674019217618,6.3,50.2898733794452,382.7887587859599,162
3642.7,7,1099.7674019217618,6.3,50.30593400712424,382.6732745846234,162
3642.8,7,1099.7674019217618,6.3,50.316216850305054,382.6006240755238,162
3642.9,7,1099.7674019217618,6.3,50.33353644546726,382.4710177193549,162
3643.0,7,1099.7674019217618,6.3,50.32405910837139,382.56178621672484,162
3643.1,7,1099.7674019217618,6.3,50.3898740596741,381.870368166415,162
3643.2,7,1099.7674019217618,6.3,50.39168418775739,381.86240316111395,162
3643.3,7,1099.7674019217618,6.3,50.40300547889484,381.7677979016596,162
3643.4,7,1099.7674019217618,6.3,50.41305996505752,381.699771101265,162
3643.5,7,1099.7674019217618,5.6,50.427885441367735,381.58518783031377,162
3643.6,8,1099.7674019217618,5.6,50.58948726725066,380.2495851475616,162
3643.7,8,1099.7674019217618,5.6,50.58701685712642,380.27167735682883,162
3643.8,8,1099.7674019217618,5.6,50.59154637173462,380.24435682726545,162
3643.9,8,1099.7674019217618,5.6,50.58967067591902,380.279060709359,162
3644.0,8,1099.7674019217618,5.6,50.60032070409074,380.20175779976273,162
3644.1,7,1099.7674019217618,4.8999999999999995,50.60160258679562,380.1957326975196,162
3644.2,7,1099.7674019217618,5.6,50.61040478440877,380.1320986391109,162
3644.3,7,1099.7674019217618,5.6,50.603846711990855,380.1966599945413,162
3644.4,7,1099.7674019217618,5.6,50.73721551766702,379.26296871578774,162
3644.5,7,1099.7674019217618,5.6,50.731066546762875,379.3163250520232,162
3644.6,7,1099.7674019217618,5.6,50.7438361912722,379.22078476275476,162
3644.7,7,1099.7674019217618,5.6,50.7521962152165,379.17423779896205,162
3644.8,7,1099.7674019217618,5.6,50.75756171818982,379.13886250859747,162
3644.9,7,1099.7674019217618,5.6,50.752894685676054,379.18102281524284,162
3645.0,7,1099.7173788956734,5.6,50.542131380445994,380.6170668629823,162
3645.1,7,1099.7173788956734,6.3,50.53528439888396,380.6783032551828,162
3645.2,7,1099.7173788956734,5.6,50.505901321393026,380.9192803435726,162
3645.3,7,1099.7173788956734,5.6,50.51485861836335,380.859816520093,162
3645.4,7,1099.7173788956734,5.6,50.4992308064824,380.9793890671873,162
3645.5,7,1099.7173788956734,5.6,50.46811446688356,381.1036761085131,162
3645.6,7,1099.7173788956734,5.6,50.45260922933038,381.2280922047387,162
3645.7,7,1099.7173788956734,5.6,50.44864719892409,381.2604015553285,162
3645.8,7,1099.7173788956734,5.6,50.439225162417486,381.3250420282219,162
3645.9,7,1099.7173788956734,5.6,50.433327286471055,381.3792784054749,162
3646.0,7,1099.7173788956734,5.6,50.44467002767263,381.2879588981814,162
3646.1,7,1099.7173788956734,5.6,50.55150624085036,380.4136184253614,162
3646.2,7,1099.7173788956734,5.6,50.54708955268134,380.44430803148646,162
3646.3,7,1099.7173788956734,5.6,50.538622563928364,380.519282425699,162
3646.4,7,1099.7173788956734,5.6,50.5437004855749,380.4790788342632,162
3646.5,7,1099.7173788956734,5.6,50.54774764601423,380.44620226043526,162
3646.6,7,1099.7173788956734,5.6,50.535506853710444,380.54080502815805,162
3646.7,7,1099.7173788956734,5.6,50.64724653183433,379.76842383612177,162
3646.8,7,1099.7173788956734,5.6,50.63294155965133,379.88512055823884,162
3646.9,7,1099.7173788956734,5.6,50.632387021366625,379.8903497778956,162
3647.0,8,1099.7173788956734,4.8999999999999995,50.62471772119776,379.95031983489554,162
3647.1,8,1099.7173788956734,4.8999999999999995,50.62007461347244,379.98239047562106,162
3647.2,8,1099.7173788956734,4.8999999999999995,50.60023425640467,380.1359077710856,162
3647.3,8,1099.7173788956734,4.8999999999999995,50.594306742155794,380.1831639855884,162
3647.4,8,1099.7173788956734,4.8999999999999995,50.572125447909116,380.3666229935021,162
3647.5,8,1099.7173788956734,4.8999999999999995,50.58399304620799,380.26878819922285,162
3647.6,8,1099.7173788956734,4.8999999999999995,50.564751734016355,380.4227373111306,162
3647.7,8,1099.7173788956734,4.8999999999999995,50.55920233603519,380.45955767381236,162
3647.8,8,1099.7173788956734,4.8999999999999995,50.4119893734127,381.4744624226646,162
3647.9,8,1099.7173788956734,4.8999999999999995,50.3950718035172,381.6114171914501,162
3648.0,7,1099.6682224323984,4.8999999999999995,50.377269592519454,381.74515172900396,162
3648.1,7,1099.6682224323984,5.6,50.373335173274455,381.773849899432,162
3648.2,7,1099.6682224323984,5.6,50.36041997399988,381.8651333052585,162
3648.3,7,1099.6682224323984,5.6,50.347976207349774,381.95773514452,162
3648.4,7,1099.6682224323984,5.6,50.519130567602005,380.55780392690906,162
3648.5,7,1099.6682224323984,5.6,50.50785269557947,380.6394689358159,162
3648.6,7,1099.6682224323984,5.6,50.49821632945108,380.70965796484256,162
3648.7,7,1099.6682224323984,5.6,50.481621285931055,380.8409618129222,162
3648.8,7,1099.6682224323984,5.6,50.471424077052575,380.91709754383874,162
3648.9,7,1099.6682224323984,5.6,50.55087050352964,380.3822462557332,162
3649.0,7,1099.6682224323984,5.6,50.53302631970978,380.5210338611629,162
3649.1,7,1099.6682224323984,5.6,50.51790034095637,380.63130992822187,162
3649.2,7,1099.6682224323984,5.6,50.37582255970263,381.62760074471123,162
3649.3,7,1099.6682224323984,5.6,50.37890265025304,381.6048405674678,162
3649.4,7,1099.6682224323984,5.6,50.3759549926842,381.62586160909143,162
3649.5,7,1099.6682224323984,4.8999999999999995,50.385702585448364,381.5441415959068,162
3649.6,7,1099.6682224323984,4.8999999999999995,50.371146029511735,381.661733446207,162
3649.7,7,1099.6682224323984,4.8999999999999995,50.374716790224085,381.63189819979266,162
3649.8,7,1099.6682224323984,4.8999999999999995,50.36768552890271,381.6914899053995,162
3649.9,7,1099.6682224323984,4.8999999999999995,50.37283036935638,381.65051141010986,162
3650.0,7,1099.6682224323984,4.8999999999999995,50.364174199202644,381.72024154766393,162
3650.1,8,1099.6682224323984,4.8999999999999995,50.36293263312285,381.7061588574373,162
3650.2,7,1099.6682224323984,4.199999999999999,50.35621112321078,381.76821733432877,162
3650.3,7,1099.6682224323984,5.6,50.365718023718735,381.6896376365047,162
3650.4,7,1099.6682224323984,5.6,50.35861774511133,381.7477610859153,162
3650.5,7,1099.6682224323984,5.6,50.38889471379927,381.5001537552772,162
3650.6,7,1099.6682224323984,5.6,50.20546138980524,382.8112875054665,162
3650.7,9,1099.6682224323984,4.8999999999999995,50.34761875357428,381.6687890103375,162
3650.8,9,1099.6682224323984,5.6000000000000005,50.34313972039824,381.70193384195744,162
3650.9,9,1099.6682224323984,5.6000000000000005,50.341369187240694,381.7148390283469,162
3651.0,7,1099.6189985704978,5.6000000000000005,50.43690985568488,381.04273225536133,162
3651.1,7,1099.6189985704978,5.6,50.43898450564765,381.01869294137873,162
3651.2,7,1099.6189985704978,5.6,50.422444884224916,381.1510616294624,162
3651.3,7,1099.6189985704978,5.6,50.43816011161382,381.0242423104248,162
3651.4,7,1099.6189985704978,5.6,50.44867783801101,380.9382071994742,162
3651.5,7,1099.6189985704978,5.6,50.43034808620989,381.0753502857067,162
3651.6,7,1099.6189985704978,5.6,50.439471647285835,381.00341633174753,162
3651.7,7,1099.6189985704978,5.6,50.43846496712972,381.0103418687257,162
3651.8,7,1099.6189985704978,5.6,50.434870970848564,381.0342902267532,162
3651.9,7,1099.6189985704978,5.6,50.439342062678506,380.99569012204546,162
3652.0,7,1099.6189985704978,5.6,50.44288995491627,380.96427996842095,162
3652.1,7,1099.6189985704978,5.6,50.41728517191237,381.1641912220549,162
3652.2,7,1099.6189985704978,5.6,50.419164504122165,381.14510966973216,162
3652.3,7,1099.6189985704978,5.6,50.395146236941855,381.32753531537935,162
3652.4,7,1099.6189985704978,5.6,50.40331830948071,381.2592827015345,162
3652.5,7,1099.6189985704978,5.6,50.39812713815867,381.2963200899592,162
3652.6,7,1099.6189985704978,5.6,50.385134302278814,381.3962291428793,162
3652.7,7,1099.6189985704978,5.6,50.18183740187651,382.8675711527808,162
3652.8,7,1099.6189985704978,5.6,50.162566653602866,383.0206654212938,162
3652.9,7,1099.6189985704978,5.6,50.13270371887508,383.2555679073088,162
3653.0,7,1099.6189985704978,5.6,50.134997022552255,383.23271852334744,162
3653.1,7,1099.6189985704978,5.6,50.11912548381858,383.3568042628924,162
3653.2,7,1099.6189985704978,5.6,50.33362692079632,381.71378068156724,162
3653.3,7,1099.6189985704978,5.6,50.31436281083895,381.860911194016,162
3653.4,7,1099.6189985704978,5.6,50.32078392160669,381.7453290701578,162
3653.5,7,1099.6189985704978,5.6,50.30601832189416,381.85880689885295,162
3653.6,7,1099.6189985704978,5.6,50.2897353992239,381.9839237897472,162
3653.7,7,1099.6189985704978,5.6,50.27915902841808,382.0614258638649,162
3653.8,7,1099.6189985704978,5.6,50.2923352414055,381.933090812976,162
3653.9,7,1099.6189985704978,5.6,50.294293259895355,381.9154628275587,162
3654.0,7,1099.6189985704978,5.6,50.283823085175285,381.9939585563699,162
3654.1,7,1099.6189985704978,5.6,50.26719286368544,382.11937701026363,162
3654.2,7,1099.6189985704978,5.6,50.25912645811573,382.17789983597595,162
3654.3,7,1099.6189985704978,5.6,50.160882582822055,382.8730806462265,162
3654.4,7,1099.6189985704978,5.6,50.14950601560514,382.95667949442486,162
3654.5,7,1099.6189985704978,5.6,50.15831996955245,382.8862843107012,162
3654.6,7,1099.6189985704978,5.6,50.15522891259961,382.91181772306084,162
3654.7,7,1099.6189985704978,5.6,50.15809942381105,382.885428980048,162
3654.8,7,1099.6189985704978,5.6,50.144094723921796,382.99236258283605,162
3654.9,7,1099.6189985704978,5.6,50.137497923302305,383.0422187394262,162
3655.0,7,1099.6189985704978,5.6,50.14232306023058,383.0028317760677,162
3655.1,7,1099.6189985704978,5.6,50.13467380557108,383.08000498339817,162
3655.2,7,1099.6189985704978,5.6,50.134622202694956,383.07890778906153,162
3655.3,7,1099.6189985704978,5.6,50.11874312387883,383.19968047915677,162
3655.4,7,1099.6189985704978,5.6,50.11167708215904,383.25328447719994,162
3655.5,7,1099.6189985704978,5.6,50.09579164779022,383.3736624452964,162
3655.6,7,1099.6189985704978,5.6,50.191954359302315,382.6684284007781,162
3655.7,7,1099.6189985704978,5.6,50.18208534828314,382.7434086243155,162
3655.8,7,1099.6189985704978,5.6,50.1666148465222,382.8600856771717,162
3655.9,10,1099.6189985704978,4.8999999999999995,50.15851713085863,382.92007794476496,162
3656.0,10,1099.6189985704978,5.6000000000000005,50.14490393851037,383.02626368554405,162
3656.1,10,1099.6189985704978,5.6000000000000005,50.15489031981123,382.9428856597999,162
3656.2,10,1099.6189985704978,5.6000000000000005,50.13421949380194,383.1027464145934,162
3656.3,10,1099.6189985704978,5.6000000000000005,49.9577680249142,384.38004086410035,162
3656.4,7,1099.6189985704978,5.6000000000000005,49.949590619494316,384.44365528645045,162
3656.5,7,1099.6189985704978,5.6,49.94720802780529,384.4621593160822,162
3656.6,7,1099.6189985704978,5.6,49.95373384249521,384.41061688485297,162
3656.7,7,1099.6189985704978,5.6,49.95569336470079,384.3966594215715,162
3656.8,7,1099.6189985704978,5.6,49.942746500690816,384.49804442393383,162
3656.9,7,1099.6189985704978,5.6,49.954564068789374,384.4065974171706,162
3657.0,7,1099.6189985704978,5.6,49.962545530827974,384.3430402514879,162
3657.1,7,1099.6189985704978,5.6,49.952962008357424,384.4184563469166,162
3657.2,10,1099.6189985704978,5.6,50.04150129171296,383.72472486084695,162
3657.3,10,1099.6189985704978,5.6000000000000005,50.0362040884721,383.76685516554903,162
3657.4,7,1099.6189985704978,5.6000000000000005,50.04917234168872,383.66864752986373,162
3657.5,7,1099.6189985704978,5.6,50.182326294183355,382.668454240993,162
3657.6,7,1099.6189985704978,5.6,50.18936752891105,382.617322438951,162
3657.7,7,1099.6189985704978,5.6,50.198373396113254,382.54763189864036,162
3657.8,7,1099.6189985704978,5.6,50.21461091573106,382.42445093897726,162
3657.9,7,1099.6189985704978,5.6,50.170997019189414,382.76766925101674,162
3658.0,7,1099.6189985704978,5.6,50.18551072370937,382.65293110971936,162
3658.1,7,1099.6189985704978,5.6,50.18460584715791,382.66120570255873,162
3658.2,7,1099.6189985704978,5.6,50.18763653595643,382.6380726282707,162
3658.3,10,1099.6189985704978,5.6,50.18373098873258,382.6701410255514,162
3658.4,10,1099.6189985704978,5.6000000000000005,50.187058719591995,382.64539418128334,162
3658.5,10,1099.6189985704978,5.6000000000000005,50.18731135875959,382.6461090687982,162
3658.6,9,1099.6189985704978,5.6000000000000005,50.20079304361204,382.54161956707594,162
3658.7,9,1099.6189985704978,5.6000000000000005,50.20291938512399,382.527079866014,162
3658.8,9,1099.6189985704978,5.6000000000000005,50.22375215901763,382.36806427383,162
3658.9,9,1099.6189985704978,5.6000000000000005,50.22628501617916,382.34993714659186,162
3659.0,9,1099.6189985704978,5.6000000000000005,50.23633043102922,382.2739563057746,162
3659.1,9,1099.6189985704978,5.6000000000000005,50.24869863739829,382.17639925734613,162
3659.2,9,1099.6189985704978,5.6000000000000005,50.20039965884291,382.55671165994363,162
3659.3,9,1099.6189985704978,5.6000000000000005,50.20988621565948,382.4853932701339,162
3659.4,9,1099.6189985704978,5.6000000000000005,50.21421527182837,382.45074830525743,162
3659.5,9,1099.6189985704978,5.6000000000000005,50.20889044876981,382.49330641498443,162
3659.6,10,1099.6189985704978,4.800000000000001,50.221013079103145,382.3995601336136,162
3659.7,10,1099.6189985704978,5.6000000000000005,50.22887099405769,382.33969318673576,162
3659.8,10,1099.6189985704978,5.6000000000000005,50.245785410720416,382.2116172399897,162
3659.9,10,1099.6189985704978,5.6000000000000005,50.267993604714135,382.04174452055963,162
3660.0,10,1099.6189985704978,5.6000000000000005,50.2899533975976,381.87358956996616,162
3660.1,10,1099.6189985704978,5.6000000000000005,50.39536596562994,381.05364017840225,162
3660.2,10,1099.6189985704978,5.6000000000000005,50.41131357686373,380.9322510891641,162
3660.3,10,1099.6189985704978,5.6000000000000005,50.41272969303472,380.9255831926308,162
3660.4,10,1099.6189985704978,5.6000000000000005,50.426550271488054,380.8210537107984,162
3660.5,10,1099.6189985704978,5.6000000000000005,50.437923546474735,380.73715339755205,162
3660.6,10,1099.6189985704978,5.6000000000000005,50.44328759607829,380.69713190883715,162
3660.7,10,1099.6189985704978,5.6000000000000005,50.45049193350749,380.6417291813848,162
3660.8,10,1099.6189985704978,5.6000000000000005,50.45884603935863,380.57785760290193,162
3660.9,10,1099.6189985704978,5.6000000000000005,50.47530218421777,380.4529499703919,162
3661.0,10,1099.6189985704978,5.6000000000000005,50.4242283616324,380.8542524478943,162
3661.1,10,1099.6189985704978,5.6000000000000005,50.42626644944423,380.83972324721833,162
3661.2,10,1099.6189985704978,5.6000000000000005,50.43567079635458,380.7704839574203,162
3661.3,10,1099.6189985704978,5.6000000000000005,50.44614572861959,380.69066707786953,162
3661.4,10,1099.6189985704978,5.6000000000000005,50.46062707641272,380.5831457951439,162
3661.5,10,1099.6189985704978,5.6000000000000005,50.465699465537426,380.54727770056127,162
3661.6,10,1099.6189985704978,5.6000000000000005,50.47785088396846,380.45700895982856,162
3661.7,10,1099.6189985704978,5.6000000000000005,50.59831112038422,379.58018144609173,162
3661.8,7,1099.570531880189,4.800000000000001,50.61306813081059,379.4709723208829,162
3661.9,7,1099.570531880189,4.8999999999999995,50.63850917525133,379.27830780141886,162
3662.0,7,1099.570531880189,4.8999999999999995,50.53527686556378,380.083837854172,162
3662.1,10,1099.570531880189,4.8999999999999995,50.517860378185944,380.22359236173355,162
3662.2,10,1099.570531880189,5.6000000000000005,50.52252985003767,380.1871397462628,162
3662.3,10,1099.570531880189,5.6000000000000005,50.615278862573746,379.46410872100364,162
3662.4,10,1099.570531880189,5.6000000000000005,50.53079560788049,380.0746354664172,162
3662.5,10,1099.570531880189,5.6000000000000005,50.53105357475782,380.07665333620446,162
3662.6,10,1099.570531880189,5.6000000000000005,50.552343386475286,379.91475821230506,162
3662.7,10,1099.570531880189,5.6000000000000005,50.55707642675074,379.8831283257489,162
3662.8,10,1099.570531880189,5.6000000000000005,50.57098484835595,379.77655383507386,162
3662.9,10,1099.570531880189,5.6000000000000005,50.58961008157188,379.6369773958077,162
3663.0,10,1099.570531880189,5.6000000000000005,50.60990828580354,379.48166985065154,162
3663.1,10,1099.570531880189,5.6000000000000005,50.61162854167067,379.48916075750867,162
3663.2,10,1099.570531880189,5.6000000000000005,50.62157499911727,379.41568232713934,162
3663.3,10,1099.570531880189,5.6000000000000005,50.61460379263057,379.46964182740066,162
3663.4,10,1099.570531880189,5.6000000000000005,50.61434835923875,379.4731296490039,162
3663.5,7,1099.570531880189,4.800000000000001,50.60848573767821,379.52072920682485,162
3663.6,7,1099.570531880189,4.8999999999999995,50.606084365423875,379.54031511591234,162
3663.7,7,1099.570531880189,4.8999999999999995,50.60422495999455,379.5580198048409,162
3663.8,7,1099.570531880189,4.8999999999999995,50.60399508540199,379.5637574201397,162
3663.9,7,1099.570531880189,4.8999999999999995,50.60813601208894,379.5319803802241,162
3664.0,9,1099.570531880189,4.199999999999999,50.58459430448221,379.71418977903795,162
3664.1,9,1099.570531880189,4.800000000000001,50.491318583508146,380.44357180500526,162
3664.2,9,1099.570531880189,4.800000000000001,50.47175429477868,380.5991599132151,162
3664.3,10,1099.570531880189,4.0,50.48384672655605,380.4948354036003,162
3664.4,10,1099.570531880189,4.800000000000001,50.47358297177152,380.5790878327632,162
3664.5,10,1099.570531880189,4.800000000000001,50.45595786606572,380.7127377993029,162
3664.6,10,1099.570531880189,4.800000000000001,50.34356261415101,381.67494792972866,162
3664.7,10,1099.570531880189,4.800000000000001,50.33042664853149,381.7788717629346,162
3664.8,10,1099.570531880189,4.800000000000001,50.305944540676236,381.9697789389178,162
3664.9,10,1099.570531880189,4.800000000000001,50.314296383726884,381.90812535720954,162
3665.0,10,1099.570531880189,4.800000000000001,50.29720312702243,382.03975926552044,162
3665.1,10,1099.570531880189,4.800000000000001,50.28950667599726,382.0969983486524,162
3665.2,10,1099.570531880189,4.800000000000001,50.26991754285265,382.25440967286494,162
3665.3,10,1099.570531880189,4.800000000000001,50.2433221857919,382.4818688852847,162
3665.4,11,1099.570531880189,4.0,50.268826869689626,382.2693858699926,162
3665.5,11,1099.570531880189,4.5,50.24411796324939,382.458877852441,162
3665.6,11,1099.570531880189,4.5,50.24924773699075,382.41769444431196,162
3665.7,11,1099.570531880189,4.5,50.2466476287745,382.4378036781451,162
3665.8,11,1099.570531880189,4.5,50.28293285453964,382.18349532752154,162
3665.9,11,1099.570531880189,4.5,50.27797717636791,382.2219434563783,162
3666.0,11,1099.570531880189,4.5,50.27929055335646,382.2088516782052,162
3666.1,11,1099.570531880189,4.5,50.27380114013609,382.25536226690326,162
3666.2,11,1099.570531880189,4.5,50.27361795576858,382.259162448064,162
3666.3,11,1099.570531880189,4.5,50.2722049029268,382.26939333528566,162
3666.4,11,1099.570531880189,4.5,50.27898652041044,382.21845516636125,162
3666.5,11,1099.570531880189,4.5,50.28337639678732,382.185649751544,162
3666.6,11,1099.570531880189,4.5,50.27907131215942,382.2156790656632,162
3666.7,11,1099.570531880189,4.5,50.28984233666848,382.126228732825,162
3666.8,11,1099.570531880189,4.5,50.28112219735444,382.1968438278447,162
3666.9,11,1099.570531880189,4.5,50.282362612829125,382.1893962457981,162
3667.0,11,1099.570531880189,4.5,50.287506665796464,382.14579221662007,162
3667.1,11,1099.570531880189,4.5,50.278902770616966,382.20863600657594,162
3667.2,11,1099.570531880189,4.5,50.24881677646886,382.4439067876809,162
3667.3,11,1099.570531880189,4.5,50.24668148061761,382.45873978857526,162
3667.4,11,1099.570531880189,4.5,50.24012440488474,382.51247155041904,162
3667.5,11,1099.570531880189,4.5,50.241238298680955,382.4967241895846,162
3667.6,11,1099.570531880189,4.5,50.24514052347142,382.46521140888206,162
3667.7,11,1099.570531880189,4.5,50.24239833950652,382.48833977318975,162
3667.8,11,1099.570531880189,4.5,50.23084459282948,382.5773321047462,162
3667.9,11,1099.570531880189,4.5,50.246644191063716,382.44893404756147,162
3668.0,11,1099.570531880189,4.5,50.231293413210395,382.56708058169204,162
3668.1,11,1099.570531880189,4.5,50.19250367435504,382.87180118009,162
3668.2,11,1099.570531880189,4.5,50.18967808115089,382.89422789766417,162
3668.3,11,1099.570531880189,4.5,50.24144161946395,382.4668219685632,162
3668.4,11,1099.570531880189,4.5,50.23071742436247,382.5461426016072,162
3668.5,11,1099.570531880189,4.5,50.22683625276378,382.5673619836955,162
3668.6,9,1099.570531880189,3.6,50.28554162030473,382.1427491030026,162
3668.7,9,1099.570531880189,4.0,50.280862530477165,382.17079540004283,162
3668.8,9,1099.570531880189,4.0,50.28089499024453,382.16714314213584,162
3668.9,9,1099.570531880189,4.0,50.274601407532636,382.2127017845596,162
3669.0,9,1099.570531880189,4.0,50.25998447254644,382.3244024566635,162
3669.1,9,1099.570531880189,4.800000000000001,50.25952982672262,382.32302986844434,162
3669.2,9,1099.570531880189,4.800000000000001,50.23419923042893,382.5188800868571,162
3669.3,9,1099.570531880189,4.800000000000001,50.22775409660447,382.56999268509367,162
3669.4,9,1099.570531880189,4.800000000000001,50.21555802843804,382.6635440777552,162
3669.5,9,1099.570531880189,4.800000000000001,50.209724060026176,382.70831378726376,162
3669.6,11,1099.570531880189,4.0,50.19474870718307,382.81826099516104,162
3669.7,11,1099.570531880189,4.5,50.17183986309946,382.99441624984604,162
3669.8,12,1099.570531880189,4.5,50.11761721673106,383.4299818475288,162
3669.9,12,1099.570531880189,5.4,50.09534867491308,383.8812850671148,162
3670.0,12,1099.570531880189,5.4,50.064650532468185,384.1266238484085,162
3670.1,12,1099.570531880189,5.4,50.05575768463291,384.19208300784874,162
3670.2,12,1099.570531880189,5.4,50.03473791674271,384.2023124035969,162
3670.3,12,1099.570531880189,5.4,50.02857497440455,384.2483635626984,162
3670.4,12,1099.570531880189,5.4,50.02588287909457,384.272688409067,162
3670.5,12,1099.570531880189,5.4,49.997118190667074,384.5031427374413,162
3670.6,12,1099.570531880189,5.4,50.00430731945839,384.444772632439,162
3670.7,12,1099.570531880189,5.4,49.9907836542769,384.5513546831105,162
3670.8,12,1099.570531880189,5.4,50.04553904201657,384.09533383118116,162
3670.9,12,1099.570531880189,5.4,50.02254237880443,384.2768629101122,162
3671.0,12,1099.570531880189,5.4,50.02987197858941,384.220176951387,162
3671.1,12,1099.570531880189,5.4,49.9615287884635,384.78819915887027,162
3671.2,12,1099.570531880189,5.4,50.04638772267271,384.18612400872576,162
3671.3,12,1099.570531880189,5.4,50.04583574391039,384.2017232912855,162
3671.4,12,1099.570531880189,5.4,50.034509594477235,384.29470617768413,162
3671.5,12,1099.570531880189,5.4,49.971648015667675,384.7388768662237,162
3671.6,12,1099.570531880189,5.4,49.97340215124822,384.73187844943266,162
3671.7,12,1099.570531880189,5.4,49.97716791833088,384.70650078360774,162
3671.8,8,1099.7244451487322,5.4,49.977388572556016,384.7066173527531,162
3671.9,12,1099.7244451487322,4.8999999999999995,49.97250336882379,384.75271630209846,162
3672.0,12,1099.7244451487322,6.3,49.97093626667258,384.76343153243215,162
3672.1,12,1099.7244451487322,6.3,49.974851611172575,384.7394710696467,162
3672.2,12,1099.7244451487322,6.3,49.96416460593059,384.82986268408524,162
3672.3,12,1099.7244451487322,6.3,49.96510461224656,384.82881099646505,162
3672.4,12,1099.7244451487322,6.3,49.961671898943756,384.8624505539517,162
3672.5,12,1099.7244451487322,6.3,49.9554839405444,384.9182468701207,162
3672.6,12,1099.7244451487322,6.3,49.88400176581959,385.5251285193694,162
3672.7,12,1099.7244451487322,6.3,49.87234417247868,385.6169649567911,162
3672.8,12,1099.7244451487322,6.3,49.86149538961722,385.71296753689,162
3672.9,12,1099.7244451487322,6.3,49.76785865667468,386.3973675567338,162
3673.0,12,1099.7244451487322,6.3,49.77022341973695,386.38472669384754,162
3673.1,12,1099.7244451487322,6.3,49.77023836493217,386.390454159799,162
3673.2,12,1099.7244451487322,6.3,49.775129089870674,386.3550815380361,162
3673.3,12,1099.7244451487322,6.3,49.88518451833681,385.4430768702621,162
3673.4,12,1099.7244451487322,6.3,49.97925557042539,384.7810669864991,162
3673.5,12,1099.7244451487322,6.3,49.90358409148574,385.4161391233439,162
3673.6,12,1099.7244451487322,6.3,49.898215475075816,385.4710876703481,162
3673.7,12,1099.7244451487322,6.3,49.89207162458989,385.52093398260513,162
3673.8,12,1099.7244451487322,6.3,49.86607799275136,385.634789038456,162
3673.9,12,1099.7244451487322,6.3,49.856334343641734,385.7129714481638,162
3674.0,12,1099.7244451487322,6.3,49.84871333373856,385.772222512545,162
3674.1,12,1099.7244451487322,6.3,49.83704067023686,385.8655915919489,162
3674.2,12,1099.7244451487322,6.3,49.866286911252615,385.6758697476274,162
3674.3,12,1099.7244451487322,6.3,49.84676589039708,385.83212349400367,162
3674.4,12,1099.7244451487322,6.3,49.88678853521246,385.39616071895057,162
3674.5,12,1099.7244451487322,6.3,49.875768444011875,385.4887390968777,162
3674.6,12,1099.7244451487322,6.3,49.8752746720544,385.4935373587739,162
3674.7,12,1099.7244451487322,7.2,49.86638675300205,385.56336341337,162
3674.8,12,1099.7244451487322,7.2,49.86521533667016,385.5777677760469,162
3674.9,12,1099.7244451487322,7.2,49.73957507639831,386.4912638603404,162
3675.0,12,1099.7244451487322,7.2,49.735941206981146,386.5256837027831,162
3675.1,12,1099.7244451487322,7.2,49.77743244266286,386.0295141184512,162
3675.2,12,1099.7244451487322,7.2,49.78024621566406,386.0105773898799,162
3675.3,12,1099.7244451487322,7.2,49.779533435002236,386.0229136717262,162
3675.4,12,1099.7244451487322,7.2,49.71541599089846,386.510600810262,162
3675.5,12,1099.7244451487322,7.2,49.71504009571096,386.52267446584915,162
3675.6,12,1099.7244451487322,7.2,49.72009606944516,386.49238212963917,162
3675.7,12,1099.7244451487322,7.2,49.732730163980904,386.4026492347118,162
3675.8,12,1099.7244451487322,6.3,49.73883450267188,386.36299827864343,162
3675.9,12,1099.7244451487322,6.3,49.736346861322254,386.393215420179,162
3676.0,12,1099.7244451487322,6.3,49.74696857814526,386.3200485151809,162
3676.1,12,1099.7244451487322,6.3,49.74389220144323,386.35489066748414,162
3676.2,12,1099.7244451487322,6.3,49.78911444888073,385.992184248175,162
3676.3,12,1099.7244451487322,6.3,49.78941015500277,385.9992449386475,162
3676.4,12,1099.7244451487322,6.3,49.65991575259452,386.9577930755382,162
3676.5,12,1099.7244451487322,6.3,49.67613463101026,386.83314540892445,162
3676.6,12,1099.7244451487322,6.3,49.66727152299413,386.91249454439753,162
3676.7,12,1099.7244451487322,6.3,49.67419463717043,386.86427877836365,162
3676.8,12,1099.7244451487322,6.3,49.691883388460575,386.73716462598924,162
3676.9,12,1099.7244451487322,6.3,49.69810227284696,386.7016524372443,162
3677.0,12,1099.7244451487322,6.3,49.710628271101186,386.61257447862874,162
3677.1,12,1099.7244451487322,6.3,49.7233479737079,386.5207678200861,162
3677.2,12,1099.7244451487322,6.3,49.72138201031802,386.5501926059444,162
3677.3,12,1099.7244451487322,6.3,49.650048982663414,387.1589897068457,162
3677.4,12,1099.7244451487322,6.3,49.652841485296776,387.15624100102616,162
3677.5,12,1099.7244451487322,5.4,49.67781363039276,386.968108558897,162
3677.6,12,1099.7244451487322,5.4,49.681541434425654,386.94553270808194,162
3677.7,12,1099.7244451487322,5.4,49.6870096265294,386.9116332232997,162
3677.8,12,1099.7244451487322,5.4,49.700783237351146,386.81259859794693,162
3677.9,12,1099.7244451487322,5.4,49.722665308908034,386.6492989043911,162
3678.0,12,1099.7244451487322,5.4,49.73120499368844,386.59800617001827,162
3678.1,12,1099.7244451487322,5.4,49.749152764441675,386.46727568089034,162
3678.2,12,1099.7244451487322,5.4,49.61699776515609,387.4243158945861,162
3678.3,12,1099.7244451487322,5.4,49.63054621119629,387.32270865471344,162
3678.4,12,1099.7244451487322,5.4,49.539480867772156,388.09921012729654,162
3678.5,12,1099.7244451487322,5.4,49.54989387567012,387.8795361481391,162
3678.6,12,1099.7244451487322,5.4,49.56232545270509,387.786986474053,162
3678.7,12,1099.7244451487322,5.4,49.57110552006745,387.7271832284796,162
3678.8,12,1099.7244451487322,5.4,49.5858117008669,387.61147806837346,162
3678.9,12,1099.7244451487322,5.4,49.593492926888764,387.5525073601066,162
3679.0,12,1099.7244451487322,5.4,49.5337569183324,387.9806502389312,162
3679.1,12,1099.7244451487322,5.4,49.53462596298542,387.9758321737353,162
3679.2,12,1099.7244451487322,5.4,49.55127084074627,387.8407749529141,162
3679.3,12,1099.7244451487322,5.4,49.56540987387015,387.73445240488707,162
3679.4,12,1099.7244451487322,5.4,49.586345602814575,387.574035847228,162
3679.5,12,1099.7244451487322,4.5,49.59443843154928,387.5161934331502,162
3679.6,12,1099.7244451487322,4.5,49.50275767692469,388.29353576849934,162
3679.7,12,1099.7244451487322,4.5,49.51862251999772,388.16826629469824,162
3679.8,12,1099.7244451487322,4.5,49.54667936905961,387.9483355872927,162
3679.9,12,1099.7244451487322,4.5,49.45895661915048,388.58338484657236,162
3680.0,12,1099.7244451487322,4.5,49.480291024168906,388.42233276806746,162
3680.1,12,1099.7244451487322,4.5,49.501413364465535,388.2575627633236,162
3680.2,12,1099.7244451487322,4.5,49.515565898493364,388.15591724832706,162
3680.3,12,1099.7244451487322,4.5,49.53125169218641,388.0383558715397,162
3680.4,12,1099.7244451487322,4.5,49.54521160412777,387.9323499186088,162
3680.5,12,1099.7244451487322,4.5,49.55438709830629,387.8685422159865,162
3680.6,12,1099.7244451487322,4.5,49.57752128086881,387.694364365727,162
3680.7,12,1099.7244451487322,4.5,49.6071768668364,387.46498235271133,162
3680.8,12,1099.7244451487322,4.5,49.79631340494145,385.92064723529825,162
3680.9,12,1099.7244451487322,4.5,49.82611372430239,385.6933731631056,162
3681.0,12,1099.7244451487322,4.5,49.85196571777429,385.50189403760123,162
3681.1,12,1099.7244451487322,4.5,49.86864498394337,385.6624658911475,162
3681.2,12,1099.7244451487322,4.5,49.895275345329495,385.4654994479365,162
3681.3,12,1099.7244451487322,4.5,49.76119983753285,386.6222386892491,162
3681.4,12,1099.7244451487322,4.5,49.77178400356106,386.5527331453343,162
3681.5,12,1099.7244451487322,4.5,49.90089041448922,385.62457304483166,162
3681.6,12,1099.7244451487322,5.4,49.93116176054713,385.40318292345637,162
3681.7,12,1099.7244451487322,5.4,49.959068661322874,385.19322293127095,162
3681.8,12,1099.7244451487322,5.4,49.84261991312906,386.0055718688751,162
3681.9,12,1099.7244451487322,5.4,49.871946403373784,385.78569158496543,162
3682.0,12,1099.7244451487322,4.5,49.903505408665524,385.54442118599786,162
3682.1,12,1099.7244451487322,4.5,49.93322825073054,385.3234947720909,162
3682.2,12,1099.7244451487322,4.5,49.78315611699009,386.6357169235422,162
3682.3,12,1099.7244451487322,4.5,49.80550111408218,386.47510595026034,162
3682.4,12,1099.7244451487322,4.5,49.78554796094954,386.6632064728261,162
3682.5,12,1099.7244451487322,4.5,49.809194150396095,386.4897572730528,162
3682.6,12,1099.7244451487322,4.5,49.830113325108485,386.33244563006224,162
3682.7,12,1099.7244451487322,4.5,49.84793297558484,386.21173448026855,162
3682.8,12,1099.7244451487322,4.5,49.87495642300372,386.0066704237506,162
3682.9,12,1099.7244451487322,4.5,49.740236176849265,386.9561984376991,162
3683.0,8,1099.8328512882347,3.6,49.764319243052995,386.7767559052673,162
3683.1,11,1099.8328512882347,3.5,49.955797647467726,385.1727064767048,162
3683.2,11,1099.8328512882347,3.6,49.91464773624494,385.7591480340561,162
3683.3,12,1099.8328512882347,3.6,49.9529812505356,385.45784114450976,162
3683.4,12,1099.8328512882347,3.6,49.79357996845451,386.87026079835755,162
3683.5,12,1099.8328512882347,3.6,49.8094459546639,386.7502525748372,162
3683.6,12,1099.8328512882347,3.6,49.848097635394154,386.4405170971049,162
3683.7,12,1099.8328512882347,3.6,49.878822314604335,386.2025341333571,162
3683.8,12,1099.8328512882347,3.6,49.99081756820749,385.41862012792654,162
3683.9,11,1099.8328512882347,2.7,50.0155198916879,385.23816164471464,162
3684.0,11,1099.8328512882347,3.6,50.02319002728973,385.1899002270801,162
3684.1,11,1099.8328512882347,3.6,50.04039328902826,385.04655322948923,162
3684.2,11,1099.8328512882347,3.6,50.05816859737455,384.90890454288535,162
3684.3,12,1099.8328512882347,2.7,49.88812637588933,386.4187580959373,162
3684.4,11,1099.8328512882347,2.7,49.90629793793338,386.2844211053306,162
3684.5,12,1099.8328512882347,3.6,49.92871561798641,386.09877491485804,162
3684.6,12,1099.8328512882347,3.6,49.929484945673565,386.11303644936777,162
3684.7,12,1099.8328512882347,3.6,49.94219538733195,386.0149556676704,162
3684.8,12,1099.8328512882347,3.6,49.94678271286795,385.98061441038374,162
3684.9,12,1099.8328512882347,3.6,49.95696686403625,385.91212187915517,162
3685.0,12,1099.8328512882347,3.6,49.856364529440626,386.6022532608944,162
3685.1,12,1099.8328512882347,3.6,49.86816039101248,386.5058187621504,162
3685.2,12,1099.8328512882347,3.6,49.87342753223006,386.47121320530175,162
3685.3,12,1099.8328512882347,3.6,49.86779664340537,386.5330009177317,162
3685.4,12,1099.8328512882347,3.6,49.87678910143417,386.465457037828,162
3685.5,12,1099.8328512882347,3.6,49.888141627170995,386.3862670622207,162
3685.6,12,1099.8328512882347,3.6,49.89189611940389,386.35845808069894,162
3685.7,12,1099.8328512882347,3.6,49.90682688537515,386.2370577375044,162
3685.8,12,1099.8328512882347,3.6,49.919019772235146,386.1477490311887,162
3685.9,12,1099.8328512882347,3.6,50.072119046286026,384.8140441415785,162
3686.0,12,1099.8328512882347,3.6,50.08240587644551,384.7297180052987,162
3686.1,12,1099.8328512882347,3.6,50.08392442283083,384.71805134079904,162
3686.2,12,1099.8328512882347,2.7,50.155358843210486,384.01424490474807,162
3686.3,12,1099.8328512882347,2.7,50.16023029144401,383.98255392401444,162
3686.4,12,1099.8328512882347,2.7,50.161911958462845,383.9720825396024,162
3686.5,12,1100.132785179985,2.7,50.16125793996069,383.99358919424543,162
3686.6,12,1100.132785179985,3.6,50.162777737288536,383.9849293773955,162
3686.7,12,1100.132785179985,3.6,50.1707420423666,383.9233434219898,162
3686.8,12,1100.132785179985,3.6,50.16436986792685,383.98648792117854,162
3686.9,12,1100.132785179985,3.6,50.17682615047168,383.88978060654347,162
3687.0,12,1100.132785179985,3.6,50.16909170356516,383.9626241805265,162
3687.1,12,1100.132785179985,3.6,50.296631516539854,383.134352380476,162
3687.2,12,1100.132785179985,3.6,50.29946806154008,383.11409094898653,162
3687.3,12,1100.132785179985,3.6,50.28852178067276,383.21566201516964,162
3687.4,12,1100.132785179985,3.6,50.27423945193624,383.3429978097023,162
3687.5,12,1100.132785179985,3.6,50.27198000839867,383.3586886132806,162
3687.6,12,1100.132785179985,3.6,50.27692090160062,383.32599546856954,162
3687.7,6,1099.3375681964565,2.7,50.172412052948545,384.0599204761888,162
3687.8,6,1099.1162061581183,3.5,50.15644434704231,384.1960679626072,162
3687.9,6,1099.1162061581183,3.5,50.15577514251644,384.2164289824415,162
3688.0,7,1099.202996122626,3.5,50.143963423951135,384.3358542817264,162
3688.1,7,1099.1925357238154,3.5,50.29476202830757,383.4306944430356,162
3688.2,7,1099.1925357238154,3.5,50.28788089153936,383.4897860130445,162
3688.3,7,1099.1925357238154,3.5,50.26597784560096,383.66281655609225,162
3688.4,7,1099.1925357238154,3.5,50.376426158265645,382.9546705030883,162
3688.5,7,1099.1925357238154,3.5,50.36787273006034,383.0234505112256,162
3688.6,11,1099.1925357238154,3.5,50.36157133852254,383.0895666260608,162
3688.7,11,1099.1925357238154,3.6,50.35325687451389,383.16497418445914,162
3688.8,11,1099.1925357238154,3.6,50.341923957334444,383.2603452766821,162
3688.9,11,1099.1925357238154,3.6,50.33112048710461,383.3491614834233,162
3689.0,11,1099.1925357238154,3.6,50.168785439743104,384.479274145991,162
3689.1,11,1099.1925357238154,3.6,50.149194175422366,384.6323843797633,162
3689.2,11,1099.1925357238154,3.6,50.14185633224379,384.70066324882436,162
3689.3,11,1099.1925357238154,3.6,50.108447297398286,384.9821285551292,162
3689.4,11,1099.1925357238154,3.6,50.09257678882824,385.11035501304895,162
3689.5,11,1099.1925357238154,3.6,50.09283479389768,385.1072250557688,162
3689.6,11,1099.1925357238154,3.6,50.06065820228435,385.37979259698295,162
3689.7,11,1099.1925357238154,3.6,50.03632191955178,385.58294900633496,162
3689.8,11,1099.1925357238154,3.6,50.017457887754574,385.74245346436237,162
3689.9,11,1099.1925357238154,3.6,49.98819353458099,385.97389409892594,162
3690.0,11,1099.1925357238154,3.6,49.95834739111251,386.23067223129385,162
3690.1,11,1099.1925357238154,3.6,49.93694494890003,386.4083990663338,162
3690.2,11,1099.1925357238154,3.6,49.915695507869614,386.58293746128095,162
3690.3,11,1099.1925357238154,3.6,49.88150060359975,386.86345374598386,162
3690.4,11,1099.1925357238154,3.6,49.847067788064244,387.1589938433955,162
3690.5,11,1099.1925357238154,3.6,49.811953734943756,387.4344647135068,162
3690.6,6,1098.9708529113,2.7,49.778795189025104,387.7083502245225,162
3690.7,6,1098.9708529113,4.0,49.76195529647836,387.8424751339886,162
3690.8,6,1098.9708529113,4.0,49.76975274116161,387.857309947266,162
3690.9,6,1098.9708529113,4.0,49.595601750403354,389.0625257220586,162
3691.0,6,1098.9708529113,4.0,49.582164029277834,389.16251128132217,162
3691.1,6,1098.9708529113,4.0,49.55585965003196,389.3759055848968,162
3691.2,6,1098.9708529113,4.0,49.53275607355933,389.5698685910457,162
3691.3,6,1098.9708529113,4.0,49.50926272089683,389.7660651296711,162
3691.4,6,1098.9708529113,4.0,49.48551623072767,389.9665189404759,162
3691.5,6,1098.9708529113,4.0,49.47158986819446,390.0749396677711,162
3691.6,6,1098.9708529113,4.0,49.4392622155943,390.3409292131051,162
3691.7,6,1098.9708529113,4.0,49.228866090950234,391.84771887165175,162
3691.8,6,1098.9708529113,4.0,49.198040131045005,392.09072545123036,162
3691.9,6,1098.9708529113,4.0,48.965052625946214,394.19122726798764,162
3692.0,6,1098.9708529113,4.0,48.913297847612064,394.62267941151975,162
3692.1,6,1098.9708529113,4.0,48.8867519578436,394.8469139601778,162
3692.2,6,1098.9708529113,4.0,49.02151153685586,393.5484311988145,162
3692.3,6,1098.9708529113,4.0,48.993992820765456,393.76905629846925,162
3692.4,6,1098.9708529113,4.0,48.94805767875016,394.1557713037794,162
3692.5,6,1098.9708529113,4.0,48.91649963805557,394.4120874124312,162
3692.6,6,1098.9708529113,4.0,48.89171114260362,394.60367746625144,162
3692.7,6,1098.9708529113,4.0,48.849544004474765,394.9432677824179,162
3692.8,6,1098.9708529113,4.0,48.80936857533037,395.2909074203413,162
3692.9,6,1098.9708529113,3.5,48.77963069231204,395.5400459513984,162
3693.0,6,1098.9708529113,3.5,48.850105861957424,395.0745874336857,162
3693.1,6,1098.9708529113,3.5,48.82799889818082,395.2544227111064,162
3693.2,6,1098.9708529113,3.5,48.79601284540277,395.52168159442647,162
3693.3,6,1098.9708529113,3.5,48.76074987916059,395.82473922612223,162
3693.4,6,1098.9708529113,3.5,48.731792107218084,396.07270403696396,162
3693.5,6,1098.9708529113,3.5,48.699371356454726,396.3669594916277,162
3693.6,6,1098.9708529113,3.5,48.65932042722148,396.7169655111132,162
3693.7,6,1098.9708529113,3.5,48.64094610727969,396.86500218659467,162
3693.8,6,1098.9708529113,3.5,48.608636811785736,397.1484245723806,162
3693.9,6,1098.9708529113,3.5,48.58726505971098,397.3365473426055,162
3694.0,6,1098.9708529113,3.5,48.55602772458636,397.6152185880752,162
3694.1,6,1098.9708529113,3.5,48.516919743126635,397.97463246162897,162
3694.2,6,1098.9708529113,3.5,48.48993084123643,398.22632258338797,162
3694.3,6,1098.9708529113,3.5,48.48947000502715,398.23804804636495,162
3694.4,6,1098.9708529113,3.5,48.466188238147524,398.4540628296737,162
3694.5,6,1098.9708529113,3.5,48.45569959944794,398.57780086218884,162
3694.6,6,1098.9708529113,3.5,48.44050625408737,398.71406613310324,162
3694.7,6,1098.9708529113,3.5,48.48194996840182,398.06846318007933,162
3694.8,6,1098.9708529113,3.5,48.472549595978954,398.1589788318646,162
3694.9,6,1098.9708529113,3.5,48.4690475547763,398.20610899240484,162
3695.0,6,1098.9708529113,3.5,48.45764099647157,398.3294622874699,162
3695.1,6,1098.9708529113,3.5,48.450267915864956,398.4069882926803,162
3695.2,6,1098.9708529113,3.5,48.460179444291036,398.3237080064205,162
3695.3,6,1098.9708529113,3.5,48.54279689985226,397.78918017577405,162
3695.4,6,1098.7485932405782,3.5,48.53528732494825,397.87364423953824,162
3695.5,6,1098.7485932405782,4.0,48.54768162574352,397.7757632496457,162
3695.6,6,1098.7485932405782,4.0,48.558925868924135,397.68957486457384,162
3695.7,6,1098.7485932405782,4.0,48.572245000462985,397.5812731659078,162
3695.8,6,1098.7485932405782,4.0,48.56741353258834,397.63482536041784,162
3695.9,6,1098.7485932405782,4.0,48.56846835228154,397.6394288507005,162
3696.0,6,1098.7485932405782,4.0,48.58293492651225,397.52070703016716,162
3696.1,6,1098.7485932405782,4.0,48.585309435785994,397.49765376674316,162
3696.2,6,1098.7485932405782,3.5,48.60695677971794,397.3082599700905,162
3696.3,6,1098.7485932405782,3.5,48.60956886089031,397.2750715206348,162
3696.4,6,1098.7485932405782,3.5,48.62756475769385,397.1186258779901,162
3696.5,6,1098.7485932405782,3.5,48.650715626045475,396.8938739374206,162
3696.6,6,1098.7485932405782,3.5,48.82985239084461,395.21986999813714,162
3696.7,6,1098.7485932405782,3.5,48.84718139792727,395.0744468014102,162
3696.8,6,1098.7485932405782,3.5,48.87025625189816,394.8760293099302,162
3696.9,6,1098.7485932405782,3.5,48.88032652757752,394.78539423308945,162
3697.0,6,1098.7485932405782,3.5,48.88678727351967,394.7335534758708,162
3697.1,6,1098.7485932405782,3.5,48.895312062283416,394.6604693598179,162
3697.2,6,1098.7485932405782,3.5,48.908930602446524,394.54791727233464,162
3697.3,6,1098.7485932405782,3.5,48.92423425753641,394.4033555634315,162
3697.4,6,1098.7485932405782,3.5,48.93009407736925,394.35271851295465,162
3697.5,6,1098.7485932405782,3.5,48.95432054919715,394.1475337538131,162
3697.6,6,1098.7485932405782,3.5,49.09851984703176,393.0975646746217,162
3697.7,6,1098.7485932405782,3.5,49.11286359076637,392.97150048330843,162
3697.8,6,1098.7485932405782,3.5,49.142352089445275,392.72206505310106,162
3697.9,5,1098.2037318039263,3.0,49.1686432573707,392.4867276839862,162
3698.0,7,1098.1740470479833,3.5,49.1826220623615,392.3579444347466,162
3698.1,7,1098.1271901091588,3.5,49.20349190832704,392.1755401785456,162
3698.2,7,1098.1271901091588,3.5,49.22261683940273,392.0105380108582,162
3698.3,7,1098.1271901091588,3.5,49.23965210660816,391.86844221865374,162
3698.4,7,1098.1271901091588,3.5,49.26816675125008,391.6054475943972,162
3698.5,7,1098.1271901091588,3.5,49.28582027521644,391.4486294721927,162
3698.6,7,1098.1271901091588,3.5,49.30167593296013,391.3109537505908,162
3698.7,7,1098.1271901091588,3.5,49.324855735195726,391.09418468593094,162
3698.8,7,1098.1271901091588,3.5,49.44482214300723,390.206691642244,162
3698.9,7,1098.1271901091588,3.5,49.56326326410617,389.118827547412,162
3699.0,7,1098.1271901091588,3.5,49.581070851150265,388.95479019745954,162
3699.1,7,1098.1271901091588,3.5,49.55831226377552,388.9144570551076,162
3699.2,7,1098.1271901091588,3.5,49.573587269939694,388.7770114818103,162
3699.3,7,1098.1271901091588,3.5,49.57986222305645,388.72147313095064,162
3699.4,7,1098.1271901091588,3.5,49.6066477127928,388.4887947935423,162
3699.5,7,1098.1271901091588,3.5,49.61810502602849,388.3920515719683,162
3699.6,5,1097.6593496123367,3.5,49.635696297546644,388.241464576115,162
3699.7,5,1097.5507553919092,4.0,49.64514334522568,388.148026655006,162
3699.8,5,1097.5507553919092,4.0,49.65238350588965,388.08381148270894,162
3699.9,5,1097.5507553919092,4.0,49.65643080181379,388.04154145490526,162
3700.0,5,1097.5507553919092,4.0,49.66409215780078,387.9564070547865,162
3700.1,5,1097.5507553919092,4.0,49.665169417822504,387.94310656299774,162
3700.2,5,1097.5507553919092,4.0,49.66406345862494,387.93265203895265,162
3700.3,5,1097.5507553919092,3.5,49.668615881624476,387.8939286224958,162
3700.4,5,1097.5507553919092,3.5,49.66081067691864,387.93036656214326,162
3700.5,5,1097.5507553919092,3.5,49.66210909966651,387.90915510433547,162
3700.6,5,1097.5507553919092,3.5,49.539485555979475,388.9753169522619,162
3700.7,5,1097.5507553919092,3.5,49.52692693559226,389.063098577473,162
3700.8,5,1097.5507553919092,3.5,49.50585129294971,389.2134117607913,162
3700.9,5,1097.5507553919092,3.5,49.584391698574635,388.64533110969296,162
3701.0,5,1097.5507553919092,3.5,49.583976214707675,388.61393713672686,162
3701.1,5,1097.5507553919092,3.5,49.554981581093216,388.8347429417408,162
3701.2,5,1097.5507553919092,3.5,49.553537894377435,388.83409268791627,162
3701.3,5,1097.5507553919092,3.5,49.56104643842066,388.74421815424284,162
3701.4,5,1097.5507553919092,3.5,49.673701779088546,387.7370224311114,162
3701.5,5,1097.5507553919092,3.5,49.6547069031289,387.86530678883724,162
3701.6,5,1097.5507553919092,3.5,49.642575670979966,387.9479330432024,162
3701.7,5,1097.5507553919092,3.5,49.62752908428627,388.05412402770264,162
3701.8,5,1097.5507553919092,3.5,49.62585908561705,388.04188493277417,162
3701.9,10,1097.7274423355314,3.5,49.620466838108825,388.0680056065522,162
3702.0,10,1097.7274423355314,4.0,49.62679594455425,387.99579190413783,162
3702.1,10,1097.7274423355314,4.0,49.60536230383059,388.1597783636572,162
3702.2,10,1097.7274423355314,4.0,49.616872002636356,388.0362433123603,162
3702.3,10,1097.7274423355314,4.0,49.589158949024416,388.2546935507777,162
3702.4,10,1097.7274423355314,4.0,49.58552393951025,388.2540953472239,162
3702.5,10,1097.7274423355314,4.0,49.56599974984438,388.39678695264877,162
3702.6,10,1097.7274423355314,4.0,49.55836704748889,388.43461342931164,162
3702.7,5,1097.5081220119134,4.0,49.552671052105694,388.4769373502784,162
3702.8,5,1097.5081220119134,4.0,49.56627553999478,388.3396722060429,162
3702.9,5,1097.5081220119134,4.0,49.55087979622775,388.4577262451507,162
3703.0,7,1097.5081220119134,3.5,49.54867309637361,388.4539590896161,162
3703.1,7,1097.5081220119134,4.199999999999999,49.54796817938957,388.4417304566409,162
3703.2,7,1097.5081220119134,4.199999999999999,49.540076307177486,388.4792574029337,162
3703.3,7,1097.5081220119134,4.199999999999999,49.598067049037056,388.079160906992,162
3703.4,7,1097.5081220119134,4.199999999999999,49.59154932535448,388.10898851110414,162
3703.5,7,1097.5081220119134,4.199999999999999,49.595067473837815,388.0571864043327,162
3703.6,7,1097.5081220119134,4.199999999999999,49.589239499445824,388.09327795469505,162
3703.7,7,1097.5081220119134,4.199999999999999,49.59062344355616,388.0584914071742,162
3703.8,7,1097.5081220119134,4.199999999999999,49.57871436450985,388.1464703002048,162
3703.9,7,1097.5081220119134,4.199999999999999,49.57867127968137,388.1290445316682,162
3704.0,7,1097.5081220119134,4.199999999999999,49.582198639826046,388.08993463954033,162
3704.1,7,1097.5081220119134,4.199999999999999,49.67183386651944,387.3057715132443,162
3704.2,7,1097.5081220119134,4.199999999999999,49.67646855056152,387.25983728958664,162
3704.3,7,1097.5081220119134,4.199999999999999,49.662932984170695,387.3552391560871,162
3704.4,7,1097.5081220119134,4.199999999999999,49.65095222595235,387.43102503101676,162
3704.5,7,1097.5081220119134,4.199999999999999,49.63454818017688,387.5554000874997,162
3704.6,7,1097.5081220119134,4.199999999999999,49.6308405824046,387.5621959469522,162
3704.7,7,1097.5081220119134,4.199999999999999,49.60964400443429,387.7232726647671,162
3704.8,7,1097.5081220119134,4.199999999999999,49.61141966530881,387.6910450129117,162
3704.9,7,1097.5081220119134,4.199999999999999,49.6001693052406,387.7737489077397,162
3705.0,7,1097.5081220119134,4.199999999999999,49.65817458382551,387.3783423418223,162
3705.1,7,1097.5081220119134,4.199999999999999,49.65721492467692,387.3633838706303,162
3705.2,7,1097.5081220119134,4.199999999999999,49.640263118587214,387.4786857843536,162
3705.3,7,1097.5081220119134,4.199999999999999,49.57518907899154,387.9287716511543,162
3705.4,7,1097.5081220119134,4.199999999999999,49.56830677567572,387.9740674587945,162
3705.5,8,1097.5081220119134,3.5,49.56092659544655,388.01459119607426,162
3705.6,8,1097.5081220119134,3.5,49.56341016373775,387.9728051372365,162
3705.7,5,1097.5081220119134,3.5,49.54570353652258,388.10791846859433,162
3705.8,5,1097.5081220119134,3.5,49.551563742174494,388.04293832052485,162
3705.9,5,1097.5081220119134,3.5,49.53567014990379,388.16238485214,162
3706.0,5,1097.5081220119134,3.5,49.54704645968533,388.0430666717649,162
3706.1,5,1097.5081220119134,3.5,49.532215759323634,388.15790688265656,162
3706.2,5,1097.5081220119134,3.5,49.52376584450127,388.21416939365076,162
3706.3,5,1097.5081220119134,3.5,49.50841056137978,388.208984324492,162
3706.4,5,1097.5081220119134,3.5,49.5175247509951,388.12246368193166,162
3706.5,5,1097.5081220119134,3.5,49.513464179877815,388.14590595005143,162
3706.6,5,1097.5081220119134,3.5,49.613980233560056,387.4004822278133,162
3706.7,5,1097.5081220119134,3.5,49.528784686978895,388.0109552970557,162
3706.8,5,1097.5081220119134,3.5,49.52453485184451,388.0361512396787,162
3706.9,5,1097.5081220119134,3.5,49.61415288883529,387.28441587085973,162
3707.0,5,1097.5081220119134,3.5,49.609409118715035,387.31182818926123,162
3707.1,5,1097.5081220119134,3.5,49.60019845914674,387.37557483209673,162
3707.2,5,1097.5081220119134,3.5,49.608837633434845,387.3002524104416,162
3707.3,5,1097.5081220119134,3.5,49.61364138527966,387.25481522793956,162
3707.4,5,1097.5081220119134,3.5,49.626188113433585,387.1472127909559,162
3707.5,5,1097.5081220119134,3.5,49.62155049471215,387.18218663544985,162
3707.6,5,1097.5081220119134,3.5,49.645671892074205,386.9820654251829,162
3707.7,5,1097.5081220119134,3.5,49.52240928410463,387.90122855894367,162
3707.8,5,1097.5081220119134,3.5,49.5274929244962,387.853632547717,162
3707.9,5,1097.5081220119134,3.5,49.52839806073922,387.8413228136959,162
3708.0,5,1097.2880930322526,3.5,49.540326270045114,387.74008950561915,162
3708.1,5,1097.2880930322526,4.0,49.54576737126396,387.69463833483724,162
3708.2,5,1097.2880930322526,4.0,49.5405684705655,387.69530406478776,162
3708.3,5,1097.2880930322526,4.0,49.41707871729839,388.7018324042785,162
3708.4,5,1097.2880930322526,4.0,49.40598801122996,388.7930163020312,162
3708.5,5,1097.2880930322526,4.0,49.305115152770426,389.5461114264148,162
3708.6,5,1097.2880930322526,4.0,49.284421556113024,389.71480969522315,162
3708.7,7,1097.2880930322526,4.0,49.297438973312666,389.6127130668268,162
3708.8,7,1097.2880930322526,4.199999999999999,49.300654334169714,389.58707724046496,162
3708.9,7,1097.2880930322526,4.199999999999999,49.32175990972412,389.41686504165034,162
3709.0,7,1097.2880930322526,4.199999999999999,49.42210810797714,388.6551533421051,162
3709.1,7,1097.2880930322526,4.8999999999999995,49.32778474402032,389.44050487779003,162
3709.2,7,1097.2880930322526,4.8999999999999995,49.340705759599174,389.34081542259804,162
3709.3,7,1097.2880930322526,4.8999999999999995,49.350173886463786,389.2695382646971,162
3709.4,7,1097.2880930322526,4.8999999999999995,49.370876612717154,389.10561127975814,162
3709.5,7,1097.2880930322526,4.8999999999999995,49.382079614301844,389.0168788183107,162
3709.6,7,1097.2880930322526,4.199999999999999,49.29063504826694,389.6999070715709,162
3709.7,7,1097.2880930322526,4.199999999999999,49.297709572673504,389.64503477006554,162
3709.8,7,1097.2880930322526,4.199999999999999,49.38158766669818,388.9584793453774,162
3709.9,7,1097.2880930322526,4.199999999999999,49.374408612436106,388.9934931587504,162
3710.0,7,1097.2880930322526,4.199999999999999,49.38044445213269,388.94716748200767,162
3710.1,7,1097.2880930322526,4.199999999999999,49.38084511439768,388.945773375635,162
3710.2,7,1097.2880930322526,4.199999999999999,49.3801863854558,388.95157948465015,162
3710.3,7,1097.2880930322526,4.199999999999999,49.393940268036594,388.8440648973791,162
3710.4,7,1097.2880930322526,4.199999999999999,49.399313323819186,388.80554904220946,162
3710.5,7,1097.2880930322526,4.199999999999999,49.41338830014921,388.6945283399148,162
3710.6,7,1097.2880930322526,4.199999999999999,49.44339772580241,388.46168574502246,162
3710.7,7,1097.2880930322526,4.199999999999999,49.47909707713896,388.17976387816776,162
3710.8,7,1097.2880930322526,4.199999999999999,49.51331637657249,387.91461955906504,162
3710.9,7,1097.2880930322526,4.199999999999999,49.55243710589252,387.60520023490426,162
3711.0,7,1097.2880930322526,4.199999999999999,49.56932062603724,387.47834083962687,162
3711.1,7,1097.2880930322526,4.199999999999999,49.45582023718335,388.3304303443486,162
3711.2,7,1097.2880930322526,4.199999999999999,49.57078107664685,387.44733490497026,162
3711.3,7,1097.2880930322526,4.199999999999999,49.593541605346175,387.2694976095544,162
3711.4,7,1097.2880930322526,4.199999999999999,49.61710021402274,387.0873065710282,162
3711.5,7,1097.2880930322526,4.199999999999999,49.645669773901126,386.86170825820057,162
3711.6,7,1097.2880930322526,4.199999999999999,49.66366852333469,386.71982616541607,162
3711.7,7,1097.2880930322526,4.199999999999999,49.678459180259466,386.6067390245464,162
3711.8,7,1097.2880930322526,4.199999999999999,49.702575692558185,386.41697873509145,162
3711.9,7,1097.2880930322526,4.199999999999999,49.729535009981504,386.2059809027545,162
3712.0,7,1097.2880930322526,4.199999999999999,49.55756668815806,387.601700489098,162
3712.1,8,1097.2880930322526,4.199999999999999,49.46586960553887,388.2870466213423,162
3712.2,8,1097.2880930322526,4.199999999999999,49.48500441926025,388.1362055429878,162
3712.3,8,1097.2880930322526,4.199999999999999,49.502876377919534,387.996768836313,162
3712.4,8,1097.2880930322526,4.199999999999999,49.51025370594246,387.9389677107268,162
3712.5,8,1097.2880930322526,4.199999999999999,49.5289874275432,387.79400951611336,162
3712.6,8,1097.2880930322526,4.199999999999999,49.557325860117516,387.56760244443853,162
3712.7,8,1097.2880930322526,4.199999999999999,49.64433080344202,386.8693112315681,162
3712.8,8,1097.2880930322526,4.199999999999999,49.66157153935616,386.7367941785749,162
3712.9,7,1097.2880930322526,3.5,49.68745715053027,386.532279552098,162
3713.0,7,1097.2880930322526,4.199999999999999,49.70882146308624,386.3671468666696,162
3713.1,7,1097.2880930322526,4.199999999999999,49.71983286153884,386.28866131447455,162
3713.2,7,1097.2880930322526,4.199999999999999,49.74953391296292,386.05362303742453,162
3713.3,8,1097.2880930322526,4.199999999999999,49.61496839463172,387.1472222267523,162
3713.4,8,1097.2880930322526,4.199999999999999,49.71360544912561,386.392838921981,162
3713.5,8,1097.2880930322526,4.199999999999999,49.62033118382282,387.0920042622191,162
3713.6,8,1097.2880930322526,4.199999999999999,49.65298570543225,386.8400032485483,162
3713.7,8,1097.2880930322526,4.199999999999999,49.6620015422433,386.7758032744183,162
3713.8,8,1097.2880930322526,4.199999999999999,49.702513885193994,386.45569761184004,162
3713.9,8,1097.2880930322526,4.199999999999999,49.71220994492825,386.3863739862853,162
3714.0,8,1097.2880930322526,4.199999999999999,49.73786134684636,386.19047483732277,162
3714.1,8,1097.2880930322526,4.199999999999999,49.76771555497862,385.9565500057386,162
3714.2,8,1097.2880930322526,4.199999999999999,49.7933131811393,385.7600421006039,162
3714.3,8,1097.2880930322526,4.199999999999999,49.816835248421725,385.58290007063056,162
3714.4,8,1097.2880930322526,4.199999999999999,49.84918521390995,385.3345117414532,162
3714.5,8,1097.2880930322526,4.199999999999999,49.91899964726099,384.7195796063688,162
3714.6,8,1097.2880930322526,4.199999999999999,49.9422761336473,384.54267123078625,162
3714.7,8,1097.2880930322526,4.199999999999999,49.96390784570191,384.37841711331674,162
3714.8,8,1097.2880930322526,4.199999999999999,50.017129721106684,383.95442295008684,162
3714.9,8,1097.2880930322526,4.199999999999999,50.02636454203842,383.88946750131777,162
3715.0,8,1097.2880930322526,4.199999999999999,50.06636720775704,383.5826817836262,162
3715.1,8,1097.2880930322526,4.199999999999999,50.0893864234788,383.4061633886829,162
3715.2,8,1097.2880930322526,4.199999999999999,50.10108779586338,383.3185945537782,162
3715.3,8,1097.2880930322526,4.199999999999999,50.13778231494088,383.0406058942047,162
3715.4,8,1097.2880930322526,4.199999999999999,50.025502630936614,383.864982728016,162
3715.5,8,1097.2880930322526,4.199999999999999,50.03049320866093,383.8338669764598,162
3715.6,8,1097.2880930322526,4.199999999999999,50.07211423116766,383.51505110747365,162
3715.7,7,1097.2880930322526,3.5,50.11975166789175,383.14649864834405,162
3715.8,8,1097.2880930322526,3.5,50.143041783396,382.93224358087326,162
3715.9,7,1097.2880930322526,2.8,50.22952336578895,382.281062743384,162
3716.0,7,1097.2880930322526,4.8999999999999995,50.24661938893505,382.1525215322316,162
3716.1,7,1097.2880930322526,4.8999999999999995,50.262664063948705,382.0335776273183,162
3716.2,7,1097.2880930322526,4.8999999999999995,50.28945129491959,381.8315039911291,162
3716.3,7,1097.2880930322526,4.8999999999999995,50.14530819556768,382.9616281378817,162
3716.4,7,1097.2880930322526,4.8999999999999995,50.156885589788466,382.8776419040167,162
3716.5,7,1097.2880930322526,4.8999999999999995,50.037174978993114,383.7698341262164,162
3716.6,7,1097.2880930322526,4.8999999999999995,50.074689609841684,383.48356416667866,162
3716.7,7,1097.2880930322526,4.8999999999999995,50.082727335361746,383.4293455080716,162
3716.8,7,1097.2880930322526,4.8999999999999995,50.175073452154095,382.71398497060204,162
3716.9,7,1097.2880930322526,4.8999999999999995,50.164978884104926,382.91616132801266,162
3717.0,7,1097.2880930322526,4.8999999999999995,50.17417534891561,382.8583043152439,162
3717.1,7,1097.2880930322526,4.8999999999999995,50.20183374766275,382.65396054032476,162
3717.2,7,1097.2880930322526,4.8999999999999995,50.21735793847384,382.5425492879718,162
3717.3,7,1097.2880930322526,4.8999999999999995,50.24280602609315,382.3579646848842,162
3717.4,7,1097.2880930322526,4.8999999999999995,50.26811915632716,382.1734432114548,162
3717.5,7,1097.2880930322526,4.8999999999999995,50.31651765388167,381.8067298239803,162
3717.6,7,1097.2880930322526,4.8999999999999995,50.17619643724572,382.9553677182692,162
3717.7,7,1097.2880930322526,4.8999999999999995,50.19756873420944,382.7991749574094,162
3717.8,7,1097.2880930322526,4.8999999999999995,50.22711069624047,382.5784930169872,162
3717.9,7,1097.2880930322526,4.8999999999999995,50.24475205015629,382.4580421960861,162
3718.0,7,1097.2880930322526,4.8999999999999995,50.25022860330263,382.4289407422912,162
3718.1,7,1097.2880930322526,4.8999999999999995,50.284056305353346,382.1738213148036,162
3718.2,7,1097.2880930322526,4.8999999999999995,50.30842287432162,381.9960700180691,162
3718.3,7,1097.2880930322526,4.199999999999999,50.366786187793174,381.57845041334303,162
3718.4,7,1097.2880930322526,4.199999999999999,50.09571194621911,383.5456384675251,162
3718.5,7,1097.2880930322526,4.199999999999999,50.1070605027935,383.4683139043388,162
3718.6,7,1097.2880930322526,4.199999999999999,50.13472118097457,383.2584159150356,162
3718.7,7,1097.2880930322526,4.199999999999999,50.14508195036065,383.1920148758185,162
3718.8,7,1097.2880930322526,4.199999999999999,50.17744050506745,382.9407960760405,162
3718.9,7,1097.2880930322526,4.199999999999999,50.18923677828479,383.0290059288714,162
3719.0,7,1097.2880930322526,4.199999999999999,50.209636833389936,382.8747391022061,162
3719.1,7,1097.2880930322526,4.199999999999999,50.22679797360253,382.7517213997627,162
3719.2,7,1097.2880930322526,4.199999999999999,50.23893324688113,382.6657498066653,162
3719.3,7,1097.2880930322526,4.199999999999999,50.264839613999484,382.46293356355324,162
3719.4,7,1097.2880930322526,4.199999999999999,50.2865484045321,382.3001843244929,162
3719.5,7,1097.2880930322526,3.5,50.35493573937108,381.76028574855445,162
3719.6,7,1097.2880930322526,3.5,50.38360781294873,381.5444066359196,162
3719.7,7,1097.2880930322526,3.5,50.40383430875619,381.39589326935754,162
3719.8,7,1097.2880930322526,3.5,50.40667455310874,381.3908721243542,162
3719.9,7,1097.2880930322526,3.5,50.23415058568166,382.82271438850165,162
3720.0,7,1097.2880930322526,3.5,50.096434834918014,383.80456100906997,162
3720.1,7,1097.2880930322526,3.5,50.11886052216228,383.63651767140186,162
3720.2,7,1097.2880930322526,3.5,50.136025466179646,383.5133246316732,162
3720.3,7,1097.2880930322526,3.5,50.1540865859783,383.38532761597014,162
3720.4,7,1097.2880930322526,3.5,50.181035578534804,383.18329454208396,162
3720.5,7,1097.2880930322526,3.5,50.200066273971835,383.044742293343,162
3720.6,7,1097.2880930322526,3.5,50.218213521403186,382.91668598363765,162
3720.7,7,1097.2880930322526,3.5,50.24150573806239,382.7377570624843,162
3720.8,7,1097.2880930322526,3.5,50.26748294208511,382.5509119311103,162
3720.9,7,1097.2880930322526,3.5,50.30560612095466,382.28298822577426,162
3721.0,7,1097.2880930322526,3.5,50.326075398609305,382.1265092984205,162
3721.1,7,1097.2880930322526,3.5,50.3410329133325,382.01853820832116,162
3721.2,7,1097.2880930322526,4.199999999999999,50.35616626242988,381.9063182998706,162
3721.3,7,1097.2880930322526,4.199999999999999,50.39150865660346,381.63152416793605,162
3721.4,9,1097.2880930322526,3.5,50.39537808139149,381.6134087392754,162
3721.5,7,1097.2880930322526,3.2,50.418752673684686,381.44521069963514,162
3721.6,7,1097.2880930322526,3.5,50.48121371692177,380.9464663485449,162
3721.7,7,1097.2880930322526,3.5,50.49952931234933,380.81071682162803,162
3721.8,7,1097.2880930322526,3.5,50.41122795852601,381.5471669595245,162
3721.9,7,1097.2880930322526,3.5,50.40745723548156,381.58804518586714,162
3722.0,7,1097.2880930322526,3.5,50.4375567366961,381.35251762989105,162
3722.1,7,1097.2880930322526,3.5,50.43056893862035,381.4212267095718,162
3722.2,7,1097.2880930322526,3.5,50.45456995619596,381.2448321056327,162
3722.3,7,1097.2880930322526,3.5,50.46738552923123,381.1519021071681,162
3722.4,7,1097.2880930322526,3.5,50.489642983402476,380.9865354861441,162
3722.5,7,1097.2880930322526,3.5,50.496225196200214,380.9444888656386,162
3722.6,7,1097.2880930322526,3.5,50.52433794374984,380.73003506612804,162
3722.7,7,1097.2880930322526,3.5,50.524826741841025,380.73633947496637,162
3722.8,7,1097.2880930322526,3.5,50.325072643383265,382.2507601355864,162
3722.9,7,1097.2880930322526,3.5,50.35850883558888,381.99897094056126,162
3723.0,7,1097.2880930322526,3.5,50.3662843371242,381.9549506794374,162
3723.1,7,1097.2880930322526,3.5,50.401689543634156,381.6847713247632,162
3723.2,7,1097.2880930322526,3.5,50.42638313907656,381.5009429979175,162
3723.3,7,1097.2880930322526,3.5,50.432775272430334,381.4592382739569,162
3723.4,7,1097.2880930322526,3.5,50.470272649223716,381.18574051879295,162
3723.5,7,1097.2880930322526,3.5,50.48971316147998,381.04504789333396,162
3723.6,7,1097.2880930322526,3.5,50.50592052036791,380.9291476297618,162
3723.7,7,1097.2880930322526,3.5,50.52302484705449,380.8029662032628,162
3723.8,7,1097.2880930322526,3.5,50.546370485211554,380.6250598010208,162
3723.9,7,1097.2880930322526,3.5,50.55388838917902,380.5856470550467,162
3724.0,7,1097.2880930322526,3.5,50.43928557766297,381.3553960438031,162
3724.1,7,1097.2880930322526,3.5,50.46453270147548,381.16484130903825,162
3724.2,7,1097.2880930322526,3.5,50.46607514667796,381.1658898344176,162
3724.3,9,1097.2880930322526,2.8,50.491654820078836,380.9755349678608,162
3724.4,9,1097.2880930322526,4.0,50.49875393627041,380.92369679887247,162
3724.5,9,1097.2880930322526,4.0,50.50847890880164,380.8546680369685,162
3724.6,9,1097.2880930322526,4.0,50.517493687152,380.7972743920351,162
3724.7,9,1097.2880930322526,4.0,50.55576247316992,380.50547733223584,162
3724.8,9,1097.2880930322526,4.0,50.55168169383135,380.55285386612934,162
3724.9,9,1097.2880930322526,4.0,50.61250113239687,380.0685165000807,162
3725.0,9,1097.2880930322526,4.0,50.64158409792597,379.85308931572456,162
3725.1,9,1097.2880930322526,4.0,50.697026902386106,379.39242926245447,162
3725.2,9,1097.2880930322526,4.0,50.71088203281499,379.2809145900203,162
3725.3,9,1097.2880930322526,4.0,50.73429248589353,379.1053452782549,162
3725.4,9,1097.2880930322526,4.0,50.747785958082495,379.01088283524837,162
3725.5,9,1097.2880930322526,4.0,50.755147919958354,378.9547241109708,162
3725.6,9,1097.2880930322526,4.0,50.76043541914424,378.926864316468,162
3725.7,9,1097.2880930322526,4.0,50.75200322353597,378.91260384885675,162
3725.8,9,1097.2880930322526,4.0,50.75824600953166,378.8766580522737,162
3725.9,9,1097.2880930322526,4.0,50.79648050130265,378.57445939877607,162
3726.0,9,1097.2880930322526,4.0,50.67434932850941,379.41148900900987,162
3726.1,9,1097.2880930322526,4.0,50.70124120013182,379.2104935694731,162
3726.2,9,1097.2880930322526,4.0,50.7240535633128,379.0379602123174,162
3726.3,9,1097.2880930322526,4.0,50.74137870842438,378.9066849428241,162
3726.4,9,1097.2880930322526,4.0,50.73978443126557,378.9255679581348,162
3726.5,7,1097.2880930322526,4.0,50.764889485854496,378.7408735658137,162
3726.6,7,1097.2880930322526,4.199999999999999,50.80024650323014,378.46765343826974,162
3726.7,7,1097.2880930322526,4.199999999999999,50.80931077434964,378.40967639466703,162
3726.8,7,1097.2880930322526,4.199999999999999,50.83479303289039,378.22146469597254,162
3726.9,7,1097.2880930322526,4.199999999999999,50.86017501570582,378.0317704529982,162
3727.0,7,1097.2880930322526,4.199999999999999,50.87657396937585,377.91736701734226,162
3727.1,7,1097.2880930322526,4.199999999999999,50.749251348087554,378.95790584056294,162
3727.2,7,1097.2880930322526,4.199999999999999,50.758271902165056,378.89902699863325,162
3727.3,7,1097.2880930322526,4.199999999999999,50.84727193062335,378.1923104214884,162
3727.4,7,1097.2880930322526,4.199999999999999,50.84509316753681,378.22497115826525,162
3727.5,7,1097.2880930322526,4.199999999999999,50.887737634121876,377.8945424771672,162
3727.6,7,1097.2880930322526,4.199999999999999,50.904320992976366,377.7827169764083,162
3727.7,7,1097.2880930322526,4.199999999999999,50.94642456963447,377.46537497311124,162
3727.8,7,1097.2880930322526,4.199999999999999,50.95563429174133,377.40041562845454,162
3727.9,7,1097.2880930322526,4.199999999999999,50.98209556448667,377.2054958250193,162
3728.0,9,1097.2880930322526,3.5,51.00918491180526,377.0045639905443,162
3728.1,9,1097.2880930322526,4.0,51.030168569918175,376.85435864712804,162
3728.2,9,1097.2880930322526,4.0,51.058219611753756,376.64258335081684,162
3728.3,9,1097.2880930322526,4.0,51.06990529094792,376.5590628379989,162
3728.4,9,1097.2880930322526,4.0,51.087808247854454,376.4340612674163,162
3728.5,7,1097.2880930322526,4.0,51.09569787766883,376.37932692927245,162
3728.6,7,1097.2880930322526,4.199999999999999,51.10471852487417,376.3256848106459,162
3728.7,7,1097.2880930322526,4.199999999999999,51.1221493982508,376.20209965722006,162
3728.8,7,1097.2880930322526,4.199999999999999,51.1434406676368,376.0427567324999,162
3728.9,7,1097.2880930322526,4.199999999999999,51.16112741060802,375.91504207205963,162
3729.0,7,1097.2880930322526,4.199999999999999,51.17707945854073,375.80101916478094,162
3729.1,7,1097.2880930322526,4.199999999999999,51.199666290257206,375.63279077639993,162
3729.2,9,1097.2880930322526,3.5,51.21220456583225,375.5513788442034,162
3729.3,9,1097.2880930322526,4.0,51.21581133026949,375.53549416071405,162
3729.4,9,1097.2880930322526,4.0,51.247177402257,375.30348819442827,162
3729.5,9,1097.2880930322526,4.0,51.25504009172951,375.2493293441306,162
3729.6,9,1097.2880930322526,4.0,51.27718115311538,375.08435147067866,162
3729.7,9,1097.2880930322526,4.0,51.30083169329673,374.9159568143242,162
3729.8,9,1097.2880930322526,4.0,51.327000471772976,374.71303401197355,162
3729.9,9,1097.2880930322526,4.0,51.324363890148504,374.7483659590096,162
3730.0,9,1097.2880930322526,4.0,51.353917236941896,374.525734882784,162
3730.1,7,1097.2880930322526,3.2,51.36166877470064,374.47501260819104,162
3730.2,7,1097.2880930322526,4.199999999999999,51.37941179289314,374.3491010751391,162
3730.3,7,1097.2880930322526,4.199999999999999,51.4017649171427,374.1871009090539,162
3730.4,7,1097.2880930322526,4.199999999999999,51.43203376378736,373.9636427584907,162
3730.5,7,1097.2880930322526,4.199999999999999,51.44926462359875,373.84496550407044,162
3730.6,7,1097.2880930322526,4.199999999999999,51.456139405952726,373.802065118982,162
3730.7,7,1097.2880930322526,4.199999999999999,51.47975744798781,373.62873298727334,162
3730.8,7,1097.2880930322526,4.199999999999999,51.49776160770132,373.50192390650807,162
3730.9,7,1097.2880930322526,4.199999999999999,51.51271241451903,373.3949918030279,162
3731.0,7,1097.2880930322526,4.199999999999999,51.547124808858925,373.14074109381613,162
3731.1,7,1097.2880930322526,4.199999999999999,51.54256449271536,373.1869806908875,162
3731.2,7,1097.2880930322526,4.199999999999999,51.56981717313718,372.9869960235442,162
3731.3,7,1097.2880930322526,4.199999999999999,51.5117903842427,373.45466445041427,162
3731.4,7,1097.2880930322526,4.8999999999999995,51.51873672793974,373.41301526070845,162
3731.5,7,1097.2880930322526,4.8999999999999995,51.54567902052128,373.2133997048949,162
3731.6,7,1097.2880930322526,4.199999999999999,51.564244200104476,373.0774615066538,162
3731.7,7,1097.2880930322526,4.199999999999999,51.5656463236501,373.07444392007346,162
3731.8,7,1097.2880930322526,4.199999999999999,51.62145811042843,372.55603897917376,162
3731.9,7,1097.2880930322526,4.199999999999999,51.65904109007104,372.2778995201661,162
3732.0,7,1097.2880930322526,4.199999999999999,51.67282405012634,372.1810479962445,162
3732.1,7,1097.2880930322526,4.199999999999999,51.68721522615978,372.07225923487,162
3732.2,7,1097.2880930322526,4.199999999999999,51.714406370172966,371.8738519336938,162
3732.3,7,1097.2880930322526,4.199999999999999,51.70978842282746,371.92052902123834,162
3732.4,7,1097.2880930322526,4.199999999999999,51.73298662075554,371.75092463250405,162
3732.5,7,1097.2880930322526,4.199999999999999,51.75736552688444,371.57075572520694,162
3732.6,7,1097.2880930322526,4.199999999999999,51.792108876411696,371.3155548443009,162
3732.7,7,1097.2880930322526,4.199999999999999,51.80807131556198,371.2063092734463,162
3732.8,7,1097.2880930322526,4.199999999999999,51.84146641142078,370.9618799077979,162
3732.9,7,1097.2880930322526,4.199999999999999,51.861560362461,370.82596181502095,162
3733.0,7,1097.2880930322526,4.199999999999999,51.8874818479912,370.64177203814944,162
3733.1,7,1097.2880930322526,4.199999999999999,52.06330040847263,369.45960961975527,162
3733.2,7,1097.2880930322526,4.199999999999999,52.0767891296856,369.3680413463333,162
3733.3,9,1097.2880930322526,3.5,52.10599362901358,369.16101409850796,162
3733.4,9,1097.2880930322526,4.0,52.149415305525835,368.845961742295,162
3733.5,9,1097.2880930322526,4.0,52.15490030728874,368.82125249399854,162
3733.6,9,1097.2880930322526,4.0,52.18077081070547,368.64258873443555,162
3733.7,9,1097.2880930322526,4.0,52.22001044739693,368.35738583287036,162
3733.8,9,1097.2880930322526,4.0,52.242408727950824,368.2067383539404,162
3733.9,9,1097.2880930322526,4.0,52.276293006544044,367.967833365533,162
3734.0,9,1097.2880930322526,4.0,52.310807554296304,367.7148089893709,162
3734.1,9,1097.2880930322526,4.0,52.31431968838346,367.7038087829978,162
3734.2,9,1097.2880930322526,4.0,52.3444334396505,367.49668243140786,162
3734.3,7,1097.2880930322526,4.0,52.36815652552478,367.3310286743049,162
3734.4,7,1097.2880930322526,4.199999999999999,52.392150419511964,367.1667120608025,162
3734.5,7,1097.2880930322526,4.199999999999999,52.3988058788685,367.1342839205439,162
3734.6,7,1097.2880930322526,4.199999999999999,52.43364581252307,366.8949976680402,162
3734.7,11,1097.2880930322526,4.199999999999999,52.41253909946643,367.1545421455169,162
3734.8,11,1097.2880930322526,4.5,52.42572184194091,367.0761417641644,162
3734.9,11,1097.2880930322526,4.5,52.43900040333003,366.98947434332604,162
3735.0,11,1097.2880930322526,4.5,52.472611203159786,366.74969266156205,162
3735.1,11,1097.2880930322526,4.5,52.48576747044193,366.66035734080896,162
3735.2,11,1097.2880930322526,4.5,52.48980005113259,366.631757143958,162
3735.3,11,1097.2880930322526,4.5,52.508380244109844,366.4956618466902,162
3735.4,11,1097.2880930322526,4.5,52.510882553106455,366.4903868689761,162
3735.5,11,1097.2880930322526,4.5,52.51153860577792,366.4873904093421,162
3735.6,11,1097.2880930322526,4.5,52.52817521178518,366.36647164145194,162
3735.7,9,1097.2880930322526,3.6,52.558268584587196,366.15453053095507,162
3735.8,9,1097.2880930322526,4.0,52.42512160239205,367.19226729314937,162
3735.9,9,1097.2880930322526,4.0,52.45541788778615,366.97253494867914,162
3736.0,9,1097.2880930322526,4.0,52.44445635289968,367.0656743301512,162
3736.1,9,1097.2880930322526,4.0,52.47259595424971,366.8652090490914,162
3736.2,9,1097.2880930322526,4.0,52.47318442022876,366.86711330069124,162
3736.3,9,1097.2880930322526,4.0,52.496986703379676,366.7017157928499,162
3736.4,9,1097.2880930322526,4.0,52.52578772983168,366.4945615745283,162
3736.5,7,1097.241418567145,4.0,52.52577163483798,366.5033648181835,162
3736.6,7,1097.241418567145,4.199999999999999,52.555851976011965,366.28675232069816,162
3736.7,7,1097.241418567145,4.199999999999999,52.65669395374688,365.6649361347995,162
3736.8,7,1097.241418567145,4.199999999999999,52.670182435766364,365.564503890701,162
3736.9,7,1097.241418567145,4.199999999999999,52.66639203938841,365.59687234588245,162
3737.0,9,1097.241418567145,4.199999999999999,52.66829816484966,365.5837036510367,162
3737.1,9,1097.241418567145,4.0,52.673564504756236,365.54982709146134,162
3737.2,9,1097.241418567145,4.0,52.62428951189452,365.8439900289079,162
3737.3,7,1097.241418567145,4.0,52.61072598634369,365.9569535061151,162
3737.4,7,1097.241418567145,4.199999999999999,52.62085421627221,365.8830947025515,162
3737.5,7,1097.241418567145,4.199999999999999,52.62129757303664,365.8785008804064,162
3737.6,7,1097.241418567145,4.199999999999999,52.63709691961809,365.7647693600914,162
3737.7,9,1097.241418567145,4.199999999999999,52.6449684271832,365.71156519369515,162
3737.8,9,1097.241418567145,4.0,52.64641224863925,365.70901918683455,162
3737.9,9,1097.241418567145,4.0,52.68781771688069,365.3089813167046,162
3738.0,9,1097.241418567145,4.0,52.685509583417776,365.33021414405147,162
3738.1,9,1097.241418567145,4.0,52.694707569565836,365.26455642610176,162
3738.2,9,1097.241418567145,4.0,52.714992439993566,365.11304820994394,162
3738.3,7,1097.241418567145,3.2,52.705786880384935,365.1841359090498,162
3738.4,7,1097.241418567145,4.199999999999999,52.726009141726806,365.0392535020908,162
3738.5,7,1097.241418567145,4.199999999999999,52.72022718865732,365.08188519446884,162
3738.6,7,1097.1941963191819,4.199999999999999,52.72918668417445,365.01784006327875,162
3738.7,7,1097.1941963191819,4.8999999999999995,52.74408225924114,364.9085532220413,162
3738.8,7,1097.1941963191819,4.8999999999999995,52.74862080449304,364.88140327860776,162
3738.9,7,1097.1941963191819,4.8999999999999995,52.749850000519174,364.87005742662575,162
3739.0,7,1097.1941963191819,4.8999999999999995,52.75821888332345,364.81495571686935,162
3739.1,9,1097.1941963191819,4.199999999999999,52.77041435884459,364.72023129745827,162
3739.2,9,1097.1941963191819,4.0,52.78330003050807,364.6308003822836,162
3739.3,9,1097.1941963191819,4.0,52.77618630611889,364.6834163663739,162
3739.4,9,1097.1941963191819,4.0,52.79387514850657,364.5558311533375,162
3739.5,9,1097.1941963191819,4.0,52.79634475021882,364.530224996695,162
3739.6,9,1097.1941963191819,4.0,52.74676686779975,364.8610046296292,162
3739.7,9,1097.1941963191819,4.0,52.830334194919544,364.3502075427939,162
3739.8,9,1097.1941963191819,4.0,52.83038276243957,364.3565187119965,162
3739.9,9,1097.1941963191819,4.0,52.84741945676428,364.2353938319811,162
3740.0,9,1097.1941963191819,4.0,52.88051451554777,363.86307909044524,162
3740.1,9,1097.1941963191819,4.0,52.94996040535081,363.4267043691416,162
3740.2,9,1097.1941963191819,4.0,52.937230559038724,363.52437135071375,162
3740.3,9,1097.1941963191819,4.0,52.917149295076555,363.67206811383835,162
3740.4,7,1097.1941963191819,3.2,52.912438498397876,363.6978157003317,162
3740.5,7,1097.1941963191819,4.199999999999999,52.94539549022278,363.4990947655266,162
3740.6,7,1097.1941963191819,4.199999999999999,52.93837701568494,363.54624344448337,162
3740.7,7,1097.1941963191819,4.199999999999999,52.93129777334964,363.58922228026654,162
3740.8,7,1097.1941963191819,4.199999999999999,52.92798986856734,363.60832569710146,162
3740.9,9,1097.1941963191819,3.5,52.883872993147214,363.9433256961238,162
3741.0,9,1097.1941963191819,4.0,52.89086501646837,363.891029290361,162
3741.1,9,1097.1941963191819,4.0,52.907309505402154,363.77295437763,162
3741.2,9,1097.1941963191819,4.0,52.91048221873522,363.74994043615044,162
3741.3,9,1097.1941963191819,4.0,52.89797666357997,363.83942631255786,162
3741.4,9,1097.1941963191819,4.0,52.892795151508906,363.7083173056094,162
3741.5,9,1097.1941963191819,4.0,52.82361693576972,364.1520405213529,162
3741.6,9,1097.1941963191819,4.0,52.82566814746633,364.13909677584854,162
3741.7,9,1097.1941963191819,4.0,52.82586340020693,364.14256827014515,162
3741.8,9,1097.1941963191819,4.0,52.83294993013148,364.08651299229336,162
3741.9,9,1097.1941963191819,4.0,52.834751214212986,364.0835675438251,162
3742.0,9,1097.1941963191819,4.0,52.85927664270457,363.90979073555167,162
3742.1,9,1097.1941963191819,4.0,52.870751480384385,363.83028677312416,162
3742.2,9,1097.1941963191819,4.0,52.88320001734842,363.74046000588567,162
3742.3,9,1097.1941963191819,4.0,52.89842237472399,363.6311129794876,162
3742.4,9,1097.1941963191819,4.0,52.90398986540302,363.598559070881,162
3742.5,9,1097.1941963191819,4.800000000000001,52.91123377978823,363.54691845610387,162
3742.6,9,1097.1941963191819,4.0,52.931902981924736,363.4056333748507,162
3742.7,9,1097.1941963191819,4.0,52.94236229146236,363.33000249295424,162
3742.8,9,1097.1941963191819,4.0,52.94317704905245,363.3287369515216,162
3742.9,9,1097.1941963191819,4.0,52.95140592770048,363.282274775857,162
3743.0,9,1097.1941963191819,4.0,52.99055651181466,363.0201616454135,162
3743.1,9,1097.1941963191819,4.0,53.0097063079195,362.8891231977041,162
3743.2,9,1097.1941963191819,4.0,53.02266600259243,362.8018820162944,162
3743.3,9,1097.1941963191819,4.0,53.028107412912945,362.7726263729388,162
3743.4,9,1097.1941963191819,4.0,53.04135054310237,362.676360843715,162
3743.5,9,1097.1941963191819,4.0,52.896852338714154,363.77544600674037,162
3743.6,9,1097.1941963191819,4.0,52.910481701879,363.6844541838335,162
3743.7,9,1097.1941963191819,4.800000000000001,52.92430921245412,363.59006125648165,162
3743.8,9,1097.1941963191819,4.800000000000001,52.86038829248625,363.97722640257655,162
3743.9,9,1097.1941963191819,4.800000000000001,52.84309557322848,364.1117550442851,162
3744.0,9,1097.1941963191819,4.800000000000001,52.855385264603925,364.02891621086036,162
3744.1,9,1097.1941963191819,4.800000000000001,52.87354968640774,363.9039150171537,162
3744.2,9,1097.1941963191819,4.800000000000001,52.88553605443031,363.8309361807759,162
3744.3,9,1097.1941963191819,4.800000000000001,52.88319855998641,363.8589008380621,162
3744.4,9,1097.1941963191819,4.800000000000001,52.90402083593679,363.7164232447582,162
3744.5,9,1097.1941963191819,4.0,52.93282797466013,363.51628716709877,162
3744.6,9,1097.1941963191819,4.0,52.934746957461954,363.51491887803303,162
3744.7,9,1097.1941963191819,4.0,52.93323029842195,363.5361371696366,162
3744.8,9,1097.1941963191819,4.0,52.93967019557644,363.5011628326098,162
3744.9,9,1097.1941963191819,4.0,52.9451935684378,363.4734630806076,162
3745.0,9,1097.1941963191819,4.0,52.962353052191006,363.3537977716612,162
3745.1,9,1097.1941963191819,4.0,52.88570097201777,363.8375615272171,162
3745.2,9,1097.1941963191819,4.0,52.89944631458404,363.7605315295256,162
3745.3,9,1097.1941963191819,4.0,52.916078250383265,363.64260394420745,162
3745.4,9,1097.1941963191819,4.0,52.92867573992555,363.5618712851291,162
3745.5,9,1097.1941963191819,4.0,52.945428399819214,363.447549312481,162
3745.6,9,1097.1941963191819,4.0,52.95144768310512,363.41537614893457,162
3745.7,9,1097.1941963191819,4.0,52.96741078920779,363.31323275324223,162
3745.8,9,1097.1941963191819,4.0,52.957260268171794,363.4004044518131,162
3745.9,9,1097.1941963191819,4.0,52.87432609919023,363.91074887875084,162
3746.0,11,1097.1941963191819,3.2,52.86960473720095,363.9558785203083,162
3746.1,11,1097.1941963191819,4.5,52.89298220962635,363.78752345161985,162
3746.2,11,1097.1941963191819,4.5,52.88097015645517,363.8881710912596,162
3746.3,11,1097.1941963191819,4.5,52.88864487080795,363.84347688425896,162
3746.4,11,1097.1941963191819,4.5,52.89631554451708,363.7956992396613,162
3746.5,11,1097.1941963191819,4.5,52.887614194731896,363.87612920476954,162
3746.6,11,1097.1941963191819,4.5,52.894752752824814,363.8430451983861,162
3746.7,11,1097.1941963191819,4.5,52.90050715622655,363.81444991934933,162
3746.8,11,1097.1941963191819,4.5,52.86413133207351,364.11907109642834,162
3746.9,11,1097.1941963191819,4.5,52.8724202936758,364.0727318767679,162
3747.0,9,1097.1941963191819,3.6,52.89058030223116,363.95178137171433,162
3747.1,9,1097.1941963191819,4.0,52.89297209575365,363.9525289955553,162
3747.2,9,1097.1941963191819,4.0,52.913482750856815,363.81195494128497,162
3747.3,9,1097.1941963191819,4.0,52.925571912930764,363.74025509658446,162
3747.4,9,1097.1941963191819,4.0,52.939884041077974,363.65204044401264,162
3747.5,9,1097.1941963191819,4.0,52.95208159062858,363.57530775156937,162
3747.6,9,1097.1941963191819,4.0,52.95638129530014,363.5623594122203,162
3747.7,9,1097.1941963191819,4.0,52.95923121728072,363.5584091949453,162
3747.8,9,1097.1941963191819,4.0,52.82580610058426,364.60769321392644,162
3747.9,9,1097.1941963191819,4.0,52.85167920439393,364.44122500482615,162
3748.0,9,1097.1941963191819,4.0,52.93946176000518,363.78397684796766,162
3748.1,9,1097.1941963191819,4.0,52.96659255900983,363.5998547587431,162
3748.2,9,1097.1941963191819,4.0,52.99491880092684,363.41765918965086,162
3748.3,9,1097.1941963191819,4.0,53.002111634480414,363.3588442399312,162
3748.4,9,1097.1941963191819,4.0,53.02981822845269,363.16846345749707,162
3748.5,9,1097.1941963191819,4.0,53.04626118344885,363.05977529861065,162
3748.6,9,1097.1941963191819,4.0,53.07295854067123,362.88236815175156,162
3748.7,9,1097.1941963191819,4.0,53.09668751910314,362.7261568771962,162
3748.8,9,1097.1941963191819,4.0,53.11280949931958,362.624053429877,162
3748.9,9,1097.1941963191819,4.0,53.13808850660334,362.4544981015455,162
3749.0,9,1097.1941963191819,4.0,53.05743662590015,362.9230116346588,162
3749.1,9,1097.1941963191819,4.0,53.070335908816645,362.8480322326637,162
3749.2,9,1097.1941963191819,4.0,53.08752520677605,362.7382659272039,162
3749.3,7,1097.1457472813406,4.0,53.107771581395724,362.60250889344115,162
3749.4,7,1097.1223115696175,3.5,53.13626604474049,362.40827898463624,162
3749.5,9,1097.1223115696175,3.5,53.16079859343077,362.2495509956252,162
3749.6,9,1097.1223115696175,4.0,53.18912451260784,362.06008247749,162
3749.7,9,1097.1223115696175,4.0,53.19766436537678,362.01985266679264,162
3749.8,11,1097.1223115696175,3.2,53.23281846677801,361.7781326206167,162
3749.9,7,1097.1223115696175,3.6,53.24951857053554,361.6714062028095,162
3750.0,7,1097.1223115696175,3.5,53.27222595037429,361.51838092808816,162
3750.1,7,1097.1223115696175,3.5,53.170946344790565,362.1278307446419,162
3750.2,7,1097.1223115696175,3.5,53.1995311148954,361.9382396329778,162
3750.3,7,1097.1223115696175,3.5,53.22171320510269,361.8014900722525,162
3750.4,7,1097.1223115696175,3.5,53.26316643363758,361.51821003188354,162
3750.5,7,1097.1223115696175,3.5,53.27404025888745,361.4613067540922,162
3750.6,7,1097.1223115696175,3.5,53.321803630883494,361.1341685863245,162
3750.7,7,1097.1223115696175,3.5,53.34922949480183,360.9621750695635,162
3750.8,7,1097.1223115696175,3.5,53.37521602111296,360.7963914882132,162
3750.9,7,1097.1223115696175,3.5,53.381717740828776,360.76861359151206,162
3751.0,7,1097.1223115696175,3.5,53.419111707460665,360.52983797439833,162
3751.1,7,1097.1223115696175,3.5,53.287688729257034,361.33056150919214,162
3751.2,9,1097.1223115696175,2.8,53.31896707626476,361.1176029365279,162
3751.3,9,1097.1223115696175,4.0,53.116902727567535,362.632632987367,162
3751.4,9,1097.1223115696175,4.0,53.1326713615211,362.5385027398552,162
3751.5,9,1097.1223115696175,4.0,53.14889913806089,362.4303373881096,162
3751.6,11,1097.1223115696175,3.2,53.17283090055605,362.2665145931111,162
3751.7,11,1097.1223115696175,4.5,53.18028453100287,362.22642617355325,162
3751.8,11,1097.1223115696175,4.5,53.19438454468194,362.1316986077458,162
3751.9,11,1097.1223115696175,4.5,53.21582461393303,361.9975948400709,162
3752.0,11,1097.1223115696175,4.5,53.22746532730432,361.921650328444,162
3752.1,11,1097.1223115696175,3.6,53.24648495774619,361.7946915003256,162
3752.2,11,1097.1223115696175,3.6,53.2565702568166,361.73530872149166,162
3752.3,11,1097.1223115696175,3.6,53.26182322432178,361.70959624376906,162
3752.4,11,1097.1223115696175,3.6,53.26187239300263,361.7294568478133,162
3752.5,11,1097.1223115696175,3.6,53.2791876365081,361.615472219793,162
3752.6,11,1097.1223115696175,3.6,53.284226661779876,361.5882416173511,162
3752.7,9,1097.1223115696175,3.6,53.28107328235531,361.6191049485552,162
3752.8,9,1097.1223115696175,3.2,53.29728320020226,361.50918901050204,162
3752.9,9,1097.1223115696175,3.2,53.30500426737257,361.4698133009192,162
3753.0,9,1097.1223115696175,3.2,53.30624623864837,361.4688838234438,162
3753.1,9,1097.1223115696175,3.2,53.307128609028325,361.47240751087514,162
3753.2,9,1097.1223115696175,3.2,53.316062975132304,361.40782931472313,162
3753.3,11,1097.1223115696175,2.4000000000000004,53.31817001014478,361.397861016172,162
3753.4,11,1097.1223115696175,4.5,53.33407142979016,361.2932671843088,162
3753.5,11,1097.1223115696175,4.5,53.14513460775935,362.7558612127089,162
3753.6,11,1097.1223115696175,4.5,53.15238062935403,362.70736588107246,162
3753.7,11,1097.1223115696175,4.5,53.154087118124934,362.7103210922914,162
3753.8,11,1097.1223115696175,4.5,53.03039942182275,363.4538789857412,162
3753.9,11,1097.1223115696175,4.5,53.01827810433463,363.5411321109089,162
3754.0,11,1097.1223115696175,4.5,53.01377911227765,363.5680881634921,162
3754.1,11,1097.1223115696175,3.6,52.99552522906254,363.69815660158395,162
3754.2,11,1097.1223115696175,3.6,52.95231075631308,363.97809044044186,162
3754.3,11,1097.1223115696175,3.6,52.93734415056936,364.0918723594989,162
3754.4,11,1097.1223115696175,3.6,52.94549439096507,364.03472176487094,162
3754.5,11,1097.1223115696175,4.5,52.946622263456135,364.032825714347,162
3754.6,11,1097.1223115696175,4.5,52.94302326794643,364.0665311755645,162
3754.7,11,1097.1223115696175,4.5,52.95523868888894,363.9819159320389,162
3754.8,11,1097.1223115696175,4.5,52.82252999780508,364.7937790934483,162
3754.9,11,1097.1223115696175,4.5,52.79901560543533,364.7361927002768,162
3755.0,11,1097.1223115696175,4.5,52.80037879239982,364.72922144617246,162
3755.1,11,1097.1223115696175,4.5,52.80699075103595,364.6905973293999,162
3755.2,11,1097.1223115696175,3.6,52.80167052798488,364.72981133607914,162
3755.3,11,1097.1223115696175,3.6,52.80942756198795,364.67963169170326,162
3755.4,11,1097.1223115696175,3.6,52.869476737534924,364.111960613989,162
3755.5,11,1097.1223115696175,3.6,52.86480186077161,364.158465601974,162
3755.6,11,1097.1223115696175,3.6,52.87707512406648,364.0810644859529,162
3755.7,11,1097.1223115696175,3.6,52.8739895167712,364.1136429365405,162
3755.8,11,1097.1223115696175,3.6,52.886761017068764,364.03064807874597,162
3755.9,11,1097.1223115696175,3.6,52.882082373014775,364.0806422253348,162
3756.0,11,1097.1223115696175,3.6,52.879522637300084,364.11040370217137,162
3756.1,11,1097.1223115696175,3.6,52.89724399500455,363.99239024950697,162
3756.2,11,1097.1223115696175,3.6,52.919677490371214,363.8438715771359,162
3756.3,11,1097.1223115696175,3.6,52.94950130877194,363.63823236247765,162
3756.4,11,1097.1223115696175,3.6,52.845216975374726,364.44764089270103,162
3756.5,11,1097.1223115696175,3.6,52.87275028156719,364.26204895392607,162
3756.6,11,1097.1223115696175,3.6,52.899320156532305,364.0785266162384,162
3756.7,11,1097.1223115696175,3.6,52.906084547419994,364.0500649551831,162
3756.8,11,1097.1223115696175,3.6,52.90559202718467,364.0685364099447,162
3756.9,11,1097.1223115696175,3.6,52.922867108233866,363.9594932289174,162
3757.0,11,1097.1223115696175,3.6,52.92747609869785,363.94958519641335,162
3757.1,11,1097.1223115696175,3.6,52.945267803004796,363.8505935638401,162
3757.2,11,1097.1223115696175,3.6,52.954180018216505,363.8157053640344,162
3757.3,11,1097.1223115696175,3.6,52.973533959184905,363.6953574431302,162
3757.4,11,1097.1223115696175,3.6,52.992992605768464,363.5756313295391,162
3757.5,11,1097.1223115696175,3.6,53.01701512487689,363.4175191281778,162
3757.6,11,1097.1223115696175,3.6,53.02907658554968,363.3543974209224,162
3757.7,11,1097.1223115696175,3.6,52.89650601737786,364.1615530280335,162
3757.8,11,1097.1223115696175,3.6,52.92253132228154,363.99561779350284,162
3757.9,11,1097.1223115696175,3.6,52.94081410227603,363.8875759120141,162
3758.0,11,1097.1223115696175,3.6,52.96053477992302,363.7540689281461,162
3758.1,11,1097.1223115696175,3.6,52.976213592393265,363.65950811614687,162
3758.2,11,1097.1223115696175,3.6,52.998061491626,363.52945602580803,162
3758.3,11,1097.1223115696175,3.6,53.020254771413214,363.3840362535898,162
3758.4,11,1097.1223115696175,3.6,52.87623944315595,364.2581421856028,162
3758.5,11,1097.1223115696175,3.6,52.889195910153475,364.1757867225132,162
3758.6,11,1097.1223115696175,3.6,52.90352439293006,364.0832408805337,162
3758.7,11,1097.1223115696175,3.6,52.918187580647285,363.99458078871055,162
3758.8,11,1097.1223115696175,3.6,52.93102311384546,363.9190904332993,162
3758.9,11,1097.1223115696175,3.6,52.95136203034046,363.7841666700765,162
3759.0,11,1097.1223115696175,3.6,52.967109033316824,363.6809869486011,162
3759.1,11,1097.1223115696175,4.5,52.96877937789854,363.72832077859664,162
3759.2,11,1097.1223115696175,3.6,52.9965697394552,363.5489359849288,162
3759.3,11,1097.1223115696175,3.6,53.010459875038975,363.46725959336936,162
3759.4,11,1097.1223115696175,3.6,53.03741980076916,363.2948178936376,162
3759.5,11,1097.1223115696175,3.6,53.055315443327025,363.17670026376385,162
3759.6,11,1097.1223115696175,3.6,52.90287668663293,364.1160152293795,162
3759.7,11,1097.1223115696175,3.6,52.91561495030585,364.0365799378286,162
3759.8,11,1097.1223115696175,3.6,52.92450942705265,363.9996316201134,162
3759.9,11,1097.1223115696175,3.6,52.93707318216496,363.92174632600086,162
3760.0,11,1097.1223115696175,3.6,52.957109438519964,363.80738568554443,162
3760.1,11,1097.1223115696175,3.6,52.97183068215608,363.71652228473056,162
3760.2,11,1097.1223115696175,3.6,52.992814431406764,363.5736482362428,162
3760.3,11,1097.1223115696175,3.6,53.008127625677986,363.480812742393,162
3760.4,11,1097.1223115696175,3.6,53.03106728105947,363.3344619580083,162
3760.5,11,1097.5668192538017,3.6,53.04584222894941,363.2421802657166,163
3760.6,11,1097.5668192538017,-100.0,53.06490161351326,363.1216632316313,163
3760.7,11,1097.5668192538017,3.6,53.10269592467499,363.09018870473136,163
3760.8,11,1097.5668192538017,3.6,53.09905527768037,363.1241380428729,163
3760.9,11,1097.5668192538017,3.6,53.112167043072986,363.0314544315315,163
3761.0,8,1097.7221224823697,2.7,53.12854588354763,362.9294516662412,163
3761.1,8,1097.7683198162376,3.5,53.1473125675588,362.79222873168635,163
3761.2,8,1097.7683198162376,3.5,53.170275907337825,362.63896553986035,163
3761.3,8,1097.7683198162376,3.5,53.18569381553699,362.52165830001377,163
3761.4,8,1097.720537057377,3.5,52.98664077348271,364.09731518173874,163
3761.5,8,1097.720537057377,4.199999999999999,53.01449515932613,363.8966389896102,163
3761.6,8,1097.720537057377,4.199999999999999,53.0662434121609,363.5798507306521,163
3761.7,8,1097.720537057377,4.199999999999999,53.08416590763673,363.4434173961513,163
3761.8,8,1097.720537057377,4.199999999999999,53.1003626080559,363.3492131323255,163
3761.9,8,1097.720537057377,4.199999999999999,53.12282843037046,363.18044327397854,163
3762.0,8,1097.720537057377,4.199999999999999,53.14008495253678,363.0679024907521,163
3762.1,8,1097.720537057377,4.199999999999999,53.16553242680625,362.89350398689237,163
3762.2,11,1097.720537057377,3.5,53.18293389919674,362.779599790485,163
3762.3,11,1097.720537057377,3.6,53.20287116409422,362.6514847013847,163
3762.4,11,1097.720537057377,3.6,53.22380071100632,362.4970345449515,163
3762.5,11,1097.720537057377,3.6,53.2438243701865,362.36611484193315,163
3762.6,11,1097.720537057377,3.6,53.25411650883138,362.29711303708325,163
3762.7,8,1098.1623266325598,2.7,53.278547721872016,362.1326429764993,164
3762.8,8,1098.1623266325598,-100.0,53.29719165226024,362.0161474132676,164
3762.9,8,1098.1623266325598,3.5,53.310151881036774,361.9298446488013,164
3763.0,8,1098.1623266325598,3.5,53.3351334055116,361.7675107234329,164
3763.1,8,1098.1623266325598,3.5,53.36060644973888,361.59688601965183,164
3763.2,8,1098.1623266325598,3.5,53.39483498403091,361.3671054634262,164
3763.3,8,1098.1623266325598,3.5,53.40282637211351,361.3250798277736,164
3763.4,8,1098.1623266325598,3.5,53.41881094796076,361.2180729024901,164
3763.5,8,1098.1623266325598,3.5,53.4405550576589,361.07307072354484,164
3763.6,8,1098.1623266325598,3.5,53.4580858461964,360.9596474826852,164
3763.7,8,1098.1623266325598,3.5,53.468588369759075,360.8983013351527,164
3763.8,8,1098.1623266325598,3.5,53.59836118400764,359.919742678993,164
3763.9,8,1098.1623266325598,3.5,53.6152134528257,359.821855157629,164
3764.0,8,1098.1623266325598,3.5,53.625446687767536,359.7539994163128,164
3764.1,8,1098.1623266325598,3.5,53.64520307573922,359.6277849852505,164
3764.2,8,1098.1623266325598,3.5,53.65407655370599,359.58702262448594,164
3764.3,8,1098.1623266325598,3.5,53.66809609711044,359.4986842817227,164
3764.4,8,1098.115337699946,3.5,53.679484876516184,359.4385301983996,164
3764.5,8,1098.115337699946,4.199999999999999,53.70314581180231,359.2872903377779,164
3764.6,8,1098.115337699946,4.199999999999999,53.71428529056543,359.2141856482091,164
3764.7,8,1098.115337699946,4.199999999999999,53.71932938546435,359.185466155639,164
3764.8,8,1098.115337699946,4.199999999999999,53.737389233153,359.0705964413895,164
3764.9,8,1098.115337699946,4.199999999999999,53.63490355894183,359.66324662933465,164
3765.0,8,1098.115337699946,4.199999999999999,53.650119241445594,359.576759559494,164
3765.1,8,1098.115337699946,4.199999999999999,53.66956137532762,359.4544830718902,164
3765.2,8,1098.115337699946,4.199999999999999,53.6871627117621,359.3425665001207,164
3765.3,8,1098.115337699946,4.199999999999999,53.64849480040142,359.57381418411865,164
3765.4,8,1098.115337699946,4.199999999999999,53.67169615490635,359.42547103901904,164
3765.5,8,1098.115337699946,4.199999999999999,53.693520344632354,359.2806919690775,164
3765.6,8,1098.115337699946,4.199999999999999,53.70323196429221,359.2294186624496,164
3765.7,8,1098.115337699946,4.199999999999999,53.725115016955925,359.08321550141403,164
3765.8,8,1098.115337699946,3.5,53.725566324039036,359.0872946256744,164
3765.9,8,1098.115337699946,3.5,53.72780275803386,359.07450881287286,164
3766.0,8,1098.115337699946,3.5,53.742791382099455,358.9781691427031,164
3766.1,8,1098.115337699946,3.5,53.753606102167225,358.912420868219,164
3766.2,8,1098.115337699946,3.5,53.7691831736752,358.8162287452956,164
3766.3,8,1098.115337699946,3.5,53.769067335469245,358.8308563891011,164
3766.4,8,1098.115337699946,3.5,53.80982682457182,358.54765285148255,164
3766.5,8,1098.115337699946,3.5,53.813184946131386,358.53418757706123,164
3766.6,8,1098.5569139463194,3.5,53.822513442882766,358.49030569620163,165
3766.7,7,1098.6265396085832,-100.0,53.788043895175306,358.5506949922019,165
3766.8,8,1098.6265396085832,3.5,53.786192441109904,358.58452155970946,165
3766.9,8,1098.6265396085832,3.5,53.79199304844461,358.56327280571793,165
3767.0,8,1098.6265396085832,3.5,53.789665606449134,358.582396308905,165
3767.1,8,1098.6265396085832,3.5,53.79181899423375,358.58607224068294,165
3767.2,8,1098.6265396085832,3.5,53.79599203082287,358.57077788981377,165
3767.3,8,1098.6265396085832,3.5,53.79990337372919,358.5636264702267,165
3767.4,8,1098.6265396085832,3.5,53.80530958439297,358.53346282551,165
3767.5,8,1098.6265396085832,3.5,53.80399000881551,358.55224459246824,165
3767.6,8,1098.6265396085832,3.5,53.812146516178515,358.50477543491644,165
3767.7,8,1098.6265396085832,3.5,53.680765175901364,359.52844514074184,165
3767.8,8,1098.6265396085832,3.5,53.6783577357854,359.5625397961241,165
3767.9,7,1098.6609568607857,3.5,53.67897639584105,359.564520795288,165
3768.0,7,1098.6631669840947,4.199999999999999,53.66652942849288,359.65808800661586,165
3768.1,7,1098.6631669840947,4.199999999999999,53.46819543902397,360.8292354835702,165
3768.2,7,1098.6631669840947,4.199999999999999,53.44920346536374,360.96711797396523,165
3768.3,7,1098.6631669840947,4.199999999999999,53.429949125242686,361.1030101617341,165
3768.4,7,1098.6631669840947,4.199999999999999,53.41555009338335,361.20875902528167,165
3768.5,7,1098.6631669840947,4.199999999999999,53.4042085619094,361.2981184077596,165
3768.6,7,1098.6631669840947,4.199999999999999,53.38773746747147,361.42116885189625,165
3768.7,7,1098.6631669840947,4.199999999999999,53.40393493638645,361.2819984075129,165
3768.8,7,1098.6631669840947,4.199999999999999,53.38172979002404,361.4350147739983,165
3768.9,7,1098.6631669840947,4.199999999999999,53.36214782273183,361.57355640310703,165
3769.0,7,1098.6631669840947,4.199999999999999,53.34947183555175,361.6744548632936,165
3769.1,8,1098.6631669840947,3.5,53.332811262201304,361.7913993525416,165
3769.2,8,1098.6631669840947,3.5,53.31826430528997,361.901870780238,165
3769.3,8,1098.6631669840947,3.5,53.28954743775901,362.0973211075292,165
3769.4,8,1098.6631669840947,3.5,53.261764879437806,362.30436482046343,165
3769.5,8,1098.6631669840947,3.5,53.236791008520115,362.4900569923529,165
3769.6,8,1098.6631669840947,3.5,53.209651285924565,362.6897003988877,165
3769.7,8,1098.6631669840947,3.5,53.180897080452304,362.8940365392676,165
3769.8,8,1098.6631669840947,3.5,53.15286053166673,363.0961647160408,165
3769.9,8,1098.6631669840947,3.5,53.133430115668624,363.24214601674134,165
3770.0,8,1098.6631669840947,3.5,53.10157765873197,363.47272447955254,165
3770.1,8,1098.6631669840947,3.5,53.07684018678506,363.64918276806156,165
3770.2,8,1098.6631669840947,3.5,53.04303143568197,363.89683036249187,165
3770.3,8,1099.103071801365,3.5,53.15618954707379,363.2619016868373,166
3770.4,8,1099.103071801365,-100.0,53.13435339296913,363.42011472823816,166
3770.5,8,1099.103071801365,3.5,53.043643657962285,364.119729474417,166
3770.6,8,1099.103071801365,3.5,53.01112357994465,364.34599899645525,166
3770.7,7,1099.103071801365,2.8,52.98429432245615,364.5406086506963,166
3770.8,7,1099.103071801365,3.5,52.95767829643915,364.7221040728856,166
3770.9,7,1099.103071801365,3.5,52.93234985710684,364.8994570921561,166
3771.0,7,1099.103071801365,3.5,52.89856823754489,365.13262389439785,166
3771.1,7,1099.103071801365,3.5,52.87255271997062,365.31864106981504,166
3771.2,7,1099.055166813332,3.5,52.846242069432925,365.5059791043146,166
3771.3,7,1099.055166813332,4.199999999999999,52.82379775058057,365.67237630754505,166
3771.4,7,1099.055166813332,4.199999999999999,52.80048671580188,365.8376470495883,166
3771.5,7,1099.055166813332,3.5,52.78549186909375,365.93506461974357,166
3771.6,7,1099.055166813332,3.5,52.76703514590096,366.0584135112548,166
3771.7,7,1099.055166813332,3.5,52.74392998443238,366.22885306192063,166
3771.8,7,1099.055166813332,3.5,52.76908406369712,365.9955337920598,166
3771.9,7,1099.055166813332,3.5,52.754427742028724,366.10155439230647,166
3772.0,7,1099.055166813332,3.5,52.72728567392804,366.2979407722904,166
3772.1,7,1099.055166813332,3.5,52.701188648272364,366.471482357097,166
3772.2,8,1099.008121510995,3.5,52.67175148376346,366.6780127024009,166
3772.3,8,1099.008121510995,3.5,52.49657071487577,367.73649958331816,166
3772.4,7,1099.008121510995,2.8,52.46915148538008,367.92035987148125,166
3772.5,7,1099.008121510995,3.5,52.44802644421527,368.0712525739271,166
3772.6,7,1099.008121510995,3.5,52.43345228115022,368.1713830385454,166
3772.7,7,1099.008121510995,3.5,52.403155262014955,368.38167480629477,166
3772.8,7,1099.008121510995,3.5,52.38642940826766,368.49316450707977,166
3772.9,7,1099.008121510995,3.5,52.36171865676914,368.66599194671863,166
3773.0,7,1099.008121510995,3.5,52.338551011366675,368.8264159445047,166
3773.1,7,1099.008121510995,3.5,52.32697348982836,368.9134065272467,166
3773.2,7,1099.008121510995,3.5,52.304217017075246,369.0714881051265,166
3773.3,7,1099.008121510995,3.5,52.28297664621108,369.2243507351178,166
3773.4,7,1099.008121510995,3.5,52.25589247406903,369.42446014015565,166
3773.5,7,1098.9604702444342,3.5,52.22847257032156,369.62387503181293,166
3773.6,7,1098.9604702444342,4.199999999999999,52.20281991820705,369.8118654202632,166
3773.7,7,1098.9604702444342,4.199999999999999,52.17286621341896,370.03598490222396,166
3773.8,7,1098.9604702444342,4.199999999999999,52.156033770289554,370.1553033439657,166
3773.9,7,1098.9604702444342,4.199999999999999,52.12543909414089,370.37850774500123,166
3774.0,7,1098.9604702444342,4.199999999999999,52.105900240287724,370.5216509738127,166
3774.1,7,1098.9604702444342,4.199999999999999,52.09808076768475,370.57461213731915,166
3774.2,7,1098.9604702444342,4.199999999999999,52.09035720624344,370.6297711372513,166
3774.3,7,1098.9604702444342,4.199999999999999,52.06666261895502,370.7983739633237,166
3774.4,7,1098.9604702444342,4.199999999999999,52.05240202026286,370.90359361780315,166
3774.5,7,1098.9604702444342,4.199999999999999,52.035172307901064,371.0320045129301,166
3774.6,7,1098.9604702444342,4.199999999999999,52.07287849690037,370.80820635023645,166
3774.7,7,1098.9604702444342,4.199999999999999,52.06346085757753,370.87354621839364,166
3774.8,7,1098.9604702444342,4.199999999999999,52.031764496540134,371.09966445278474,166
3774.9,7,1098.9604702444342,4.199999999999999,52.01490530223282,371.2216879482986,166
3775.0,7,1098.9604702444342,4.199999999999999,52.00309774877916,371.3117643339202,166
3775.1,7,1098.9604702444342,4.199999999999999,51.99666282879919,371.3491614713746,166
3775.2,7,1098.9604702444342,4.199999999999999,51.9800891452614,371.46939580913494,166
3775.3,7,1098.9604702444342,4.199999999999999,51.97391633072025,371.52355017680804,166
3775.4,7,1098.9604702444342,4.199999999999999,51.954876509885075,371.67409045936574,166
3775.5,7,1098.9604702444342,4.199999999999999,51.94449856301533,371.74713303338604,166
3775.6,7,1098.9604702444342,3.5,51.92102641619432,371.9387757304647,166
3775.7,7,1098.9123850958,3.5,51.903542323596106,372.0653747416634,166
3775.8,7,1098.9123850958,4.199999999999999,51.893132094392065,372.138561630854,166
3775.9,7,1098.9123850958,4.199999999999999,51.8827437312968,372.228209983573,166
3776.0,7,1098.9123850958,4.199999999999999,51.87670777984446,372.28201480483835,166
3776.1,7,1098.9123850958,4.199999999999999,51.87134951214659,372.3289926958869,166
3776.2,7,1098.9123850958,4.199999999999999,51.86294826978329,372.3897413328402,166
3776.3,7,1098.9123850958,4.199999999999999,51.85579751479324,372.4560914489668,166
3776.4,7,1099.3508844749394,4.199999999999999,51.909728510475475,371.9599078610514,167
3776.5,7,1099.3508844749394,-100.0,51.90109328692439,372.03744553705883,167
3776.6,7,1099.3508844749394,4.199999999999999,51.89132472435387,372.1035655494403,167
3776.7,7,1099.3508844749394,4.199999999999999,51.8815040980562,372.1825118437593,167
3776.8,7,1099.3508844749394,4.199999999999999,51.88236605213666,372.1687328035231,167
3776.9,7,1099.3508844749394,4.199999999999999,51.88158950100791,372.1689350280908,167
3777.0,7,1099.3508844749394,4.199999999999999,52.03195347590269,370.9303185177287,167
3777.1,7,1099.3508844749394,4.199999999999999,52.0352975004334,370.90052148754864,167
3777.2,7,1099.3508844749394,4.199999999999999,52.11978621048619,370.38730399422957,167
3777.3,7,1099.3508844749394,4.199999999999999,52.13560680776319,370.27139184516335,167
3777.4,7,1099.3508844749394,4.199999999999999,52.15405463046595,370.13218422804084,167
3777.5,7,1099.3508844749394,4.199999999999999,52.17071136504286,370.0190363024096,167
3777.6,7,1099.3508844749394,4.199999999999999,52.18570888225992,369.9018654944574,167
3777.7,7,1099.3508844749394,4.199999999999999,52.188107709382955,369.8731871014699,167
3777.8,7,1099.3508844749394,4.199999999999999,52.10536212839763,370.3714454457567,167
3777.9,7,1099.3508844749394,4.199999999999999,52.108283915499,370.340268334994,167
3778.0,7,1099.3508844749394,4.199999999999999,52.11463327487271,370.28606073346447,167
3778.1,7,1099.3508844749394,4.199999999999999,51.999065545167966,371.2415019934136,167
3778.2,7,1099.3508844749394,4.199999999999999,52.00583847303353,371.20456665789203,167
3778.3,7,1099.3508844749394,4.199999999999999,52.01446097521485,371.13005458538487,167
3778.4,7,1099.3508844749394,4.199999999999999,52.02091570944536,371.0850812112976,167
3778.5,7,1099.3508844749394,4.199999999999999,52.03206626561708,371.00724842654216,167
3778.6,7,1099.3508844749394,4.199999999999999,52.04024066733995,370.95003228909707,167
3778.7,7,1099.3508844749394,4.199999999999999,52.04977050270228,370.8662096567077,167
3778.8,7,1099.3508844749394,4.199999999999999,52.051783925041384,370.85249016529156,167
3778.9,7,1099.3508844749394,4.199999999999999,52.056831755530325,370.81229183149065,167
3779.0,7,1099.3508844749394,4.199999999999999,52.0511681909557,370.84466495604045,167
3779.1,7,1099.3508844749394,4.199999999999999,52.052951677584346,370.8271881033896,167
3779.2,7,1099.3508844749394,4.199999999999999,52.058262427181084,370.7922136905324,167
3779.3,7,1099.3508844749394,4.199999999999999,52.21847659785158,369.53630499665235,167
3779.4,7,1099.3026829031464,4.199999999999999,52.21760069904531,369.55401420963,167
3779.5,7,1099.3026829031464,4.8999999999999995,52.228629256602304,369.4861171119261,167
3779.6,7,1099.3026829031464,4.8999999999999995,52.2233209185828,369.5459434913349,167
3779.7,7,1099.3026829031464,4.8999999999999995,52.205012377775944,369.70111026760776,167
3779.8,7,1099.3026829031464,4.8999999999999995,52.20151272055941,369.75095250519155,167
3779.9,7,1099.3026829031464,4.8999999999999995,52.201048122383774,369.7793119191711,167
3780.0,7,1099.3026829031464,4.8999999999999995,52.19465765042233,369.84184372738747,167
3780.1,7,1099.3026829031464,4.8999999999999995,52.18995748598878,369.9078905512279,167
3780.2,7,1099.3026829031464,4.8999999999999995,52.18844963058555,369.94877072409315,167
3780.3,7,1099.3026829031464,4.8999999999999995,52.19353838964316,369.9351060402996,167
3780.4,7,1099.3026829031464,4.8999999999999995,52.194433854945046,369.9467583090376,167
3780.5,7,1099.3026829031464,4.8999999999999995,52.35995269799321,368.6096250588223,167
3780.6,7,1099.3026829031464,4.199999999999999,52.36477183938016,368.6006166327534,167
3780.7,7,1099.3026829031464,4.199999999999999,52.377337580611936,368.5254350893498,167
3780.8,7,1099.3026829031464,4.199999999999999,52.379746396621336,368.5342276849826,167
3780.9,7,1099.3026829031464,4.199999999999999,52.40286897554872,368.38135323515996,167
3781.0,7,1099.3026829031464,4.199999999999999,52.42383308214091,368.2478475972215,167
3781.1,7,1099.3026829031464,4.199999999999999,52.43762887289472,368.1665803081153,167
3781.2,7,1099.3026829031464,4.199999999999999,52.46295486904309,368.003881201989,167
3781.3,7,1099.3026829031464,4.199999999999999,52.47952727964329,367.92236342332376,167
3781.4,7,1099.3026829031464,4.199999999999999,52.49647291789199,367.8169373055882,167
3781.5,7,1099.3026829031464,4.199999999999999,52.61795056836878,367.0906303895362,167
3781.6,7,1099.3026829031464,4.199999999999999,52.63309695515662,367.00711483012617,167
3781.7,7,1099.3026829031464,4.199999999999999,52.65943531023553,366.8446602747262,167
3781.8,7,1099.3026829031464,4.199999999999999,52.68556573910642,366.67045615602404,167
3781.9,7,1099.3026829031464,4.199999999999999,52.69699519755529,366.62442661995726,167
3782.0,7,1099.3026829031464,4.199999999999999,52.720030134518396,366.4743977874282,167
3782.1,7,1099.3026829031464,4.199999999999999,52.735719150364346,366.38519332250655,167
3782.2,7,1099.3026829031464,4.199999999999999,52.762577462878255,366.22250029726854,167
3782.3,7,1099.3026829031464,4.199999999999999,52.78337622928921,366.0983793878129,167
3782.4,7,1099.3026829031464,4.199999999999999,52.798337083239375,366.0258611798206,167
3782.5,7,1099.3026829031464,4.199999999999999,52.82015727823263,365.8971717504438,167
3782.6,7,1099.3026829031464,4.199999999999999,52.993462034178464,364.5536915161356,167
3782.7,7,1099.3026829031464,4.199999999999999,53.010933113007255,364.45083064531,167
3782.8,9,1099.3026829031464,3.5,53.03199098377377,364.3157064447116,167
3782.9,9,1099.3026829031464,4.0,53.05108290015177,364.21158504529245,167
3783.0,9,1099.3026829031464,4.0,53.075440728744994,364.0604806677194,167
3783.1,9,1099.3026829031464,4.0,53.21134892628293,363.2774069091389,167
3783.2,9,1099.3026829031464,4.0,53.213865764411935,363.2824693546654,167
3783.3,9,1099.3026829031464,4.0,53.23392546434693,363.14708680073795,167
3783.4,9,1099.3026829031464,4.0,53.2423228810793,363.10202077526117,167
3783.5,9,1099.3026829031464,4.0,53.250993761995275,363.05635522453406,167
3783.6,9,1099.3026829031464,4.0,53.26587477405871,362.9674245972031,167
3783.7,9,1099.3026829031464,4.0,53.28060585105416,362.867349725985,167
3783.8,9,1099.3026829031464,4.0,53.28443555134465,362.8596778341413,167
3783.9,9,1099.3026829031464,4.0,53.29595598095581,362.8000944192703,167
3784.0,9,1099.3026829031464,4.0,53.30447367157981,362.756210807675,167
3784.1,9,1099.3026829031464,4.800000000000001,53.31129132782072,362.7186682041903,167
3784.2,9,1099.3026829031464,4.800000000000001,53.198175067213356,363.66186183701654,167
3784.3,9,1099.3026829031464,4.800000000000001,53.21799009011775,363.5218612600329,167
3784.4,9,1099.3026829031464,4.800000000000001,53.23232543147956,363.4192552608683,167
3784.5,9,1099.3026829031464,4.800000000000001,53.248015621120324,363.31292388466886,167
3784.6,9,1099.3026829031464,4.800000000000001,53.32636123068687,362.79892875148516,167
3784.7,10,1099.3026829031464,4.0,53.343642886388096,362.6840853209251,167
3784.8,10,1099.3026829031464,4.800000000000001,53.20078285667962,363.4755102226636,167
3784.9,10,1099.3026829031464,4.800000000000001,53.20551677074129,363.4333651173182,167
3785.0,10,1099.3026829031464,4.800000000000001,53.210349586134015,363.3958557162557,167
3785.1,10,1099.3026829031464,4.800000000000001,53.33282275500292,362.404531433138,167
3785.2,10,1099.3026829031464,4.800000000000001,53.34004661758624,362.3579272599111,167
3785.3,10,1099.3026829031464,4.800000000000001,53.336704770670195,362.36893632476927,167
3785.4,10,1099.3026829031464,4.800000000000001,53.35042236997262,362.2739659272642,167
3785.5,10,1099.3026829031464,4.800000000000001,53.47513765856287,361.54153883103714,167
3785.6,10,1099.3026829031464,4.800000000000001,53.49393594664508,361.40498640122127,167
3785.7,10,1099.3026829031464,4.800000000000001,53.508447784355624,361.29695407894746,167
3785.8,10,1099.3026829031464,4.800000000000001,53.51691219003288,361.2508997138665,167
3785.9,10,1099.3026829031464,4.800000000000001,53.52722580299023,361.16764880774144,167
3786.0,10,1099.3026829031464,4.800000000000001,53.528590239396166,361.1731069539834,167
3786.1,9,1099.3026829031464,4.0,53.52936853635877,361.1620436454649,167
3786.2,9,1099.3026829031464,4.0,53.44671186933235,361.6210432484689,167
3786.3,9,1099.3026829031464,4.0,53.46195940832118,361.51145607157844,167
3786.4,9,1099.3026829031464,4.0,53.473687110326225,361.42889297322904,167
3786.5,9,1099.3026829031464,4.0,53.48474050073348,361.3618915129683,167
3786.6,9,1099.3026829031464,4.0,53.491890089510385,361.3128137658383,167
3786.7,9,1099.3026829031464,4.0,53.5112515536454,361.18439991990147,167
3786.8,9,1099.3026829031464,4.0,53.52309088341775,361.1188279290421,167
3786.9,9,1099.3026829031464,4.0,53.533089737673095,361.04336921653504,167
3787.0,9,1099.3026829031464,4.0,53.55059146233791,360.9190649514028,167
3787.1,9,1099.3026829031464,4.800000000000001,53.56974095129661,360.7882040255205,167
3787.2,9,1099.3026829031464,4.800000000000001,53.59169949672393,360.63372302378036,167
3787.3,9,1099.3026829031464,4.800000000000001,53.610701885990466,360.5075832082558,167
3787.4,9,1099.3026829031464,4.800000000000001,53.62834355873792,360.3883380744883,167
3787.5,9,1099.3026829031464,4.800000000000001,53.60125411872701,360.3310186898358,167
3787.6,9,1099.3026829031464,4.800000000000001,53.65640911768516,360.0995093686623,167
3787.7,9,1099.3026829031464,4.800000000000001,53.66604073961233,360.0436807161115,167
3787.8,9,1099.3026829031464,4.800000000000001,53.673631957180035,359.99337385704894,167
3787.9,9,1099.3026829031464,4.800000000000001,53.68337118427319,359.9285476557637,167
3788.0,9,1099.3026829031464,4.800000000000001,53.70257162479925,359.7902396648632,167
3788.1,9,1099.3026829031464,4.800000000000001,53.70369341904873,359.78708646344376,167
3788.2,9,1099.3026829031464,4.800000000000001,53.78790183441533,358.98524033437866,167
3788.3,9,1099.3026829031464,4.800000000000001,53.66003804647568,359.7145299378193,167
3788.4,9,1099.3026829031464,4.800000000000001,53.67856176853068,359.59580721682806,167
3788.5,9,1099.3026829031464,5.6000000000000005,53.70181899858402,359.439712483571,167
3788.6,9,1099.3026829031464,5.6000000000000005,53.71495987286475,359.359937922,167
3788.7,9,1099.3026829031464,5.6000000000000005,53.7308037158392,359.2535642953387,167
3788.8,9,1099.3026829031464,5.6000000000000005,53.745104473126275,359.1639735188035,167
3788.9,9,1099.3026829031464,5.6000000000000005,53.75777798935479,359.0721095379232,167
3789.0,9,1099.3026829031464,4.800000000000001,53.7673930304061,359.0170075158452,167
3789.1,9,1099.3026829031464,4.800000000000001,53.78448344122977,358.90558048991363,167
3789.2,9,1099.3026829031464,4.800000000000001,53.790200645123164,358.87112257326083,167
3789.3,9,1099.3026829031464,4.800000000000001,53.812583407265706,358.7227774972638,167
3789.4,9,1099.3026829031464,4.800000000000001,53.827714832315436,358.62535098576063,167
3789.5,9,1099.3026829031464,4.800000000000001,53.83986843237501,358.5394346350545,167
3789.6,9,1099.3026829031464,4.800000000000001,53.85156189310666,358.4647587004946,167
3789.7,9,1099.3026829031464,4.800000000000001,53.86852787326568,358.34819682470436,167
3789.8,9,1099.3026829031464,4.800000000000001,53.7096544084221,359.2748062407944,167
3789.9,9,1099.3026829031464,4.800000000000001,53.71525910517005,359.22726060710215,167
3790.0,9,1099.3026829031464,4.800000000000001,53.71695509759655,359.2299523073781,167
3790.1,9,1099.3026829031464,4.800000000000001,53.8196531769356,358.4604875792644,167
3790.2,9,1099.3026829031464,4.800000000000001,53.82410303866155,358.4351453662441,167
3790.3,9,1099.3026829031464,4.800000000000001,53.83190747480011,358.38927045608,167
3790.4,9,1099.3026829031464,4.800000000000001,53.84961339974513,358.2653179968762,167
3790.5,9,1099.3026829031464,4.800000000000001,53.866757168727084,358.178375942618,167
3790.6,9,1099.3026829031464,4.800000000000001,53.86992111966581,358.1588988207285,167
3790.7,9,1099.3026829031464,4.800000000000001,53.88166466499908,358.07914562364914,167
3790.8,9,1099.3026829031464,4.800000000000001,53.896379473832454,357.9818537918047,167
3790.9,9,1099.3026829031464,4.800000000000001,53.89791117480965,357.97833471763414,167
3791.0,9,1099.3026829031464,4.800000000000001,53.90795658433839,357.91584167372173,167
3791.1,9,1099.3026829031464,4.800000000000001,53.91279492870398,357.89052937921133,167
3791.2,9,1099.3026829031464,4.800000000000001,53.92800609228178,357.79832881180255,167
3791.3,9,1099.3026829031464,4.800000000000001,53.94276662708398,357.6990016904816,167
3791.4,9,1099.3026829031464,4.800000000000001,53.96767285416858,357.52134057416407,167
3791.5,9,1099.3026829031464,5.6000000000000005,53.98158089766457,357.43201073554894,167
3791.6,9,1099.3026829031464,5.6000000000000005,53.99327387698541,357.3573660268147,167
3791.7,9,1099.3026829031464,5.6000000000000005,54.005234111061164,357.26236287315464,167
3791.8,9,1099.3026829031464,5.6000000000000005,54.022665882666715,357.1549107417274,167
3791.9,9,1099.3026829031464,5.6000000000000005,54.035450699965075,357.07054331465804,167
3792.0,9,1099.3026829031464,5.6000000000000005,54.04459896553513,357.0108618374393,167
3792.1,9,1099.3026829031464,5.6000000000000005,54.06381821516326,356.8922570237436,167
3792.2,9,1099.3026829031464,5.6000000000000005,54.08680033626348,356.73267122864434,167
3792.3,9,1099.3026829031464,5.6000000000000005,54.09929362659093,356.6548274600914,167
3792.4,9,1099.3026829031464,5.6000000000000005,54.11588799435704,356.5462759261237,167
3792.5,9,1099.3026829031464,4.800000000000001,54.13791983916724,356.4002766729297,167
3792.6,9,1099.3026829031464,4.800000000000001,54.1508975703686,356.31415401710325,167
3792.7,9,1099.3026829031464,4.800000000000001,54.24097295310753,355.6511662974116,167
3792.8,9,1099.3026829031464,4.800000000000001,54.260811005044786,355.5267614904211,167
3792.9,9,1099.3026829031464,4.800000000000001,54.126953673925335,356.54468976785915,167
3793.0,9,1099.3026829031464,4.800000000000001,54.166126791110486,356.32059075664506,167
3793.1,9,1099.3026829031464,4.800000000000001,54.18440832704481,356.2020150770114,167
3793.2,9,1099.3026829031464,4.800000000000001,54.20712223238655,356.05343458889445,167
3793.3,9,1099.3026829031464,4.800000000000001,54.22915402163717,355.89529555660744,167
3793.4,9,1099.3026829031464,4.800000000000001,54.25408120073202,355.73836272083764,167
3793.5,9,1099.3026829031464,4.800000000000001,54.268135551423015,355.63668190691374,167
3793.6,9,1099.3026829031464,4.800000000000001,54.28793889847253,355.5144683584266,167
3793.7,9,1099.3026829031464,4.800000000000001,54.30285486410875,355.42564348795435,167
3793.8,9,1099.3026829031464,4.800000000000001,54.330113668066495,355.2473391546808,167
3793.9,9,1099.3026829031464,4.800000000000001,54.34374249105353,355.16146695608444,167
3794.0,9,1099.3026829031464,4.800000000000001,54.363774387946386,355.03788831218253,167
3794.1,9,1099.3026829031464,4.800000000000001,54.384148241443924,354.91099979235935,167
3794.2,12,1099.3026829031464,4.0,54.403211166959146,354.7896182395508,167
3794.3,12,1099.3026829031464,4.5,54.435046156291044,354.5745699058674,167
3794.4,12,1099.3026829031464,4.5,54.3638245368642,354.96934939670814,167
3794.5,12,1099.3026829031464,4.5,54.37575515154191,354.9018198706395,167
3794.6,12,1099.3026829031464,4.5,54.40531113018967,354.72053189597295,167
3794.7,12,1099.3026829031464,4.5,54.437172056208496,354.51161180112854,167
3794.8,12,1099.3026829031464,4.5,54.465844819609295,354.33115480552203,167
3794.9,12,1099.3026829031464,4.5,54.493690448928064,354.1477754026547,167
3795.0,12,1099.3026829031464,4.5,54.52690244861644,353.9245903171619,167
3795.1,12,1099.3026829031464,4.5,54.54456419015855,353.8086028105545,167
3795.2,9,1099.3026829031464,3.6,54.56596606463125,353.6739164173612,167
3795.3,9,1099.3026829031464,4.0,54.593076723030336,353.4936850504073,167
3795.4,9,1099.3026829031464,4.0,54.62818937186887,353.26738380752886,167
3795.5,9,1099.3026829031464,4.0,54.6816093953429,352.9525839764051,167
3795.6,9,1099.3026829031464,4.0,54.70202393655127,352.821568329657,167
3795.7,9,1099.3026829031464,4.800000000000001,54.722906368938176,352.689628445976,167
3795.8,12,1099.3026829031464,4.800000000000001,54.737696294994535,352.6000713881482,167
3795.9,9,1099.3026829031464,4.5,54.76706455706211,352.41057615165954,167
3796.0,9,1099.3026829031464,4.800000000000001,54.793176745281656,352.23881157638766,167
3796.1,12,1099.3026829031464,4.0,54.83111668679035,351.99289930726667,167
3796.2,12,1099.3026829031464,4.5,54.860534440403896,351.80270229243433,167
3796.3,12,1099.3026829031464,4.5,54.88914582320186,351.62433187821205,167
3796.4,12,1099.3026829031464,4.5,54.922090678039666,351.40844722195686,167
3796.5,12,1099.3026829031464,4.5,54.94390382625613,351.2751775104248,167
3796.6,12,1099.3026829031464,4.5,54.96873025777218,351.1237299859648,167
3796.7,12,1099.3026829031464,4.5,55.02990739417366,350.6852088207237,167
3796.8,12,1099.3026829031464,4.5,55.05185361285626,350.55597074734493,167
3796.9,12,1099.3026829031464,4.5,55.08748385670026,350.3290992655503,167
3797.0,7,1099.3417221793038,4.5,55.20695248338273,349.36748520725814,167
3797.1,12,1099.3417221793038,2.8,55.226253168578125,349.24874537254914,167
3797.2,12,1099.3417221793038,4.5,55.25137455036919,349.0864895529828,167
3797.3,11,1099.3417221793038,4.5,55.27964301600744,348.90390685823445,167
3797.4,11,1099.3417221793038,4.5,55.3025617114067,348.76431970598867,167
3797.5,11,1099.3417221793038,4.5,55.33926353279641,348.5301395174715,167
3797.6,11,1099.3417221793038,4.5,55.355941190892224,348.4261168682884,167
3797.7,11,1099.3417221793038,4.5,55.38670397892129,348.2316553173904,167
3797.8,11,1099.3417221793038,4.5,55.409594487860886,348.09801847127403,167
3797.9,11,1099.3417221793038,4.5,55.450143637620165,347.83677986606904,167
3798.0,11,1099.3417221793038,4.5,55.47676383465618,347.66578158998607,167
3798.1,11,1099.3417221793038,4.5,55.50267460912105,347.4977678667165,167
3798.2,11,1099.3417221793038,4.5,55.52702560364102,347.34350703499024,167
3798.3,11,1099.3417221793038,4.5,55.5526352432828,347.1812375295788,167
3798.4,11,1099.3417221793038,4.5,55.57694765012019,347.0220690439113,167
3798.5,12,1099.3417221793038,3.6,55.60599565056369,346.8389152998144,167
3798.6,12,1099.3417221793038,4.5,55.62827320197219,346.6997650445005,167
3798.7,12,1099.3417221793038,4.5,55.658967636059884,346.4978603271807,167
3798.8,12,1099.3417221793038,4.5,55.69017666913504,346.29624272077945,167
3798.9,12,1099.3417221793038,4.5,55.71834360414077,346.10792610206016,167
3799.0,12,1099.3417221793038,4.5,55.746138813314204,345.92722556829244,167
3799.1,12,1099.3417221793038,4.5,55.791755521740626,345.61888368044214,167
3799.2,12,1099.3417221793038,4.5,55.82256814783361,345.42355941832477,167
3799.3,12,1099.3417221793038,4.5,55.849056828645935,345.24927751363964,167
3799.4,11,1099.3417221793038,4.5,55.87412923168902,345.086173713966,167
3799.5,11,1099.3417221793038,3.6,55.90417884146622,344.90508710697264,167
3799.6,11,1099.3417221793038,3.6,55.918564963173594,344.81835178768415,167
3799.7,11,1099.3417221793038,3.6,55.94931495908406,344.61836531345114,167
3799.8,11,1099.3417221793038,3.6,55.971103968955106,344.4744286799624,167
3799.9,9,1099.3417221793038,3.6,55.914323678687005,344.78678605357345,167
3800.0,9,1099.3417221793038,4.0,55.935227515809075,344.6529457833288,167
3800.1,9,1099.3417221793038,4.0,55.96293529991577,344.47172386502484,167
3800.2,9,1099.3417221793038,4.0,55.98851197384745,344.3087052871623,167
3800.3,11,1099.3417221793038,3.2,56.01390729853629,344.1443204590082,167
3800.4,11,1099.3417221793038,4.5,56.0300879552282,344.0359840668133,167
3800.5,11,1099.3417221793038,4.5,56.04997639612599,343.89737315000116,167
3800.6,11,1099.3417221793038,4.5,56.066038354434646,343.7987278172709,167
3800.7,11,1099.3417221793038,4.5,56.08676677091641,343.66127133183,167
3800.8,11,1099.3417221793038,4.5,56.10300977342544,343.5552614255306,167
3800.9,11,1099.3417221793038,4.5,56.117770603468486,343.4599367847111,167
3801.0,11,1099.3417221793038,4.5,56.13342037292881,343.347287558686,167
3801.1,11,1099.3417221793038,4.5,56.147280721206045,343.2487827297871,167
3801.2,11,1099.3417221793038,4.5,56.16248207655159,343.1460517013004,167
3801.3,11,1099.3417221793038,4.5,56.16572258901444,343.11216190646365,167
3801.4,11,1099.3417221793038,5.4,56.181798841386914,343.0098771448176,167
3801.5,11,1099.3417221793038,5.4,56.1407181801232,343.1586399660798,167
3801.6,11,1099.3417221793038,5.4,56.15068975618206,343.08917430565253,167
3801.7,11,1099.3417221793038,5.4,56.14468258820386,343.13577756441146,167
3801.8,11,1099.3417221793038,5.4,56.15516865485577,343.06374572425176,167
3801.9,11,1099.3417221793038,5.4,56.16791673404718,342.9742199611626,167
3802.0,11,1099.3417221793038,5.4,56.18167887557798,342.88406561691886,167
3802.1,11,1099.3417221793038,4.5,56.19803399859036,342.77377313934255,167
3802.2,11,1099.3417221793038,4.5,56.21288755197155,342.67288058852705,167
3802.3,11,1099.3417221793038,4.5,56.216427269637805,342.6424631008459,167
3802.4,11,1099.3417221793038,4.5,56.22565834407506,342.5791086407194,167
3802.5,11,1099.3417221793038,4.5,56.226207556596876,342.5764481334081,167
3802.6,11,1099.3417221793038,4.5,56.230276605678455,342.54400270010694,167
3802.7,11,1099.3417221793038,4.5,56.238309783924024,342.4861134289389,167
3802.8,11,1099.3417221793038,5.4,56.250033920172115,342.4127416823154,167
3802.9,11,1099.3417221793038,5.4,56.25285947259395,342.3819651022377,167
3803.0,11,1099.3417221793038,5.4,56.29304423722279,342.147732085749,167
3803.1,11,1099.3417221793038,5.4,56.29584213644789,342.1189493349149,167
3803.2,11,1099.3417221793038,5.4,56.2970010708075,342.10212010546434,167
3803.3,11,1099.3417221793038,5.4,56.30968456812472,342.0136224494271,167
3803.4,11,1099.3417221793038,5.4,56.321864391888575,341.9342236928731,167
3803.5,11,1099.3417221793038,4.5,56.32615638313585,341.89937230151133,167
3803.6,11,1099.3417221793038,4.5,56.33125561472036,341.85932224450005,167
3803.7,11,1099.3417221793038,4.5,56.334582744965935,341.8294876639758,167
3803.8,11,1099.3417221793038,4.5,56.339155053327445,341.7969425277281,167
3803.9,11,1099.3417221793038,4.5,56.34175686456255,341.7754355079089,167
3804.0,11,1099.3417221793038,4.5,56.35063391518148,341.72077825254536,167
3804.1,11,1099.3417221793038,4.5,56.27980432811249,342.1914129049777,167
3804.2,11,1099.3417221793038,4.5,56.28704825917407,342.13815414156,167
3804.3,11,1099.3417221793038,4.5,56.31954226070785,341.9709829780007,167
3804.4,11,1099.3417221793038,4.5,56.32674000745149,341.9212152321187,167
3804.5,11,1099.3417221793038,4.5,56.32932134046647,341.89813676667984,167
3804.6,11,1099.3417221793038,4.5,56.32868593664186,341.8988337372287,167
3804.7,11,1099.3417221793038,4.5,56.33185608396451,341.8789702245956,167
3804.8,11,1099.3417221793038,4.5,56.32877633854612,341.8902740082865,167
3804.9,11,1099.3417221793038,4.5,56.32651115284176,341.89964999918624,167
3805.0,11,1099.3417221793038,4.5,56.284526685133116,342.18045971959725,167
3805.1,11,1099.3417221793038,4.5,56.27997287446215,342.2076528877707,167
3805.2,11,1099.3417221793038,4.5,56.26574702616861,342.30016461730963,167
3805.3,11,1099.3417221793038,4.5,56.27325145717816,342.24442262025116,167
3805.4,11,1099.3417221793038,4.5,56.259870851488316,342.3238254088485,167
3805.5,11,1099.3417221793038,4.5,56.2594140524206,342.3199404708887,167
3805.6,11,1099.3417221793038,4.5,56.24247585124452,342.42516084520605,167
3805.7,7,1099.3624712831588,3.6,56.239126070403216,342.4403798253695,167
3805.8,7,1099.3624712831588,4.199999999999999,56.15805947581785,342.9829140955409,167
3805.9,7,1099.3624712831588,4.199999999999999,56.093117936408206,343.3461126390588,167
3806.0,7,1099.3624712831588,4.199999999999999,56.093245772026386,343.35237188241376,167
3806.1,7,1099.3624712831588,4.199999999999999,56.09092611904761,343.3688671871913,167
3806.2,7,1099.3624712831588,4.199999999999999,56.096235114150616,343.3446698092024,167
3806.3,7,1099.3624712831588,4.199999999999999,56.097643687743286,343.3460644960311,167
3806.4,7,1099.3624712831588,4.199999999999999,56.10592651060355,343.2988064115408,167
3806.5,7,1099.3624712831588,4.199999999999999,56.116391948848516,343.2463598667723,167
3806.6,7,1099.3624712831588,4.199999999999999,56.1270167283609,343.1938853994593,167
3806.7,7,1099.3624712831588,4.199999999999999,56.132402893319146,343.16606958082696,167
3806.8,7,1099.3624712831588,4.199999999999999,56.067896034221235,343.50789885165756,167
3806.9,11,1099.3624712831588,3.5,56.07092734302394,343.49639442523153,167
3807.0,11,1099.3624712831588,3.6,56.08604871499718,343.4107471068837,167
3807.1,11,1099.3624712831588,3.6,56.08945569459269,343.39675392549015,167
3807.2,11,1099.3624712831588,3.6,56.09671121759119,343.3495385078937,167
3807.3,7,1099.3153769144915,3.6,56.0984555686082,343.34667789029356,167
3807.4,7,1099.3153769144915,4.199999999999999,56.1039463157349,343.3223243784239,167
3807.5,7,1099.3153769144915,4.199999999999999,56.11723976714645,343.2396547223068,167
3807.6,7,1099.3153769144915,4.199999999999999,56.10858031063644,343.29887718915313,167
3807.7,7,1099.3153769144915,4.199999999999999,56.1221985256831,343.21200787749126,167
3807.8,7,1099.3153769144915,4.199999999999999,56.12931284078514,343.16995678668536,167
3807.9,7,1099.3153769144915,4.199999999999999,56.06305735172403,343.6232986762207,167
3808.0,7,1099.3153769144915,4.199999999999999,56.06095060074588,343.6430994381444,167
3808.1,7,1099.3153769144915,4.199999999999999,56.07189302149353,343.57390629935514,167
3808.2,7,1099.3153769144915,4.199999999999999,56.066784327684374,343.60961524245783,167
3808.3,7,1099.3153769144915,4.199999999999999,56.072105634837285,343.57686606879315,167
3808.4,7,1099.3153769144915,4.199999999999999,56.06294027698877,343.6356625701304,167
3808.5,7,1099.3153769144915,4.199999999999999,56.06681160085068,343.6197337432157,167
3808.6,7,1099.3153769144915,4.199999999999999,56.071618920934725,343.5925425381568,167
3808.7,7,1099.3153769144915,4.199999999999999,56.07117626112671,343.5953443164143,167
3808.8,7,1099.3153769144915,4.199999999999999,56.07468123657833,343.5621286396889,167
3808.9,11,1099.3153769144915,3.5,56.08513054489299,343.4923576208046,167
3809.0,11,1099.3153769144915,3.6,56.09928109719672,343.40064873544395,167
3809.1,11,1099.3153769144915,3.6,56.2914089558832,342.3488433002671,167
3809.2,11,1099.3153769144915,3.6,56.29036610960078,342.35684640656336,167
3809.3,11,1099.3153769144915,3.6,56.30882251280039,342.2280883499367,167
3809.4,11,1099.3153769144915,3.6,56.22534590756119,342.7192052158873,167
3809.5,11,1099.3153769144915,3.6,56.25110156335347,342.5455178979215,167
3809.6,11,1099.3153769144915,3.6,56.37219338455759,341.881565254831,167
3809.7,11,1099.3153769144915,3.6,56.36957630353008,341.8954734639782,167
3809.8,11,1099.3153769144915,3.6,56.386057615968795,341.7789755351697,167
3809.9,11,1099.3153769144915,3.6,56.39410322271693,341.72223905651873,167
3810.0,7,1099.268207946046,2.7,56.39344263097668,341.715871898972,167
3810.1,7,1099.268207946046,4.199999999999999,56.39937726970317,341.66468121483825,167
3810.2,7,1099.268207946046,4.199999999999999,56.40527733308559,341.62071867619835,167
3810.3,7,1099.268207946046,4.199999999999999,56.41891478824468,341.52807804186915,167
3810.4,7,1099.268207946046,4.199999999999999,56.41826683729438,341.52714961387886,167
3810.5,7,1099.268207946046,4.199999999999999,56.43562490181384,341.4044728557704,167
3810.6,11,1099.268207946046,4.199999999999999,56.43585840460098,341.39281096937214,167
3810.7,11,1099.268207946046,3.6,56.43704013163523,341.374312674683,167
3810.8,11,1099.268207946046,3.6,56.39790504212847,341.5826366738959,167
3810.9,11,1099.268207946046,3.6,56.39824660894604,341.56708135343206,167
3811.0,11,1099.268207946046,3.6,56.40968867348355,341.4847937261734,167
3811.1,10,1099.743594632599,2.7,56.33535928472739,341.87307199208453,167
3811.2,7,1099.743594632599,3.2,56.342084084864325,341.8212064345428,167
3811.3,7,1099.743594632599,4.199999999999999,56.360363126879264,341.69996797747297,167
3811.4,10,1099.9818701154934,4.199999999999999,56.307943380444556,342.05907592855465,167
3811.5,7,1099.9818701154934,3.2,56.31192133031376,342.03295725826155,167
3811.6,7,1099.9818701154934,4.199999999999999,56.31698759296016,342.0009290444572,167
3811.7,7,1099.9818701154934,4.199999999999999,56.3231788732781,341.9565770800298,167
3811.8,7,1099.9818701154934,4.199999999999999,56.4708895262966,340.95804110298013,167
3811.9,7,1099.9818701154934,4.199999999999999,56.48155076394032,340.88310345697505,167
3812.0,7,1099.9818701154934,4.199999999999999,56.60417959073597,340.2117441037906,167
3812.1,7,1099.9818701154934,4.199999999999999,56.60181143635941,340.2249101149648,167
3812.2,7,1099.9818701154934,4.199999999999999,56.52828392423852,340.6076536705332,167
3812.3,7,1099.9818701154934,4.199999999999999,56.53747333412761,340.5397391694549,167
3812.4,7,1099.9818701154934,4.199999999999999,56.533891219523056,340.5541866080474,167
3812.5,7,1099.9818701154934,4.199999999999999,56.54480166453315,340.47950435840903,167
3812.6,7,1099.9818701154934,4.199999999999999,56.54221934898409,340.4937679537557,167
3812.7,7,1099.9818701154934,4.199999999999999,56.531557337656764,340.55581457642006,167
3812.8,7,1099.9818701154934,4.199999999999999,56.537675850186105,340.50858511973263,167
3812.9,7,1099.9818701154934,4.199999999999999,56.53805781259657,340.50788998198277,167
3813.0,7,1099.9818701154934,4.199999999999999,56.5048869396328,340.73196115000746,167
3813.1,7,1099.9818701154934,4.199999999999999,56.5113228668401,340.6897630704588,167
3813.2,7,1099.9818701154934,4.199999999999999,56.51090755037458,340.6979770998292,167
3813.3,7,1099.9818701154934,4.199999999999999,56.52141862939728,340.6327651866096,167
3813.4,7,1099.9818701154934,4.199999999999999,56.53768762332858,340.5352598376443,167
3813.5,7,1099.9818701154934,4.199999999999999,56.55642098250395,340.4102607057578,167
3813.6,7,1099.9818701154934,4.199999999999999,56.57288097517501,340.3041839015034,167
3813.7,7,1099.9818701154934,4.199999999999999,56.57698224406664,340.28018251339927,167
3813.8,7,1099.9818701154934,4.199999999999999,56.577336774151036,340.273369188777,167
3813.9,7,1099.9818701154934,4.199999999999999,56.73073637946969,339.25548810259033,167
3814.0,7,1099.9818701154934,4.199999999999999,56.74524654160915,339.1609751544072,167
3814.1,7,1099.9818701154934,4.199999999999999,56.77001878230014,339.0104207357367,167
3814.2,7,1099.9818701154934,4.199999999999999,56.86275547305617,338.5012602462567,167
3814.3,7,1099.9818701154934,4.199999999999999,56.80898050216362,338.8649806760311,167
3814.4,7,1099.9818701154934,4.199999999999999,56.827395631591614,338.7447940858839,167
3814.5,7,1099.9340658736705,4.199999999999999,56.828282717970765,338.7408186981288,167
3814.6,7,1099.9340658736705,4.8999999999999995,56.849461417107605,338.6066576205118,167
3814.7,7,1099.9340658736705,4.8999999999999995,56.85372915045647,338.5909062608051,167
3814.8,7,1099.9340658736705,4.8999999999999995,56.87346459268113,338.46543992367367,167
3814.9,7,1099.9340658736705,4.8999999999999995,56.890192319439336,338.3639710212062,167
3815.0,7,1099.9340658736705,4.8999999999999995,56.911436849903446,338.22991077873314,167
3815.1,7,1099.9340658736705,4.8999999999999995,56.93704297887034,338.0764006088443,167
3815.2,7,1099.9340658736705,4.8999999999999995,56.96795228798454,337.8838935625321,167
3815.3,7,1099.9340658736705,4.8999999999999995,56.98069648940036,337.8098874994142,167
3815.4,7,1099.9340658736705,4.8999999999999995,57.00209417139173,337.67044774738923,167
3815.5,7,1099.9340658736705,4.199999999999999,56.91991424872559,338.20250478422633,167
3815.6,7,1099.9340658736705,4.199999999999999,57.00608839070946,337.7305078745874,167
3815.7,7,1099.9340658736705,4.199999999999999,56.894300696940014,338.31500606077617,167
3815.8,7,1099.9340658736705,4.199999999999999,56.88895054770288,338.34302712454513,167
3815.9,7,1100.3685495163518,4.199999999999999,56.895758538078184,338.29250521778863,168
3816.0,7,1100.3685495163518,-100.0,57.0456925752235,337.31227802468993,168
3816.1,7,1100.3685495163518,4.199999999999999,57.044221949147676,337.31163947163,168
3816.2,7,1100.3685495163518,4.199999999999999,57.048143079265344,337.27644883102573,168
3816.3,7,1100.3685495163518,4.199999999999999,57.047091165776905,337.2791507639514,168
3816.4,7,1100.3685495163518,4.199999999999999,57.04417697694015,337.2854448986371,168
3816.5,7,1100.3685495163518,4.199999999999999,56.960009107162314,337.8201210654198,168
3816.6,7,1100.3685495163518,4.199999999999999,56.964963546016676,337.7805090090245,168
3816.7,7,1100.3685495163518,4.199999999999999,56.842166908187004,338.44265139251706,168
3816.8,7,1100.4534952023948,4.199999999999999,56.82514490710575,338.45798203369907,168
3816.9,7,1100.4534952023948,4.8999999999999995,56.80673587384874,338.5651967059256,168
3817.0,7,1100.4534952023948,4.8999999999999995,56.79688813496704,338.6171759563592,168
3817.1,7,1100.4534952023948,4.8999999999999995,56.79573231106076,338.6126063658116,168
3817.2,7,1100.4534952023948,4.8999999999999995,56.78066419657253,338.6967863103621,168
3817.3,7,1100.4534952023948,4.8999999999999995,56.775931868708085,338.71968829031323,168
3817.4,7,1100.4534952023948,4.8999999999999995,56.76844851946333,338.75746311994715,168
3817.5,7,1100.4534952023948,4.8999999999999995,56.76678267381289,338.75444283421956,168
3817.6,7,1100.4534952023948,4.8999999999999995,56.770761279745784,338.7153719220083,168
3817.7,7,1100.4054905459948,4.8999999999999995,56.74791660083508,338.8462335993994,168
3817.8,7,1100.4054905459948,5.6,56.75841827013201,338.77050171955915,168
3817.9,7,1100.4054905459948,5.6,56.74788841595723,338.9109156680121,168
3818.0,7,1100.4054905459948,5.6,56.74637187702241,338.9112333815176,168
3818.1,7,1100.4054905459948,5.6,56.74236734201928,338.9286286732213,168
3818.2,7,1100.4054905459948,5.6,56.74417812145269,338.91282613175053,168
3818.3,7,1100.4054905459948,5.6,56.743814355905855,338.9048876813162,168
3818.4,7,1100.4054905459948,5.6,56.74559805982514,338.8907011720074,168
3818.5,7,1100.4054905459948,5.6,56.746872806610654,338.8814242512109,168
3818.6,7,1100.4054905459948,5.6,56.7072987786489,339.04382632112936,168
3818.7,7,1100.4054905459948,5.6,56.714552780586914,339.0000513521624,168
3818.8,7,1100.4054905459948,5.6,56.72232850853284,338.95328667283593,168
3818.9,7,1100.4054905459948,5.6,56.72781232658836,338.9192824199872,168
3819.0,7,1100.4054905459948,5.6,56.743447923710946,338.8209164384133,168
3819.1,7,1100.4054905459948,5.6,56.74541658381379,338.808273212935,168
3819.2,7,1100.4054905459948,5.6,56.76306665475503,338.6997682150553,168
3819.3,7,1100.4054905459948,5.6,56.76712767943087,338.6726683670369,168
3819.4,7,1100.4054905459948,5.6,56.78492434663782,338.56194017910553,168
3819.5,7,1100.4054905459948,5.6,56.64081505221243,339.4877546796407,168
3819.6,7,1100.4054905459948,5.6,56.645611883629215,339.45998003503223,168
3819.7,7,1100.4054905459948,5.6,56.508666956799715,340.21606859553657,168
3819.8,7,1100.4054905459948,4.8999999999999995,56.503027158117554,340.24346435295735,168
3819.9,7,1100.4054905459948,4.8999999999999995,56.498964523906615,340.26586662467514,168
3820.0,7,1100.4054905459948,4.8999999999999995,56.496501691261045,340.28059169780096,168
3820.1,7,1100.4054905459948,4.8999999999999995,56.527891157028776,340.10887001176417,168
3820.2,7,1100.4054905459948,4.8999999999999995,56.52486795413501,340.12275956229587,168
3820.3,7,1100.4054905459948,4.8999999999999995,56.529656962792636,340.09057372720645,168
3820.4,7,1100.4054905459948,4.8999999999999995,56.50649883945594,340.2296610626356,168
3820.5,7,1100.4054905459948,4.8999999999999995,56.508376886095974,340.2180797123999,168
3820.6,7,1100.4054905459948,4.8999999999999995,56.50212977765981,340.2550787359286,168
3820.7,7,1100.4054905459948,4.8999999999999995,56.49403963918205,340.30406232779166,168
3820.8,7,1100.4054905459948,4.8999999999999995,56.492259617202215,340.3111640209238,168
3820.9,7,1100.357388813503,4.8999999999999995,56.375152177904056,341.06662143375,168
3821.0,7,1100.357388813503,5.6,56.26951426424029,341.6569300222569,168
3821.1,7,1100.357388813503,5.6,56.276085111802075,341.6089693130118,168
3821.2,7,1100.357388813503,5.6,56.32332757442512,341.3008018212253,168
3821.3,7,1100.357388813503,5.6,56.32705390787325,341.27125526267577,168
3821.4,7,1100.357388813503,5.6,56.34296290691055,341.16721162827,168
3821.5,7,1100.357388813503,4.8999999999999995,56.35506999656414,341.0886744664411,168
3821.6,7,1100.357388813503,4.8999999999999995,56.359182659148075,341.0559302941229,168
3821.7,7,1100.357388813503,4.8999999999999995,56.358659100260176,341.0545197364268,168
3821.8,7,1100.357388813503,4.8999999999999995,56.36376859517884,341.01832244535615,168
3821.9,7,1100.357388813503,4.8999999999999995,56.25906822433268,341.69305926940933,168
3822.0,7,1100.357388813503,4.8999999999999995,56.24905609112488,341.75297718147704,168
3822.1,7,1100.357388813503,4.8999999999999995,56.2607998013097,341.6696887763428,168
3822.2,7,1100.357388813503,4.8999999999999995,56.254751806082616,341.7026620522374,168
3822.3,7,1100.357388813503,4.8999999999999995,56.26844536134789,341.61329845557464,168
3822.4,7,1100.357388813503,4.8999999999999995,56.258620205724185,341.66448513658145,168
3822.5,7,1100.357388813503,4.8999999999999995,56.26075202461649,341.6483308378923,168
3822.6,7,1100.357388813503,4.8999999999999995,56.26932435629543,341.5867126003178,168
3822.7,7,1100.357388813503,4.8999999999999995,56.33677988348011,341.1839117886432,168
3822.8,7,1100.357388813503,4.8999999999999995,56.398262675212514,340.78350874895517,168
3822.9,7,1100.357388813503,4.8999999999999995,56.41528967167048,340.6726886250806,168
3823.0,7,1100.357388813503,4.8999999999999995,56.3993390678137,340.7553700203822,168
3823.1,7,1100.357388813503,4.8999999999999995,56.40980560910121,340.68438647174077,168
3823.2,7,1100.357388813503,4.8999999999999995,56.42727853105929,340.5689981148205,168
3823.3,7,1100.357388813503,4.8999999999999995,56.440627232259274,340.48537815175894,168
3823.4,7,1100.357388813503,4.8999999999999995,56.45713254982577,340.37680038695254,168
3823.5,7,1100.357388813503,4.8999999999999995,56.35832017986918,340.93662014799474,168
3823.6,7,1100.357388813503,4.8999999999999995,56.36738270888016,340.8786344393731,168
3823.7,7,1100.357388813503,4.8999999999999995,56.38052986400619,340.795173174002,168
3823.8,7,1100.357388813503,4.8999999999999995,56.40207237257405,340.6583514729591,168
3823.9,7,1100.357388813503,4.199999999999999,56.403036326710506,340.647889605293,168
3824.0,7,1100.357388813503,4.199999999999999,56.405930575589196,340.625891990856,168
3824.1,7,1100.357388813503,4.199999999999999,56.42984881869183,340.4758244856133,168
3824.2,7,1100.357388813503,4.199999999999999,56.45040018733795,340.3428691633996,168
3824.3,7,1100.357388813503,4.199999999999999,56.474856627989396,340.1860355585849,168
3824.4,7,1100.357388813503,4.199999999999999,56.48698933468567,340.10750147362666,168
3824.5,7,1100.357388813503,4.199999999999999,56.513454819147086,339.9393634411938,168
3824.6,7,1100.357388813503,4.199999999999999,56.52545178689868,339.8593880568516,168
3824.7,7,1100.3093317404848,4.199999999999999,56.39812772596915,340.66324736557266,168
3824.8,7,1100.3093317404848,4.8999999999999995,56.302083487563706,341.20875578693915,168
3824.9,7,1100.3093317404848,4.8999999999999995,56.330667900453115,341.02840272141344,168
3825.0,7,1100.3093317404848,4.199999999999999,56.33659629560313,340.98831900352235,168
3825.1,7,1100.3093317404848,4.199999999999999,56.355465017369795,340.8674130054293,168
3825.2,7,1100.3093317404848,4.199999999999999,56.372990514080314,340.75516299963,168
3825.3,7,1100.3093317404848,4.199999999999999,56.395749253627635,340.60679359765356,168
3825.4,7,1100.3093317404848,4.199999999999999,56.398028014828526,340.5931764544388,168
3825.5,7,1100.3093317404848,4.199999999999999,56.401341000426314,340.570356714165,168
3825.6,7,1100.3093317404848,4.199999999999999,56.4114582536125,340.5083909676674,168
3825.7,7,1100.3093317404848,4.199999999999999,56.41318963293,340.4930342928996,168
3825.8,7,1100.3093317404848,4.199999999999999,56.41747946208537,340.4642221149937,168
3825.9,7,1100.3093317404848,4.199999999999999,56.428888696259946,340.3888150904478,168
3826.0,7,1100.3093317404848,4.199999999999999,56.44825076608453,340.268023412077,168
3826.1,7,1100.3093317404848,4.199999999999999,56.37796195048705,340.7050178202343,168
3826.2,7,1100.3093317404848,4.199999999999999,56.265838505724346,341.41530137185987,168
3826.3,7,1100.3093317404848,4.199999999999999,56.260215555371865,341.4444581052576,168
3826.4,7,1100.3093317404848,4.199999999999999,56.26317800740943,341.4264029680755,168
3826.5,7,1100.3093317404848,4.199999999999999,56.261957382598986,341.4303840262258,168
3826.6,7,1100.3093317404848,4.199999999999999,56.26563530982727,341.4056588522147,168
3826.7,7,1100.3093317404848,4.199999999999999,56.26054513297292,341.4330220574278,168
3826.8,7,1100.3093317404848,4.199999999999999,56.26125339477147,341.4283409856922,168
3826.9,8,1100.3979471791322,4.199999999999999,56.25289803716298,341.47763403384624,168
3827.0,8,1100.4119001399329,4.199999999999999,56.2472955008452,341.5113067476742,168
3827.1,8,1100.4129171618592,4.199999999999999,56.236225399508854,341.5774716730996,168
3827.2,8,1100.4129171618592,4.199999999999999,56.2196195797845,341.6804864883029,168
3827.3,8,1100.4129171618592,4.199999999999999,56.20463137489226,341.7724471970869,168
3827.4,8,1100.4129171618592,4.199999999999999,56.20110519475633,341.7934577798091,168
3827.5,8,1100.4129171618592,4.199999999999999,56.17928950896755,341.92619147362166,168
3827.6,8,1100.4129171618592,4.199999999999999,56.17103734461976,341.97609139975776,168
3827.7,8,1100.4129171618592,4.199999999999999,56.16626562886897,342.00372979781,168
3827.8,8,1100.4129171618592,4.199999999999999,56.15886938644859,342.0473251239696,168
3827.9,8,1100.4129171618592,4.199999999999999,56.14548112374429,342.1285023723574,168
3828.0,8,1100.4129171618592,4.199999999999999,56.16036824633237,342.0386520625488,168
3828.1,8,1100.4129171618592,4.199999999999999,56.161640709642214,342.0277757763839,168
3828.2,8,1100.4129171618592,4.199999999999999,56.14944721456297,342.10123234561337,168
3828.3,8,1100.4129171618592,4.199999999999999,56.03695967309892,342.76140073120337,168
3828.4,8,1100.4129171618592,4.199999999999999,56.03410923137541,342.7745130225662,168
3828.5,8,1100.4129171618592,4.199999999999999,56.02019142578344,342.86019876123163,168
3828.6,8,1100.4129171618592,4.199999999999999,56.01271522704978,342.90635607706633,168
3828.7,8,1100.4129171618592,4.199999999999999,56.00889381438084,342.92688489893567,168
3828.8,8,1100.4129171618592,4.199999999999999,55.9910648934479,343.03632508086946,168
3828.9,8,1100.4129171618592,4.199999999999999,55.988166097827076,343.0513156844392,168
3829.0,8,1100.4129171618592,4.199999999999999,55.96719843680359,343.17969294694626,168
3829.1,8,1100.4129171618592,4.199999999999999,55.97481057415278,343.1298523449172,168
3829.2,8,1100.4129171618592,4.199999999999999,55.971813421399524,343.1456387103161,168
3829.3,8,1100.4129171618592,4.199999999999999,55.996891779771786,342.9833116479708,168
3829.4,8,1100.4129171618592,4.199999999999999,55.87643647136612,343.7042710442661,168
3829.5,8,1100.4129171618592,4.199999999999999,55.86910377384476,343.74886885075375,168
3829.6,8,1100.4129171618592,4.199999999999999,55.85039345666462,343.86434950527564,168
3829.7,8,1100.3654631307993,4.199999999999999,55.83400609304309,343.9646822500846,168
3829.8,8,1100.3654631307993,4.199999999999999,55.83807512294739,343.936480529839,168
3829.9,8,1100.3654631307993,4.199999999999999,55.81910831017696,344.0564328084412,168
3830.0,8,1100.3654631307993,4.199999999999999,55.81367597362885,344.08827125339536,168
3830.1,9,1100.3654631307993,4.199999999999999,55.80238412193002,344.1571783661029,168
3830.2,8,1100.3654631307993,4.0,55.77900466344719,344.30409499204103,168
3830.3,8,1100.3654631307993,4.199999999999999,55.75878273692423,344.42890065765255,168
3830.4,8,1100.3654631307993,4.199999999999999,55.76798815426339,344.3677180682291,168
3830.5,8,1100.3654631307993,4.199999999999999,55.72244347856402,344.6546510812906,168
3830.6,8,1100.3654631307993,4.199999999999999,55.75110398468222,344.4790832937339,168
3830.7,8,1100.3654631307993,4.199999999999999,55.73687348292211,344.56851901387984,168
3830.8,8,1100.3654631307993,4.199999999999999,55.72479990638651,344.6415842666353,168
3830.9,8,1100.3654631307993,4.199999999999999,55.723176516481516,344.65141022898206,168
3831.0,8,1100.3654631307993,4.199999999999999,55.73152517479589,344.597967882003,168
3831.1,8,1100.3654631307993,4.199999999999999,55.71611384702551,344.69547589347087,168
3831.2,8,1100.3654631307993,4.199999999999999,55.723467339296576,344.6476518326625,168
3831.3,8,1100.3654631307993,4.199999999999999,55.70408396266095,344.76940678760076,168
3831.4,8,1100.3654631307993,4.199999999999999,55.692105581875936,344.8451239306352,168
3831.5,8,1100.3654631307993,4.199999999999999,55.67326612879269,344.96400742637655,168
3831.6,8,1100.3654631307993,4.199999999999999,55.65511881208162,345.07838258637685,168
3831.7,8,1100.3654631307993,4.199999999999999,55.643613268761456,345.14943434525037,168
3831.8,8,1100.3654631307993,4.199999999999999,55.69302255542978,344.8326502955894,168
3831.9,8,1100.7972137515803,4.199999999999999,55.691621725984525,344.8401595870597,169
3832.0,8,1100.7972137515803,-100.0,55.52247605354205,345.86119852845667,169
3832.1,8,1100.7972137515803,4.199999999999999,55.51304018937519,345.9184987510266,169
3832.2,8,1100.7972137515803,4.199999999999999,55.5079897059059,345.9516036498015,169
3832.3,8,1100.7972137515803,4.199999999999999,55.489270432516875,346.0674150714432,169
3832.4,8,1100.7491614943324,4.199999999999999,55.501011743753814,345.992867470913,169
3832.5,8,1100.7491614943324,4.199999999999999,55.4926241862312,346.04502987165705,169
3832.6,8,1100.7491614943324,4.199999999999999,55.477923178036,346.1374291489918,169
3832.7,8,1100.7491614943324,4.199999999999999,55.468338207813844,346.1975840326535,169
3832.8,8,1100.7491614943324,4.199999999999999,55.43489040061644,346.4408857800421,169
3832.9,8,1100.7491614943324,4.199999999999999,55.42906352941823,346.4769314425232,169
3833.0,8,1100.7491614943324,4.199999999999999,55.42618825879204,346.49324086581174,169
3833.1,8,1100.7491614943324,4.199999999999999,55.240956352759966,347.6237611184208,169
3833.2,8,1100.7491614943324,4.199999999999999,55.22684855813429,347.7108461444775,169
3833.3,8,1100.7491614943324,4.199999999999999,55.206211192444314,347.841603230036,169
3833.4,8,1100.7491614943324,4.199999999999999,55.19247760803549,347.9277074328336,169
3833.5,8,1100.7491614943324,4.199999999999999,55.17985940161496,348.00686820529165,169
3833.6,8,1100.7491614943324,4.199999999999999,55.178573638589555,348.0135380444933,169
3833.7,8,1100.7491614943324,4.199999999999999,55.17901356329786,348.00966813194407,169
3833.8,8,1100.7491614943324,4.199999999999999,55.14854856722651,348.20495410926,169
3833.9,8,1100.7491614943324,4.199999999999999,55.13752402422649,348.2751223416911,169
3834.0,8,1100.7491614943324,4.199999999999999,55.12330751473334,348.36499193686643,169
3834.1,8,1100.7491614943324,4.199999999999999,55.173551985402156,348.03930638870736,169
3834.2,8,1100.7491614943324,4.199999999999999,55.18192969175935,347.9838068477379,169
3834.3,8,1100.7491614943324,4.199999999999999,55.16921151664995,348.0645778103865,169
3834.4,8,1100.7491614943324,4.199999999999999,55.144606629379226,348.2212509354733,169
3834.5,8,1100.7491614943324,4.199999999999999,55.13374004552844,348.2882509324053,169
3834.6,8,1100.7491614943324,4.199999999999999,55.12329460973281,348.35468731415415,169
3834.7,8,1100.7491614943324,3.5,55.11141230652278,348.42764622072957,169
3834.8,8,1100.7491614943324,3.5,55.0910936371681,348.5562937273909,169
3834.9,8,1100.7491614943324,3.5,55.05180911321994,348.8064878646366,169
3835.0,8,1100.7491614943324,3.5,55.04801379154232,348.8294051109647,169
3835.1,8,1100.7491614943324,3.5,55.022739855586764,348.99027227531496,169
3835.2,8,1100.7491614943324,3.5,55.014762888903384,349.0399416255554,169
3835.3,8,1100.7491614943324,3.5,54.98234224591141,349.24690848848263,169
3835.4,8,1100.7491614943324,3.5,54.96555828179372,349.35280928205793,169
3835.5,8,1100.7491614943324,3.5,54.93108059635204,349.5740729077993,169
3835.6,11,1100.7491614943324,3.5,54.90666631973788,349.7298972908018,169
3835.7,11,1100.7491614943324,3.6,54.87956654502568,349.90428932650434,169
3835.8,11,1100.7491614943324,3.6,54.86502616077154,349.9968922418481,169
3835.9,11,1100.7491614943324,3.6,54.82506269349531,350.2538795732602,169
3836.0,11,1100.7491614943324,3.6,54.78768721866372,350.4947696755361,169
3836.1,8,1101.1335097002188,3.6,54.76646417108526,350.63029918450866,170
3836.2,8,1101.1335097002188,-100.0,54.74700001057019,350.75372608663173,170
3836.3,8,1101.1335097002188,4.199999999999999,54.72026435829223,350.92666257738694,170
3836.4,8,1101.1335097002188,4.199999999999999,54.714110041184,350.96361323162887,170
3836.5,8,1101.1335097002188,4.199999999999999,54.72232272041499,350.8740261100745,170
3836.6,11,1101.1335097002188,3.5,54.7028163485212,350.99881183786937,170
3836.7,11,1101.1335097002188,3.6,54.7727482171865,350.5554585461174,170
3836.8,11,1101.1335097002188,3.6,54.75655734212263,350.6591828254544,170
3836.9,11,1101.1335097002188,3.6,54.733739867048975,350.8043945137082,170
3837.0,11,1101.1335097002188,3.6,54.72630509752633,350.85102034343015,170
3837.1,11,1101.1335097002188,3.6,54.69310884946532,351.06501391867806,170
3837.2,7,1101.0972287283569,3.6,54.681770637438895,351.136278571337,170
3837.3,7,1101.0495862118682,4.199999999999999,54.670647300050064,351.20722705806475,170
3837.4,7,1101.0495862118682,4.199999999999999,54.648691670078136,351.3490449691537,170
3837.5,7,1101.0495862118682,4.199999999999999,54.642491264625384,351.3886566401507,170
3837.6,7,1101.0495862118682,4.199999999999999,54.62991595908773,351.469259288278,170
3837.7,7,1101.0495862118682,4.199999999999999,54.60228124467423,351.6487359816488,170
3837.8,7,1101.0495862118682,4.199999999999999,54.58450370932074,351.76284472478574,170
3837.9,7,1101.0495862118682,4.199999999999999,54.565633131943095,351.88547981701345,170
3838.0,11,1101.0495862118682,4.199999999999999,54.555437170195646,351.95062766374076,170
3838.1,11,1101.0495862118682,4.5,54.5242472008175,352.1522108436434,170
3838.2,11,1101.0495862118682,4.5,54.51563168717726,352.2076028287705,170
3838.3,11,1101.0495862118682,4.5,54.48680294746002,352.395385089765,170
3838.4,11,1101.0495862118682,4.5,54.47452306694721,352.47489796371184,170
3838.5,11,1101.0495862118682,4.5,54.43370102637341,352.75236649154,170
3838.6,11,1101.0495862118682,4.5,54.45254963963982,352.6161100692768,170
3838.7,7,1101.0495862118682,3.6,54.432745730118285,352.74500727287153,170
3838.8,7,1101.0495862118682,4.199999999999999,54.508818446446675,352.26143888993624,170
3838.9,7,1101.0495862118682,4.199999999999999,54.430313927073975,352.84721334518343,170
3839.0,8,1101.0024556219503,4.199999999999999,54.33650587406001,353.4759946562839,170
3839.1,8,1101.0024556219503,4.199999999999999,54.46050161848781,352.6422496457817,170
3839.2,8,1101.0024556219503,4.199999999999999,54.403724484668295,353.0007030418048,170
3839.3,8,1101.0024556219503,4.199999999999999,54.39062570588112,353.0870298460734,170
3839.4,8,1101.0024556219503,4.199999999999999,54.383671113304246,353.1342848435084,170
3839.5,8,1101.0024556219503,4.199999999999999,54.389371930015216,353.0970712643193,170
3839.6,8,1101.0024556219503,4.199999999999999,54.38678992311631,353.11386265467786,170
3839.7,8,1101.0024556219503,4.199999999999999,54.39960010372046,353.0297554497672,170
3839.8,8,1101.0024556219503,4.199999999999999,54.39013169920843,353.092878392111,170
3839.9,8,1101.0024556219503,4.199999999999999,54.40476268464267,352.99587745832827,170
3840.0,8,1101.0024556219503,4.199999999999999,54.41526186623497,352.92639149001116,170
3840.1,8,1101.0024556219503,4.199999999999999,54.42057628252543,352.8935921231351,170
3840.2,8,1101.0024556219503,4.199999999999999,54.42668237148902,352.8565485212447,170
3840.3,8,1101.0024556219503,4.199999999999999,54.4336663385459,352.8103507546085,170
3840.4,8,1101.0024556219503,4.199999999999999,54.42769715361628,352.85067796784637,170
3840.5,8,1101.0024556219503,4.199999999999999,54.36228074589254,353.29257075993127,170
3840.6,8,1101.0024556219503,4.199999999999999,54.373075495854366,353.2196311040001,170
3840.7,8,1101.0024556219503,4.199999999999999,54.352303760819204,353.3592610212258,170
3840.8,8,1101.0024556219503,4.199999999999999,54.36568483391922,353.2707225743974,170
3840.9,8,1101.0024556219503,4.199999999999999,54.35388210002579,353.35046594585526,170
3841.0,8,1101.0024556219503,4.199999999999999,54.353971516982696,353.3493178724592,170
3841.1,8,1101.0024556219503,4.199999999999999,54.36124371653527,353.302255802281,170
3841.2,8,1101.0024556219503,4.199999999999999,54.45458008192675,352.7216276527379,170
3841.3,8,1101.0024556219503,4.199999999999999,54.370676557696044,353.2445585235572,170
3841.4,8,1101.0024556219503,4.199999999999999,54.38368917812398,353.1600394778139,170
3841.5,8,1101.0024556219503,4.199999999999999,54.36470919027846,353.28911365928764,170
3841.6,8,1101.0024556219503,4.199999999999999,54.38476602966331,353.15659831791083,170
3841.7,8,1101.4331261508112,4.199999999999999,54.39118655844381,353.11681429267014,171
3841.8,7,1101.3859206801696,-100.0,54.39886519233835,353.06795419936043,171
3841.9,8,1101.3859206801696,4.199999999999999,54.38388488190972,353.1697889494927,171
3842.0,7,1101.3859206801696,4.199999999999999,54.38869513142613,353.13979029146213,171
3842.1,7,1101.3859206801696,4.199999999999999,54.393517610005745,353.1120193187868,171
3842.2,7,1101.3859206801696,4.199999999999999,54.40308648457476,353.0496586004332,171
3842.3,7,1101.3859206801696,4.199999999999999,54.402274297513756,353.060775781061,171
3842.4,8,1101.3383864059515,4.199999999999999,54.34988446142569,353.42012296818075,171
3842.5,8,1101.3383864059515,4.8999999999999995,54.36174218778454,353.34413132573195,171
3842.6,8,1101.3383864059515,4.8999999999999995,54.37429178337911,353.26553076279555,171
3842.7,8,1101.3383864059515,4.8999999999999995,54.53693369384888,352.17200429399134,171
3842.8,8,1101.3383864059515,4.8999999999999995,54.53217841415434,352.2071600243486,171
3842.9,8,1101.3383864059515,4.8999999999999995,54.53665920357717,352.18057070544967,171
3843.0,8,1101.3383864059515,4.8999999999999995,54.40886513877412,352.9756401625707,171
3843.1,8,1101.3383864059515,4.8999999999999995,54.41282625474783,352.95029361668537,171
3843.2,8,1101.3383864059515,4.8999999999999995,54.41058850534847,352.96541599037346,171
3843.3,8,1101.3383864059515,4.8999999999999995,54.342639253442705,353.4243064409203,171
3843.4,8,1101.3383864059515,4.8999999999999995,54.435722942417875,352.8421122497947,171
3843.5,8,1101.3383864059515,4.8999999999999995,54.45115782524528,352.73953342940774,171
3843.6,8,1101.3383864059515,4.8999999999999995,54.339308393342165,353.49432090173116,171
3843.7,8,1101.3383864059515,4.8999999999999995,54.332514038359534,353.54010436656245,171
3843.8,8,1101.3383864059515,4.8999999999999995,54.341621223628735,353.47723008523917,171
3843.9,8,1101.3383864059515,4.8999999999999995,54.3424184108721,353.47259138330037,171
3844.0,8,1101.3383864059515,4.8999999999999995,54.371476148473164,353.216002726988,171
3844.1,7,1101.3383864059515,4.199999999999999,54.26308592755798,353.90125884160807,171
3844.2,7,1101.3383864059515,4.8999999999999995,54.265009935111465,353.88879248147833,171
3844.3,7,1101.3383864059515,4.8999999999999995,54.28314786306008,353.7689993352061,171
3844.4,7,1101.3383864059515,4.8999999999999995,54.264760654400504,353.8916153258891,171
3844.5,7,1101.3383864059515,4.8999999999999995,54.265139215113436,353.88885918840106,171
3844.6,7,1101.3383864059515,4.8999999999999995,54.270143272919675,353.85432268121684,171
3844.7,7,1101.3383864059515,4.8999999999999995,54.25939689924142,353.92635543153517,171
3844.8,7,1101.3383864059515,4.199999999999999,54.267348217288934,353.873622484116,171
3844.9,7,1101.3383864059515,4.199999999999999,54.278555863813544,353.79805562634976,171
3845.0,7,1101.3383864059515,4.199999999999999,54.267594455122676,353.8726174520484,171
3845.1,7,1101.3383864059515,4.199999999999999,54.283062251054375,353.7691878212806,171
3845.2,7,1101.3383864059515,4.199999999999999,54.29044094336491,353.720067489744,171
3845.3,7,1101.3383864059515,4.199999999999999,54.290167369005516,353.7229940687869,171
3845.4,7,1101.29005400003,4.199999999999999,54.27818050758185,353.803678150005,171
3845.5,7,1101.29005400003,4.8999999999999995,54.289992420874924,353.7264160898612,171
3845.6,7,1101.29005400003,4.8999999999999995,54.28976097942716,353.73054956713884,171
3845.7,7,1101.29005400003,4.8999999999999995,54.2867368375837,353.74884225489296,171
3845.8,7,1101.29005400003,4.8999999999999995,54.28346509293444,353.7676792215012,171
3845.9,7,1101.29005400003,4.8999999999999995,54.25786958520178,353.93600303169467,171
3846.0,7,1101.29005400003,4.8999999999999995,54.253657473964864,353.96155639895477,171
3846.1,7,1101.29005400003,4.8999999999999995,54.38699361448421,353.1140842501258,171
3846.2,7,1101.29005400003,4.8999999999999995,54.35357272954495,353.33307621123714,171
3846.3,7,1101.29005400003,4.8999999999999995,54.344713458348,353.389833310569,171
3846.4,7,1101.29005400003,4.8999999999999995,54.32213271604806,353.5375708567316,171
3846.5,7,1101.29005400003,4.8999999999999995,54.30503071037294,353.64777123589,171
3846.6,7,1101.29005400003,4.8999999999999995,54.30460052338255,353.6491245868654,171
3846.7,7,1101.29005400003,4.8999999999999995,54.29573095655414,353.7064247153924,171
3846.8,7,1101.29005400003,4.8999999999999995,54.29041159654538,353.7390453734903,171
3846.9,7,1101.29005400003,4.8999999999999995,54.04559221734283,355.39555572232007,171
3847.0,7,1101.29005400003,4.8999999999999995,54.03615772323192,355.45497870083295,171
3847.1,7,1101.29005400003,4.8999999999999995,54.015797878498276,355.58800670752373,171
3847.2,7,1101.29005400003,4.8999999999999995,53.98666152860495,355.7806672828049,171
3847.3,7,1101.29005400003,4.8999999999999995,53.96928591031866,355.89145295470996,171
3847.4,7,1101.29005400003,4.8999999999999995,53.92151787892672,356.21043356716837,171
3847.5,7,1101.29005400003,4.8999999999999995,53.911593819428575,356.2751162633911,171
3847.6,7,1101.29005400003,4.8999999999999995,53.90052987701661,356.345838596754,171
3847.7,7,1101.29005400003,4.8999999999999995,53.723982624249615,357.48172299430365,171
3847.8,7,1101.29005400003,4.8999999999999995,53.71302343562465,357.551455002603,171
3847.9,7,1101.29005400003,4.8999999999999995,53.68224550449105,357.75800810685143,171
3848.0,7,1101.29005400003,4.8999999999999995,53.66998357704692,357.8344645789583,171
3848.1,7,1101.29005400003,4.8999999999999995,53.64771286258254,357.98325140010485,171
3848.2,7,1101.29005400003,4.8999999999999995,53.628259995216936,358.11117212348404,171
3848.3,7,1101.29005400003,4.8999999999999995,53.78765548587472,357.0926509163195,171
3848.4,7,1101.29005400003,4.8999999999999995,53.76523833115837,357.24054417750256,171
3848.5,7,1101.29005400003,4.8999999999999995,53.74485570249712,357.3708463212424,171
3848.6,7,1101.29005400003,4.199999999999999,53.705696759963004,357.6335743438859,171
3848.7,7,1101.29005400003,4.199999999999999,53.68108598799641,357.7932520426468,171
3848.8,7,1101.29005400003,4.199999999999999,53.65726544338747,357.94896706200893,171
3848.9,7,1101.29005400003,4.199999999999999,53.623534826459746,358.1729163658633,171
3849.0,7,1101.29005400003,4.199999999999999,53.593942972313236,358.36848307410787,171
3849.1,7,1101.29005400003,4.199999999999999,53.57050394722745,358.5219139712749,171
3849.2,7,1101.29005400003,4.199999999999999,53.549108937908144,358.6633136151422,171
3849.3,7,1101.29005400003,4.199999999999999,53.52002798073842,358.8575920212847,171
3849.4,7,1101.29005400003,4.199999999999999,53.34725915065249,359.9845563714716,171
3849.5,7,1101.29005400003,4.199999999999999,53.328985295405246,360.1049492210152,171
3849.6,8,1101.2736508892172,3.5,53.30508302093536,360.2669512280234,171
3849.7,8,1101.2736508892172,3.5,53.44633851086893,359.34568696512844,171
3849.8,7,1101.2257890137764,3.5,53.42748940528051,359.46839721498907,171
3849.9,7,1101.2257890137764,4.199999999999999,53.40320770187634,359.63193313941406,171
3850.0,7,1101.2257890137764,4.199999999999999,53.38578435394875,359.7478427717442,171
3850.1,7,1101.2257890137764,4.199999999999999,53.370298218756226,359.8485826479281,171
3850.2,7,1101.2257890137764,4.199999999999999,53.350586703644495,359.9802765160452,171
3850.3,7,1101.2257890137764,4.199999999999999,53.290415098095906,360.3951088311686,171
3850.4,7,1101.2257890137764,4.199999999999999,53.27514306736997,360.494603074686,171
3850.5,7,1101.2257890137764,4.199999999999999,53.27457796770371,360.4930217884361,171
3850.6,7,1101.2257890137764,4.199999999999999,53.24436174414937,360.69821612645114,171
3850.7,7,1101.2257890137764,4.199999999999999,53.231000985807995,360.7838485651956,171
3850.8,7,1101.2257890137764,4.199999999999999,53.19421120032283,361.0353978032621,171
3850.9,7,1101.2257890137764,4.199999999999999,52.995243438106016,362.43142055749377,171
3851.0,7,1101.2257890137764,4.199999999999999,53.0184974948821,362.21288638925915,171
3851.1,7,1101.2257890137764,4.8999999999999995,52.9965951249445,362.3625976097541,171
3851.2,7,1101.2257890137764,4.8999999999999995,52.96458195183857,362.5826192783153,171
3851.3,7,1101.2257890137764,4.8999999999999995,52.95118779537503,362.6686330966978,171
3851.4,7,1101.2257890137764,4.8999999999999995,52.94704763730346,362.69478628156315,171
3851.5,7,1101.2257890137764,4.8999999999999995,52.9152841196651,362.91034479841653,171
3851.6,7,1101.2257890137764,4.8999999999999995,52.91638213925215,362.90025475927996,171
3851.7,7,1101.2257890137764,4.8999999999999995,52.90249456111226,362.9927800892514,171
3851.8,7,1101.2257890137764,4.8999999999999995,52.888174017884914,363.0899771453169,171
3851.9,7,1101.2257890137764,4.8999999999999995,52.8736046695349,363.19036784614957,171
3852.0,7,1101.2257890137764,4.8999999999999995,52.885371123134014,363.10553819432573,171
3852.1,7,1101.2257890137764,4.8999999999999995,52.77521737822025,363.84855227838466,171
3852.2,7,1101.2257890137764,4.8999999999999995,52.757574206051,363.97185580831683,171
3852.3,7,1101.2257890137764,4.8999999999999995,52.75908121761378,363.95920424350066,171
3852.4,7,1101.2257890137764,4.8999999999999995,52.73964404502887,364.0931513988797,171
3852.5,7,1101.2257890137764,4.8999999999999995,52.734255617509056,364.12938106515264,171
3852.6,7,1101.2257890137764,4.8999999999999995,52.7268690765484,364.1802917445523,171
3852.7,7,1101.2257890137764,4.8999999999999995,52.71301971213066,364.2753581897731,171
3852.8,7,1101.2257890137764,4.8999999999999995,52.67205373656851,364.578972911394,171
3852.9,7,1101.2257890137764,4.8999999999999995,52.674842886881564,364.5569425246022,171
3853.0,7,1101.2257890137764,4.8999999999999995,52.64403844410087,364.773836299049,171
3853.1,7,1101.2257890137764,4.8999999999999995,52.63726767209828,364.8191910487159,171
3853.2,7,1101.2257890137764,4.8999999999999995,52.6202108056182,364.93391689755117,171
3853.3,7,1101.2257890137764,4.8999999999999995,52.59449553819925,365.1147519233289,171
3853.4,7,1101.2257890137764,4.8999999999999995,52.53630605087059,365.6107825524242,171
3853.5,7,1101.2257890137764,4.8999999999999995,52.5369039393693,365.60708552377355,171
3853.6,7,1101.2257890137764,4.8999999999999995,52.52305715894361,365.7104320676424,171
3853.7,7,1101.2257890137764,4.8999999999999995,52.529682212609146,365.66270010103887,171
3853.8,7,1101.2257890137764,4.8999999999999995,52.53316856385687,365.6383306717765,171
3853.9,7,1101.2257890137764,4.8999999999999995,52.52290558815456,365.7144039926772,171
3854.0,7,1101.2257890137764,4.8999999999999995,52.5295440472633,365.66654008311855,171
3854.1,7,1101.2257890137764,4.8999999999999995,52.52768069295354,365.68071890143545,171
3854.2,7,1101.2257890137764,4.8999999999999995,52.53928111790431,365.6006540862679,171
3854.3,7,1101.2257890137764,4.8999999999999995,52.536353312214715,365.6222296246269,171
3854.4,7,1101.2257890137764,4.8999999999999995,52.56812163453888,365.39472490334816,171
3854.5,7,1101.2257890137764,4.8999999999999995,52.56152695256769,365.44203836970496,171
3854.6,7,1101.2257890137764,4.8999999999999995,52.48229170499762,365.96853011423843,171
3854.7,7,1101.2257890137764,4.8999999999999995,52.51635980597742,365.7269302319734,171
3854.8,7,1101.2257890137764,4.199999999999999,52.53116009578811,365.62221855921064,171
3854.9,7,1101.2257890137764,4.199999999999999,52.55056656131464,365.48612495299517,171
3855.0,7,1101.2257890137764,4.199999999999999,52.561374945765024,365.413131872746,171
3855.1,7,1101.2257890137764,4.199999999999999,52.56082847378873,365.4183868326045,171
3855.2,7,1101.2257890137764,4.199999999999999,52.5766906312261,365.3080790188419,171
3855.3,7,1101.2257890137764,4.199999999999999,52.59253282716982,365.19755043038623,171
3855.4,7,1101.2257890137764,4.199999999999999,52.6039368919322,365.118901239258,171
3855.5,7,1101.1775825860211,4.199999999999999,52.61639123593319,365.0316635823983,171
3855.6,7,1101.1775825860211,4.8999999999999995,52.62010633492764,365.0100684324885,171
3855.7,7,1101.1775825860211,4.8999999999999995,52.67631992576601,364.60915072450075,171
3855.8,7,1101.1775825860211,4.8999999999999995,52.681166497958195,364.578835815914,171
3855.9,7,1101.1775825860211,4.8999999999999995,52.57874056619846,365.258959630219,171
3856.0,7,1101.1775825860211,4.8999999999999995,52.573326301963604,365.29996156056995,171
3856.1,7,1101.1775825860211,4.8999999999999995,52.62481579554755,364.9457458191496,171
3856.2,7,1101.1775825860211,4.8999999999999995,52.6407009094372,364.83838554544434,171
3856.3,7,1101.1775825860211,4.8999999999999995,52.65359164004981,364.7517184951558,171
3856.4,7,1101.1775825860211,4.8999999999999995,52.639832980820714,364.85322147015347,171
3856.5,7,1101.1775825860211,4.8999999999999995,52.66474943692906,364.68258275246365,171
3856.6,7,1101.1775825860211,4.8999999999999995,52.679214740079146,364.58124035210847,171
3856.7,7,1101.1775825860211,4.8999999999999995,52.69318060900209,364.4857400243634,171
3856.8,7,1101.1775825860211,4.8999999999999995,52.71264641442076,364.3511145452537,171
3856.9,7,1101.1775825860211,4.8999999999999995,52.73868374224331,364.17084724303015,171
3857.0,7,1101.1775825860211,4.8999999999999995,52.74842154873677,364.10718148843637,171
3857.1,7,1101.1775825860211,4.8999999999999995,52.77726878802425,363.90509708088376,171
3857.2,7,1101.1775825860211,4.8999999999999995,52.797603362944066,363.7659282404803,171
3857.3,7,1101.1775825860211,4.8999999999999995,52.816275498811926,363.6388953762343,171
3857.4,7,1101.1775825860211,4.8999999999999995,52.83404772641887,363.5196569515349,171
3857.5,7,1101.1775825860211,4.8999999999999995,52.85672338672562,363.3651919469726,171
3857.6,7,1101.1775825860211,4.8999999999999995,52.87684287084984,363.2276300447477,171
3857.7,7,1101.1775825860211,4.8999999999999995,52.89162967683757,363.128248670954,171
3857.8,7,1101.1775825860211,4.8999999999999995,52.91942341075102,362.9341601141256,171
3857.9,7,1101.1775825860211,4.8999999999999995,52.95233439396046,362.7062503359556,171
3858.0,7,1101.1775825860211,4.8999999999999995,52.97167860176427,362.57505066018973,171
3858.1,7,1101.1775825860211,4.8999999999999995,53.00366941489925,362.3546806426714,171
3858.2,7,1101.1775825860211,4.8999999999999995,52.95312196965243,362.7235052671924,171
3858.3,7,1101.1775825860211,4.8999999999999995,52.92936507186442,362.84091017687706,171
3858.4,7,1101.1775825860211,4.8999999999999995,52.945925427018665,362.72974843609984,171
3858.5,7,1101.1775825860211,4.8999999999999995,52.988328851242365,362.4358043812025,171
3858.6,7,1101.1775825860211,4.8999999999999995,53.01345322086507,362.26498904192886,171
3858.7,7,1101.1775825860211,4.8999999999999995,53.03961904549114,362.0867415509826,171
3858.8,7,1101.1775825860211,4.8999999999999995,53.12840641820497,361.4920179951716,171
3858.9,7,1101.1775825860211,4.8999999999999995,53.1642658393432,361.2456557486738,171
3859.0,7,1101.1775825860211,4.8999999999999995,53.1821248720047,361.1293112251608,171
3859.1,7,1101.1775825860211,4.8999999999999995,53.189108958692046,361.0868956942896,171
3859.2,7,1101.1775825860211,4.199999999999999,53.217191206308335,360.90004955699334,171
3859.3,7,1101.1775825860211,4.199999999999999,53.14179694370944,361.440551539876,171
3859.4,7,1101.1293849451247,4.199999999999999,53.14930367980779,361.39642169102206,171
3859.5,7,1101.1293849451247,4.8999999999999995,53.21423851792542,360.91223328145213,171
3859.6,7,1101.1293849451247,4.8999999999999995,53.23882308080165,360.74828295134967,171
3859.7,7,1101.1293849451247,4.8999999999999995,53.24679922085848,360.69826916485187,171
3859.8,7,1101.1293849451247,4.8999999999999995,53.28162786022925,360.46221511938796,171
3859.9,7,1101.1293849451247,4.8999999999999995,53.298787051408354,360.3501412920025,171
3860.0,7,1101.1293849451247,4.8999999999999995,53.33022560949226,360.13847215672695,171
3860.1,7,1101.1293849451247,4.8999999999999995,53.357276596343674,359.95801370305054,171
3860.2,7,1101.1293849451247,4.8999999999999995,53.39446804312702,359.6697047131537,171
3860.3,7,1101.1293849451247,4.199999999999999,53.410754195309735,359.5650529380626,171
3860.4,7,1101.1293849451247,4.199999999999999,53.44719554545847,359.32137846759844,171
3860.5,7,1101.1293849451247,4.199999999999999,53.47321324843584,359.1491413181668,171
3860.6,7,1101.1293849451247,4.199999999999999,53.50891214396278,358.9129184526363,171
3860.7,7,1101.1293849451247,4.199999999999999,53.536369234061034,358.72989883808617,171
3860.8,7,1101.1293849451247,4.199999999999999,53.62883035533571,358.1004042603238,171
3860.9,7,1101.1293849451247,4.199999999999999,53.668669555318566,357.8356642212975,171
3861.0,7,1101.1293849451247,4.199999999999999,53.68095210548894,357.75888094286984,171
3861.1,7,1101.1293849451247,4.199999999999999,53.7056216947781,357.5975000284465,171
3861.2,7,1101.1293849451247,4.199999999999999,53.732905401054964,357.4164695397641,171
3861.3,7,1101.1293849451247,4.199999999999999,53.69853455187725,357.641206450294,171
3861.4,7,1101.1293849451247,4.199999999999999,53.72649845050651,357.46794434330616,171
3861.5,7,1101.1293849451247,4.199999999999999,53.770577857707096,357.1770839826801,171
3861.6,7,1101.1293849451247,4.199999999999999,53.80881912043428,356.92611873098053,171
3861.7,7,1101.1293849451247,4.199999999999999,53.711976713743894,357.6074317501783,171
3861.8,7,1101.1293849451247,4.199999999999999,53.74525036690842,357.39016984544634,171
3861.9,10,1101.1293849451247,3.5,53.77026148302956,357.2284342486068,171
3862.0,10,1101.1293849451247,4.0,53.79568014922896,357.06481869706647,171
3862.1,10,1101.1293849451247,4.0,53.814086472654054,356.94425438003645,171
3862.2,10,1101.1293849451247,4.0,53.83941209248989,356.7769353023307,171
3862.3,11,1101.1293849451247,4.0,53.84529250778416,356.7450586575868,171
3862.4,11,1101.1293849451247,3.6,53.86429281521595,356.61937956988993,171
3862.5,11,1101.1293849451247,3.6,53.87404619105752,356.555502718248,171
3862.6,11,1101.1293849451247,3.6,53.89250993619863,356.4353934121185,171
3862.7,11,1101.1293849451247,3.6,53.91049918709381,356.31951414560206,171
3862.8,11,1101.1293849451247,3.6,53.94265198416356,356.103180052604,171
3862.9,11,1101.1293849451247,3.6,53.94035318575154,356.1243054801721,171
3863.0,11,1101.1293849451247,3.6,53.81008577147501,357.0342258178762,171
3863.1,11,1101.1293849451247,3.6,53.824521480959376,356.9361102145407,171
3863.2,11,1101.1293849451247,3.6,53.681094424712406,357.8405796915196,171
3863.3,10,1101.1293849451247,3.6,53.67517070128406,357.88711409518,171
3863.4,10,1101.1293849451247,4.0,53.68770225540899,357.803927027874,171
3863.5,10,1101.1293849451247,4.0,53.69579943499075,357.75025284716855,171
3863.6,10,1101.1293849451247,4.0,53.84992859350704,356.7356038421525,171
3863.7,10,1101.1293849451247,4.0,53.85744804552707,356.6842942413659,171
3863.8,10,1101.1293849451247,4.0,53.87971741818539,356.5375218130824,171
3863.9,10,1101.1293849451247,4.0,53.87619210719899,356.5638654436634,171
3864.0,10,1101.1293849451247,4.0,53.82172419611781,356.94483072568175,171
3864.1,7,1101.1293849451247,3.2,53.831432809142065,356.87875876080557,171
3864.2,7,1101.1293849451247,3.5,53.83713104206798,356.838105058053,171
3864.3,7,1101.1293849451247,3.5,53.82830574233451,356.90035014691273,171
3864.4,7,1101.1293849451247,3.5,53.82841781657166,356.89785966397,171
3864.5,7,1101.1293849451247,3.5,53.82548467184326,356.9189193965948,171
3864.6,7,1101.1293849451247,3.5,53.81253669825726,357.0072259129676,171
3864.7,7,1101.1293849451247,3.5,53.819392345504156,356.9615731616159,171
3864.8,7,1101.1293849451247,3.5,53.67414912917843,357.887513961694,171
3864.9,7,1101.1293849451247,3.5,53.68672453802165,357.79998669317496,171
3865.0,7,1101.1293849451247,3.5,53.68338582148309,357.8216380834526,171
3865.1,7,1101.1293849451247,3.5,53.69986196107551,357.7093289537131,171
3865.2,7,1101.1293849451247,3.5,53.68854034941171,357.78827492219756,171
3865.3,7,1101.1293849451247,3.5,53.69248125608424,357.76007723501596,171
3865.4,7,1101.0816873950394,3.5,53.62952439169293,358.20098652787783,171
3865.5,7,1101.0816873950394,4.199999999999999,53.59636267451066,358.4308594802019,171
3865.6,7,1101.0816873950394,4.199999999999999,53.604747052933845,358.37272823564797,171
3865.7,7,1101.0816873950394,4.199999999999999,53.60270332370382,358.38837098699423,171
3865.8,7,1101.0816873950394,4.199999999999999,53.600588665337824,358.4018426180037,171
3865.9,7,1101.0816873950394,4.199999999999999,53.608845523389334,358.3442975503696,171
3866.0,7,1101.0816873950394,4.199999999999999,53.68330043747491,357.8780323465297,171
3866.1,7,1101.0816873950394,4.199999999999999,53.69223822442589,357.8149512137861,171
3866.2,7,1101.0816873950394,4.199999999999999,53.68659600995855,357.8490377387906,171
3866.3,7,1101.0816873950394,4.199999999999999,53.69589394631887,357.78713874475903,171
3866.4,7,1101.0816873950394,4.199999999999999,53.69359661300762,357.8032205739721,171
3866.5,7,1101.0816873950394,4.199999999999999,53.739227155930806,357.48575096057266,171
3866.6,7,1101.0816873950394,4.199999999999999,53.760917885762396,357.33646093659195,171
3866.7,7,1101.0816873950394,4.199999999999999,53.76007166706371,357.34121888001977,171
3866.8,7,1101.0816873950394,4.199999999999999,53.74031106965559,357.47794120568005,171
3866.9,7,1101.0816873950394,3.5,53.746350295634116,357.4334574005462,171
3867.0,7,1101.0816873950394,3.5,53.75193444608408,357.3981716088971,171
3867.1,7,1101.0816873950394,3.5,53.74200408419546,357.4653704860033,171
3867.2,7,1101.0816873950394,3.5,53.74382894877564,357.45397343844394,171
3867.3,7,1101.0816873950394,3.5,53.74017594002552,357.480063200706,171
3867.4,7,1101.0816873950394,3.5,53.688683535097,357.79149686726396,171
3867.5,7,1101.0816873950394,3.5,53.5870969639562,358.49999935784285,171
3867.6,7,1101.0816873950394,3.5,53.58441932361819,358.51862829293157,171
3867.7,7,1101.0816873950394,3.5,53.58587103704056,358.5079996819379,171
3867.8,7,1101.0816873950394,3.5,53.58582310192621,358.51027855096584,171
3867.9,5,1100.2900835585174,3.5,53.56980107809582,358.62353725896077,171
3868.0,5,1099.9476117499555,4.5,53.561549351926345,358.681101827604,171
3868.1,5,1099.9476117499555,4.5,53.57311389009641,358.5962030604726,171
3868.2,7,1099.9476117499555,4.0,53.57670319272761,358.57179693253306,171
3868.3,7,1099.9476117499555,4.199999999999999,53.61786077824986,358.30663450575946,171
3868.4,7,1099.9476117499555,4.199999999999999,53.49344491721257,359.113710832621,171
3868.5,7,1099.9476117499555,4.199999999999999,53.496882920277955,359.0887334362192,171
3868.6,7,1099.9476117499555,4.199999999999999,53.51141601795652,358.9861912789456,171
3868.7,7,1099.9476117499555,4.199999999999999,53.48627978256843,359.15703827053426,171
3868.8,7,1099.9476117499555,4.199999999999999,53.474594887768994,359.23367082291463,171
3868.9,7,1099.9476117499555,4.199999999999999,53.46110960487172,359.3249986509593,171
3869.0,7,1099.9476117499555,4.199999999999999,53.472791716758046,359.2375322990216,171
3869.1,7,1099.9476117499555,4.199999999999999,53.45667924568117,359.3484347191781,171
3869.2,7,1099.9476117499555,4.199999999999999,53.31804849447636,360.3207131086572,171
3869.3,7,1099.9476117499555,4.199999999999999,53.32883225342476,360.24114501455534,171
3869.4,7,1099.9476117499555,4.199999999999999,53.3210561358037,360.28996387545203,171
3869.5,5,1099.7354645119372,4.199999999999999,53.3028544812216,360.41210519641805,171
3869.6,5,1099.7354645119372,4.5,53.2990806511187,360.4309788229731,171
3869.7,5,1099.7354645119372,4.5,53.29547815270484,360.45234360451104,171
3869.8,5,1099.7354645119372,4.5,53.30269640582861,360.3983305036313,171
3869.9,5,1099.7354645119372,4.5,53.15084180865297,361.3859374854586,171
3870.0,5,1099.7354645119372,4.5,53.12546334343249,361.55947795187126,171
3870.1,5,1099.7354645119372,4.5,53.237440534655605,360.76124018303074,171
3870.2,5,1099.7354645119372,4.5,53.24978603870558,360.66901770544143,171
3870.3,5,1099.7354645119372,4.5,53.23636005680396,360.7584656614639,171
3870.4,5,1099.7354645119372,4.5,53.223463383790744,360.84237551958006,171
3870.5,5,1099.7354645119372,4.5,53.215876201794146,360.8873042624821,171
3870.6,5,1099.7354645119372,4.5,53.20318108192554,360.9697225040628,171
3870.7,5,1099.7354645119372,4.5,53.2554571034033,360.6187320711243,171
3870.8,5,1099.7354645119372,4.5,53.23095043344192,360.7821989898798,171
3870.9,5,1099.7354645119372,4.5,53.21092716723656,360.91304317675076,171
3871.0,5,1099.7354645119372,4.5,53.18298731873898,361.1038241232676,171
3871.1,5,1099.7354645119372,4.5,53.17290202076504,361.16671444961,171
3871.2,5,1099.7354645119372,4.5,53.174351862818945,361.1496094210663,171
3871.3,5,1099.7354645119372,4.5,53.15798829570886,361.25642292323494,171
3871.4,5,1099.7354645119372,4.5,53.01455302374933,362.2078942457091,171
3871.5,5,1099.7354645119372,4.5,53.00713633942358,362.25438636362344,171
3871.6,5,1099.7354645119372,4.5,52.98217122797679,362.4229675463481,171
3871.7,5,1099.7354645119372,4.5,52.95342157595122,362.6178060258488,171
3871.8,5,1099.7354645119372,4.5,52.924974451744774,362.8104306588761,171
3871.9,8,1099.8709269610913,4.5,52.90795099147225,362.92414321284775,171
3872.0,8,1099.958926021312,3.5,52.875170246816694,363.1487276981808,171
3872.1,8,1099.9688216812342,3.5,52.866372720478566,363.20469425005655,171
3872.2,8,1099.9688216812342,3.5,52.84568991921479,363.34415461170073,171
3872.3,8,1099.9688216812342,3.5,52.82749539646274,363.4671277565165,171
3872.4,8,1099.9688216812342,3.5,52.78673743595799,363.7466934666564,171
3872.5,12,1099.9688216812342,2.8,52.77999875766058,363.79048533583807,171
3872.6,12,1099.9688216812342,4.5,52.81803771362347,363.5223500109537,171
3872.7,12,1099.9688216812342,4.5,52.794587152330784,363.6835940479017,171
3872.8,12,1099.9688216812342,4.5,52.77641602053696,363.8078731571739,171
3872.9,12,1099.9688216812342,4.5,52.79696455987647,363.66716907214413,171
3873.0,12,1099.9688216812342,4.5,52.59914347046546,365.0273266143002,171
3873.1,12,1099.9688216812342,4.5,52.600604699036296,365.0161598740965,171
3873.2,12,1099.9688216812342,4.5,52.565731878443366,365.2581431987361,171
3873.3,12,1099.9688216812342,4.5,52.543990104091215,365.4087951455516,171
3873.4,12,1099.9688216812342,4.5,52.5217429355414,365.5631970868419,171
3873.5,5,1099.7629119415158,3.6,52.50132295635058,365.7052507476873,171
3873.6,5,1099.7629119415158,4.5,52.49273119096409,365.7649418037452,171
3873.7,5,1099.7629119415158,4.5,52.34312250652987,366.81275631536914,171
3873.8,5,1099.7629119415158,4.5,52.33000176797121,366.9042373630193,171
3873.9,5,1099.7629119415158,4.5,52.31396058036893,367.01614164536704,171
3874.0,5,1099.7629119415158,4.5,52.291853931809655,367.1709778485297,171
3874.1,5,1099.7629119415158,4.5,52.290981792206566,367.1763501179254,171
3874.2,5,1099.7629119415158,4.5,52.291733156111576,367.17084962223703,171
3874.3,5,1099.7629119415158,4.5,52.265092698291596,367.3580033758529,171
3874.4,5,1099.7629119415158,4.5,52.0480487229125,368.89821186327663,171
3874.5,5,1099.7629119415158,4.5,52.039720825728594,368.9555889206764,171
3874.6,5,1099.7629119415158,4.5,51.878901697507715,370.10989485836757,171
3874.7,5,1099.7629119415158,4.5,51.87038121060325,370.16859510158395,171
3874.8,12,1099.7629119415158,4.5,51.85070076727427,370.3090470647446,171
3874.9,12,1099.7629119415158,4.5,51.83336439324164,370.43198334412176,171
3875.0,12,1099.7629119415158,4.5,51.84836786350779,370.31193138697125,171
3875.1,12,1099.7629119415158,4.5,51.85842282857294,370.2395282212159,171
3875.2,7,1099.7629119415158,3.6,51.91166680428855,369.8603353552878,171
3875.3,7,1099.7629119415158,4.199999999999999,51.9128207578258,369.8518466463362,171
3875.4,7,1099.7629119415158,4.199999999999999,51.91202853146734,369.85749035384015,171
3875.5,7,1099.7629119415158,4.199999999999999,51.88990778762656,370.01573454799416,171
3875.6,7,1099.7629119415158,4.199999999999999,51.90464507827908,369.9103102833686,171
3875.7,7,1099.7629119415158,4.199999999999999,51.95701420920894,369.54397125851676,171
3875.8,7,1099.7629119415158,4.199999999999999,51.97051971748736,369.4484600279858,171
3875.9,7,1099.7629119415158,4.199999999999999,51.893886845065865,370.00345411532027,171
3876.0,7,1099.7629119415158,4.199999999999999,51.91305184902874,369.86569792780904,171
3876.1,7,1099.7629119415158,4.199999999999999,51.952486976506506,369.5820197656941,171
3876.2,7,1099.7629119415158,4.199999999999999,51.955649109642025,369.5599054197403,171
3876.3,7,1099.7629119415158,4.199999999999999,51.981225828552816,369.3770523784455,171
3876.4,7,1099.7629119415158,4.199999999999999,51.753291636713165,371.03062292019456,171
3876.5,7,1099.7629119415158,4.199999999999999,51.77225345605085,370.89592122018496,171
3876.6,7,1099.7629119415158,4.199999999999999,51.796684167575926,370.72155844669635,171
3876.7,7,1099.7629119415158,4.199999999999999,51.814288841848665,370.59757967898054,171
3876.8,7,1099.7629119415158,4.199999999999999,51.845428226678614,370.3755820474194,171
3876.9,7,1099.7629119415158,4.199999999999999,51.85319102151185,370.3224817227201,171
3877.0,7,1099.7629119415158,4.199999999999999,51.86074355486485,370.27008049218705,171
3877.1,7,1099.7629119415158,4.199999999999999,51.87216001581741,370.1901244468357,171
3877.2,7,1099.7629119415158,4.199999999999999,51.88230463828468,370.1182943900356,171
3877.3,7,1099.7629119415158,4.199999999999999,51.89057282533364,370.06465413776226,171
3877.4,7,1099.7629119415158,4.199999999999999,51.71042398123572,371.3946735409264,171
3877.5,7,1099.7629119415158,4.199999999999999,51.743979823043816,371.1635740047701,171
3877.6,7,1099.7629119415158,4.199999999999999,51.74666246370023,371.14993442359963,171
3877.7,7,1099.7629119415158,4.199999999999999,51.72396378943269,371.3368502541201,171
3877.8,7,1099.7629119415158,4.199999999999999,51.73721463238037,371.24252848368474,171
3877.9,7,1099.7629119415158,4.199999999999999,51.73393407039816,371.26881498196883,171
3878.0,7,1099.7629119415158,4.199999999999999,51.76526468700359,371.0401353033057,171
3878.1,7,1099.7629119415158,4.199999999999999,51.744243585583305,371.198973765554,171
3878.2,7,1099.7629119415158,4.199999999999999,51.76032050684093,371.0826984118703,171
3878.3,7,1099.7629119415158,4.199999999999999,51.61530722928395,372.0902533761553,171
3878.4,7,1099.7629119415158,4.199999999999999,51.619977978457854,372.06033739677684,171
3878.5,7,1099.7629119415158,4.199999999999999,51.60194815763349,372.19958322655003,171
3878.6,7,1099.7629119415158,4.199999999999999,51.60177041234467,372.2049881671684,171
3878.7,7,1099.7629119415158,4.199999999999999,51.618597775143954,372.0860589673307,171
3878.8,7,1099.7629119415158,4.199999999999999,51.6404678777059,371.92906572495605,171
3878.9,7,1099.7629119415158,4.199999999999999,51.62611837492335,372.04024425724583,171
3879.0,7,1099.7629119415158,4.199999999999999,51.652346979756956,371.8514254657741,171
3879.1,7,1099.7629119415158,4.199999999999999,51.670208935838446,371.72789039265314,171
3879.2,7,1099.7629119415158,4.199999999999999,51.704502247940525,371.4794725239854,171
3879.3,7,1099.7629119415158,4.8999999999999995,51.5542216151552,372.53329103212695,171
3879.4,7,1099.7629119415158,4.8999999999999995,51.566562151394564,372.4471052140465,171
3879.5,7,1099.7629119415158,4.8999999999999995,51.57210539547604,372.4124483653527,171
3879.6,7,1099.7629119415158,4.8999999999999995,51.59593973000791,372.24102108648174,171
3879.7,7,1099.7629119415158,4.199999999999999,51.59510634693605,372.25460369494715,171
3879.8,7,1099.7629119415158,4.199999999999999,51.62725044557747,371.9907620576778,171
3879.9,7,1099.7629119415158,4.199999999999999,51.68472525165757,371.5399350687198,171
3880.0,7,1099.7629119415158,4.199999999999999,51.71518504634021,371.3212846240159,171
3880.1,7,1099.7629119415158,4.199999999999999,51.71613523124648,371.31665786061615,171
3880.2,7,1099.7629119415158,4.199999999999999,51.73423590546407,371.1885835482095,171
3880.3,7,1099.7629119415158,4.199999999999999,51.56847382983146,372.35916664658674,171
3880.4,7,1099.7629119415158,4.199999999999999,51.58465635269874,372.244789193043,171
3880.5,7,1099.7629119415158,4.199999999999999,51.573611547377354,372.33111189503575,171
3880.6,7,1099.7629119415158,4.199999999999999,51.484328311008454,373.00834125418413,171
3880.7,7,1099.7629119415158,4.199999999999999,51.52373239761087,372.7252596164582,171
3880.8,7,1099.7629119415158,4.199999999999999,51.55365630433218,372.5128383534493,171
3880.9,7,1099.7629119415158,4.199999999999999,51.58408407612255,372.2938930190598,171
3881.0,7,1099.7629119415158,4.199999999999999,51.59162651188277,372.2466585276617,171
3881.1,7,1099.7629119415158,4.199999999999999,51.61705623992664,372.06729175456877,171
3881.2,7,1099.7629119415158,4.199999999999999,51.660717464338305,371.751232226953,171
3881.3,7,1099.7629119415158,4.199999999999999,51.66098354902621,371.7606435216161,171
3881.4,7,1099.7629119415158,4.199999999999999,51.49986577636288,372.8930116729395,171
3881.5,7,1099.7629119415158,4.199999999999999,51.517416787693826,372.77158066122115,171
3881.6,7,1099.7629119415158,4.199999999999999,51.4030800957396,373.64115471400055,171
3881.7,5,1099.5513141637032,3.5,51.43272489779569,373.42800208497124,171
3881.8,5,1099.5513141637032,4.5,51.42733240326798,373.48015859507274,171
3881.9,5,1099.5513141637032,4.5,51.46261630027819,373.2258920128405,171
3882.0,5,1099.5513141637032,4.5,51.49510372025854,372.99157808361537,171
3882.1,5,1099.5513141637032,4.5,51.518079575518286,372.8282173770057,171
3882.2,5,1099.5513141637032,4.5,51.53223377212325,372.7325757887966,171
3882.3,5,1099.5513141637032,4.5,51.56109513108956,372.52460407910365,171
3882.4,5,1099.5513141637032,4.5,51.5949909291749,372.2818632388062,171
3882.5,5,1099.5513141637032,4.5,51.61145365955953,372.1684052497337,171
3882.6,5,1099.5513141637032,4.5,51.63965351388507,371.96829593627876,171
3882.7,5,1099.5513141637032,4.5,51.638207464254236,371.98595395176017,171
3882.8,5,1099.5513141637032,4.5,51.670709088144136,371.7475022832102,171
3882.9,5,1099.5513141637032,4.5,51.694141728016874,371.58317392516824,171
3883.0,5,1099.5513141637032,4.5,51.725969739809884,371.3543633182763,171
3883.1,5,1099.5513141637032,4.5,51.54487476054574,372.6106330039929,171
3883.2,5,1099.5513141637032,4.5,51.57892331665508,372.36604275639684,171
3883.3,5,1099.5513141637032,4.5,51.60849662633581,372.150111489622,171
3883.4,7,1099.5513141637032,4.0,51.62814244183717,372.01308560161044,171
3883.5,7,1099.5513141637032,4.199999999999999,51.65699550201856,371.8021415541143,171
3883.6,7,1099.5513141637032,4.199999999999999,51.68930438002158,371.56641597335545,171
3883.7,7,1099.5513141637032,4.199999999999999,51.52638794675499,372.79296345389645,171
3883.8,7,1099.5513141637032,4.199999999999999,51.5398499891474,372.69650845761987,171
3883.9,7,1099.5513141637032,4.199999999999999,51.55234308874829,372.60439639443683,171
3884.0,7,1099.5513141637032,4.199999999999999,51.5774809045235,372.4196908371514,171
3884.1,7,1099.5513141637032,4.199999999999999,51.59603788659017,372.28410886991907,171
3884.2,7,1099.5513141637032,4.199999999999999,51.59600145860189,372.28698185389214,171
3884.3,7,1099.5513141637032,4.199999999999999,51.612462276702985,372.16852657596695,171
3884.4,7,1099.5513141637032,4.199999999999999,51.48153128927395,373.0901025360396,171
3884.5,7,1099.5513141637032,4.199999999999999,51.48365609544493,373.0763904614769,171
3884.6,7,1099.5513141637032,4.199999999999999,51.5193585147279,372.81097144866396,171
3884.7,7,1099.5513141637032,3.5,51.51425112241026,372.8532286421354,171
3884.8,7,1099.5513141637032,3.5,51.57242868361465,372.3666470088378,171
3884.9,7,1099.5513141637032,3.5,51.38092471522939,373.8006733194884,171
3885.0,7,1099.5513141637032,3.5,51.378118743194094,373.8259619576475,171
3885.1,7,1099.5513141637032,3.5,51.39154980746014,373.7263223937803,171
3885.2,7,1099.5513141637032,3.5,51.4224390779804,373.49599913678935,171
3885.3,7,1099.5513141637032,3.5,51.44106564520181,373.3585852446681,171
3885.4,7,1099.5513141637032,4.199999999999999,51.45967872536491,373.2199597220592,171
3885.5,7,1099.5513141637032,4.199999999999999,51.443741964526765,373.33967609381943,171
3885.6,7,1099.5513141637032,4.199999999999999,51.47148581328466,373.1363153279322,171
3885.7,7,1099.5513141637032,4.199999999999999,51.489229315730014,373.00750836291155,171
3885.8,7,1099.5513141637032,4.199999999999999,51.493156514575105,372.97961725278833,171
3885.9,7,1099.5513141637032,4.199999999999999,51.51104472370878,372.8478096184749,171
3886.0,7,1099.5513141637032,4.199999999999999,51.52324838761561,372.756324153337,171
3886.1,7,1099.5513141637032,4.199999999999999,51.565372347650715,372.4454851878032,171
3886.2,11,1099.5513141637032,3.5,51.56985862784217,372.41421298830323,171
3886.3,11,1099.5513141637032,3.6,51.58261218991517,372.3226303527633,171
3886.4,11,1099.5513141637032,3.6,51.58945103130789,372.2719404975056,171
3886.5,7,1099.5513141637032,3.6,51.607821273595064,372.13471555206655,171
3886.6,7,1099.5513141637032,3.5,51.62551823767457,372.00502171810086,171
3886.7,7,1099.5513141637032,3.5,51.63952155176294,371.9030295545052,171
3886.8,7,1099.5513141637032,3.5,51.65538324487528,371.7830490350336,171
3886.9,7,1099.5513141637032,3.5,51.67904412686009,371.6056328313594,171
3887.0,7,1099.5513141637032,3.5,51.69653459079433,371.47896085923617,171
3887.1,7,1099.5513141637032,3.5,51.712919863293095,371.35739887292925,171
3887.2,7,1099.5513141637032,3.5,51.74067501087926,371.15345671394346,171
3887.3,7,1099.5513141637032,3.5,51.77055589426666,370.93218001259777,171
3887.4,7,1099.5513141637032,3.5,51.78744613582107,370.80861133946485,171
3887.5,7,1099.5513141637032,3.5,51.53539934140701,372.6809455525098,171
3887.6,7,1099.5513141637032,3.5,51.53536970260503,372.6847618111233,171
3887.7,7,1099.5513141637032,3.5,51.56144559331429,372.4904006759313,171
3887.8,7,1099.5513141637032,3.5,51.58718262108137,372.2996651219987,171
3887.9,11,1099.5513141637032,3.5,51.56614572777058,372.45817295905994,171
3888.0,11,1099.5513141637032,3.6,51.57672038479547,372.3790423458221,171
3888.1,7,1099.5513141637032,3.6,51.58840472437157,372.29121326210463,171
3888.2,7,1099.5513141637032,3.5,51.59235901519229,372.2619298820418,171
3888.3,7,1099.5513141637032,3.5,51.587438315223025,372.29680579384035,171
3888.4,7,1099.5513141637032,3.5,51.593639619862955,372.2521009097744,171
3888.5,7,1099.5513141637032,3.5,51.611247620695856,372.12345093441,171
3888.6,7,1099.5513141637032,3.5,51.61518511083408,372.09362571890085,171
3888.7,7,1099.5513141637032,3.5,51.63835326765874,371.9218435618909,171
3888.8,7,1099.5513141637032,3.5,51.637966759883255,371.9275695276783,171
3888.9,7,1099.5513141637032,3.5,51.63769276981706,371.93012381268875,171
3889.0,7,1099.5513141637032,3.5,51.641247571829425,371.90535676727774,171
3889.1,7,1099.5513141637032,3.5,51.65270554497166,371.8189025594393,171
3889.2,9,1099.5513141637032,2.8,51.67539391440773,371.65097996676195,171
3889.3,9,1099.5513141637032,4.0,51.6475918275943,371.85901682849664,171
3889.4,9,1099.5513141637032,4.0,51.67017453311618,371.692303327574,171
3889.5,9,1099.5513141637032,4.0,51.67541160198638,371.6536528678431,171
3889.6,9,1099.5513141637032,4.0,51.69215026384576,371.52850886615374,171
3889.7,9,1099.5513141637032,4.0,51.70027550986475,371.46968120282054,171
3889.8,9,1099.5513141637032,4.0,51.70154847896222,371.4594313881364,171
3889.9,5,1099.1779074434403,4.0,51.704821320748344,371.4328061596332,171
3890.0,5,1099.1779074434403,4.5,51.71522885873958,371.35793340913335,171
3890.1,5,1099.1779074434403,4.5,51.72162230989485,371.3137133555666,171
3890.2,5,1099.1779074434403,4.5,51.740003246141534,371.18109920210605,171
3890.3,5,1099.1779074434403,4.5,51.73541664054343,371.2172644995495,171
3890.4,5,1099.1779074434403,4.5,51.73807556358121,371.1986866465903,171
3890.5,5,1099.1779074434403,4.5,51.7372684047088,371.2051435686218,171
3890.6,5,1099.1779074434403,4.5,51.737285784758086,371.2078478399982,171
3890.7,5,1098.9662555422199,4.5,51.67531950911068,371.7228073598403,171
3890.8,5,1098.9662555422199,5.0,51.652596148060226,371.89713888993174,171
3890.9,5,1098.9662555422199,5.0,51.66033454014779,371.843217205547,171
3891.0,5,1098.9662555422199,5.0,51.65640496583602,371.81842804586057,171
3891.1,5,1098.9662555422199,5.0,51.64801195362879,371.8798372217881,171
3891.2,5,1098.9662555422199,5.0,51.63573938252446,371.97408441764594,171
3891.3,5,1098.9662555422199,5.0,51.633837168563446,371.98980805007596,171
3891.4,5,1098.9662555422199,5.0,51.51328993136424,373.11338348144847,171
3891.5,5,1098.9662555422199,5.0,51.51396187519558,373.11646629147924,171
3891.6,5,1098.9662555422199,5.0,51.51697097880779,373.0978818143642,171
3891.7,5,1098.9662555422199,5.0,51.4995819569606,373.24058628450166,171
3891.8,5,1098.9662555422199,5.0,51.4987444178134,373.2587376544084,171
3891.9,5,1098.9662555422199,5.0,51.50353247628799,373.22848457284874,171
3892.0,5,1098.9662555422199,5.0,51.49816850587642,373.2774319933049,171
3892.1,5,1098.9662555422199,5.0,51.50431990538557,373.23512059596396,171
3892.2,5,1098.9662555422199,4.5,51.50621568290286,373.2293256231288,171
3892.3,5,1098.9662555422199,4.5,51.522109143885594,373.11292588166384,171
3892.4,5,1098.9662555422199,4.5,51.53850578322967,372.9944056787506,171
3892.5,5,1098.9662555422199,4.5,51.545796707562246,372.94046482591386,171
3892.6,5,1098.9662555422199,4.5,51.54168149088627,372.98382701331127,171
3892.7,5,1098.9662555422199,4.5,51.565841586530226,372.8090972426272,171
3892.8,5,1098.9662555422199,4.5,51.58736790013292,372.6552571048592,171
3892.9,5,1098.9662555422199,4.5,51.58482902668115,372.68888496406555,171
3893.0,5,1098.9662555422199,4.5,51.61548864489569,372.4652329032772,171
3893.1,5,1098.9662555422199,4.5,51.635794312051196,372.32416071923956,171
3893.2,5,1098.9662555422199,4.5,51.64475912674716,372.26949888208316,171
3893.3,5,1098.9662555422199,4.5,51.67079950254522,372.0830371434313,171
3893.4,5,1098.9662555422199,4.5,51.67283456912821,372.07967312004166,171
3893.5,5,1098.9662555422199,4.5,51.68045591640884,372.03211125993005,171
3893.6,5,1098.9662555422199,4.5,51.62619724477477,372.3968458669442,171
3893.7,5,1098.754711026267,4.5,51.632264768269216,372.35678427896755,171
3893.8,5,1098.754711026267,5.0,51.66096612417985,372.1528507801904,171
3893.9,5,1098.754711026267,5.0,51.66237113741051,372.1442664954892,171
3894.0,5,1098.754711026267,5.0,51.67363207371591,372.0700065546921,171
3894.1,5,1098.754711026267,5.0,51.69744508779113,371.90009659183454,171
3894.2,5,1098.754711026267,5.0,51.72738843564492,371.68500936382736,171
3894.3,5,1098.754711026267,5.0,51.74006144603568,371.594888395025,171
3894.4,5,1098.754711026267,5.0,51.751013703801505,371.51987324625395,171
3894.5,5,1098.754711026267,5.0,51.77554985393513,371.34727276530043,171
3894.6,5,1098.754711026267,5.0,51.81151077608441,371.08564333188826,171
3894.7,5,1098.754711026267,5.0,51.73490827312425,371.5992069053994,171
3894.8,5,1098.754711026267,5.0,51.76747402080659,371.3549373788096,171
3894.9,5,1098.754711026267,5.0,51.612469998611026,372.5695795008562,171
3895.0,5,1098.754711026267,5.0,51.632756221144305,372.4216563022999,171
3895.1,5,1098.754711026267,5.0,51.68692174650144,372.0379614248625,171
3895.2,5,1098.754711026267,5.0,51.70290980332017,371.93165538746814,171
3895.3,5,1098.754711026267,5.0,51.723760488855646,371.77762661375846,171
3895.4,5,1098.754711026267,5.0,51.74451543761349,371.63000841850226,171
3895.5,5,1098.754711026267,5.0,51.76526512834589,371.4796005622593,171
3895.6,5,1098.754711026267,5.0,51.773231133771915,371.4311184777698,171
3895.7,5,1098.754711026267,5.0,51.67867734188694,372.0553039908042,171
3895.8,5,1098.754711026267,5.0,51.70243290518712,371.8850368544179,171
3895.9,5,1098.754711026267,5.0,51.724544534884124,371.7235272620359,171
3896.0,5,1098.754711026267,5.0,51.736589802840555,371.6414978354219,171
3896.1,5,1098.754711026267,5.0,51.753743767056505,371.51435604216607,171
3896.2,5,1098.754711026267,5.0,51.7682352059104,371.4170211338395,171
3896.3,5,1098.754711026267,5.0,51.793761838742746,371.22875698982546,171
3896.4,5,1098.754711026267,5.0,51.805306401524916,371.14629280479346,171
3896.5,5,1098.754711026267,5.0,51.8124301499655,371.1004987094584,171
3896.6,5,1098.754711026267,5.0,51.909225043025344,370.4518747706106,171
3896.7,5,1098.754711026267,5.0,51.92028801545656,370.37470950951683,171
3896.8,5,1098.543671785936,5.0,51.94244424157217,370.21928400042447,171
3896.9,5,1098.543671785936,5.5,51.965085746325315,370.0596894501167,171
3897.0,5,1098.543671785936,5.5,51.97532111244518,369.99859804112907,171
3897.1,5,1098.543671785936,5.5,52.01085539190204,369.74044742586676,171
3897.2,5,1098.543671785936,5.5,52.02477460671821,369.6496591549768,171
3897.3,5,1098.543671785936,5.5,52.05286186690047,369.44627521183844,171
3897.4,5,1098.543671785936,5.5,52.07744742892588,369.26898011572257,171
3897.5,5,1098.543671785936,5.5,52.08270494940597,369.24591642054816,171
3897.6,5,1098.543671785936,5.5,52.09846523642722,369.1323905678655,171
3897.7,5,1098.543671785936,5.5,52.101128286086904,369.128332344235,171
3897.8,5,1098.543671785936,5.5,52.02583660477406,369.60010655754485,171
3897.9,5,1098.543671785936,5.5,52.053261601395505,369.40627374302363,171
3898.0,5,1098.543671785936,5.5,52.060533939548385,369.3658854009958,171
3898.1,5,1098.543671785936,5.5,52.09495103204589,369.11387641849944,171
3898.2,5,1098.543671785936,5.5,52.10485791982687,369.059645524229,171
3898.3,5,1098.543671785936,5.5,52.145470722800525,368.7645053323826,171
3898.4,5,1098.543671785936,5.5,51.946286630520035,370.31599118559484,171
3898.5,5,1098.543671785936,5.5,51.96618052822508,370.1866286914436,171
3898.6,5,1098.543671785936,5.5,52.00326527109209,369.9232556161266,171
3898.7,5,1098.543671785936,5.5,51.99879354764907,369.9785433426424,171
3898.8,5,1098.543671785936,5.0,51.89436829906676,370.6425109665082,171
3898.9,5,1098.543671785936,5.0,52.08865825613854,369.3592291376269,171
3899.0,5,1098.543671785936,5.0,52.10611000728705,369.24726317201964,171
3899.1,5,1098.543671785936,5.0,52.1077616137909,369.23895658212246,171
3899.2,5,1098.543671785936,5.0,52.11736563443493,369.1641021479399,171
3899.3,5,1098.543671785936,5.0,52.09827301714712,369.3050874344668,171
3899.4,5,1098.543671785936,5.0,52.096845379608865,369.3116642078933,171
3899.5,5,1098.543671785936,5.0,52.09728860916965,369.3081429377552,171
3899.6,5,1098.3330636450555,5.0,52.08896410468458,369.365610643224,171
3899.7,5,1098.3330636450555,5.5,52.11299365549277,369.1867444289623,171
3899.8,5,1098.3330636450555,5.5,52.10830880518361,369.2176363197839,171
3899.9,5,1098.3330636450555,5.5,51.98976327122681,369.98419416206997,171
3900.0,5,1098.3330636450555,5.5,52.12419423529136,368.9537612224035,171
3900.1,5,1098.3330636450555,5.5,52.269513925255644,368.01267481416664,171
3900.2,5,1098.3330636450555,5.5,52.262435287344516,368.0649360240902,171
3900.3,5,1098.3330636450555,5.5,52.26465530396486,368.0435481547845,171
3900.4,5,1098.3330636450555,5.5,52.317891494706814,367.5968331373033,171
3900.5,5,1098.3330636450555,5.0,52.316778239734354,367.6008842424334,171
3900.6,5,1098.3330636450555,5.0,52.308496452801435,367.6576629238034,171
3900.7,5,1098.3330636450555,5.0,52.3211745404937,367.55772449334074,171
3900.8,5,1098.3330636450555,5.0,52.3147487328624,367.6076221944396,171
3900.9,5,1098.3330636450555,5.0,52.18707694329967,368.58816268919344,171
3901.0,5,1098.3330636450555,5.0,52.19357886035961,368.5357193707033,171
3901.1,5,1098.3330636450555,5.0,52.19573456707296,368.5209176430631,171
3901.2,5,1098.3330636450555,5.0,52.205093107620925,368.46088654380173,171
3901.3,5,1098.3330636450555,5.0,52.22168695499495,368.34173824579545,171
3901.4,5,1098.3330636450555,5.0,52.23682551766601,368.22695128726355,171
3901.5,5,1098.3330636450555,5.0,52.251596091306325,368.1207854878729,171
3901.6,5,1098.3330636450555,5.0,52.25976702244689,368.058153067266,171
3901.7,5,1098.3330636450555,5.0,52.267981727987134,368.00274728553126,171
3901.8,5,1098.3330636450555,5.0,52.269587428830725,368.00126620025287,171
3901.9,5,1098.3330636450555,5.0,52.29866882193677,367.78613960405255,171
3902.0,5,1098.3330636450555,5.0,52.303212236890076,367.7559884623071,171
3902.1,5,1098.3330636450555,5.0,52.322675401852045,367.6122698429449,171
3902.2,5,1098.3330636450555,5.0,52.33133923575406,367.555676434813,171
3902.3,5,1098.1222360533213,4.5,52.35945449360848,367.3595593628352,171
3902.4,5,1098.1222360533213,5.0,52.472513414744085,366.5058317070212,171
3902.5,5,1098.1222360533213,5.0,52.41914735242739,366.8510903203636,171
3902.6,5,1098.1222360533213,5.0,52.44115275935994,366.70043373988074,171
3902.7,5,1098.1222360533213,5.0,52.452173777697,366.6257410926587,171
3902.8,5,1098.1222360533213,5.0,52.46260351124519,366.5534299752189,171
3902.9,5,1098.1222360533213,5.0,52.53806379775088,366.0602044496225,171
3903.0,5,1098.1222360533213,5.0,52.56215486987318,365.8903354799396,171
3903.1,5,1098.1222360533213,5.0,52.56744659758142,365.85814765858925,171
3903.2,5,1098.1222360533213,5.0,52.596471910041416,365.64966476996585,171
3903.3,5,1098.1222360533213,5.0,52.6028347002224,365.61171544860025,171
3903.4,5,1098.1222360533213,5.0,52.538343764956565,366.0245933010873,171
3903.5,5,1098.1222360533213,5.0,52.55512210955193,365.90743184974406,171
3903.6,5,1098.1222360533213,5.0,52.575456720633525,365.7624866344048,171
3903.7,5,1098.1222360533213,5.0,52.583642008882336,365.70814144084545,171
3903.8,5,1098.1222360533213,5.0,52.44384448943603,366.7747778127896,171
3903.9,5,1098.1222360533213,5.0,52.462356997024315,366.6384855032057,171
3904.0,5,1098.1222360533213,5.0,52.45853589261519,366.6701970020002,171
3904.1,5,1098.1222360533213,5.0,52.47140523261422,366.57918744446346,171
3904.2,5,1098.1222360533213,5.0,52.47459663620671,366.5608470645502,171
3904.3,5,1098.1222360533213,5.0,52.48206694915146,366.50680176216224,171
3904.4,5,1098.1222360533213,5.0,52.482196766426455,366.50785120147725,171
3904.5,5,1098.1222360533213,5.0,52.49024458616775,366.45270878623774,171
3904.6,5,1098.1222360533213,5.0,52.50719282462485,366.3345360729562,171
3904.7,5,1098.1222360533213,5.0,52.51349907945702,366.29256313287556,171
3904.8,5,1098.1222360533213,4.5,52.511259996548375,366.3116543495753,171
3904.9,5,1098.1222360533213,4.5,52.50934335408293,366.3262688308233,171
3905.0,5,1098.1222360533213,4.5,52.510191859329495,366.31718472168166,171
3905.1,5,1098.1222360533213,4.5,52.50692350699825,366.3418357810298,171
3905.2,5,1097.9114461044726,4.5,52.58524663863812,365.75171812116605,171
3905.3,5,1097.9114461044726,5.0,52.47658099177414,366.4494518549177,171
3905.4,5,1097.9114461044726,5.0,52.47948763304666,366.43018684683085,171
3905.5,5,1097.9114461044726,5.0,52.4674968839305,366.5215519477307,171
3905.6,5,1097.9114461044726,5.0,52.478800037394045,366.4358019925945,171
3905.7,5,1097.9114461044726,5.0,52.4645489731694,366.5403691636746,171
3905.8,5,1097.9114461044726,5.0,52.47034855561135,366.49634155850583,171
3905.9,5,1097.9114461044726,5.0,52.46278225831465,366.55944967429105,171
3906.0,5,1097.9114461044726,5.0,52.34678015703605,367.4404313311178,171
3906.1,5,1097.9114461044726,5.0,52.32693850722055,367.58878419316056,171
3906.2,5,1097.9114461044726,5.0,52.33963820638797,367.49266552641916,171
3906.3,5,1097.9114461044726,4.5,52.33873900603798,367.50369012004313,171
3906.4,5,1097.9114461044726,4.5,52.318921717395966,367.64975462581197,171
3906.5,5,1097.9114461044726,4.5,52.33142051652993,367.55648680953044,171
3906.6,5,1097.9114461044726,4.5,52.32441124068238,367.6162850083192,171
3906.7,5,1097.9114461044726,4.5,52.33121437699455,367.56965244256656,171
3906.8,5,1097.9114461044726,4.5,52.33636263014531,367.5292353280657,171
3906.9,5,1097.9114461044726,4.5,52.330618345861666,367.5760149950831,171
3907.0,5,1097.9114461044726,4.5,52.3396647650779,367.5160134436172,171
3907.1,5,1097.9114461044726,4.5,52.356089600951805,367.40467707029705,171
3907.2,5,1097.9114461044726,4.5,52.343116408898254,367.50874708175144,171
3907.3,5,1097.9114461044726,4.5,52.347590114290284,367.4836553482662,171
3907.4,5,1097.9114461044726,4.5,52.46356029132297,366.7443527999736,171
3907.5,5,1097.9114461044726,4.5,52.464675363101314,366.7448972936304,171
3907.6,5,1097.9114461044726,4.5,52.47698981682901,366.66641008162463,171
3907.7,5,1097.9114461044726,4.5,52.32406794410757,367.6584372716293,171
3907.8,5,1097.9114461044726,4.5,52.34194546822124,367.5265806213497,171
3907.9,5,1097.9114461044726,4.5,52.33203582016396,367.61008115093773,171
3908.0,5,1097.9114461044726,4.5,52.34180195278931,367.5445434059651,171
3908.1,5,1097.7009365451222,4.5,52.350632446448174,367.48022238331953,171
3908.2,5,1097.7009365451222,5.0,52.3482065718774,367.50724166615186,171
3908.3,5,1097.7009365451222,5.0,52.35393815510602,367.469288103175,171
3908.4,5,1097.7009365451222,5.0,52.34453465168234,367.5481233064833,171
3908.5,5,1097.7009365451222,5.0,52.35293701671904,367.491488377986,171
3908.6,5,1097.7009365451222,5.0,52.3655091046401,367.40329622464225,171
3908.7,5,1097.7009365451222,5.0,52.36951959250894,367.3779569233459,171
3908.8,5,1097.7009365451222,5.0,52.375089934175556,367.1588876720737,171
3908.9,5,1097.7009365451222,5.0,52.3932933281246,367.0236178083103,171
3909.0,5,1097.7009365451222,5.0,52.39128746174228,367.0432653407312,171
3909.1,5,1097.7009365451222,5.0,52.26336541519587,367.8552828274055,171
3909.2,5,1097.7009365451222,5.0,52.38753007320632,367.0447755085254,171
3909.3,5,1097.7009365451222,5.0,52.3774950670941,367.1257025238716,171
3909.4,5,1097.7009365451222,5.0,52.37439598193947,367.150226732091,171
3909.5,5,1097.7009365451222,5.0,52.37178538827952,367.17341289876936,171
3909.6,5,1097.7009365451222,5.0,52.39904273188827,366.9753469293827,171
3909.7,5,1097.7009365451222,5.0,52.39834797197156,366.9869915048089,171
3909.8,5,1097.7009365451222,5.0,52.40852356523842,366.9234474812963,171
3909.9,5,1097.7009365451222,5.0,52.42116228968597,366.8313229801761,171
3910.0,5,1097.7009365451222,5.0,52.42090810352472,366.84110699717166,171
3910.1,5,1097.7009365451222,5.0,52.420860669911406,366.84344528668055,171
3910.2,5,1097.7009365451222,5.0,52.43468624775937,366.75198581323184,171
3910.3,5,1097.7009365451222,5.0,52.0511889332533,369.51437991552643,171
3910.4,5,1097.7009365451222,5.0,52.03137102234156,369.65279520539104,171
3910.5,5,1097.7009365451222,5.0,52.024571867612636,369.7001332543432,171
3910.6,5,1097.7009365451222,4.5,52.02572838627556,369.6886565915104,171
3910.7,5,1097.7009365451222,4.5,52.005597310969776,369.8390241677771,171
3910.8,5,1097.7009365451222,4.5,52.01150196292488,369.797159269807,171
3910.9,5,1097.7009365451222,4.5,51.994557533785574,369.9207148494876,171
3911.0,5,1097.7009365451222,4.5,51.97841758756303,370.04284200082077,171
3911.1,5,1097.7009365451222,4.5,51.98755539836651,369.97364841852624,171
3911.2,5,1097.7009365451222,4.5,51.83667069254497,370.95283241554836,171
3911.3,5,1097.7009365451222,4.5,52.156363887025364,368.6289694102277,171
3911.4,5,1097.4907097009996,4.5,51.96152232148048,370.1132268006742,171
3911.5,5,1097.4907097009996,5.0,51.96034506977073,370.12340957108233,171
3911.6,5,1097.4907097009996,5.0,51.959801187970356,370.13596177216294,171
3911.7,5,1097.4907097009996,5.0,51.95449054036099,370.17389517669136,171
3911.8,5,1097.4907097009996,5.0,51.95913024748421,370.13844174970905,171
3911.9,5,1097.4907097009996,5.0,51.938727787420774,370.2878286047636,171
3912.0,5,1097.4907097009996,5.0,51.92745317903499,370.37666972236303,171
3912.1,7,1097.4907097009996,4.5,51.9294571638557,370.3659518443193,171
3912.2,7,1097.4907097009996,4.8999999999999995,51.92713162134979,370.37810315155184,171
3912.3,7,1097.4907097009996,4.8999999999999995,51.92050905409853,370.4281548979636,171
3912.4,7,1097.4907097009996,4.8999999999999995,51.93026274720829,370.35258184653094,171
3912.5,7,1097.4907097009996,4.8999999999999995,51.9099671225249,370.51355481002446,171
3912.6,7,1097.4907097009996,4.8999999999999995,51.99100310601574,369.78034020638563,171
3912.7,7,1097.4907097009996,4.8999999999999995,51.988810839695674,369.79339905139494,171
3912.8,7,1097.4907097009996,4.8999999999999995,51.99926024369824,369.7201822584045,171
3912.9,7,1097.4907097009996,4.8999999999999995,51.99140348058989,369.78059634960323,171
3913.0,7,1097.4907097009996,4.8999999999999995,52.063174763634834,369.1195787255096,171
3913.1,7,1097.4907097009996,4.8999999999999995,52.06412625906098,369.1117056837974,171
3913.2,7,1097.4907097009996,4.8999999999999995,52.047145467380176,369.2408667136191,171
3913.3,7,1097.4907097009996,4.8999999999999995,51.80388146374723,370.8981549499722,171
3913.4,7,1097.4907097009996,4.8999999999999995,51.848669172890034,370.46843294376345,171
3913.5,7,1097.4907097009996,4.8999999999999995,51.94494775887108,369.81473520986526,171
3913.6,7,1097.4907097009996,4.8999999999999995,51.94989189159985,369.77218029178226,171
3913.7,7,1097.4907097009996,4.8999999999999995,52.08612692743351,368.76136468711877,171
3913.8,5,1097.4907097009996,4.199999999999999,52.081370604897465,368.7926512089149,171
3913.9,5,1097.4907097009996,4.5,52.05050342088764,369.0169754807738,171
3914.0,5,1097.4907097009996,4.5,52.04239574933949,369.0741981372751,171
3914.1,7,1097.4907097009996,4.0,52.04005901312938,369.0892352682424,171
3914.2,7,1097.4907097009996,4.8999999999999995,52.03960642489572,369.09258434870935,171
3914.3,7,1097.4907097009996,4.8999999999999995,52.03579898675693,369.11952596696904,171
3914.4,7,1097.4907097009996,4.8999999999999995,52.04520462614664,369.0536848577397,171
3914.5,7,1097.4907097009996,4.8999999999999995,52.02299826945941,369.2183091820189,171
3914.6,7,1097.4907097009996,4.8999999999999995,52.029822158109425,369.16924262900784,171
3914.7,7,1097.4907097009996,4.8999999999999995,52.03956362831222,369.09807743206954,171
3914.8,7,1097.4907097009996,4.8999999999999995,52.01452763447041,369.28088320972137,171
3914.9,7,1097.4907097009996,4.8999999999999995,51.84550246347807,370.54123396015353,171
3915.0,7,1097.4907097009996,4.8999999999999995,51.85258664482879,370.48907028880376,171
3915.1,7,1097.4907097009996,4.8999999999999995,51.81128643655077,370.796568035565,171
3915.2,7,1097.4907097009996,4.8999999999999995,51.777979158147005,371.10849277096133,171
3915.3,7,1097.4907097009996,4.199999999999999,51.76666875553782,371.2004912186702,171
3915.4,7,1097.4907097009996,4.8999999999999995,51.77133659921261,371.16757526291246,171
3915.5,7,1097.4907097009996,4.8999999999999995,51.78093966371863,371.1037213055511,171
3915.6,7,1097.4907097009996,4.8999999999999995,51.78512856366528,371.0852962859576,171
3915.7,7,1097.4907097009996,4.8999999999999995,51.807742094073795,370.92702540972255,171
3915.8,7,1097.4907097009996,4.8999999999999995,51.815886263012516,370.87537172218435,171
3915.9,7,1097.4907097009996,4.8999999999999995,51.81244806256017,370.91977026442714,171
3916.0,7,1097.4907097009996,4.8999999999999995,51.85178460943966,370.6383040981617,171
3916.1,7,1097.4907097009996,4.8999999999999995,51.84245705824253,370.7183381136126,171
3916.2,7,1097.4907097009996,4.8999999999999995,51.86528311809586,370.5579367390104,171
3916.3,7,1097.4907097009996,4.8999999999999995,52.04440024474413,369.17991037421825,171
3916.4,7,1097.4907097009996,4.8999999999999995,52.03796326971916,369.24021761692296,171
3916.5,7,1097.4907097009996,4.8999999999999995,52.0583308084107,369.0989033951914,171
3916.6,7,1097.4907097009996,5.6,52.07901735740562,368.95426617657756,171
3916.7,7,1097.4907097009996,5.6,52.06703296558294,369.05267562374905,171
3916.8,7,1097.4907097009996,5.6,52.078954744025424,368.97183911986593,171
3916.9,7,1097.4907097009996,5.6,52.07737404717952,368.99181447682645,171
3917.0,7,1097.4907097009996,5.6,52.090667841130355,368.9022997761035,171
3917.1,7,1097.4907097009996,5.6,52.1022363507591,368.8225739858343,171
3917.2,7,1097.4907097009996,5.6,52.125139978654886,368.666316699531,171
3917.3,7,1097.4907097009996,5.6,52.11915745025016,368.7201362058124,171
3917.4,7,1097.4907097009996,5.6,52.121954221199275,368.7105412200902,171
3917.5,7,1097.4907097009996,5.6,52.134710425169075,368.62460822473946,171
3917.6,7,1097.4907097009996,5.6,52.27613041163966,367.6870191819901,171
3917.7,7,1097.4907097009996,5.6,52.26924658768875,367.74139048477105,171
3917.8,7,1097.4907097009996,5.6,52.27384001018379,367.7117029430802,171
3917.9,7,1097.4907097009996,4.8999999999999995,52.07889963548013,369.1974982386409,171
3918.0,7,1097.4907097009996,4.8999999999999995,52.09495812693535,369.0786448670244,171
3918.1,7,1097.4907097009996,4.8999999999999995,52.07275633650008,369.25012742429465,171
3918.2,7,1097.4907097009996,4.8999999999999995,52.08315484278941,369.17148886235316,171
3918.3,7,1097.4907097009996,5.6,52.08773105176867,369.13215123710734,171
3918.4,7,1097.4907097009996,5.6,52.07909778657322,369.1948616243551,171
3918.5,7,1097.4907097009996,5.6,52.07168023073886,369.2504076330805,171
3918.6,7,1097.4907097009996,5.6,52.06519596238307,369.2999721981903,171
3918.7,7,1097.4907097009996,5.6,52.14791736073321,368.67013914099243,171
3918.8,7,1097.4907097009996,5.6,52.148606095411,368.6650803231462,171
3918.9,7,1097.4907097009996,5.6,52.12299813550271,368.85695880112786,171
3919.0,7,1097.4907097009996,5.6,52.13349038509827,368.7792034530945,171
3919.1,7,1097.4907097009996,5.6,52.135278249397146,368.76534156408536,171
3919.2,7,1097.4907097009996,5.6,52.147332615418065,368.6763821400736,171
3919.3,7,1097.4907097009996,5.6,52.13716302433702,368.75786164135275,171
3919.4,7,1097.4907097009996,5.6,51.93101405598192,370.1216772747626,171
3919.5,7,1097.4907097009996,5.6,51.933583450435215,370.09727593238995,171
3919.6,7,1097.4907097009996,5.6,51.934072450201654,370.0942907171175,171
3919.7,7,1097.4907097009996,5.6,51.931268917219626,370.1131899712261,171
3919.8,7,1097.4907097009996,5.6,51.946387825205846,370.00287494722704,171
3919.9,7,1097.4907097009996,5.6,51.95495358411975,369.9429613659239,171
3920.0,7,1097.4907097009996,5.6,51.975169831063916,369.79120866571566,171
3920.1,7,1097.4907097009996,5.6,51.97444512463372,369.8006784251677,171
3920.2,7,1097.4907097009996,5.6,52.102566775089855,368.93676300574015,171
3920.3,7,1097.4907097009996,5.6,52.10135311879872,368.9498084328026,171
3920.4,7,1097.4907097009996,5.6,52.11322067039667,368.8679158525963,171
3920.5,7,1097.4907097009996,5.6,52.133831126988994,368.7175755387165,171
3920.6,7,1097.4907097009996,4.8999999999999995,52.145720964494416,368.63281506655835,171
3920.7,7,1097.4907097009996,4.8999999999999995,52.16184269288853,368.51525428118964,171
3920.8,7,1097.4907097009996,4.8999999999999995,52.15085751836642,368.604444249293,171
3920.9,7,1097.4907097009996,4.8999999999999995,52.166590468818,368.48813675944575,171
3921.0,7,1097.4907097009996,4.8999999999999995,52.178840532589604,368.4053155460316,171
3921.1,7,1097.4907097009996,4.8999999999999995,52.21033769989767,368.17596809024565,171
3921.2,7,1097.4907097009996,4.8999999999999995,52.22622505556334,368.0701790030017,171
3921.3,7,1097.4907097009996,4.8999999999999995,52.26854219166454,367.7625313129921,171
3921.4,7,1097.4907097009996,4.8999999999999995,52.282205514530034,367.6617443322566,171
3921.5,7,1097.9152749578475,4.8999999999999995,52.28694620206444,367.6361792398504,172
3921.6,7,1097.9152749578475,-100.0,52.31341638157886,367.4412528662082,172
3921.7,7,1097.9152749578475,5.6,52.32540153359428,367.24790138751075,172
3921.8,7,1097.9152749578475,5.6,52.338462043361105,367.15946314048597,172
3921.9,7,1097.9152749578475,4.8999999999999995,52.342890643886555,367.1337949606992,172
3922.0,7,1097.9152749578475,4.8999999999999995,52.32034804462015,367.3124390910086,172
3922.1,7,1097.9152749578475,4.8999999999999995,52.34601959473459,367.1265933106537,172
3922.2,7,1097.9152749578475,4.8999999999999995,52.36014512987984,367.0323384069127,172
3922.3,7,1097.9152749578475,4.8999999999999995,52.373924269411816,366.93800531847523,172
3922.4,7,1097.9152749578475,4.8999999999999995,52.38829836868425,366.8367901345204,172
3922.5,7,1097.9152749578475,4.8999999999999995,52.33133536348481,367.2131904061545,172
3922.6,7,1097.9152749578475,4.8999999999999995,52.356893691515026,367.03255557969237,172
3922.7,7,1097.9152749578475,4.8999999999999995,52.38746145034827,366.8170005684635,172
3922.8,7,1097.9152749578475,4.8999999999999995,52.40423108457308,366.6979970864137,172
3922.9,7,1097.9152749578475,4.8999999999999995,52.403880137820515,366.7071485163152,172
3923.0,7,1097.9152749578475,4.8999999999999995,52.40831606568353,366.68340882930573,172
3923.1,7,1097.9152749578475,4.8999999999999995,52.41211440078534,366.6582353240003,172
3923.2,7,1097.9152749578475,4.8999999999999995,52.35178863179017,367.11333206028246,172
3923.3,7,1097.9152749578475,4.8999999999999995,52.375972280909686,366.9410529215122,172
3923.4,7,1097.9152749578475,4.8999999999999995,52.22707209032633,367.91596033406535,172
3923.5,7,1097.9152749578475,4.8999999999999995,52.22961269350545,367.9053661543246,172
3923.6,7,1097.9152749578475,4.8999999999999995,52.239012827663785,367.83849560614624,172
3923.7,7,1097.9152749578475,4.8999999999999995,52.269948372371985,367.6185423531574,172
3923.8,7,1097.9152749578475,4.8999999999999995,52.29470155971029,367.4429092444941,172
3923.9,7,1097.9152749578475,4.8999999999999995,52.30238623884498,367.3926898736959,172
3924.0,7,1097.9152749578475,4.8999999999999995,52.31402131806456,367.306234263959,172
3924.1,7,1097.9152749578475,4.8999999999999995,52.32835169130722,367.20520547994767,172
3924.2,7,1097.9152749578475,4.8999999999999995,52.33684715600859,367.1521387049813,172
3924.3,7,1097.9152749578475,4.8999999999999995,52.36059702529057,366.9847911523651,172
3924.4,7,1097.9152749578475,4.8999999999999995,52.364140197320935,366.9646900903564,172
3924.5,7,1097.9152749578475,4.8999999999999995,52.383972596155886,366.8289714516784,172
3924.6,7,1097.9152749578475,4.8999999999999995,52.415598914274405,366.6024373995905,172
3924.7,7,1097.9152749578475,4.8999999999999995,52.431479522983054,366.4931235318919,172
3924.8,7,1097.9152749578475,4.8999999999999995,52.44515137341976,366.39607287058004,172
3924.9,7,1097.9152749578475,4.8999999999999995,52.51417000446305,365.94798125268176,172
3925.0,7,1097.9152749578475,5.6,52.54590587102179,365.71597234694536,172
3925.1,7,1097.9152749578475,5.6,52.56019383871444,365.6141160236232,172
3925.2,7,1097.9152749578475,5.6,52.57694252308292,365.4931191350466,172
3925.3,7,1097.9152749578475,5.6,52.58972696696065,365.4037449198944,172
3925.4,7,1097.9152749578475,5.6,52.432932852057775,366.5676000659977,172
3925.5,7,1097.9152749578475,5.6,52.42923490606426,366.59624568111565,172
3925.6,7,1097.9152749578475,5.6,52.44255708861624,366.50305602541323,172
3925.7,7,1097.9152749578475,5.6,52.46041165104227,366.3787216671042,172
3925.8,7,1097.9152749578475,5.6,52.46175667828136,366.3617487268341,172
3925.9,7,1097.9152749578475,5.6,52.41451555904987,366.7625336140056,172
3926.0,7,1097.9152749578475,5.6,52.42708067238253,366.66987505872936,172
3926.1,7,1097.9152749578475,5.6,52.27879918259927,367.63563885991243,172
3926.2,7,1097.9152749578475,5.6,52.28495964805854,367.59887731890433,172
3926.3,7,1097.9152749578475,5.6,52.31613078989318,367.3771429298986,172
3926.4,7,1097.9152749578475,4.8999999999999995,52.3142099978415,367.3921469399371,172
3926.5,7,1097.9152749578475,4.8999999999999995,52.328493509990466,367.28927176293934,172
3926.6,7,1097.9152749578475,4.8999999999999995,52.341705425011,367.19121256700157,172
3926.7,7,1097.9152749578475,4.8999999999999995,52.34990864615543,367.1380462489268,172
3926.8,7,1097.9152749578475,4.8999999999999995,52.35911188625339,367.07896785714865,172
3926.9,7,1097.9152749578475,4.8999999999999995,52.36961607840882,367.00652296993053,172
3927.0,7,1098.339763160256,5.6,52.378221168506435,366.94126210340926,173
3927.1,7,1098.339763160256,-100.0,52.38545402104157,366.8966535030597,173
3927.2,7,1098.339763160256,5.6,52.275618347493406,367.73228058553275,173
3927.3,7,1098.339763160256,5.6,52.29678105228365,367.5793283443402,173
3927.4,7,1098.339763160256,5.6,52.11410196041906,368.8055113142775,173
3927.5,7,1098.339763160256,5.6,52.1351785484468,368.65569718465906,173
3927.6,7,1098.339763160256,5.6,52.14858903484341,368.56883366402064,173
3927.7,7,1098.339763160256,4.8999999999999995,52.16102280235353,368.48612514962474,173
3927.8,7,1098.339763160256,4.8999999999999995,52.18897024736597,368.2925040484902,173
3927.9,7,1098.339763160256,4.8999999999999995,52.211286324318735,368.1370034282354,173
3928.0,7,1098.339763160256,4.8999999999999995,52.211230187175616,368.14582322837356,173
3928.1,7,1098.339763160256,4.8999999999999995,52.217955743100504,368.1064515731426,173
3928.2,7,1098.339763160256,4.8999999999999995,52.080572694452805,369.1594999043709,173
3928.3,7,1098.339763160256,4.8999999999999995,52.140601665208,368.75590093160713,173
3928.4,7,1098.339763160256,4.8999999999999995,51.94395038031121,370.0740898424492,173
3928.5,7,1098.339763160256,4.8999999999999995,51.958684788329194,369.96867612325036,173
3928.6,7,1098.339763160256,4.8999999999999995,51.96662429067986,369.9229544870093,173
3928.7,7,1098.339763160256,4.8999999999999995,51.976222038388954,369.8576406342569,173
3928.8,7,1098.339763160256,4.8999999999999995,51.96040858696096,369.98050277366616,173
3928.9,7,1098.339763160256,4.8999999999999995,51.970514050523946,369.916312324268,173
3929.0,7,1098.339763160256,4.8999999999999995,51.99431854217326,369.7461210145426,173
3929.1,7,1098.339763160256,4.8999999999999995,51.997387475932655,369.7334988758721,173
3929.2,7,1098.339763160256,4.8999999999999995,52.006666877635226,369.6691387813863,173
3929.3,7,1098.339763160256,4.8999999999999995,52.00957447780151,369.6503912540984,173
3929.4,7,1098.7634765660557,4.8999999999999995,51.9874153310811,369.828736178976,174
3929.5,7,1098.7634765660557,-100.0,52.07691411985168,369.0723466997738,174
3929.6,7,1098.7634765660557,4.8999999999999995,52.0754729468874,369.08773277817215,174
3929.7,7,1098.7634765660557,4.8999999999999995,52.09751245895396,368.9258583606616,174
3929.8,7,1098.7634765660557,4.8999999999999995,52.094116580542746,368.96121994681687,174
3929.9,7,1098.7634765660557,4.8999999999999995,52.10095168362312,368.92330814327704,174
3930.0,7,1098.7634765660557,4.199999999999999,52.12547356622764,368.7526342097432,174
3930.1,7,1098.7634765660557,4.199999999999999,52.209732538471926,368.20292960365134,174
3930.2,7,1098.7634765660557,4.199999999999999,52.238272805589915,367.9973833508552,174
3930.3,7,1098.7634765660557,4.199999999999999,52.255033986096464,367.88211967764164,174
3930.4,7,1098.7634765660557,4.199999999999999,52.2609998805909,367.84682385890585,174
3930.5,7,1098.7634765660557,4.199999999999999,52.27649653329422,367.7398159385482,174
3930.6,7,1098.7634765660557,4.199999999999999,52.2900336862216,367.65126295898335,174
3930.7,7,1098.7634765660557,4.199999999999999,52.29733794743631,367.6043940427222,174
3930.8,7,1098.7634765660557,4.199999999999999,52.2857605429928,367.69989205183117,174
3930.9,7,1098.7634765660557,4.199999999999999,52.289283556299054,367.68295439137785,174
3931.0,9,1098.7634765660557,3.5,52.16728747391293,368.6207383916236,174
3931.1,9,1098.7634765660557,4.800000000000001,52.01613037765327,369.6004004655688,174
3931.2,9,1098.7634765660557,4.800000000000001,52.02437738374334,369.5467351692484,174
3931.3,9,1098.7634765660557,4.800000000000001,52.02296155137181,369.57597699833127,174
3931.4,9,1098.7634765660557,4.800000000000001,52.04692429342054,369.4106514541443,174
3931.5,9,1098.7634765660557,4.800000000000001,52.04601858975879,369.4293791430315,174
3931.6,9,1098.7634765660557,4.800000000000001,52.06792440911648,369.2705166149472,174
3931.7,9,1098.7634765660557,4.0,52.0800772595436,369.18962265555524,174
3931.8,9,1098.7634765660557,4.0,52.06452678956076,369.2651138781987,174
3931.9,7,1098.7196927835257,4.0,52.06469381887578,369.27587609491195,174
3932.0,7,1098.7196927835257,4.199999999999999,52.07119408816538,369.23847724216773,174
3932.1,7,1098.7196927835257,4.199999999999999,52.10860711384897,368.9714121001598,174
3932.2,9,1098.7196927835257,3.5,52.10841839919422,368.98259010949823,174
3932.3,9,1098.7196927835257,4.800000000000001,52.11134416735078,368.9690967873098,174
3932.4,9,1098.7196927835257,4.800000000000001,52.12785766051654,368.8498650175652,174
3932.5,9,1098.7196927835257,4.800000000000001,52.142489375460485,368.7531561324496,174
3932.6,9,1098.7196927835257,4.800000000000001,52.16231067440262,368.6157040107039,174
3932.7,9,1098.7196927835257,4.800000000000001,51.97361651832355,369.8730070713867,174
3932.8,9,1098.7196927835257,4.800000000000001,52.01672704292927,369.57019797739906,174
3932.9,9,1098.7196927835257,4.800000000000001,52.040549934576774,369.40616040940927,174
3933.0,9,1098.7196927835257,4.0,52.062371129566955,369.2562533501932,174
3933.1,9,1098.7196927835257,4.0,52.08917469053867,369.0648903452484,174
3933.2,9,1098.7196927835257,4.0,52.091965881517694,369.0521847620379,174
3933.3,9,1098.7196927835257,4.0,52.112387449568054,368.9119213310809,174
3933.4,9,1098.7196927835257,4.0,51.89134735445268,370.6296699793187,174
3933.5,9,1098.7196927835257,4.0,51.915056959500646,370.4662250895669,174
3933.6,9,1098.7196927835257,4.0,51.93877953121437,370.29684890262087,174
3933.7,9,1098.7196927835257,4.0,51.94378382752922,370.27461794978547,174
3933.8,9,1098.7196927835257,4.0,51.95953495314173,370.17219332692684,174
3933.9,9,1098.7196927835257,4.800000000000001,51.97192218165375,370.0984232774754,174
3934.0,9,1098.7196927835257,4.800000000000001,51.97647594958215,370.0739070289277,174
3934.1,9,1098.7196927835257,4.800000000000001,52.010171493976884,369.8319556059932,174
3934.2,9,1098.7196927835257,4.800000000000001,52.01160213954152,369.8383435265479,174
3934.3,9,1098.7196927835257,4.800000000000001,52.03844070086609,369.6476225543904,174
3934.4,9,1098.7196927835257,4.800000000000001,52.052512543060416,369.5574252941294,174
3934.5,9,1098.7196927835257,4.800000000000001,51.98627285481274,370.16635803951226,174
3934.6,9,1098.7196927835257,4.800000000000001,52.01280272197495,369.97152316261275,174
3934.7,9,1098.7196927835257,4.800000000000001,52.0295076731006,369.86442747358296,174
3934.8,9,1098.7196927835257,4.800000000000001,52.0669007085891,369.59240132592424,174
3934.9,9,1098.7196927835257,4.800000000000001,52.07345367783378,369.55374041900063,174
3935.0,9,1098.7196927835257,4.800000000000001,51.829963257656146,371.49865725290397,174
3935.1,9,1098.7196927835257,4.800000000000001,51.8599106680736,371.29452948046514,174
3935.2,9,1098.7196927835257,4.800000000000001,51.860025304104965,371.3114796135645,174
3935.3,9,1098.7196927835257,4.800000000000001,51.88152138286896,371.1648862941428,174
3935.4,9,1098.7196927835257,4.800000000000001,51.969619898137594,370.61135352811266,174
3935.5,9,1098.7196927835257,4.800000000000001,51.99441700348922,370.42792749061437,174
3935.6,9,1098.7196927835257,4.800000000000001,52.005029678361446,370.3532392273985,174
3935.7,9,1098.7196927835257,4.800000000000001,52.00403020031108,370.3887471574018,174
3935.8,9,1098.7196927835257,4.800000000000001,52.11211870001763,369.3806041987451,174
3935.9,9,1098.7196927835257,4.800000000000001,51.906474549666555,371.03450226717615,174
3936.0,9,1098.7196927835257,4.800000000000001,51.91940012288706,370.94567506359414,174
3936.1,9,1098.7196927835257,4.800000000000001,51.72629900974073,372.19092714044194,174
3936.2,9,1098.7196927835257,4.800000000000001,51.73731462606064,372.1215750491324,174
3936.3,9,1098.7196927835257,4.800000000000001,51.76947372244632,371.8914894941145,174
3936.4,9,1098.7196927835257,4.800000000000001,51.76065407228863,371.9709200947062,174
3936.5,9,1098.7196927835257,4.800000000000001,51.90095183836898,370.69114031459634,174
3936.6,9,1098.7196927835257,5.6000000000000005,51.911992033115425,370.6265553863495,174
3936.7,9,1098.7196927835257,5.6000000000000005,51.919311155639825,370.58753929050283,174
3936.8,9,1098.7196927835257,5.6000000000000005,51.935109372851294,370.4899093999751,174
3936.9,9,1098.7196927835257,5.6000000000000005,51.94810928574579,370.3947478152231,174
3937.0,9,1098.7196927835257,5.6000000000000005,51.9726767381551,370.2234439277836,174
3937.1,9,1098.7196927835257,5.6000000000000005,51.96543502496904,370.30285160176044,174
3937.2,9,1098.7196927835257,5.6000000000000005,52.00003759386827,370.05640605222595,174
3937.3,9,1098.7196927835257,5.6000000000000005,52.04150124266616,369.7550019928475,174
3937.4,9,1098.7196927835257,5.6000000000000005,52.051388895771,369.6960472911176,174
3937.5,9,1098.7196927835257,5.6000000000000005,52.059820674293164,369.6563179683037,174
3937.6,9,1098.7196927835257,5.6000000000000005,52.07222795032156,369.5873048945879,174
3937.7,9,1098.7196927835257,5.6000000000000005,52.10662886196597,369.34618283608404,174
3937.8,9,1098.7196927835257,5.6000000000000005,52.134679562223326,369.13698769530015,174
3937.9,9,1098.7196927835257,4.800000000000001,52.15076704710755,369.03641103897513,174
3938.0,9,1098.7196927835257,4.800000000000001,52.18997663347793,368.7532851994762,174
3938.1,9,1098.7196927835257,4.800000000000001,52.21569144816837,368.57275695311967,174
3938.2,9,1098.7196927835257,5.6000000000000005,52.29501762114469,368.0698025996553,174
3938.3,9,1098.7196927835257,5.6000000000000005,52.31390633230285,367.9432408497774,174
3938.4,9,1098.7196927835257,5.6000000000000005,52.34528618128058,367.719096453301,174
3938.5,9,1098.7196927835257,5.6000000000000005,52.36315436697804,367.59718467410755,174
3938.6,9,1098.7196927835257,5.6000000000000005,52.37633409036147,367.5084156765505,174
3938.7,9,1098.7196927835257,5.6000000000000005,52.403280410035954,367.3143179034704,174
3938.8,9,1098.7196927835257,5.6000000000000005,52.42661392724214,367.1461366111236,174
3938.9,9,1098.7196927835257,5.6000000000000005,52.44659822735045,367.0168575353394,174
3939.0,9,1098.7196927835257,5.6000000000000005,52.45836003905097,366.9383307130889,174
3939.1,9,1098.7196927835257,5.6000000000000005,52.47862030162786,366.7963682501721,174
3939.2,9,1098.7196927835257,4.800000000000001,52.47662759119941,366.8296930163769,174
3939.3,9,1098.7196927835257,4.800000000000001,52.519333740989644,366.52537976723534,174
3939.4,9,1098.7196927835257,4.800000000000001,52.54752302613198,366.3188596379454,174
3939.5,9,1098.7196927835257,4.800000000000001,52.56872706789187,366.17167818586506,174
3939.6,9,1098.7196927835257,4.800000000000001,52.57067427323797,366.16516503055095,174
3939.7,9,1098.7196927835257,4.800000000000001,52.78917893751751,364.51585151552933,174
3939.8,9,1098.7196927835257,4.800000000000001,52.79723464599343,364.4585522238659,174
3939.9,9,1098.7196927835257,4.800000000000001,52.70141010489031,365.05732545022045,174
3940.0,9,1098.7196927835257,4.800000000000001,52.720588628346064,364.9316958432473,174
3940.1,9,1098.7196927835257,5.6000000000000005,52.73437937387804,364.83928107029993,174
3940.2,9,1098.7196927835257,5.6000000000000005,52.74179364315646,365.1037007908876,174
3940.3,9,1098.7196927835257,5.6000000000000005,52.74068821205053,365.1210173572357,174
3940.4,9,1098.7196927835257,5.6000000000000005,52.75476852733875,365.0269670281756,174
3940.5,9,1098.7196927835257,5.6000000000000005,52.76543021526241,364.9594575608937,174
3940.6,9,1098.7196927835257,5.6000000000000005,52.799742591861104,364.7121647334459,174
3940.7,9,1098.7196927835257,5.6000000000000005,52.931967412830346,363.7639827687645,174
3940.8,9,1098.7196927835257,5.6000000000000005,52.932666421010026,363.7712770671276,174
3940.9,9,1098.7196927835257,5.6000000000000005,52.94254485921078,363.69674263203365,174
3941.0,9,1098.7196927835257,5.6000000000000005,52.948506472269976,363.65882359515786,174
3941.1,9,1098.7196927835257,5.6000000000000005,52.96445737566716,363.55482246328813,174
3941.2,9,1098.7196927835257,5.6000000000000005,52.98073377227938,363.4456137208404,174
3941.3,9,1098.7196927835257,5.6000000000000005,53.000140553945094,363.31535649670536,174
3941.4,9,1098.7196927835257,5.6000000000000005,53.01477902185188,363.2191718479586,174
3941.5,9,1098.7196927835257,5.6000000000000005,53.036935576184995,363.06812647282527,174
3941.6,9,1098.7196927835257,5.6000000000000005,53.05197469343114,362.97336767022273,174
3941.7,9,1098.7196927835257,5.6000000000000005,53.10575362487119,362.62987093959475,174
3941.8,9,1098.7196927835257,5.6000000000000005,53.106322819141155,362.6442509201521,174
3941.9,9,1098.7196927835257,4.800000000000001,53.12090979216273,362.5333881378074,174
3942.0,9,1098.7196927835257,4.800000000000001,53.06960015394229,363.0015085875969,174
3942.1,9,1098.7196927835257,4.800000000000001,53.07938671119015,362.9381196449139,174
3942.2,9,1098.7196927835257,4.800000000000001,53.098895843937285,362.795787024279,174
3942.3,9,1098.7196927835257,4.800000000000001,53.110842226556926,362.7081297849105,174
3942.4,9,1098.7196927835257,4.800000000000001,53.120733669189676,362.6494056367532,174
3942.5,9,1098.7196927835257,4.800000000000001,53.152662051138876,362.42357798330625,174
3942.6,9,1098.7196927835257,4.800000000000001,53.15840211469822,362.3898396484567,174
3942.7,9,1098.7196927835257,4.800000000000001,53.1601758788259,362.3852679430267,174
3942.8,9,1098.7196927835257,4.800000000000001,53.19031996112891,362.17924074596897,174
3942.9,9,1098.7196927835257,4.0,53.215961488115504,361.9993122906005,174
3943.0,9,1098.7196927835257,4.0,53.23712592982168,361.8598706357329,174
3943.1,9,1098.7196927835257,4.0,53.24792147148521,361.79915202277766,174
3943.2,9,1098.7196927835257,4.0,53.269694478787756,361.654291646802,174
3943.3,9,1098.7196927835257,4.0,53.2724298500275,361.6368674407204,174
3943.4,9,1098.7196927835257,4.0,53.342279178658714,361.1310561582788,174
3943.5,9,1098.7196927835257,4.800000000000001,53.366188173941595,360.972875390783,174
3943.6,9,1098.7196927835257,4.800000000000001,53.37807542118222,360.8906304177939,174
3943.7,9,1098.7196927835257,4.800000000000001,53.40336433167357,360.7193045753569,174
3943.8,9,1098.7196927835257,4.800000000000001,53.3976888999714,360.76785959715403,174
3943.9,9,1098.7196927835257,4.800000000000001,53.41327490998756,360.68042561638697,174
3944.0,9,1098.7196927835257,4.800000000000001,53.43224687989857,360.5503833500867,174
3944.1,9,1098.7196927835257,4.0,53.479572885214694,360.24084738733774,174
3944.2,9,1098.7196927835257,4.0,53.509156130464646,360.0410588667677,174
3944.3,9,1098.7196927835257,4.0,53.52806276831687,359.91350998553173,174
3944.4,9,1098.7196927835257,4.0,53.5536327653809,359.73989458959267,174
3944.5,9,1098.7196927835257,4.0,53.5677638683558,359.65382101519936,174
3944.6,9,1098.7196927835257,4.0,53.58954928060707,359.5134678235825,174
3944.7,9,1098.7196927835257,4.0,53.61632013801291,359.3420156653715,174
3944.8,9,1098.7196927835257,4.0,53.64471695639619,359.14591153356787,174
3944.9,9,1098.7196927835257,4.0,53.64794175891128,359.1344595608194,174
3945.0,9,1098.7196927835257,4.0,53.66541968246493,359.01736240537275,174
3945.1,9,1098.7196927835257,4.0,53.68268832857163,358.9058345802831,174
3945.2,9,1098.7196927835257,4.0,53.68407228054426,358.90686178598975,174
3945.3,9,1098.7196927835257,4.0,53.698672854719035,358.8159130216898,174
3945.4,9,1098.7196927835257,4.0,53.703864786765976,358.80084920723846,174
3945.5,9,1098.7196927835257,4.0,53.71711268272701,358.7202267821608,174
3945.6,9,1098.7196927835257,4.0,53.74067677728981,358.5604693032644,174
3945.7,9,1098.7196927835257,4.0,53.74868566576248,358.5181609850441,174
3945.8,9,1098.7196927835257,4.0,53.74231589707165,358.5741986190019,174
3945.9,9,1098.7196927835257,4.0,53.76693048330794,358.4106203858281,174
3946.0,11,1098.7196927835257,3.2,53.77670181300235,358.3499518279587,174
3946.1,11,1099.1430664374561,5.4,53.7836323453935,358.3184132902186,175
3946.2,11,1099.1430664374561,-100.0,53.7388915232782,358.5502202308591,175
3946.3,11,1099.1430664374561,5.4,53.76349822907285,358.38219496249883,175
3946.4,11,1099.1430664374561,5.4,53.77728933888324,358.30052300109793,175
3946.5,11,1099.1430664374561,5.4,53.80304361978,358.1326395026357,175
3946.6,11,1099.1430664374561,5.4,53.82543984884856,357.9916366799111,175
3946.7,11,1099.1430664374561,5.4,53.83686760740003,357.9354520894234,175
3946.8,11,1099.1430664374561,5.4,53.84739711376238,357.87417656867876,175
3946.9,11,1099.1430664374561,5.4,53.87742835744125,357.6715703357828,175
3947.0,11,1099.1430664374561,5.4,53.89544136829194,357.5646073676594,175
3947.1,11,1099.1430664374561,5.4,53.89222928151744,357.597667702902,175
3947.2,11,1099.1430664374561,4.5,53.919821108669524,357.4192919752743,175
3947.3,11,1099.1430664374561,4.5,53.93446927572491,357.32246001913927,175
3947.4,11,1099.1430664374561,4.5,53.94734069734248,357.2348755219698,175
3947.5,11,1099.1430664374561,4.5,53.94845440975793,357.2506691817123,175
3947.6,11,1099.1430664374561,4.5,53.97539449762386,357.07394588552654,175
3947.7,11,1099.1430664374561,4.5,53.85516988592487,357.9440613306665,175
3947.8,11,1099.1430664374561,4.5,53.86303592980026,357.91452193711234,175
3947.9,11,1099.1430664374561,4.5,53.867124562848254,357.8974579396063,175
3948.0,11,1099.1430664374561,4.5,53.87844011052703,357.8366799665482,175
3948.1,11,1099.1430664374561,4.5,53.886236174003685,357.80239064884233,175
3948.2,11,1099.1430664374561,4.5,53.90222841582923,357.7009810952918,175
3948.3,11,1099.1430664374561,4.5,53.811439260809635,358.23124147074464,175
3948.4,11,1099.1430664374561,3.6,53.836162983908295,358.06867668336866,175
3948.5,11,1099.1430664374561,3.6,53.85033891152841,357.99454824024247,175
3948.6,11,1099.1430664374561,4.5,53.89269297668066,357.73828494372225,175
3948.7,11,1099.1430664374561,4.5,53.910988096577086,357.615353232464,175
3948.8,11,1099.1430664374561,4.5,53.92297309430401,357.56038158403976,175
3948.9,11,1099.1430664374561,4.5,53.93563295439994,357.4887160719859,175
3949.0,11,1099.1430664374561,4.5,53.95678971877719,357.36173670096537,175
3949.1,11,1099.1430664374561,4.5,53.98072277701565,357.2171169837529,175
3949.2,11,1099.1430664374561,4.5,53.98161321951815,357.2384039728644,175
3949.3,11,1099.1430664374561,4.5,53.999524627791686,357.12351822145354,175
3949.4,11,1099.1430664374561,4.5,54.016302468440756,357.0251121857352,175
3949.5,9,1099.1430664374561,4.5,54.0208841510846,357.030018454006,175
3949.6,9,1099.1430664374561,4.0,54.03605601980942,356.9359680067279,175
3949.7,9,1099.1430664374561,4.0,54.0644187675438,356.75819652597545,175
3949.8,9,1099.1430664374561,4.0,54.07932985868689,356.66864082439156,175
3949.9,9,1099.1430664374561,4.0,54.09966787015939,356.5469434340858,175
3950.0,11,1099.5658649486822,3.2,54.13500818329189,356.32588382703824,176
3950.1,11,1099.5658649486822,-100.0,54.13480196553808,356.3439160611234,176
3950.2,11,1099.5658649486822,5.4,54.14795111403677,356.27167962172825,176
3950.3,11,1099.5658649486822,5.4,54.173992242986415,356.10521036541525,176
3950.4,11,1099.5658649486822,5.4,54.19535604855891,355.9778347796564,176
3950.5,11,1099.5658649486822,5.4,54.22173468421536,355.81812413709616,176
3950.6,11,1099.5658649486822,5.4,54.22826358170126,355.7956909868492,176
3950.7,11,1099.5658649486822,5.4,54.244490011014705,355.7057138602594,176
3950.8,11,1099.5658649486822,5.4,54.25570101510773,355.6544177182352,176
3950.9,11,1099.5658649486822,5.4,54.27327611732903,355.5445912138858,176
3951.0,11,1099.5658649486822,5.4,54.28088784680399,355.5110149480637,176
3951.1,11,1099.5658649486822,5.4,54.296227859987624,355.4254871580956,176
3951.2,11,1099.5658649486822,5.4,54.3160159397122,355.3116632630557,176
3951.3,11,1099.5658649486822,5.4,54.32884933307247,355.25622451224285,176
3951.4,11,1099.5658649486822,4.5,54.341156748798035,355.1940620370163,176
3951.5,11,1099.5658649486822,4.5,54.37206022016888,355.0011617053053,176
3951.6,11,1099.5658649486822,4.5,54.40616550945873,354.8019477995911,176
3951.7,11,1099.5658649486822,4.5,54.436051842257086,354.61096866438885,176
3951.8,11,1099.5658649486822,4.5,54.46361174979313,354.44058164124357,176
3951.9,11,1099.5658649486822,5.4,54.496715732732476,354.24070038863204,176
3952.0,11,1099.5658649486822,5.4,54.43932535653959,354.5408599748191,176
3952.1,11,1099.5658649486822,5.4,54.46475865108505,354.37915790297785,176
3952.2,11,1099.5658649486822,5.4,54.48249297637433,354.2772228097534,176
3952.3,11,1099.5658649486822,5.4,54.51982422328754,354.0439089705317,176
3952.4,11,1099.5658649486822,4.5,54.55072840151006,353.8602661856647,176
3952.5,11,1099.5658649486822,4.5,54.35139947782973,355.41778028219414,176
3952.6,11,1099.9884561389147,4.5,54.37396470577197,355.28675329328746,177
3952.7,11,1099.9884561389147,-100.0,54.424708354076344,354.9567025040687,177
3952.8,11,1099.9884561389147,4.5,54.32281624695557,355.5246356498411,177
3952.9,11,1099.9884561389147,4.5,54.361028435885345,355.28564961772554,177
3953.0,11,1099.9884561389147,4.5,54.38482344324515,355.13791510846164,177
3953.1,11,1099.9884561389147,4.5,54.428463006697555,354.8656027268928,177
3953.2,11,1099.9884561389147,4.5,54.45268314810538,354.71187656808263,177
3953.3,11,1099.9884561389147,4.5,54.48080751558172,354.5427431995668,177
3953.4,11,1099.9884561389147,4.5,54.513606440920654,354.3424277722309,177
3953.5,11,1099.9884561389147,4.5,54.549928482753884,354.1254985288522,177
3953.6,11,1099.9884561389147,3.6,54.57672343464845,353.9602664849457,177
3953.7,11,1099.9884561389147,3.6,54.60709770116098,353.77186877143595,177
3953.8,11,1099.9884561389147,3.6,54.63310165108663,353.6245243889264,177
3953.9,11,1099.9884561389147,3.6,54.66409793235691,353.4178988928434,177
3954.0,11,1099.9884561389147,4.5,54.55186570036017,354.0368926374539,177
3954.1,11,1099.9884561389147,4.5,54.58485373508701,353.8284625423038,177
3954.2,11,1099.9884561389147,4.5,54.6597860056156,353.40873431106223,177
3954.3,11,1099.9884561389147,4.5,54.67219979113547,353.36097281524025,177
3954.4,11,1099.9884561389147,4.5,54.68422332579718,353.29649777797425,177
3954.5,11,1099.9884561389147,4.5,54.71485010046837,353.1193917124806,177
3954.6,11,1099.9884561389147,4.5,54.741651693741346,352.9611684787159,177
3954.7,11,1099.9884561389147,4.5,54.76160561092978,352.8465592410241,177
3954.8,11,1099.9884561389147,4.5,54.786392950774875,352.68985132860985,177
3954.9,11,1099.9884561389147,4.5,54.80520313274056,352.5861086292907,177
3955.0,11,1099.9884561389147,4.5,54.82670861523466,352.4520919944049,177
3955.1,11,1099.9884561389147,4.5,54.84863265674369,352.31946794046087,177
3955.2,11,1099.9884561389147,4.5,54.866032297042736,352.22432261284905,177
3955.3,11,1099.9884561389147,4.5,54.885275219734396,352.11731321335844,177
3955.4,11,1100.4105589279866,4.5,54.90302141271151,352.0125471472812,178
3955.5,11,1100.4105589279866,-100.0,54.926884147564465,351.86234163068866,178
3955.6,11,1100.4105589279866,3.6,54.95868122669494,351.6656503760332,178
3955.7,11,1100.4105589279866,3.6,54.98107749506953,351.5194604426026,178
3955.8,11,1100.4105589279866,3.6,54.99770801083204,351.41348495324513,178
3955.9,11,1100.4105589279866,3.6,55.02889630872025,351.21554897747,178
3956.0,11,1100.4105589279866,3.6,55.04940502054235,351.0808720988632,178
3956.1,11,1100.4105589279866,3.6,55.05877215703268,351.0249479101102,178
3956.2,11,1100.4105589279866,3.6,55.08880830895991,350.826683274727,178
3956.3,11,1100.4105589279866,3.6,55.11549371294687,350.6639057983009,178
3956.4,11,1100.4105589279866,3.6,55.13197042165278,350.562326226292,178
3956.5,11,1100.4105589279866,3.6,55.167246697283844,350.3672304532895,178
3956.6,11,1100.4105589279866,3.6,55.18065447432552,350.2960973678373,178
3956.7,11,1100.4105589279866,3.6,55.182841009214755,350.27683427002205,178
3956.8,11,1100.4105589279866,3.6,55.19498297320747,350.2141629506297,178
3956.9,11,1100.4105589279866,3.6,55.21169210364849,350.10817366614697,178
3957.0,11,1100.4105589279866,3.6,55.2220537982265,350.05314906076984,178
3957.1,11,1100.4105589279866,3.6,55.23562762226395,349.9664522359741,178
3957.2,11,1100.4105589279866,3.6,55.24728223528213,349.9039264621045,178
3957.3,11,1100.4105589279866,3.6,55.25200174280988,349.87800841976116,178
3957.4,11,1100.4105589279866,3.6,55.27110508781869,349.7700806415117,178
3957.5,11,1100.4105589279866,3.6,55.27893261041193,349.733968346539,178
3957.6,11,1100.4105589279866,3.6,55.287293129836414,349.6801640604723,178
3957.7,11,1100.4105589279866,3.6,55.295499072205914,349.63322986234925,178
3957.8,11,1100.4105589279866,3.6,55.312363802113154,349.52357741547235,178
3957.9,11,1100.4105589279866,3.6,55.32757065858863,349.42817626778384,178
3958.0,11,1100.8325173719659,3.6,55.340961414756364,349.3577667660226,179
3958.1,9,1100.9915061205065,-100.0,55.16026761494352,350.33066659179474,179
3958.2,11,1100.9915061205065,3.2,55.16091237454073,350.33636320756517,179
3958.3,11,1100.9915061205065,3.6,55.162966744567086,350.3359484103572,179
3958.4,11,1100.9915061205065,3.6,55.1625784891567,350.34683981532953,179
3958.5,9,1101.1204959251631,2.7,55.17062401384645,350.3207747113921,179
3958.6,9,1101.1204959251631,3.2,55.183412110192954,350.2448510927526,179
3958.7,9,1101.1204959251631,3.2,55.172281035181115,350.32805496868735,179
3958.8,9,1101.1204959251631,3.2,55.201373340302965,350.1214758910812,179
3958.9,9,1101.1204959251631,3.2,55.19816206483621,350.1763653307101,179
3959.0,9,1101.1204959251631,3.2,55.19983026695431,350.1683055734645,179
3959.1,9,1101.1204959251631,3.2,55.15947136826021,350.4182470824767,179
3959.2,9,1101.1204959251631,3.2,55.15603030220814,350.45954473444533,179
3959.3,9,1101.1204959251631,3.2,55.03000280526909,351.16696081053703,179
3959.4,9,1101.1204959251631,3.2,55.01599132255741,351.2743161249034,179
3959.5,9,1101.1204959251631,3.2,54.99710918474162,351.4191744252187,179
3959.6,11,1101.1204959251631,2.4000000000000004,54.9924393321767,351.46991193150075,179
3959.7,11,1101.1204959251631,3.6,54.970895618647816,351.64972105644813,179
3959.8,11,1101.1204959251631,3.6,54.96243733599164,351.72111611079913,179
3959.9,11,1101.1204959251631,2.7,54.94259457917387,351.8879151440833,179
3960.0,11,1101.1204959251631,2.7,54.93159674680946,351.97240897328277,179
3960.1,11,1101.1204959251631,2.7,54.926687407282145,352.02945499091965,179
3960.2,11,1101.1204959251631,2.7,54.926011636845644,352.04722076077235,179
3960.3,11,1101.1204959251631,2.7,54.92049899178918,352.09346973330696,179
3960.4,7,1101.750505421687,2.7,54.864995445908775,352.2810970314379,180
3960.5,7,1101.750505421687,-100.0,54.86135116425431,352.31774799287444,180
3960.6,7,1101.750505421687,4.199999999999999,54.858152064214266,352.33620662108433,180
3960.7,11,1101.750505421687,4.199999999999999,54.85557771708914,352.36744387405383,180
3960.8,11,1101.750505421687,3.6,54.8427922554652,352.46895506484657,180
3960.9,11,1101.750505421687,3.6,54.84514322270274,352.45614666991287,180
3961.0,11,1101.750505421687,3.6,54.83300189129852,352.55050077953206,180
3961.1,11,1101.750505421687,3.6,54.81906296889818,352.6355592766131,180
3961.2,11,1101.750505421687,3.6,54.81880067287802,352.65168190261676,180
3961.3,11,1101.750505421687,3.6,54.82371142513631,352.6318800320588,180
3961.4,11,1101.750505421687,3.6,54.81876584363123,352.6727122525263,180
3961.5,11,1101.750505421687,3.6,54.70153560900681,353.5753404190838,180
3961.6,11,1101.750505421687,3.6,54.69272990932471,353.63296650135976,180
3961.7,11,1101.750505421687,3.6,54.539639704030236,354.4753856996888,180
3961.8,11,1101.750505421687,3.6,54.533188152545165,354.53302478058094,180
3961.9,5,1101.1013394650558,2.7,54.532678440276094,354.54078240194957,180
3962.0,5,1101.1013394650558,2.5,54.52731746532381,354.59144411182257,180
3962.1,5,1101.1013394650558,2.5,54.45520491893127,354.995488426097,180
3962.2,5,1101.1013394650558,2.5,54.44946471958529,355.0473735139235,180
3962.3,5,1101.1013394650558,2.5,54.42765537960055,355.1918289635096,180
3962.4,5,1101.1013394650558,2.5,54.40066029470566,355.374079839227,180
3962.5,5,1101.1013394650558,2.5,54.23538679258789,356.65121093953235,180
3962.6,5,1101.1013394650558,2.5,54.20879036164068,356.82358087756177,180
3962.7,5,1101.1013394650558,2.5,54.179623091085325,357.03769164016313,180
3962.8,5,1101.1013394650558,2.5,54.14908902188489,357.2424022709581,180
3962.9,5,1101.1013394650558,2.5,54.12731351003029,357.38700890358086,180
3963.0,5,1101.1013394650558,2.5,54.08977031046186,357.6567142504681,180
3963.1,5,1101.1013394650558,2.5,54.066755455826225,357.8095716389913,180
3963.2,5,1101.1013394650558,2.5,54.04101937254085,358.00608168141446,180
3963.3,5,1101.1013394650558,2.5,54.01053519160662,358.20693138913873,180
3963.4,5,1101.1013394650558,2.5,53.97893885707133,358.4295929963755,180
3963.5,5,1101.1013394650558,2.5,53.94113322488076,358.6846808799615,180
3963.6,5,1101.1013394650558,2.5,53.90180959831481,358.959037098743,180
3963.7,5,1101.1013394650558,2.5,53.865753626344926,359.2037637476518,180
3963.8,5,1101.1013394650558,2.5,53.822806994453316,359.5044639739633,180
3963.9,5,1101.1013394650558,2.5,53.83588282505855,359.37338351694643,180
3964.0,5,1101.1013394650558,2.5,53.79870352321174,359.6262139633744,180
3964.1,5,1101.1013394650558,2.5,53.71076394416832,360.18154230334227,180
3964.2,5,1101.1013394650558,2.5,53.66419053959001,360.502060750247,180
3964.3,9,1101.1013394650558,2.0,53.62615153891204,360.7782602252832,180
3964.4,5,1101.1013394650558,3.2,53.57792086998967,361.11572712288836,180
3964.5,5,1101.1013394650558,2.0,53.33057234957279,363.07509523844453,180
3964.6,5,1101.1013394650558,2.0,53.281109043332535,363.4326857235692,180
3964.7,5,1101.1013394650558,2.0,53.23212244464516,363.78676454224126,180
3964.8,5,1101.1013394650558,2.0,53.183453088866514,364.136981260074,180
3964.9,5,1101.1013394650558,2.0,53.14459199118211,364.42460617946006,180
3965.0,5,1101.1013394650558,2.0,53.09329583136169,364.8007110683523,180
3965.1,5,1101.1013394650558,2.0,53.0418641983466,365.18172277153155,180
3965.2,5,1101.1013394650558,2.0,53.004560713793246,365.4725310127415,180
3965.3,5,1101.1013394650558,2.0,52.96538292756735,365.76868316999605,180
3965.4,5,1101.1013394650558,2.0,52.924587821037065,366.0605426090191,180
3965.5,5,1101.1013394650558,2.0,52.874729362662265,366.4272403052352,180
3965.6,5,1101.1013394650558,2.0,52.83189991597004,366.75785821403156,180
3965.7,5,1101.1013394650558,2.0,52.79323711189929,367.04917664832817,180
3965.8,8,1101.1745373835877,2.0,52.75958700315188,367.30148597232176,180
3965.9,5,1101.5926205246765,2.8,52.729285279476656,367.513131225392,181
3966.0,9,1101.5926205246765,-100.0,52.67477293136587,367.91353713249146,181
3966.1,9,1101.5926205246765,3.2,52.59404503984112,368.07883784441975,181
3966.2,9,1101.5926205246765,3.2,52.53997037860798,368.47395345313123,181
3966.3,9,1101.5926205246765,3.2,52.50169075611939,368.74758421264784,181
3966.4,9,1101.5926205246765,3.2,52.44778218785824,369.1370237220071,181
3966.5,9,1101.5926205246765,3.2,52.40657915982271,369.43877324336574,181
3966.6,9,1101.5926205246765,3.2,52.3616458986338,369.7683458412357,181
3966.7,9,1101.5926205246765,3.2,52.36545709882517,369.67792716116,181
3966.8,9,1101.5926205246765,3.2,52.31475619843894,370.0599139520445,181
3966.9,9,1101.5926205246765,3.2,52.28704940727669,370.27569026568176,181
3967.0,9,1101.5926205246765,3.2,52.24597412598484,370.58005864777726,181
3967.1,9,1101.5926205246765,3.2,52.20761028936073,370.88197640799933,181
3967.2,9,1101.5926205246765,3.2,52.16608850870706,371.19434374062814,181
3967.3,9,1101.5926205246765,3.2,52.10579069674158,371.6119693352398,181
3967.4,9,1101.5926205246765,3.2,52.07956570757099,371.81816017009635,181
3967.5,9,1101.5926205246765,3.2,52.043074453929826,372.1039051150918,181
3967.6,9,1101.5926205246765,3.2,52.004462702747446,372.38987988210846,181
3967.7,5,1101.5926205246765,3.2,51.96592519687566,372.6830473821395,181
3967.8,5,1101.5926205246765,1.5,51.927360045280395,372.97007162580803,181
3967.9,9,1101.5926205246765,1.5,51.88834349879759,373.26653709362233,181
3968.0,9,1101.5926205246765,4.0,51.85933355312066,373.47911546670457,181
3968.1,9,1101.5926205246765,4.0,51.922448199081174,372.7028221707576,181
3968.2,9,1101.5926205246765,4.0,51.90298072420647,372.8496819012189,181
3968.3,9,1101.5926205246765,4.0,51.876669935784065,373.042466749463,181
3968.4,9,1101.5926205246765,4.0,51.84809295626724,373.2634282319864,181
3968.5,9,1101.5926205246765,4.0,51.81875058214243,373.4854997666031,181
3968.6,9,1101.5926205246765,4.0,51.79459833222626,373.67745942092614,181
3968.7,9,1101.5926205246765,4.0,51.757136676975165,373.96338427228216,181
3968.8,9,1102.0103848527174,4.0,51.57449555778605,375.130184253789,182
3968.9,9,1102.0103848527174,-100.0,51.54128396589503,375.37749823869956,182
3969.0,11,1102.0103848527174,3.2,51.51968748977552,375.57568674675696,182
3969.1,11,1102.0103848527174,3.6,51.5003321629374,375.73713973177007,182
3969.2,9,1102.0103848527174,2.7,51.491876835551224,375.818262346444,182
3969.3,9,1102.0103848527174,3.2,51.48479472413014,375.90135902770885,182
3969.4,9,1102.0103848527174,3.2,51.48136600655928,375.9368707016291,182
3969.5,9,1102.0103848527174,3.2,51.475378973896746,376.0109810721293,182
3969.6,9,1102.0103848527174,3.2,51.527977733819306,375.58375877376136,182
3969.7,9,1102.0103848527174,3.2,51.52132169407859,375.6591775403358,182
3969.8,9,1102.0103848527174,3.2,51.531810344912415,375.6242439346583,182
3969.9,9,1102.0103848527174,3.2,51.50611824458544,375.81259477766116,182
3970.0,9,1102.0103848527174,3.2,51.525498136581874,375.6788660896584,182
3970.1,9,1102.0103848527174,3.2,51.63598761949686,374.42743751017537,182
3970.2,9,1102.0103848527174,3.2,51.6675071587841,374.2079674260867,182
3970.3,9,1102.0103848527174,3.2,51.672164890797376,374.1985270288548,182
3970.4,12,1103.0428184028824,3.2,51.78479425330254,372.9576788347471,182
3970.5,12,1103.4227880523024,4.5,51.79929441495561,372.8540428052496,182
3970.6,12,1103.736547346522,4.5,51.81738399145386,372.7344367207294,182
3970.7,12,1103.736547346522,4.5,51.83954328330988,372.5871346640043,182
3970.8,12,1103.736547346522,4.5,51.8576761255468,372.4711021983385,182
3970.9,12,1103.736547346522,4.5,51.88767574549322,372.26717938656,182
3971.0,12,1103.736547346522,4.5,51.92195282254045,372.03471972690886,182
3971.1,12,1103.736547346522,4.5,51.96354001402598,371.75319210535474,182
3971.2,12,1103.736547346522,4.5,51.99584700862717,371.52501740527714,182
3971.3,12,1103.736547346522,4.5,52.02553863140541,371.31310208085273,182
3971.4,12,1103.736547346522,4.5,52.0548890939139,371.1089468501839,182
3971.5,9,1103.736547346522,3.6,52.08975863278273,370.87585571465473,182
3971.6,9,1103.736547346522,4.0,52.128200352278384,370.59954966632256,182
3971.7,9,1103.736547346522,4.0,52.155469129513435,370.4103083997144,182
3971.8,9,1103.736547346522,4.0,52.188181364281974,370.1923777201948,182
3971.9,9,1103.736547346522,4.0,52.21165327771655,370.02497077866724,182
3972.0,9,1103.736547346522,4.0,52.173337922458,370.315606045877,182
3972.1,9,1103.736547346522,4.0,52.19877027992772,370.1432597815269,182
3972.2,9,1103.736547346522,4.0,52.22555507575068,369.9692011334976,182
3972.3,9,1103.736547346522,4.0,52.26322775429707,369.7042681138464,182
3972.4,9,1103.736547346522,4.800000000000001,52.29168897162181,369.51173126656835,182
3972.5,9,1103.736547346522,4.800000000000001,52.34684614366071,369.09633993477667,182
3972.6,9,1103.736547346522,4.800000000000001,52.376619682146554,368.88596245113894,182
3972.7,9,1103.736547346522,4.800000000000001,52.40450471375001,368.7035070029731,182
3972.8,9,1103.736547346522,4.800000000000001,52.406163680537944,368.66793460754224,182
3972.9,9,1103.736547346522,4.800000000000001,52.43979928669063,368.447103389388,182
3973.0,9,1103.736547346522,4.800000000000001,52.45868049435955,368.3341562811189,182
3973.1,9,1103.736547346522,4.800000000000001,52.48338212976,368.197034648129,182
3973.2,9,1103.736547346522,4.800000000000001,52.509384465292214,368.03309033189953,182
3973.3,9,1103.736547346522,4.800000000000001,52.539470345371,367.8387815598827,182
3973.4,9,1103.736547346522,4.800000000000001,52.57008296030576,367.6430619223288,182
3973.5,9,1103.736547346522,4.800000000000001,52.38923319815137,369.20583342664537,182
3973.6,9,1103.736547346522,4.800000000000001,52.41300491398901,369.0662662043659,182
3973.7,9,1103.736547346522,4.800000000000001,52.45406296139599,368.7874523530203,182
3973.8,9,1103.736547346522,4.800000000000001,52.48741452916846,368.57065758171643,182
3973.9,9,1103.736547346522,4.800000000000001,52.53180294512267,368.27379448118256,182
3974.0,9,1103.736547346522,4.800000000000001,52.571820013979114,368.0242918291739,182
3974.1,9,1103.736547346522,4.800000000000001,52.60395178921753,367.8130963766871,182
3974.2,9,1103.736547346522,4.800000000000001,52.648706350324545,367.5182221663656,182
3974.3,9,1103.736547346522,4.800000000000001,52.67884587311245,367.31146683327927,182
3974.4,9,1103.736547346522,4.800000000000001,52.7058444526986,367.1457871539792,182
3974.5,9,1103.736547346522,4.800000000000001,52.74283018309252,366.9028341708374,182
3974.6,9,1103.736547346522,4.800000000000001,52.626659626134355,367.55374888433334,182
3974.7,9,1103.736547346522,4.0,52.67135032397992,367.25385220151793,182
3974.8,9,1103.736547346522,4.0,52.702584577828,367.0505616302846,182
3974.9,9,1103.736547346522,4.0,52.74786090273602,366.74332232921137,182
3975.0,9,1103.736547346522,4.0,52.77376512329883,366.5920216540047,182
3975.1,9,1103.736547346522,4.0,52.80469793567521,366.3901599577717,182
3975.2,9,1103.736547346522,4.0,52.837611270161844,366.17536713954945,182
3975.3,9,1103.736547346522,4.0,52.87575880643111,365.9096605816691,182
3975.4,9,1103.736547346522,4.0,52.91397912440647,365.6596214611699,182
3975.5,9,1103.736547346522,4.0,52.952112297545014,365.39919563094577,182
3975.6,9,1103.736547346522,4.0,52.97907685440563,365.22332246921087,182
3975.7,9,1103.736547346522,4.0,52.74148102650754,367.16043525472634,182
3975.8,9,1103.736547346522,4.0,52.772479376365354,366.9696623558917,182
3975.9,9,1103.736547346522,4.0,52.812295688984214,366.6965020556237,182
3976.0,9,1103.736547346522,4.0,52.87563841079445,366.19997433694124,182
3976.1,9,1103.736547346522,4.0,52.907798516653955,365.99308554550515,182
3976.2,9,1103.736547346522,4.0,52.950837736325816,365.6945880937677,182
3976.3,9,1103.736547346522,4.0,52.98257687028834,365.4815932290371,182
3976.4,11,1103.736547346522,3.2,53.00941684643287,365.309457939642,182
3976.5,7,1103.736547346522,3.6,53.0413241309485,365.0970754365296,182
3976.6,7,1103.736547346522,3.5,53.08880419858893,364.7621303932034,182
3976.7,7,1103.736547346522,3.5,53.13428998844092,364.45489297549716,182
3976.8,7,1103.736547346522,3.5,53.17769505763873,364.1616797897538,182
3976.9,7,1103.736547346522,3.5,53.19914047764057,364.03304877219557,182
3977.0,7,1103.736547346522,3.5,53.22825847886456,363.8489438198917,182
3977.1,7,1103.736547346522,3.5,53.25531338197352,363.67472918015545,182
3977.2,7,1103.736547346522,3.5,53.28476349707796,363.47728230614325,182
3977.3,7,1103.736547346522,3.5,53.30184527235499,363.3733945869181,182
3977.4,7,1103.736547346522,3.5,53.34186784254214,363.10757155498965,182
3977.5,7,1103.736547346522,3.5,53.3838420017088,362.8088735122807,182
3977.6,7,1103.736547346522,3.5,53.42928337514573,362.5026145959806,182
3977.7,7,1103.736547346522,3.5,53.46196128752198,362.27557251444244,182
3977.8,7,1103.736547346522,3.5,53.484535614957906,362.11944455379205,182
3977.9,7,1103.736547346522,3.5,53.515795304205895,361.9037891034276,182
3978.0,7,1103.736547346522,3.5,53.54736164840686,361.6960778015861,182
3978.1,7,1103.736547346522,3.5,53.58048382042708,361.46131576667824,182
3978.2,7,1103.736547346522,3.5,53.61709016309996,361.20983528396124,182
3978.3,7,1103.736547346522,3.5,53.643726623491496,361.0225148210445,182
3978.4,7,1103.736547346522,3.5,53.66508378330258,360.8824743937944,182
3978.5,7,1103.736547346522,3.5,53.69571607093708,360.66940781288224,182
3978.6,7,1103.736547346522,3.5,53.72006168731684,360.5032313203025,182
3978.7,7,1103.736547346522,3.5,53.71032836388924,360.52428602727105,182
3978.8,7,1103.736547346522,3.5,53.73817703593515,360.3386028183771,182
3978.9,7,1103.736547346522,3.5,53.75126572829984,359.9946204098362,182
3979.0,7,1103.736547346522,3.5,53.789331134596196,359.7205808940703,182
3979.1,7,1103.736547346522,3.5,53.82834843336518,359.44788951175076,182
3979.2,7,1103.736547346522,3.5,53.76510394863885,360.0438799794441,182
3979.3,7,1103.736547346522,3.5,53.80162099207131,359.7796752661328,182
3979.4,8,1103.8216799152046,2.8,53.83756956497692,359.51548417595615,182
3979.5,11,1103.8216799152046,3.5,53.86246831132824,359.35145184614754,182
3979.6,11,1103.8216799152046,3.6,53.903991019041264,359.05472388141106,182
3979.7,11,1103.8216799152046,3.6,53.93648877986956,358.82875913911516,182
3979.8,11,1103.8216799152046,3.6,53.9877569571255,358.47088930481834,182
3979.9,11,1103.8216799152046,3.6,54.02503254148591,358.20027824033497,182
3980.0,11,1103.8216799152046,3.6,54.07451532993582,357.8565360079441,182
3980.1,11,1103.8216799152046,3.6,54.01259590326504,358.1298489329719,182
3980.2,11,1103.8216799152046,3.6,54.06964837502468,357.73077198596565,182
3980.3,11,1103.8216799152046,3.6,54.12920280226322,357.32470893760615,182
3980.4,8,1103.8941388098442,2.7,54.17988703086071,356.9757675676057,182
3980.5,8,1103.907048498186,3.5,54.23674780683618,356.58643327827997,182
3980.6,8,1103.907048498186,3.5,54.27997847130476,356.31580164644834,182
3980.7,9,1103.907048498186,2.8,54.32521316822561,356.0033814405175,182
3980.8,9,1103.907048498186,4.0,54.36548799606824,355.7504743326871,182
3980.9,9,1103.907048498186,4.0,54.411430373258725,355.4454931885483,182
3981.0,11,1103.907048498186,3.2,54.36199073947286,355.8802274047937,182
3981.1,11,1103.907048498186,3.6,54.41143166049362,355.553406649739,182
3981.2,11,1103.907048498186,3.6,54.457938504749876,355.2505531151353,182
3981.3,11,1103.907048498186,3.6,54.49745089312873,354.9958662413284,182
3981.4,11,1103.907048498186,3.6,54.54095265975974,354.70858209258745,182
3981.5,11,1103.907048498186,3.6,54.58353128485743,354.4328480425055,182
3981.6,11,1103.907048498186,3.6,54.57940214231746,354.41593276370486,182
3981.7,11,1103.907048498186,3.6,54.63520985506665,354.04388513035076,182
3981.8,11,1103.907048498186,3.6,54.67428016821499,353.79662874589883,182
3981.9,11,1103.907048498186,3.6,54.71520013095663,353.52129504466245,182
3982.0,11,1103.907048498186,3.6,54.62261751481125,353.9872561618555,182
3982.1,11,1103.907048498186,3.6,54.66474693557605,353.71667543401435,182
3982.2,11,1103.907048498186,3.6,54.7034072750844,353.46511779465015,182
3982.3,11,1103.907048498186,3.6,54.74959001761366,353.17065137782515,182
3982.4,11,1103.907048498186,3.6,54.79738757261326,352.85273420439347,182
3982.5,11,1103.907048498186,3.6,54.83091304049405,352.65437210602045,182
3982.6,11,1103.907048498186,3.6,54.88353140007479,352.2914997062512,182
3982.7,11,1103.907048498186,3.6,54.91315956794246,352.1222546492685,182
3982.8,11,1103.907048498186,3.6,54.965465918669246,351.7714440896291,182
3982.9,11,1103.907048498186,3.6,55.0027716606571,351.54235290259805,182
3983.0,11,1103.907048498186,3.6,55.05324212802385,351.2100953565246,182
3983.1,11,1103.907048498186,3.6,54.96719691681494,351.62778293048996,182
3983.2,11,1103.907048498186,3.6,55.01052804289334,351.34895726919166,182
3983.3,11,1103.907048498186,3.6,55.04001055301863,351.1786791077169,182
3983.4,11,1103.907048498186,3.6,55.09027100369974,350.84883439600986,182
3983.5,11,1103.907048498186,3.6,55.12324101819972,350.649501546403,182
3983.6,11,1103.907048498186,3.6,55.15948313730705,350.41694073936947,182
3983.7,11,1103.907048498186,3.6,55.19771759315394,350.1807443483127,182
3983.8,11,1103.907048498186,3.6,55.23980021324422,349.9010303909223,182
3983.9,11,1103.907048498186,3.6,55.433942833763304,348.5091885124216,182
3984.0,11,1103.907048498186,4.5,55.45618996174794,348.36758897754993,182
3984.1,11,1103.907048498186,4.5,55.470638108178335,348.2856813795606,182
3984.2,11,1103.907048498186,4.5,55.49301783225239,348.1506974202879,182
3984.3,11,1103.907048498186,4.5,55.47947306906906,348.20639715283085,182
3984.4,11,1103.907048498186,4.5,55.39181430893806,348.65532813251104,182
3984.5,11,1103.907048498186,4.5,55.40533542024288,348.5810706314718,182
3984.6,11,1103.907048498186,4.5,55.42360068584847,348.4809535436024,182
3984.7,11,1103.907048498186,4.5,55.44111971216225,348.3812356225545,182
3984.8,11,1103.907048498186,4.5,55.45093106518274,348.33382289785453,182
3984.9,11,1103.907048498186,4.5,55.46455378672966,348.27587205836306,182
3985.0,11,1103.907048498186,5.4,55.491278130656795,348.1105558746643,182
3985.1,11,1103.907048498186,4.5,55.51477573590118,347.9668990726185,182
3985.2,11,1103.907048498186,4.5,55.522529779820935,347.9386694559917,182
3985.3,11,1103.907048498186,4.5,55.534187804805455,347.8782367099992,182
3985.4,11,1103.907048498186,4.5,55.55997256105499,347.7238379452537,182
3985.5,11,1103.907048498186,4.5,55.558977587942124,347.7501979252829,182
3985.6,11,1103.907048498186,4.5,55.58293557209684,347.6061863791838,182
3985.7,11,1103.907048498186,4.5,55.58774313786516,347.59487253486077,182
3985.8,11,1103.907048498186,4.5,55.555308858338364,347.72068710783515,182
3985.9,11,1103.907048498186,4.5,55.57523713563788,347.60226376190644,182
3986.0,11,1103.907048498186,4.5,55.58171715504996,347.57467536355887,182
3986.1,11,1103.907048498186,4.5,55.59944007837024,347.4722555422856,182
3986.2,11,1103.907048498186,4.5,55.60853208218459,347.4355651858054,182
3986.3,11,1103.907048498186,4.5,55.624515583010094,347.33872169205796,182
3986.4,11,1103.907048498186,4.5,55.6215584340636,347.3838556130259,182
3986.5,11,1103.907048498186,4.5,55.635846506624446,347.3064863343723,182
3986.6,11,1103.907048498186,4.5,55.6405664532278,347.2828943504435,182
3986.7,11,1103.907048498186,4.5,55.64603680350768,347.2663784465711,182
3986.8,11,1103.907048498186,3.6,55.64402310071913,347.2944954885619,182
3986.9,11,1103.907048498186,3.6,55.63849486708024,347.3479719208276,182
3987.0,11,1103.907048498186,3.6,55.65451836011771,347.25943857548384,182
3987.1,11,1103.907048498186,3.6,55.65733692161341,347.2478908414938,182
3987.2,11,1103.907048498186,3.6,55.63085749387862,347.39374677228636,182
3987.3,11,1103.907048498186,3.6,55.72028520301534,346.63680041254486,182
3987.4,11,1103.907048498186,3.6,55.726363062373295,346.6113926726671,182
3987.5,11,1103.907048498186,3.6,55.72752139631304,346.61770508826885,182
3987.6,11,1103.907048498186,3.6,55.73913753723275,346.5479807844334,182
3987.7,11,1103.907048498186,3.6,55.749428577874625,346.476054524869,182
3987.8,11,1103.907048498186,3.6,55.76154150242198,346.3979428986528,182
3987.9,11,1103.907048498186,3.6,55.77098395706274,346.3386821669217,182
3988.0,11,1103.907048498186,3.6,55.78363705468581,346.256763563105,182
3988.1,9,1103.907048498186,3.6,55.797388881045514,346.1658074090549,182
3988.2,9,1103.907048498186,4.0,55.81753384556232,346.0386111226653,182
3988.3,9,1103.907048498186,4.0,55.84242111497275,345.8671588625556,182
3988.4,9,1103.907048498186,4.0,55.868201196759784,345.7009733696435,182
3988.5,9,1103.907048498186,4.0,55.790005080014495,346.084607318288,182
3988.6,9,1103.907048498186,4.0,55.792071641315246,346.0814108736064,182
3988.7,9,1103.907048498186,4.0,55.81212075594219,345.9585616969423,182
3988.8,9,1103.907048498186,4.0,55.832823238084565,345.82605744546674,182
3988.9,9,1103.907048498186,4.0,55.867152495145575,345.5989953536314,182
3989.0,9,1103.907048498186,4.0,55.88934366931427,345.441149423066,182
3989.1,9,1103.907048498186,4.0,55.91876767610175,345.2572415435551,182
3989.2,9,1103.907048498186,4.0,55.93761282435291,345.1257963912229,182
3989.3,9,1103.907048498186,4.0,55.96516220663429,344.94059841418874,182
3989.4,9,1103.907048498186,4.0,55.98196861564099,344.8292159584521,182
3989.5,9,1103.907048498186,4.0,55.93857445015795,345.1120456682431,182
3989.6,9,1103.907048498186,4.0,55.9564983612276,345.00041903474306,182
3989.7,9,1103.907048498186,4.0,55.98993394357037,344.7830596153793,182
3989.8,11,1103.907048498186,3.2,56.01231486708845,344.646545298213,182
3989.9,11,1103.907048498186,3.6,56.03454352982059,344.4993779637937,182
3990.0,11,1104.321258733122,3.6,56.03042147187013,344.4869426844093,183
3990.1,9,1104.321258733122,-100.0,56.054219260260226,344.33431426888404,183
3990.2,11,1104.321258733122,3.2,56.06181691439048,344.2837225339533,183
3990.3,11,1104.321258733122,3.6,56.06874852598918,344.2435390589901,183
3990.4,11,1104.321258733122,3.6,56.07447577589317,344.2069197366252,183
3990.5,11,1104.321258733122,3.6,56.08122718614422,344.1662556123025,183
3990.6,11,1104.321258733122,3.6,56.05404035105251,344.3780234161991,183
3990.7,11,1104.321258733122,3.6,56.080913118121615,344.20353958560815,183
3990.8,11,1104.321258733122,3.6,56.09992083034372,344.0719682321146,183
3990.9,11,1104.321258733122,4.5,56.10756874030774,344.02371655173647,183
3991.0,11,1104.321258733122,4.5,56.12041101846839,343.93097870367393,183
3991.1,11,1104.321258733122,4.5,56.13634677473594,343.8194327393322,183
3991.2,11,1104.321258733122,4.5,56.158301909493574,343.6736522828693,183
3991.3,11,1104.321258733122,4.5,56.16930283666596,343.5924211511426,183
3991.4,11,1104.321258733122,4.5,56.187385859622026,343.4663497356187,183
3991.5,11,1104.321258733122,3.6,56.216615894183235,343.27552468850064,183
3991.6,11,1104.321258733122,3.6,56.232235654830745,343.1749533479336,183
3991.7,11,1104.321258733122,3.6,56.18537656610992,343.5165708389263,183
3991.8,11,1104.321258733122,3.6,56.19764517348687,343.41730285121974,183
3991.9,11,1104.321258733122,3.6,56.22210173978057,343.26141675011183,183
3992.0,11,1104.321258733122,3.6,56.24700857496238,343.09504060721486,183
3992.1,11,1104.321258733122,3.6,56.26326275245043,342.9829795106949,183
3992.2,11,1104.321258733122,3.6,56.30260436965786,342.70507245316975,183
3992.3,11,1104.321258733122,3.6,56.32412746052251,342.5725886465771,183
3992.4,11,1104.321258733122,3.6,56.333420538988406,342.5116011214656,183
3992.5,11,1104.321258733122,3.6,56.32980530721445,342.4910050864807,183
3992.6,11,1104.321258733122,3.6,56.33706812148863,342.4478399250685,183
3992.7,11,1104.321258733122,3.6,56.3488361386711,342.36288909294865,183
3992.8,11,1104.321258733122,3.6,56.358562188105324,342.2990492011271,183
3992.9,11,1104.321258733122,3.6,56.3583296648785,342.29500294871593,183
3993.0,11,1104.321258733122,3.6,56.26792402673129,342.9254947739739,183
3993.1,11,1104.321258733122,3.6,56.277835997630106,342.85833920665675,183
3993.2,11,1104.321258733122,3.6,56.26730294247285,342.9285639408565,183
3993.3,11,1104.321258733122,3.6,56.26609972504342,342.9292477618366,183
3993.4,11,1104.321258733122,3.6,56.26899190007054,342.9099815446748,183
3993.5,11,1104.321258733122,3.6,56.27109121975771,342.88779965378137,183
3993.6,11,1104.321258733122,3.6,56.26821687900585,342.90559259078884,183
3993.7,11,1104.321258733122,3.6,56.27520281578832,342.8533632534552,183
3993.8,11,1104.321258733122,3.6,56.28137063593596,342.81061431623175,183
3993.9,11,1104.321258733122,3.6,56.250619671311256,342.8147265058873,183
3994.0,11,1104.321258733122,3.6,56.24793646684812,342.83855506250944,183
3994.1,11,1104.321258733122,3.6,56.25338848927555,342.7966073314038,183
3994.2,11,1104.321258733122,3.6,56.24278232370867,342.8673594970562,183
3994.3,11,1104.321258733122,3.6,56.25141179334001,342.8191164341554,183
3994.4,11,1104.321258733122,3.6,56.24339270952348,342.87133850729396,183
3994.5,11,1104.321258733122,3.6,56.24437363678739,342.8638957028832,183
3994.6,9,1104.321258733122,2.7,56.246319224573426,342.856347929873,183
3994.7,9,1104.321258733122,2.4000000000000004,56.2499682029805,342.8297624824376,183
3994.8,9,1104.321258733122,2.4000000000000004,56.244526277941965,342.86651928599224,183
3994.9,9,1104.321258733122,2.4000000000000004,56.24841997801703,342.83772183429164,183
3995.0,7,1104.3807900476313,2.4000000000000004,56.130620165843155,343.47394212654706,183
3995.1,7,1104.4434616892497,3.5,56.13206245853655,343.4756955170478,183
3995.2,7,1104.4434616892497,3.5,56.12458155866311,343.5295967652495,183
3995.3,7,1104.4434616892497,3.5,56.116627257105236,343.5933235350726,183
3995.4,7,1104.4434616892497,3.5,56.09131864793388,343.77469397903576,183
3995.5,7,1104.4434616892497,3.5,55.9473124112958,344.78910367066186,183
3995.6,7,1104.4434616892497,3.5,55.95161451270454,344.7583909304526,183
3995.7,7,1104.4434616892497,3.5,55.939961922792435,344.8380665335774,183
3995.8,7,1104.4434616892497,3.5,55.93562393632888,344.8677853525094,183
3995.9,7,1104.8561378808415,3.5,55.93406882543297,344.8796338376593,184
3996.0,7,1104.8561378808415,-100.0,55.93037222697245,344.90952183864545,184
3996.1,7,1104.8561378808415,3.5,55.937452069426556,344.86174358488915,184
3996.2,7,1104.8561378808415,3.5,55.94020832720344,344.8480906145037,184
3996.3,7,1104.8561378808415,3.5,55.941518017571596,344.83817622379695,184
3996.4,7,1104.8561378808415,3.5,55.93038918499225,344.9115059699535,184
3996.5,7,1104.8561378808415,3.5,55.9312634484877,344.90806321167634,184
3996.6,7,1104.8561378808415,3.5,55.91950893348725,344.98656984895825,184
3996.7,11,1104.8561378808415,3.5,55.90954994691893,345.0501591077426,184
3996.8,11,1104.8561378808415,3.6,55.902389508478926,345.09501846224214,184
3996.9,11,1104.8561378808415,3.6,55.89983044919771,345.11572497786744,184
3997.0,11,1104.8561378808415,3.6,55.88836409468034,345.186550475854,184
3997.1,11,1104.8561378808415,3.6,55.88769183405432,345.1984576204345,184
3997.2,11,1104.8561378808415,3.6,55.83395268051853,345.5041383353911,184
3997.3,11,1104.8561378808415,3.6,55.81284196168886,345.6430034635914,184
3997.4,11,1104.8561378808415,3.6,55.79906711271755,345.7331104907672,184
3997.5,11,1104.8561378808415,3.6,55.790885136005315,345.7838784095542,184
3997.6,11,1104.8561378808415,3.6,55.787326614931445,345.80309205032813,184
3997.7,11,1104.8561378808415,3.6,55.774071777019586,345.889428389709,184
3997.8,11,1104.8561378808415,3.6,55.76121434072262,345.9687105056327,184
3997.9,11,1104.8561378808415,3.6,55.75141647455085,346.031459035623,184
3998.0,11,1104.8561378808415,3.6,55.60248015003874,346.84767393664345,184
3998.1,11,1104.8561378808415,3.6,55.588636745080045,346.9496957096065,184
3998.2,11,1104.8561378808415,3.6,55.57274320754568,347.0518064014817,184
3998.3,11,1104.8561378808415,3.6,55.55403513961081,347.1778105947975,184
3998.4,11,1104.8561378808415,3.6,55.509600169135666,347.47608048804386,184
3998.5,11,1104.8561378808415,3.6,55.48979280909015,347.61095031647744,184
3998.6,11,1104.8561378808415,3.6,55.3847071276838,348.36454416586247,184
3998.7,11,1104.8561378808415,3.6,55.38355274464819,348.3691158561679,184
3998.8,11,1104.8561378808415,4.5,55.355049720038515,348.5598323058434,184
3998.9,11,1104.8561378808415,4.5,55.34010377262625,348.6507985037031,184
3999.0,11,1104.8561378808415,4.5,55.32964056037393,348.71737833529556,184
3999.1,11,1104.8561378808415,4.5,55.148893903656656,349.7021331202234,184
3999.2,11,1104.8561378808415,4.5,55.132756199777845,349.8082398253989,184
3999.3,11,1104.8561378808415,4.5,55.11578516232441,349.9068013463948,184
3999.4,11,1104.8561378808415,4.5,55.109130996295875,349.9479141285848,184
3999.5,11,1104.8561378808415,3.6,55.19889321663983,349.1618950291023,184
3999.6,11,1104.8561378808415,3.6,55.17874585010116,349.28110157448475,184
3999.7,11,1104.8561378808415,3.6,55.159147188138896,349.4036054377975,184
3999.8,11,1104.8561378808415,3.6,55.13791989940954,349.5431278405837,184
3999.9,11,1104.8561378808415,3.6,55.123555619451025,349.6357233089116,184
4000.0,11,1104.8561378808415,3.6,55.11982717078661,349.65523709050865,184
4000.1,11,1104.8561378808415,3.6,55.100885387340824,349.78304670507134,184
4000.2,11,1104.8561378808415,3.6,55.08862914498653,349.8513609556845,184
4000.3,11,1104.8561378808415,3.6,55.0850303504228,349.87608517581896,184
4000.4,11,1104.8561378808415,3.6,55.07079079996545,349.9622086278554,184
4000.5,8,1104.9224242934943,2.7,55.04888127600566,350.0911555538861,184
4000.6,8,1104.9710863233515,3.5,55.03146160407107,350.19487420319444,184
4000.7,8,1104.967872806317,3.5,55.02226140122694,350.2375193202497,184
4000.8,8,1104.967872806317,3.5,55.01414239621736,350.2789408087482,184
4000.9,8,1104.967872806317,3.5,55.00265445706678,350.34679498418365,184
4001.0,8,1104.967872806317,3.5,55.00388796119037,350.32892694186563,184
4001.1,8,1104.967872806317,3.5,55.00260873273953,350.32473959695574,184
4001.2,8,1104.967872806317,3.5,55.002481749474626,350.3196073873625,184
4001.3,8,1104.967872806317,3.5,54.98487510345207,350.42721942365637,184
4001.4,8,1104.967872806317,3.5,54.9783889896692,350.46518468911654,184
4001.5,8,1104.967872806317,3.5,54.975974999889786,350.4699760860014,184
4001.6,8,1104.967872806317,3.5,54.901615680127456,350.96807111759165,184
4001.7,8,1104.967872806317,3.5,54.88856241578205,351.0433620812298,184
4001.8,8,1104.967872806317,3.5,54.8755227585462,351.1254654310276,184
4001.9,8,1104.967872806317,3.5,54.86051182480505,351.22066289949987,184
4002.0,8,1104.967872806317,3.5,54.92137892204702,350.7506816244173,184
4002.1,8,1104.967872806317,3.5,54.906640104386476,350.83834507410154,184
4002.2,8,1104.967872806317,3.5,54.888480286822684,350.9559354059269,184
4002.3,8,1104.967872806317,3.5,54.88149848543583,350.99157067541375,184
4002.4,8,1104.967872806317,3.5,54.86522296057028,351.09907270887106,184
4002.5,8,1104.967872806317,3.5,54.86143018240422,351.11108022048234,184
4002.6,8,1104.967872806317,3.5,54.849623520577325,351.18508063800425,184
4002.7,8,1104.967872806317,3.5,54.84317184320065,351.22933809466565,184
4002.8,8,1104.967872806317,3.5,54.8383523119647,351.25851215677653,184
4002.9,8,1104.967872806317,3.5,54.83293382017634,351.28859443496776,184
4003.0,8,1104.967872806317,3.5,54.8239106192709,351.35219178325497,184
4003.1,8,1104.967872806317,3.5,54.81655389974104,351.4067740000979,184
4003.2,8,1104.967872806317,3.5,54.808137302860644,351.4621402288815,184
4003.3,8,1104.967872806317,3.5,54.80446106208781,351.49849061651946,184
4003.4,8,1104.967872806317,3.5,54.80604016466033,351.49020442830823,184
4003.5,8,1104.967872806317,3.5,54.81165420955217,351.46598133727224,184
4003.6,8,1104.967872806317,3.5,54.80983732717527,351.4927157562906,184
4003.7,8,1104.967872806317,3.5,54.82160107297019,351.4163271590661,184
4003.8,8,1104.967872806317,3.5,54.81880732904825,351.4381721020943,184
4003.9,8,1104.967872806317,3.5,54.81955936901332,351.44311900803586,184
4004.0,8,1104.967872806317,3.5,54.83193202827101,351.3728932418583,184
4004.1,8,1104.967872806317,3.5,54.82946810236527,351.39528779769995,184
4004.2,8,1104.967872806317,3.5,54.93923782870239,350.76528067560986,184
4004.3,8,1104.967872806317,3.5,54.94516420865081,350.7398747566781,184
4004.4,8,1104.967872806317,3.5,54.95984621954378,350.6543925974596,184
4004.5,8,1104.967872806317,3.5,54.90712834413221,351.05096984755596,184
4004.6,11,1104.967872806317,2.8,54.91369863394786,351.01303183078244,184
4004.7,11,1104.967872806317,2.7,54.91595276410639,351.0032132125641,184
4004.8,11,1104.967872806317,2.7,54.91516827208276,351.0122296866648,184
4004.9,11,1104.967872806317,2.7,54.90470635121324,351.0866884630482,184
4005.0,11,1104.967872806317,2.7,54.92144282216892,350.9864677771961,184
4005.1,11,1104.967872806317,2.7,54.92523348512221,350.97203181640924,184
4005.2,7,1104.9525261337815,2.7,54.88324252083926,351.2145693889285,184
4005.3,7,1104.9340548342454,3.5,54.89566508782348,351.1217555580596,184
4005.4,7,1104.9340548342454,3.5,54.90731811521698,351.04451275737824,184
4005.5,7,1104.9340548342454,3.5,54.899412046182505,351.1100287552381,184
4005.6,7,1104.9340548342454,3.5,54.90776688623039,351.0634365603063,184
4005.7,8,1104.887178091093,3.5,54.9083424376582,351.0683965597801,184
4005.8,8,1104.887178091093,3.5,54.898353544553004,351.14020869385433,184
4005.9,8,1104.887178091093,3.5,54.8944183430288,351.17268911916017,184
4006.0,8,1104.887178091093,3.5,54.88194702972453,351.2619841739964,184
4006.1,8,1104.887178091093,3.5,54.88623006184612,351.233973972214,184
4006.2,8,1104.887178091093,3.5,54.887712080275264,351.23550244647555,184
4006.3,8,1104.887178091093,3.5,54.88605731297157,351.254235816535,184
4006.4,8,1104.887178091093,3.5,54.93588888836729,350.99714614623196,184
4006.5,8,1104.887178091093,3.5,54.93329916935278,351.02423176552884,184
4006.6,8,1104.887178091093,3.5,54.914065950420216,351.167231260564,184
4006.7,8,1104.887178091093,3.5,54.90693799226902,351.21147717499855,184
4006.8,8,1104.887178091093,3.5,54.90030300947224,351.26707401990495,184
4006.9,8,1104.887178091093,3.5,54.91229673968396,351.18837826471145,184
4007.0,8,1104.887178091093,3.5,54.90396271712013,351.25261585483344,184
4007.1,8,1104.887178091093,3.5,54.90860172697131,351.219822169022,184
4007.2,9,1104.887178091093,2.8,55.009412302754924,350.3816987261706,184
4007.3,9,1104.887178091093,3.2,55.01135732749998,350.3682773879478,184
4007.4,9,1104.887178091093,3.2,55.01893108336428,350.3204436757243,184
4007.5,9,1104.887178091093,3.2,55.02207675390973,350.29700699811906,184
4007.6,9,1104.887178091093,3.2,55.09157474941242,349.81794017781147,184
4007.7,9,1104.887178091093,3.2,55.08039681026837,349.89954070917236,184
4007.8,9,1104.887178091093,3.2,55.08783282055374,349.8483970951626,184
4007.9,9,1104.887178091093,3.2,55.094055418108475,349.8072225250023,184
4008.0,9,1104.887178091093,3.2,55.12241404813415,349.61267384064206,184
4008.1,9,1104.887178091093,3.2,55.131488639829044,349.5573578247982,184
4008.2,9,1104.887178091093,3.2,55.13494032040964,349.5498903283302,184
4008.3,9,1104.887178091093,3.2,55.147711514531835,349.4662505447294,184
4008.4,9,1104.887178091093,3.2,55.15076012858745,349.45140290557424,184
4008.5,9,1104.887178091093,3.2,55.16331937637398,349.37397967260677,184
4008.6,8,1104.887178091093,2.4000000000000004,55.17385163179321,349.31376103670425,184
4008.7,8,1104.887178091093,2.8,55.20125754510137,349.14435052300246,184
4008.8,8,1104.887178091093,2.8,55.221103172400205,349.02524918236713,184
4008.9,8,1104.887178091093,2.8,55.2499944693496,348.8347978264301,184
4009.0,8,1104.887178091093,2.8,55.332646207364576,348.37615135774104,184
4009.1,8,1104.887178091093,2.8,55.35768339618736,348.2015034440609,184
4009.2,9,1104.887178091093,2.8,55.37599105828281,348.09501132392126,184
4009.3,9,1104.887178091093,3.2,55.4034488387756,347.92135303620023,184
4009.4,9,1104.887178091093,3.2,55.42627512294408,347.7745043276544,184
4009.5,9,1104.887178091093,3.2,55.45485131523321,347.59710240369736,184
4009.6,9,1104.887178091093,3.2,55.48767673333706,347.38533713864757,184
4009.7,9,1104.887178091093,3.2,55.43421258060444,347.667904553733,184
4009.8,9,1104.887178091093,3.2,55.46328740745685,347.48434903371674,184
4009.9,9,1104.887178091093,3.2,55.49379743299488,347.2819555157155,184
4010.0,9,1104.887178091093,3.2,55.52976551740581,347.05359765058137,184
4010.1,8,1104.8402970537968,3.2,55.56078067866294,346.8537005153253,184
4010.2,8,1104.8402970537968,3.5,55.58959211214568,346.6796428646465,184
4010.3,8,1104.8402970537968,3.5,55.619189952365026,346.49223117409235,184
4010.4,8,1104.8402970537968,3.5,55.649822711503944,346.30542099275175,184
4010.5,9,1104.8402970537968,2.8,55.76557441948263,345.6421166565439,184
4010.6,9,1104.8402970537968,3.2,55.79055337029598,345.4893747517558,184
4010.7,9,1104.8402970537968,3.2,55.825049660039525,345.27077668040727,184
4010.8,9,1104.8402970537968,3.2,55.85780092692508,345.0719436854495,184
4010.9,9,1104.8402970537968,3.2,55.88326201102052,344.9078360043411,184
4011.0,9,1104.8402970537968,3.2,55.90563153617661,344.76278283317606,184
4011.1,9,1104.8402970537968,3.2,55.91867177755398,344.68568386375574,184
4011.2,9,1104.8402970537968,3.2,55.942883242199166,344.5307047565245,184
4011.3,9,1104.8402970537968,3.2,55.9594088405955,344.42497000566493,184
4011.4,9,1104.8402970537968,3.2,55.979687125853786,344.3020419841594,184
4011.5,9,1104.8402970537968,3.2,56.0013987645426,344.16441238732585,184
4011.6,9,1104.8402970537968,3.2,56.00622757226637,344.13968017031266,184
4011.7,9,1104.8402970537968,3.2,56.03483220633597,343.9478985312081,184
4011.8,9,1104.8402970537968,3.2,56.037197246229766,343.93765637455346,184
4011.9,9,1104.8402970537968,3.2,56.0502430581907,343.84470847015285,184
4012.0,9,1104.8402970537968,3.2,56.05894854286427,343.78997968218897,184
4012.1,9,1104.8402970537968,3.2,56.069102917665546,343.72465000359927,184
4012.2,9,1104.8402970537968,3.2,56.07935215470128,343.66397251698095,184
4012.3,9,1104.8402970537968,3.2,55.9647425885495,344.28455966803403,184
4012.4,9,1104.8402970537968,3.2,55.96927130449599,344.2539090023298,184
4012.5,9,1104.8402970537968,3.2,55.96566457012749,344.27739377712766,184
4012.6,9,1104.8402970537968,3.2,55.96910306140764,344.24853771048555,184
4012.7,9,1104.8402970537968,3.2,55.98191063245703,344.17387614457164,184
4012.8,9,1104.8402970537968,4.0,55.99661435969304,344.0762384613803,184
4012.9,9,1104.8402970537968,4.0,56.00168310781503,344.04209759405313,184
4013.0,9,1104.8402970537968,4.0,56.18885590740489,342.76252845867623,184
4013.1,9,1104.8402970537968,4.0,56.19466034432986,342.7299408960556,184
4013.2,9,1104.8402970537968,3.2,56.20763145303263,342.6511639339393,184
4013.3,9,1104.8402970537968,3.2,56.21494497933038,342.6041589018927,184
4013.4,9,1104.8402970537968,3.2,56.21473536008101,342.60655058810244,184
4013.5,9,1104.8402970537968,3.2,56.22301786424111,342.5543254773936,184
4013.6,10,1104.8402970537968,3.2,56.38639280729126,341.67050332128844,184
4013.7,10,1104.8402970537968,4.0,56.3921947159906,341.629901571657,184
4013.8,10,1104.8402970537968,4.0,56.38612227688738,341.66427362342716,184
4013.9,10,1104.8402970537968,4.0,56.402722587307956,341.5554525391181,184
4014.0,10,1104.8402970537968,4.0,56.40081084436467,341.5648328934462,184
4014.1,10,1104.8402970537968,4.0,56.30852890368027,342.06144508630047,184
4014.2,10,1104.8402970537968,4.0,56.306820820816526,342.0831014790325,184
4014.3,10,1104.8402970537968,4.0,56.25081995876716,342.47047129605494,184
4014.4,10,1104.8402970537968,4.0,56.312390477551354,342.0449054469883,184
4014.5,10,1104.8402970537968,4.0,56.317595089493686,342.0169512401275,184
4014.6,10,1104.8402970537968,4.0,56.32734522942303,341.95685754147,184
4014.7,10,1104.8402970537968,4.0,56.325501636503226,341.9698967144542,184
4014.8,10,1104.8402970537968,4.0,56.33587411577385,341.90844399541584,184
4014.9,10,1104.8402970537968,4.0,56.3464896290583,341.8465193442114,184
4015.0,10,1104.8402970537968,4.0,56.34576985995599,341.8532989913275,184
4015.1,10,1104.8402970537968,4.0,56.43823643758387,341.22202433441385,184
4015.2,10,1104.8402970537968,4.0,56.43459714277793,341.2486410928179,184
4015.3,10,1104.8402970537968,4.0,56.455720458507585,341.1166591134795,184
4015.4,10,1104.8402970537968,4.0,56.46085963384894,341.0879280752921,184
4015.5,10,1104.8402970537968,4.0,56.330386007100955,341.80288091598345,184
4015.6,9,1104.8402970537968,4.0,56.333209120595555,341.7873980942545,184
4015.7,9,1104.8402970537968,3.2,56.32511246592179,341.84409350120825,184
4015.8,9,1104.8402970537968,3.2,56.41964529102643,341.3398234421031,184
4015.9,10,1104.8402970537968,2.4000000000000004,56.41472842405093,341.3759475848974,184
4016.0,10,1104.8402970537968,4.0,56.40521750726353,341.4420031551226,184
4016.1,10,1104.8402970537968,4.0,56.40262470489712,341.46292502524466,184
4016.2,10,1104.8402970537968,4.0,56.384789178290646,341.58501733770913,184
4016.3,10,1104.8402970537968,4.0,56.39141967441127,341.5457585113393,184
4016.4,10,1104.8402970537968,4.0,56.38254075308722,341.61003286501773,184
4016.5,10,1104.8402970537968,4.0,56.38350706075284,341.6098333441762,184
4016.6,10,1104.8402970537968,4.0,56.37918499678968,341.64495492822704,184
4016.7,10,1104.8402970537968,4.0,56.378116082011374,341.65493747855203,184
4016.8,10,1104.8402970537968,4.0,56.36964685607201,341.71577423759277,184
4016.9,7,1104.846502843997,4.0,56.51309742855733,340.7502163547322,184
4017.0,7,1104.8005803086296,4.199999999999999,56.49979677761584,340.839993033993,184
4017.1,7,1104.8005803086296,4.199999999999999,56.492477057810575,340.88200389835947,184
4017.2,7,1104.8005803086296,4.199999999999999,56.4828535135233,340.94300358911335,184
4017.3,7,1104.8005803086296,4.199999999999999,56.46090034603698,341.08336749833353,184
4017.4,10,1104.8005803086296,3.5,56.44691697450848,341.1707797725981,184
4017.5,10,1104.8005803086296,4.0,56.4395495768453,341.22260000147264,184
4017.6,10,1104.8005803086296,4.0,56.42812130749007,341.29758257998765,184
4017.7,10,1104.8005803086296,4.0,56.421017265760014,341.3474289287901,184
4017.8,10,1104.8005803086296,4.0,56.406886136339246,341.44136632271227,184
4017.9,10,1104.8005803086296,4.0,56.391654303989775,341.54124626225496,184
4018.0,10,1104.8005803086296,4.0,56.366791948741565,341.70622845193975,184
4018.1,7,1104.8005803086296,3.2,56.36162216489261,341.73447708204844,184
4018.2,7,1104.8005803086296,3.5,56.335786081385606,341.8974168335133,184
4018.3,7,1104.8005803086296,3.5,56.31819271340793,342.00984230856784,184
4018.4,7,1104.8005803086296,3.5,56.31166152112232,342.0539460977209,184
4018.5,7,1104.8005803086296,3.5,56.23236895464048,342.6743621992896,184
4018.6,7,1104.8005803086296,3.5,56.21755855154217,342.77821429105256,184
4018.7,7,1104.8005803086296,3.5,56.23109536838462,342.6848568893289,184
4018.8,7,1104.8005803086296,3.5,56.20930934606422,342.8284693659215,184
4018.9,7,1104.8005803086296,3.5,56.209329338806675,342.8194549156726,184
4019.0,7,1104.8005803086296,3.5,56.061163424520544,343.8383401522617,184
4019.1,7,1104.8005803086296,3.5,56.05526406911807,343.87501034470233,184
4019.2,7,1104.8005803086296,3.5,56.04540190664733,343.940187393476,184
4019.3,8,1104.756891648038,3.5,56.035858681701185,344.0051693121171,184
4019.4,8,1104.7371241193741,3.5,56.02917583211677,344.057233574986,184
4019.5,8,1104.7371241193741,3.5,56.02371494508361,344.09102800995163,184
4019.6,7,1104.6916387152426,3.5,56.02092274537906,344.1076922726321,184
4019.7,7,1104.6916387152426,4.199999999999999,56.00354341406192,344.2200469011042,184
4019.8,7,1104.6916387152426,4.199999999999999,55.98684807663942,344.33736665536117,184
4019.9,7,1104.6916387152426,4.199999999999999,55.97759713378448,344.40536862414194,184
4020.0,7,1104.6916387152426,4.199999999999999,56.20704725545848,342.8184353299403,184
4020.1,7,1104.6916387152426,4.199999999999999,56.199364592917526,342.8747237557392,184
4020.2,7,1104.6916387152426,4.199999999999999,56.1963100003164,342.89117639603353,184
4020.3,7,1104.6916387152426,4.199999999999999,56.17154155411882,343.0546673086536,184
4020.4,7,1104.6916387152426,4.199999999999999,56.16807938095124,343.0833367044256,184
4020.5,7,1104.6916387152426,4.199999999999999,56.15533479990519,343.16877381266283,184
4020.6,7,1104.6916387152426,4.199999999999999,56.14002638933846,343.2730421175497,184
4020.7,7,1104.6916387152426,4.199999999999999,56.12464854169237,343.38366774867353,184
4020.8,9,1104.6916387152426,3.5,56.11870440350904,343.42919161056955,184
4020.9,11,1104.6916387152426,2.4000000000000004,56.096813692174294,343.5753376401051,184
4021.0,11,1105.101209290623,3.6,56.09484877814433,343.59036663588233,185
4021.1,11,1105.101209290623,-100.0,56.074452570774646,343.72371276876004,185
4021.2,11,1105.101209290623,3.6,56.06611588205439,343.78445433290943,185
4021.3,11,1105.101209290623,3.6,56.03818623881105,343.96535008113443,185
4021.4,11,1105.101209290623,3.6,56.031787675485255,344.0001029097573,185
4021.5,11,1105.101209290623,3.6,55.89995804959281,344.7510719924243,185
4021.6,11,1105.101209290623,3.6,55.88688219158147,344.83121606048917,185
4021.7,11,1105.101209290623,3.6,55.86965753659999,344.94301929141255,185
4021.8,11,1105.101209290623,3.6,55.854113836617046,345.04369472449935,185
4021.9,11,1105.101209290623,3.6,55.8174449184094,345.2878561199356,185
4022.0,7,1105.0542998629592,3.6,55.79947697565978,345.410829822028,185
4022.1,7,1105.0542998629592,4.199999999999999,55.758148148027864,345.6885014917233,185
4022.2,7,1105.0542998629592,4.199999999999999,55.883637641006885,345.0410158574238,185
4022.3,7,1105.0542998629592,4.199999999999999,56.08766458757219,343.49303767669414,185
4022.4,7,1105.0542998629592,4.199999999999999,56.064708761331744,343.6435330125215,185
4022.5,7,1105.0542998629592,4.199999999999999,56.02788723910329,343.88248655744377,185
4022.6,7,1105.0542998629592,4.199999999999999,55.995230351710944,344.09224196150876,185
4022.7,7,1105.0542998629592,4.199999999999999,55.86094523647859,344.8550351181903,185
4022.8,7,1105.0542998629592,4.199999999999999,55.83452119954735,345.03758398578566,185
4022.9,7,1105.0542998629592,4.199999999999999,55.81021858977938,345.18778704736076,185
4023.0,7,1105.0542998629592,4.199999999999999,55.756003314725916,345.54905055960825,185
4023.1,7,1105.0542998629592,4.199999999999999,55.74251752595609,345.6341341407076,185
4023.2,7,1105.0542998629592,4.199999999999999,55.71991132693786,345.78364195024847,185
4023.3,7,1105.0542998629592,4.199999999999999,55.75851809373914,345.50461566290824,185
4023.4,7,1105.0542998629592,4.199999999999999,55.73507030557843,345.65992257824405,185
4023.5,7,1105.0542998629592,4.199999999999999,55.71209148092178,345.8123068098356,185
4023.6,7,1105.0542998629592,4.199999999999999,55.68359833641178,346.01414846469964,185
4023.7,7,1105.0542998629592,4.199999999999999,55.66823039485851,346.1188008312166,185
4023.8,7,1105.0542998629592,4.199999999999999,55.65521323482251,346.20814969947503,185
4023.9,7,1105.0542998629592,4.199999999999999,55.62864692674235,346.38866303913665,185
4024.0,7,1105.0542998629592,4.199999999999999,55.61806603492303,346.4691269489698,185
4024.1,7,1105.0542998629592,4.199999999999999,55.60104777535197,346.5886477957372,185
4024.2,7,1105.0542998629592,4.199999999999999,55.572716979053425,346.7861203838377,185
4024.3,7,1105.0542998629592,4.199999999999999,55.55402493612735,346.91154956736807,185
4024.4,7,1105.0067292695621,4.199999999999999,55.39074461506246,347.82881831427125,185
4024.5,7,1105.0067292695621,4.8999999999999995,55.3635407407197,348.01781232365533,185
4024.6,7,1105.0067292695621,4.8999999999999995,55.51473563133203,347.19331983199675,185
4024.7,7,1105.0067292695621,4.8999999999999995,55.497004585691954,347.3221158813313,185
4024.8,7,1105.0067292695621,4.8999999999999995,55.49064771202575,347.36522390183296,185
4024.9,7,1105.0067292695621,4.8999999999999995,55.461819338969036,347.5711726959521,185
4025.0,7,1105.0067292695621,4.8999999999999995,55.46128827148826,347.57616292788794,185
4025.1,7,1105.0067292695621,4.8999999999999995,55.44965185713346,347.6769852548626,185
4025.2,7,1105.0067292695621,4.8999999999999995,55.44225215915576,347.72295248839885,185
4025.3,7,1105.0067292695621,4.8999999999999995,55.423718624956834,347.84728500153744,185
4025.4,7,1105.0067292695621,4.8999999999999995,55.40528183863083,347.97926169170734,185
4025.5,7,1105.0067292695621,4.8999999999999995,55.35180544783269,348.2539338223778,185
4025.6,7,1105.0067292695621,4.8999999999999995,55.323874907851604,348.45131434656935,185
4025.7,7,1105.0067292695621,4.8999999999999995,55.30570931044796,348.58150652830744,185
4025.8,7,1105.0067292695621,4.8999999999999995,55.295965739766615,348.65464518167585,185
4025.9,7,1105.0067292695621,4.8999999999999995,55.29009257913927,348.7004788721688,185
4026.0,7,1105.0067292695621,4.8999999999999995,55.285990980142856,348.73524704309364,185
4026.1,7,1105.0067292695621,4.8999999999999995,55.27486560755369,348.82491712550944,185
4026.2,7,1105.0067292695621,4.8999999999999995,55.28164728422531,348.790768744582,185
4026.3,7,1105.0067292695621,4.8999999999999995,55.283331104013456,348.7994328276302,185
4026.4,7,1105.0067292695621,4.8999999999999995,55.27751090198352,348.8492107510478,185
4026.5,7,1105.0067292695621,4.8999999999999995,55.27337054038197,348.9003286624502,185
4026.6,7,1105.0067292695621,4.8999999999999995,55.277497287062005,348.8762850994963,185
4026.7,7,1105.0067292695621,4.8999999999999995,55.39017002360232,348.2584952917979,185
4026.8,7,1105.0067292695621,4.8999999999999995,55.386793883805524,348.2881491161554,185
4026.9,7,1104.9590497869908,4.8999999999999995,55.39548581923401,348.23523287636885,185
4027.0,7,1104.9590497869908,5.6,55.39893807396119,348.2313915972129,185
4027.1,7,1104.9590497869908,5.6,55.40801949200676,348.19775263534393,185
4027.2,7,1104.9590497869908,5.6,55.41757423204717,348.152270024483,185
4027.3,7,1104.9590497869908,5.6,55.427883192649176,348.1002959833568,185
4027.4,7,1104.9590497869908,5.6,55.436338915461796,348.0497667238211,185
4027.5,7,1104.9590497869908,4.8999999999999995,55.43897629275514,348.0524468552255,185
4027.6,7,1104.9590497869908,4.8999999999999995,55.4514081346519,347.976333051572,185
4027.7,7,1104.9590497869908,4.8999999999999995,55.45669744335406,347.9607304156005,185
4027.8,7,1104.9590497869908,4.8999999999999995,55.46918615164019,347.9023094158317,185
4027.9,7,1104.9590497869908,4.8999999999999995,55.480928525754194,347.8370717446943,185
4028.0,7,1104.9590497869908,4.8999999999999995,55.48379814882667,347.8422275862396,185
4028.1,7,1104.9590497869908,4.8999999999999995,55.48204036621142,347.88317476662644,185
4028.2,7,1104.9590497869908,4.8999999999999995,55.49219110150148,347.84027058442996,185
4028.3,7,1104.9590497869908,4.8999999999999995,55.49891084291226,347.81011819107874,185
4028.4,7,1104.9590497869908,4.8999999999999995,55.507472683581526,347.77326460058373,185
4028.5,7,1104.9590497869908,4.8999999999999995,55.51588300669386,347.735721297472,185
4028.6,7,1104.9590497869908,4.8999999999999995,55.688130839092565,346.51074514169477,185
4028.7,7,1104.9590497869908,4.8999999999999995,55.67953839100733,346.58971209464306,185
4028.8,7,1104.9590497869908,4.8999999999999995,55.68427425689288,346.56847637459583,185
4028.9,7,1104.9590497869908,4.8999999999999995,55.789157536479486,346.0114974279442,185
4029.0,7,1104.9590497869908,4.8999999999999995,55.787819608420705,346.0486163578919,185
4029.1,7,1104.9590497869908,4.8999999999999995,55.871041288079425,345.5109707059679,185
4029.2,7,1104.9113064484643,4.8999999999999995,55.866921966382705,345.55260546123736,185
4029.3,7,1104.9113064484643,5.6,55.87878492820298,345.48812252962233,185
4029.4,7,1104.9113064484643,5.6,55.88561176214999,345.46037368908475,185
4029.5,7,1104.9113064484643,5.6,55.88331542506728,345.4928999378478,185
4029.6,7,1104.9113064484643,4.8999999999999995,55.82436874965681,345.83810481971716,185
4029.7,7,1104.9113064484643,4.8999999999999995,55.829832575941495,345.8191799141548,185
4029.8,7,1104.9113064484643,4.8999999999999995,55.81431863823483,345.95153592443626,185
4029.9,7,1104.9113064484643,4.8999999999999995,55.82048305818992,345.92421879644746,185
4030.0,7,1104.9113064484643,4.8999999999999995,55.82352281984606,345.9347350929299,185
4030.1,7,1104.9113064484643,4.8999999999999995,55.823791273029194,345.95389322480014,185
4030.2,7,1104.9113064484643,4.8999999999999995,55.82961701786421,345.9448083921567,185
4030.3,7,1104.9113064484643,4.8999999999999995,55.83921116002401,345.9003005764482,185
4030.4,7,1104.9113064484643,4.8999999999999995,55.82771404401579,345.9960496840793,185
4030.5,7,1104.9113064484643,4.8999999999999995,55.83105366619963,345.9738959244669,185
4030.6,7,1104.9113064484643,4.8999999999999995,55.835685756271246,345.97213973263956,185
4030.7,7,1104.9113064484643,4.8999999999999995,55.84226886429995,345.9385752129265,185
4030.8,7,1104.9113064484643,4.8999999999999995,55.75617146934029,346.43777355399374,185
4030.9,7,1104.9113064484643,4.8999999999999995,55.91281230005515,345.33388484787304,185
4031.0,7,1104.9113064484643,4.8999999999999995,55.91586784870614,345.337543130672,185
4031.1,7,1104.9113064484643,4.8999999999999995,55.97770093585238,345.0103117738488,185
4031.2,7,1104.9113064484643,4.8999999999999995,56.00347954205769,344.8546215076803,185
4031.3,7,1104.9113064484643,4.8999999999999995,56.00839694335832,344.84837317888855,185
4031.4,7,1104.9113064484643,4.8999999999999995,56.01806756641932,344.80164057423804,185
4031.5,7,1104.9113064484643,4.199999999999999,56.035068007235495,344.71555623060283,185
4031.6,7,1104.9113064484643,4.199999999999999,56.04540829459758,344.6663041903974,185
4031.7,7,1104.8642472246436,4.199999999999999,56.06371846515021,344.5579703704675,185
4031.8,7,1104.8642472246436,4.8999999999999995,56.07601462573113,344.4848106079307,185
4031.9,7,1104.8642472246436,4.8999999999999995,56.08648695756702,344.4393775253794,185
4032.0,7,1104.8642472246436,4.8999999999999995,56.10124383091568,344.344907115375,185
4032.1,7,1104.8642472246436,4.8999999999999995,56.114260219976025,344.2718355162166,185
4032.2,7,1104.8642472246436,4.8999999999999995,56.124819168492685,344.2177858755434,185
4032.3,7,1104.8642472246436,4.8999999999999995,56.10163779223832,344.38380919248266,185
4032.4,7,1104.8642472246436,4.8999999999999995,56.10777899875635,344.3407991766421,185
4032.5,7,1104.8642472246436,4.8999999999999995,56.10685018736281,344.3481036084618,185
4032.6,7,1104.8642472246436,4.8999999999999995,56.10663990822508,344.34149341752214,185
4032.7,7,1104.8642472246436,4.8999999999999995,56.10512362295695,344.35032338165206,185
4032.8,7,1104.8642472246436,4.8999999999999995,56.11148656454846,344.30757727405637,185
4032.9,7,1104.8642472246436,4.8999999999999995,56.10132743543217,344.3741913944934,185
4033.0,7,1104.8642472246436,4.8999999999999995,56.10294832313103,344.3622430596387,185
4033.1,7,1104.8642472246436,4.8999999999999995,56.145199824744864,344.12192720339215,185
4033.2,7,1104.8642472246436,4.8999999999999995,56.13627258036388,344.18356139440084,185
4033.3,7,1104.8642472246436,4.8999999999999995,56.14202729379661,344.13382523444443,185
4033.4,7,1104.8642472246436,4.8999999999999995,56.14797534850911,344.08377036085267,185
4033.5,7,1104.8642472246436,4.8999999999999995,56.264720231265265,343.2468776082715,185
4033.6,7,1104.8642472246436,4.199999999999999,56.26919469384258,343.1951035700519,185
4033.7,7,1104.8642472246436,4.199999999999999,56.2680168044058,343.19736137892403,185
4033.8,7,1104.8642472246436,4.199999999999999,56.2737671657845,343.15136559004225,185
4033.9,7,1104.8642472246436,4.199999999999999,56.237997762808334,343.39045603205955,185
4034.0,7,1104.8642472246436,4.199999999999999,56.14574292506064,343.8704924845458,185
4034.1,7,1104.8642472246436,4.199999999999999,56.1494185273324,343.8298061599075,185
4034.2,7,1104.8173562331515,4.199999999999999,56.13919922859323,343.881918295573,185
4034.3,7,1104.8173562331515,4.8999999999999995,56.13848657242844,343.88362380048477,185
4034.4,7,1104.8173562331515,4.8999999999999995,56.13627101075835,343.8666658368368,185
4034.5,7,1104.8173562331515,4.8999999999999995,56.12842429537239,343.8917752869678,185
4034.6,7,1104.8173562331515,4.8999999999999995,56.119382955730046,343.9270160175745,185
4034.7,7,1104.8173562331515,4.8999999999999995,56.101692109761814,344.0101616259427,185
4034.8,7,1104.8173562331515,4.8999999999999995,56.088815464315864,344.08449727253435,185
4034.9,7,1104.8173562331515,4.8999999999999995,56.089936373382535,344.0485425899225,185
4035.0,7,1104.8173562331515,4.8999999999999995,55.983457181320304,344.63007010954664,185
4035.1,7,1104.8173562331515,4.8999999999999995,55.980441941811875,344.6232941303779,185
4035.2,7,1104.8173562331515,4.8999999999999995,55.9662351495861,344.6949829199006,185
4035.3,7,1104.8173562331515,4.8999999999999995,55.96110708045951,344.69157544419585,185
4035.4,7,1104.8173562331515,4.8999999999999995,55.90586358349915,345.05404940140625,185
4035.5,7,1104.8173562331515,4.8999999999999995,55.883318633829475,344.75414168676355,185
4035.6,7,1104.8173562331515,4.199999999999999,55.8730405590626,344.80979259853854,185
4035.7,7,1104.8173562331515,4.199999999999999,55.87393808328976,344.7797644115202,185
4035.8,7,1104.8173562331515,4.199999999999999,55.8586336365494,344.8564294310363,185
4035.9,7,1104.8173562331515,4.199999999999999,55.845680082361255,344.92488354922455,185
4036.0,7,1104.8173562331515,4.199999999999999,55.88589939789852,344.6226889202068,185
4036.1,7,1104.8173562331515,4.199999999999999,55.88027258350462,344.63864066548126,185
4036.2,7,1104.8173562331515,4.199999999999999,55.873828731022414,344.6602573395231,185
4036.3,7,1104.8173562331515,4.199999999999999,55.87574824711112,344.62488111214566,185
4036.4,7,1104.8173562331515,4.199999999999999,55.783577336687785,345.213551309559,185
4036.5,7,1104.8173562331515,4.199999999999999,55.78419103390934,345.19775405912924,185
4036.6,7,1104.7702873895316,4.199999999999999,55.78652469180769,345.1694415079594,185
4036.7,7,1104.7702873895316,4.8999999999999995,55.776942067572705,345.21826224675783,185
4036.8,7,1104.7702873895316,4.8999999999999995,55.78754460740231,345.1365105544927,185
4036.9,7,1104.7702873895316,4.8999999999999995,55.77131771572152,345.2291707122844,185
4037.0,7,1104.7702873895316,4.8999999999999995,55.77249008083996,345.2130124722954,185
4037.1,7,1104.7702873895316,4.8999999999999995,55.7686205416139,345.2247584114667,185
4037.2,7,1104.7702873895316,4.8999999999999995,55.66096976446431,345.8230046111187,185
4037.3,7,1104.7702873895316,4.8999999999999995,55.66107659225831,345.8185675826752,185
4037.4,7,1104.7702873895316,4.8999999999999995,55.67187314742286,345.74748656806776,185
4037.5,7,1104.7702873895316,4.8999999999999995,55.67439264445136,345.72966450039536,185
4037.6,7,1104.7702873895316,4.8999999999999995,55.68212849612176,345.6733576773173,185
4037.7,7,1104.7702873895316,4.8999999999999995,55.628024554153235,346.0375964589299,185
4037.8,7,1104.7702873895316,4.199999999999999,55.62707276023116,346.04354276371254,185
4037.9,7,1104.7702873895316,4.199999999999999,55.62976859786177,346.02401437767804,185
4038.0,7,1104.7702873895316,4.199999999999999,55.62374042862839,346.06049689791433,185
4038.1,7,1104.7702873895316,4.199999999999999,55.47983112462574,346.8820029132518,185
4038.2,7,1104.7702873895316,4.199999999999999,55.469933271979144,346.95017217105317,185
4038.3,7,1104.7702873895316,4.199999999999999,55.46049881341868,347.0094449758221,185
4038.4,7,1104.7702873895316,4.199999999999999,55.461169857264956,347.0060431014282,185
4038.5,7,1104.7702873895316,4.199999999999999,55.449321447971855,347.0878836687866,185
4038.6,7,1104.7702873895316,4.199999999999999,55.43709012744556,347.16423542471057,185
4038.7,7,1104.7702873895316,4.199999999999999,55.46445650848585,346.95765503465776,185
4038.8,7,1104.7702873895316,4.199999999999999,55.44487593633757,347.0852831203718,185
4038.9,7,1104.7702873895316,4.199999999999999,55.42634740944611,347.19391258881825,185
4039.0,7,1104.7702873895316,4.199999999999999,55.34531566065273,347.7396696036776,185
4039.1,7,1104.7702873895316,4.199999999999999,55.32124027649378,347.8888741819868,185
4039.2,7,1104.7702873895316,4.199999999999999,55.303313920938336,347.99882863427865,185
4039.3,7,1104.7702873895316,4.199999999999999,55.28297731921943,348.1272482135972,185
4039.4,7,1104.7702873895316,4.199999999999999,55.26423435744483,348.24085593791483,185
4039.5,7,1104.7702873895316,4.199999999999999,55.30068697124938,347.9251665196309,185
4039.6,7,1104.7702873895316,4.199999999999999,55.28563691410414,348.0178783486969,185
4039.7,7,1104.7702873895316,4.199999999999999,55.22784580926549,348.34582918087307,185
4039.8,7,1104.7702873895316,4.199999999999999,55.207081276766715,348.48162810680446,185
4039.9,9,1104.7702873895316,3.5,55.194856067738954,348.5531254007276,185
4040.0,9,1104.7702873895316,4.0,55.18432121484358,348.6186130131127,185
4040.1,9,1104.7702873895316,4.0,55.16896738579209,348.7093188228274,185
4040.2,9,1104.7702873895316,4.0,55.16630362427481,348.7173659504914,185
4040.3,9,1104.7702873895316,4.0,55.13216427090988,348.94089610727997,185
4040.4,9,1104.7702873895316,4.0,55.12829714330674,348.9541658266256,185
4040.5,9,1104.7702873895316,4.0,55.1089462835847,349.06962312262715,185
4040.6,9,1104.7702873895316,4.0,55.09586405459982,349.1516149090901,185
4040.7,9,1104.7702873895316,4.0,55.07229431578169,349.2992602261951,185
4040.8,9,1104.7702873895316,4.0,55.07325791452806,349.29669165878033,185
4040.9,9,1104.7702873895316,4.800000000000001,55.05669103954622,349.40081237088833,185
4041.0,9,1104.7702873895316,4.800000000000001,55.042971698119956,349.48212526798665,185
4041.1,9,1104.7702873895316,4.800000000000001,55.011828235519474,349.6793467652253,185
4041.2,9,1104.7702873895316,4.800000000000001,54.939958097273085,350.07381699707855,185
4041.3,9,1104.7702873895316,4.800000000000001,54.93837229054383,350.0729517868414,185
4041.4,9,1104.7702873895316,4.800000000000001,54.90995643626512,350.25367542852575,185
4041.5,9,1104.7702873895316,4.800000000000001,54.89683210047856,350.3327367407967,185
4041.6,9,1104.7702873895316,4.800000000000001,54.87969288277065,350.43921978765616,185
4041.7,9,1104.7702873895316,4.800000000000001,54.85967089052234,350.5545156276962,185
4041.8,9,1104.7702873895316,4.0,54.83793281098218,350.6920777987592,185
4041.9,9,1104.7702873895316,4.0,54.81870331489442,350.8139816387599,185
4042.0,9,1104.7702873895316,4.0,54.80498977698069,350.89768842378993,185
4042.1,9,1104.7702873895316,4.0,54.79701169721349,350.9483757171845,185
4042.2,9,1104.7702873895316,4.0,54.77704304006027,351.0751631693512,185
4042.3,9,1104.7702873895316,4.0,54.75532722176179,351.2150492554109,185
4042.4,9,1104.7702873895316,4.0,54.74864979600359,351.2528041768489,185
4042.5,9,1104.7702873895316,4.0,54.73347260331747,351.34231652112356,185
4042.6,9,1104.7702873895316,4.0,54.71149976623577,351.4851397478978,185
4042.7,9,1104.7702873895316,4.0,54.70428001902381,351.5308857998501,185
4042.8,9,1104.7702873895316,4.0,54.67925346880749,351.5659828649432,185
4042.9,9,1104.7702873895316,4.0,54.66908020840205,351.6300527403139,185
4043.0,9,1104.7702873895316,4.0,54.645649378028025,351.78036936329306,185
4043.1,9,1104.7702873895316,4.0,54.62798746859622,351.8952937611085,185
4043.2,9,1104.7702873895316,4.0,54.60600041540542,352.0387476755466,185
4043.3,9,1104.7702873895316,4.0,54.59814605622242,352.082903246359,185
4043.4,9,1104.7702873895316,4.0,54.59684313327256,352.07694486931814,185
4043.5,9,1104.7702873895316,4.0,54.618275487638385,351.9519302421381,185
4043.6,9,1104.7702873895316,4.0,54.59580984395212,352.0956940274176,185
4043.7,9,1104.7702873895316,4.0,54.583709120298906,352.16851911909276,185
4043.8,11,1104.7702873895316,3.2,54.5579347295645,352.3394764728184,185
4043.9,11,1104.7702873895316,3.6,54.53164270865333,352.5101489932563,185
4044.0,11,1104.7702873895316,3.6,54.526601501897424,352.5355425545372,185
4044.1,11,1104.7702873895316,3.6,54.47092384705972,352.93683789719546,185
4044.2,11,1104.7702873895316,3.6,54.43749179434788,353.158446093286,185
4044.3,11,1104.7702873895316,3.6,54.42725270401307,353.2216811491825,185
4044.4,11,1104.7702873895316,3.6,54.413375837277286,353.3093532446061,185
4044.5,11,1104.7702873895316,3.6,54.398618202619986,353.40646891381516,185
4044.6,7,1104.7427652480694,3.6,54.362407153938065,353.64433669448385,185
4044.7,7,1104.7427652480694,3.5,54.34893890662751,353.72983861743967,185
4044.8,7,1104.7427652480694,3.5,54.337859564392076,353.7982487759216,185
4044.9,7,1104.7427652480694,3.5,54.329056717310095,353.85936199385503,185
4045.0,7,1104.695266529083,3.5,54.307903906771465,354.00069842667415,185
4045.1,7,1104.695266529083,4.199999999999999,54.3040533836089,354.0232247067414,185
4045.2,7,1104.695266529083,4.199999999999999,54.27236413108767,354.2275414401447,185
4045.3,7,1104.695266529083,4.199999999999999,54.260940147679975,354.30180929668137,185
4045.4,7,1104.695266529083,4.199999999999999,54.244217742747814,354.4080580673909,185
4045.5,7,1104.695266529083,4.199999999999999,54.237232716213796,354.45440900065375,185
4045.6,7,1104.695266529083,4.199999999999999,54.06685434993308,355.647134813433,185
4045.7,7,1104.695266529083,4.199999999999999,54.094944210909546,355.43601242418424,185
4045.8,7,1104.695266529083,4.199999999999999,54.07710319953833,355.5594353370252,185
4045.9,7,1104.695266529083,4.199999999999999,54.07203277709921,355.58395402704997,185
4046.0,7,1104.695266529083,4.199999999999999,54.06372924009368,355.63760728204124,185
4046.1,7,1104.695266529083,4.199999999999999,54.09947343435396,355.4321777297745,185
4046.2,7,1104.695266529083,4.199999999999999,54.0924549521371,355.48290888791183,185
4046.3,11,1104.695266529083,4.199999999999999,54.065109020915216,355.67772467730765,185
4046.4,11,1104.695266529083,4.5,54.05619117009247,355.73584097317826,185
4046.5,11,1104.695266529083,4.5,54.04549358974258,355.8070826586774,185
4046.6,11,1104.695266529083,4.5,54.039168403579055,355.8538918273422,185
4046.7,11,1104.695266529083,4.5,54.023890811493246,355.95891460911196,185
4046.8,7,1104.695266529083,3.6,54.00537603328988,356.08594250817293,185
4046.9,7,1104.695266529083,4.199999999999999,54.001838049442064,356.10514976071346,185
4047.0,7,1104.695266529083,4.199999999999999,53.986007737358634,356.21250446832215,185
4047.1,7,1104.695266529083,4.199999999999999,53.97945588750362,356.26091086073006,185
4047.2,7,1104.695266529083,4.199999999999999,53.96257099107197,356.2854765472717,185
4047.3,7,1104.695266529083,4.199999999999999,53.95739933060412,356.31739802986215,185
4047.4,7,1104.695266529083,4.199999999999999,53.946413499447466,356.3908545977122,185
4047.5,7,1104.695266529083,4.199999999999999,53.94309001794505,356.40938472377195,185
4047.6,7,1104.695266529083,4.199999999999999,53.92603192098352,356.52322718635537,185
4047.7,7,1104.695266529083,4.199999999999999,53.93631853586635,356.44713090625,185
4047.8,7,1104.695266529083,4.199999999999999,53.92580668079384,356.5179488248689,185
4047.9,7,1104.695266529083,4.199999999999999,53.89619733196586,356.71900592786403,185
4048.0,7,1104.695266529083,4.199999999999999,53.903110090606845,356.669859077109,185
4048.1,7,1104.695266529083,4.199999999999999,53.891706381158855,356.745863527663,185
4048.2,7,1104.695266529083,4.199999999999999,53.891518115436,356.74248839473495,185
4048.3,7,1104.695266529083,4.199999999999999,53.926631073911025,356.54195532641,185
4048.4,7,1104.695266529083,4.199999999999999,53.964704094255715,356.26792088182555,185
4048.5,7,1104.695266529083,4.199999999999999,53.95184889192515,356.35615881563155,185
4048.6,7,1104.695266529083,4.199999999999999,53.9558189224036,356.32894398579197,185
4048.7,7,1104.695266529083,4.199999999999999,53.942548450059874,356.41955965328293,185
4048.8,7,1104.695266529083,3.5,53.941328996588055,356.42663223749446,185
4048.9,7,1104.695266529083,3.5,53.939147787457266,356.436870319381,185
4049.0,7,1104.695266529083,3.5,53.9308941143938,356.4933145937939,185
4049.1,7,1104.695266529083,3.5,53.91687632702175,356.5906065822578,185
4049.2,7,1104.695266529083,3.5,53.90878252479564,356.6415587746074,185
4049.3,7,1104.695266529083,3.5,53.899088203285004,356.7027890806165,185
4049.4,7,1104.695266529083,3.5,53.8909415726491,356.7580616413545,185
4049.5,7,1104.695266529083,3.5,53.871648096407114,356.8885400375264,185
4049.6,7,1104.695266529083,3.5,53.864144706317575,356.9327018832613,185
4049.7,7,1104.695266529083,3.5,53.86335110273149,356.9407167249717,185
4049.8,7,1104.695266529083,3.5,53.85524055946859,356.99201019361084,185
4049.9,7,1104.695266529083,3.5,53.839340457920805,357.09503329345875,185
4050.0,7,1104.695266529083,3.5,53.82140107582981,357.2193467428413,185
4050.1,11,1104.695266529083,2.8,53.80112177544428,357.35909527622584,185
4050.2,11,1104.695266529083,3.6,53.79738946485604,357.38611064341154,185
4050.3,11,1104.695266529083,3.6,53.803499453441916,357.33814092169865,185
4050.4,11,1104.695266529083,3.6,53.78975140587502,357.433586359939,185
4050.5,11,1104.695266529083,3.6,53.68532480118431,358.07452998439214,185
4050.6,7,1104.6485951264597,2.7,53.68213289103328,358.09706196484893,185
4050.7,7,1104.6485951264597,3.5,53.67739470622608,358.1262098527616,185
4050.8,7,1104.6485951264597,3.5,53.7065724030491,357.96490811690524,185
4050.9,7,1104.6485951264597,3.5,53.69642324111467,358.0322806324407,185
4051.0,7,1104.6485951264597,3.5,53.68846412766118,358.08429479027234,185
4051.1,7,1104.6485951264597,3.5,53.683067734802314,358.12318037542093,185
4051.2,7,1104.6485951264597,3.5,53.74445196895673,357.68010374794517,185
4051.3,7,1104.6485951264597,3.5,53.73676240470162,357.73242441378306,185
4051.4,7,1104.6485951264597,3.5,53.662502021877756,358.26442106339266,185
4051.5,7,1104.6485951264597,3.5,53.64645095888946,358.37449781014055,185
4051.6,7,1104.6485951264597,3.5,53.63488281327718,358.44933186784544,185
4051.7,7,1104.6485951264597,3.5,53.62314442978611,358.53091413955076,185
4051.8,7,1104.6485951264597,3.5,53.62591686945916,358.50229575682044,185
4051.9,7,1104.6485951264597,3.5,53.623738281498674,358.52004393245295,185
4052.0,11,1104.6485951264597,3.5,53.62557159431513,358.50480088226135,185
4052.1,11,1104.6485951264597,4.5,53.61668167557973,358.5638849903229,185
4052.2,11,1104.6485951264597,4.5,53.62011886384287,358.5362897026262,185
4052.3,11,1104.6485951264597,4.5,53.59141427437446,358.7395599833819,185
4052.4,11,1104.6485951264597,4.5,53.59491833116205,358.71220271755396,185
4052.5,7,1104.6485951264597,3.6,53.57791723692378,358.8280050950226,185
4052.6,7,1104.6485951264597,3.5,53.58132240591938,358.8014731796254,185
4052.7,7,1104.6485951264597,3.5,53.569646335004606,358.8791728254755,185
4052.8,7,1104.6485951264597,3.5,53.575812446626394,358.82856265798955,185
4052.9,7,1104.6485951264597,3.5,53.56943056669353,358.87074617753484,185
4053.0,7,1104.6485951264597,3.5,53.55394570087426,358.97279207238216,185
4053.1,7,1104.6485951264597,3.5,53.542979525501764,359.0434510127211,185
4053.2,7,1104.6485951264597,3.5,53.538535293183784,359.06713182811427,185
4053.3,7,1104.6485951264597,3.5,53.524963919252286,359.15948081730977,185
4053.4,8,1104.707619174441,3.5,53.5125842051022,359.2388381283946,185
4053.5,8,1104.7030475400522,4.199999999999999,53.567652630078975,358.8995506718661,185
4053.6,8,1104.701380238344,4.199999999999999,53.561098324708155,358.94685811336444,185
4053.7,8,1104.701380238344,4.199999999999999,53.60085215644651,358.6507351853194,185
4053.8,8,1104.701380238344,4.199999999999999,53.57781251350336,358.8059489561655,185
4053.9,8,1104.701380238344,4.199999999999999,53.56743375156992,358.87230931391355,185
4054.0,8,1104.701380238344,4.199999999999999,53.56317332646725,358.9001618081909,185
4054.1,8,1104.701380238344,4.199999999999999,53.54783256362647,359.0051872634775,185
4054.2,8,1104.701380238344,4.199999999999999,53.5329258595679,359.1075727900733,185
4054.3,8,1104.701380238344,4.199999999999999,53.52233075195237,359.17865686805726,185
4054.4,8,1104.701380238344,4.199999999999999,53.50430540827753,359.3030027634248,185
4054.5,8,1104.701380238344,4.199999999999999,53.48405726623014,359.4398605956432,185
4054.6,8,1104.701380238344,4.199999999999999,53.461573473188395,359.5929513532552,185
4054.7,8,1104.701380238344,4.199999999999999,53.44640124092949,359.69718287217927,185
4054.8,8,1104.701380238344,4.199999999999999,53.44244925373758,359.7262167581032,185
4054.9,8,1104.701380238344,4.199999999999999,53.336298602503284,360.4918166096811,185
4055.0,8,1104.701380238344,4.199999999999999,53.328734083251405,360.5382053692349,185
4055.1,8,1104.701380238344,4.199999999999999,53.318701893856684,360.60826107790723,185
4055.2,8,1104.701380238344,4.199999999999999,53.31237587123185,360.64971174275433,185
4055.3,8,1104.701380238344,4.199999999999999,53.28285088226043,360.8530677393892,185
4055.4,8,1104.701380238344,4.199999999999999,53.276107756824956,360.8982504769013,185
4055.5,8,1104.701380238344,4.199999999999999,53.26114448329277,361.0014634091289,185
4055.6,8,1104.701380238344,4.199999999999999,53.22912403382753,361.22233450978297,185
4055.7,8,1104.701380238344,4.199999999999999,53.275508261709376,360.94792156058213,185
4055.8,8,1104.701380238344,4.199999999999999,53.25640353308186,361.0803242243295,185
4055.9,8,1104.701380238344,4.199999999999999,53.235646064942614,361.22334666102745,185
4056.0,8,1104.701380238344,4.199999999999999,53.21041133540105,361.39718939999227,185
4056.1,8,1104.701380238344,4.199999999999999,53.27104049426915,360.94414849994126,185
4056.2,8,1104.654572173995,4.199999999999999,53.24887542964766,361.09397828779925,185
4056.3,8,1104.654572173995,4.8999999999999995,53.23273730953423,361.2062551200373,185
4056.4,8,1104.654572173995,4.8999999999999995,53.21056630972592,361.3558243353068,185
4056.5,8,1104.654572173995,4.8999999999999995,53.189553086417035,361.4959176094935,185
4056.6,8,1104.654572173995,4.8999999999999995,53.16604858401571,361.66669590298955,185
4056.7,8,1104.654572173995,4.8999999999999995,53.14908662491075,361.7829504516542,185
4056.8,8,1104.654572173995,4.8999999999999995,53.13335261081155,361.89397583480024,185
4056.9,8,1104.654572173995,4.8999999999999995,53.107485532485235,362.07274526910277,185
4057.0,8,1104.654572173995,4.8999999999999995,53.091517195558595,362.1821049719957,185
4057.1,8,1104.654572173995,4.8999999999999995,53.07098806598107,362.3193203743107,185
4057.2,8,1104.654572173995,4.8999999999999995,53.05626291198517,362.4186362166936,185
4057.3,8,1104.654572173995,4.8999999999999995,53.044079709698835,362.49547529874695,185
4057.4,8,1104.654572173995,4.8999999999999995,53.02722608277264,362.6067445913901,185
4057.5,8,1104.654572173995,4.8999999999999995,53.01585231785645,362.6786004453337,185
4057.6,8,1104.654572173995,4.8999999999999995,52.98783321489312,362.87579490301687,185
4057.7,8,1104.654572173995,4.8999999999999995,52.966352493066324,363.0214864917856,185
4057.8,8,1104.654572173995,4.8999999999999995,52.9480635908597,363.1439944834539,185
4057.9,8,1104.654572173995,4.8999999999999995,52.92093762930274,363.3295692381,185
4058.0,8,1104.654572173995,4.8999999999999995,52.903600758474084,363.4521324423216,185
4058.1,8,1104.654572173995,4.8999999999999995,52.81467147646351,364.0340610371825,185
4058.2,8,1104.654572173995,4.8999999999999995,52.878166446169544,363.6256513273285,185
4058.3,8,1104.654572173995,4.8999999999999995,52.85238008850074,363.80839792193217,185
4058.4,8,1104.654572173995,4.8999999999999995,52.8529696130943,363.7976067565787,185
4058.5,8,1104.654572173995,4.8999999999999995,52.8187096142114,364.04127350811007,185
4058.6,8,1104.654572173995,4.8999999999999995,52.79627256348746,364.1907991362497,185
4058.7,8,1104.654572173995,4.8999999999999995,52.75917279104843,364.4520501147837,185
4058.8,8,1104.654572173995,4.8999999999999995,52.73772124451207,364.6030791230503,185
4058.9,8,1104.654572173995,4.8999999999999995,52.8110759399747,364.0468600171034,185
4059.0,8,1104.654572173995,4.8999999999999995,52.79213173789725,364.1758271538565,185
4059.1,8,1104.654572173995,4.8999999999999995,52.76624998120101,364.35887156090484,185
4059.2,8,1104.654572173995,4.8999999999999995,52.742742357607526,364.52454567104405,185
4059.3,8,1104.654572173995,4.8999999999999995,52.714410165192064,364.72087037245365,185
4059.4,8,1104.654572173995,4.8999999999999995,52.69221982103253,364.87446727080624,185
4059.5,8,1104.654572173995,4.199999999999999,52.67112843096963,365.0245775096371,185
4059.6,8,1104.654572173995,4.199999999999999,52.65115049568118,365.15991038982406,185
4059.7,8,1104.654572173995,4.199999999999999,52.6290642668683,365.3171530557356,185
4059.8,8,1104.654572173995,4.199999999999999,52.60884705905045,365.4552611021187,185
4059.9,8,1104.654572173995,4.199999999999999,52.57939985812559,365.66305973987653,185
4060.0,8,1104.654572173995,4.199999999999999,52.564486166419194,365.7657365163427,185
4060.1,8,1104.654572173995,4.199999999999999,52.53837977907755,365.9504966872295,185
4060.2,8,1104.654572173995,4.199999999999999,52.400956884994926,366.97338904966733,185
4060.3,8,1104.654572173995,4.199999999999999,52.36510979026605,367.22798083925585,185
4060.4,8,1104.654572173995,4.199999999999999,52.345481014301996,367.3622840308882,185
4060.5,8,1104.654572173995,4.199999999999999,52.31707063038141,367.56367817611493,185
4060.6,8,1104.654572173995,4.199999999999999,52.37413437984979,367.19993060548495,185
4060.7,8,1104.6075577470604,4.199999999999999,52.345299537248636,367.4110901315344,185
4060.8,8,1104.6075577470604,4.8999999999999995,52.33013048179501,367.50918107376435,185
4060.9,8,1104.6075577470604,4.8999999999999995,52.24625106450095,368.05877129842406,185
4061.0,8,1104.6075577470604,4.8999999999999995,52.27903917926892,367.726162682887,185
4061.1,8,1104.6075577470604,4.8999999999999995,52.26413272511439,367.82972106140915,185
4061.2,8,1104.6075577470604,4.8999999999999995,52.25338001928263,367.89469114332576,185
4061.3,8,1104.6075577470604,4.8999999999999995,52.22406626585631,368.1010030666928,185
4061.4,8,1104.6075577470604,4.8999999999999995,52.22553228253568,368.08504433545323,185
4061.5,8,1104.6075577470604,4.8999999999999995,52.209642387582534,368.19699820929446,185
4061.6,8,1104.6075577470604,4.8999999999999995,52.30228169859711,367.49308574333224,185
4061.7,8,1104.6075577470604,4.8999999999999995,52.29255971249212,367.55659642956664,185
4061.8,8,1104.6075577470604,4.199999999999999,52.281553977724116,367.63704774619066,185
4061.9,8,1104.6075577470604,4.199999999999999,52.28138727135439,367.63479449387273,185
4062.0,8,1104.6075577470604,4.199999999999999,52.276775648557496,367.66615835756363,185
4062.1,8,1104.6075577470604,4.199999999999999,52.27263747204493,367.6961302521137,185
4062.2,8,1104.6075577470604,4.199999999999999,52.27592005081889,367.6679200968027,185
4062.3,8,1104.6075577470604,4.199999999999999,52.262656163187046,367.761149757073,185
4062.4,8,1104.6075577470604,4.199999999999999,52.26290443945561,367.7595666371209,185
4062.5,8,1104.6075577470604,4.199999999999999,52.26549615585284,367.74404057706107,185
4062.6,8,1104.6075577470604,4.199999999999999,52.27093060295314,367.7053493581344,185
4062.7,8,1104.6075577470604,4.199999999999999,52.260062660021305,367.78752950497346,185
4062.8,8,1104.6075577470604,4.199999999999999,52.258529017330346,367.80012351103085,185
4062.9,8,1104.6075577470604,4.199999999999999,52.33972816742359,367.2634296049182,185
4063.0,8,1104.6075577470604,4.199999999999999,52.34548556116821,367.2218222301102,185
4063.1,8,1104.6075577470604,4.199999999999999,52.328504826254786,367.3448231287234,185
4063.2,8,1104.6075577470604,4.199999999999999,52.33280899447372,367.3161438632247,185
4063.3,8,1104.6075577470604,4.199999999999999,52.22255657855749,368.03196443233577,185
4063.4,8,1104.6075577470604,4.199999999999999,52.213616897012095,368.0985563487953,185
4063.5,8,1104.6075577470604,4.199999999999999,52.21995708374987,368.05159464566117,185
4063.6,8,1104.6075577470604,4.199999999999999,52.219266244305025,368.05711600848883,185
4063.7,8,1104.6075577470604,4.199999999999999,52.216748823134054,368.0797594912697,185
4063.8,8,1104.6075577470604,4.199999999999999,52.21388167277058,368.1035017751917,185
4063.9,8,1104.6075577470604,4.199999999999999,52.227987975173065,368.0013664310119,185
4064.0,8,1104.6075577470604,4.199999999999999,52.21830380832486,368.07518057923687,185
4064.1,8,1104.6075577470604,3.5,52.31959709559673,367.40515385852757,185
4064.2,8,1104.6075577470604,3.5,52.403934761465315,366.77418228920305,185
4064.3,8,1104.6075577470604,3.5,52.40381593005294,366.77421157919963,185
4064.4,8,1104.6075577470604,3.5,52.4045724327889,366.7659093937027,185
4064.5,8,1104.6075577470604,3.5,52.39743508293435,366.81879257337295,185
4064.6,8,1104.6075577470604,3.5,52.26933430227963,367.65824594139826,185
4064.7,8,1104.6075577470604,3.5,52.26298340262664,367.7059682191101,185
4064.8,8,1104.6075577470604,3.5,52.25593764284155,367.76024237663603,185
4064.9,8,1104.6075577470604,3.5,52.24334634936924,367.84879731620833,185
4065.0,8,1104.6075577470604,3.5,52.241703500850335,367.8565016120542,185
4065.1,8,1104.6075577470604,3.5,52.23842872922645,367.8825783694681,185
4065.2,8,1104.6075577470604,3.5,52.22822756195069,367.955342203137,185
4065.3,8,1104.6075577470604,3.5,52.22501950495753,367.9767798014018,185
4065.4,8,1104.6075577470604,3.5,52.211072076436494,368.0753959463633,185
4065.5,8,1104.6075577470604,3.5,52.20044749048775,368.1509071025664,185
4065.6,8,1104.6075577470604,3.5,52.23356039656855,367.87798576027757,185
4065.7,8,1104.6075577470604,3.5,52.2241066085782,367.9445662724988,185
4065.8,8,1104.6075577470604,3.5,52.223312459129644,367.9448071582772,185
4065.9,8,1104.6075577470604,3.5,52.221621568828866,367.95326582353573,185
4066.0,8,1104.6075577470604,3.5,52.21361668115914,368.00975262143106,185
4066.1,8,1104.6075577470604,3.5,52.225175549169876,367.9246750736245,185
4066.2,8,1104.6075577470604,3.5,52.18200632783031,368.1428030676135,185
4066.3,8,1104.6075577470604,3.5,52.14922859029065,368.3764043933121,185
4066.4,8,1104.6075577470604,3.5,52.24260038094104,367.7482551123088,185
4066.5,8,1104.6075577470604,3.5,52.23624552913927,367.7921452224864,185
4066.6,8,1105.0129522389605,3.5,52.22376664546542,367.87979936576176,186
4066.7,8,1105.0129522389605,-100.0,52.21514837013189,367.94153832258814,186
4066.8,8,1105.0129522389605,3.5,52.20659819923355,368.0058214596363,186
4066.9,8,1105.0129522389605,3.5,52.20070486976029,368.0498027855232,186
4067.0,8,1105.0129522389605,3.5,52.20589564000566,368.0127427314291,186
4067.1,8,1105.0129522389605,3.5,52.195459754057936,368.0848342461335,186
4067.2,8,1105.0129522389605,3.5,52.193486139088904,368.0972730650346,186
4067.3,8,1105.0129522389605,3.5,52.179787062645886,368.2008140892384,186
4067.4,10,1105.0129522389605,2.8,52.263836365471896,367.5750255556994,186
4067.5,10,1105.0129522389605,4.0,52.257014576193775,367.624771136132,186
4067.6,10,1105.0129522389605,4.0,52.25817713577543,367.61647041299716,186
4067.7,10,1105.0129522389605,4.0,52.25913572373619,367.6090284467615,186
4067.8,10,1105.0129522389605,4.0,52.25631997540285,367.6328056019488,186
4067.9,10,1105.0129522389605,4.0,52.22991585972376,367.8234316529584,186
4068.0,10,1105.0129522389605,4.0,52.22735109799404,367.84266484842226,186
4068.1,10,1105.0129522389605,4.0,52.22659105944682,367.84852429475916,186
4068.2,10,1105.0129522389605,4.0,52.10775428271431,368.7310568926636,186
4068.3,10,1105.0129522389605,4.0,52.09922821807128,368.79347988779307,186
4068.4,10,1105.0129522389605,4.0,52.08614664649469,368.8852743010792,186
4068.5,10,1105.0129522389605,4.0,52.0879206454767,368.8703445449921,186
4068.6,10,1105.0129522389605,4.0,51.91889070140523,370.0244479698715,186
4068.7,10,1105.0129522389605,4.0,51.91870058833847,370.02755934240884,186
4068.8,10,1105.0129522389605,4.0,51.92321932061047,369.9966967312814,186
4068.9,10,1105.0129522389605,4.0,51.9186261339793,370.03399262050743,186
4069.0,10,1105.0129522389605,4.0,51.92107159318522,370.0165111244138,186
4069.1,10,1105.0129522389605,4.0,51.92360458717896,369.9998004218669,186
4069.2,10,1105.0129522389605,4.0,51.91795919039136,370.04985949417227,186
4069.3,10,1105.0129522389605,4.0,51.92262761823055,370.016938333422,186
4069.4,10,1105.0129522389605,4.0,51.91574794296452,370.0694967963427,186
4069.5,10,1105.0129522389605,4.0,51.922124594633075,369.9922488153849,186
4069.6,10,1105.0129522389605,4.0,51.929233933901884,369.9426157702718,186
4069.7,10,1105.0129522389605,4.0,51.927476880753986,369.9607389730878,186
4069.8,10,1105.0129522389605,4.0,52.01221494984084,369.33447616798105,186
4069.9,10,1105.0129522389605,4.0,51.99908419936361,369.43492198259287,186
4070.0,10,1105.0129522389605,4.0,52.01513889348431,369.3200263170211,186
4070.1,10,1105.0129522389605,4.0,52.11176265147962,368.692263119788,186
4070.2,10,1105.0129522389605,4.0,52.1224098798417,368.61629891468374,186
4070.3,10,1105.0129522389605,4.0,52.10339810981145,368.76155502949223,186
4070.4,10,1105.0129522389605,4.0,52.10916200266936,368.7207087180556,186
4070.5,10,1105.0129522389605,4.0,52.10119030783602,368.78622145673774,186
4070.6,10,1105.0129522389605,4.0,52.099802031110976,368.80400429107647,186
4070.7,8,1104.974838089195,4.0,52.102181383564286,368.79048610478355,186
4070.8,8,1104.974838089195,3.5,52.112313795232126,368.71814386853225,186
4070.9,8,1104.974838089195,3.5,52.08416709824141,368.9312350617233,186
4071.0,8,1104.974838089195,3.5,52.09042022155802,368.8896549093878,186
4071.1,8,1104.974838089195,3.5,52.06721915839435,369.0664793497983,186
4071.2,8,1104.974838089195,3.5,52.05644224029679,369.1488332992375,186
4071.3,10,1104.974838089195,2.8,52.044410499968805,369.23919936320044,186
4071.4,10,1104.974838089195,4.800000000000001,52.05128573407084,369.1923018891735,186
4071.5,10,1104.974838089195,4.0,52.03881879699476,369.2948262128651,186
4071.6,10,1104.974838089195,4.0,52.02962756207941,369.30830349938344,186
4071.7,10,1104.974838089195,4.0,52.026811746991285,369.33243507919275,186
4071.8,10,1104.974838089195,4.0,52.0149053936849,369.42595704822116,186
4071.9,10,1104.974838089195,4.0,52.01722068472927,369.4111944682773,186
4072.0,10,1104.974838089195,4.0,52.02276534601347,369.3704724951049,186
4072.1,10,1104.974838089195,4.0,52.00128032601991,369.52921604946516,186
4072.2,10,1104.974838089195,4.0,52.001984755993604,369.5271226191966,186
4072.3,10,1104.974838089195,4.0,52.08416785171559,368.9134285334808,186
4072.4,10,1104.974838089195,4.0,52.071599624529156,369.00910314762007,186
4072.5,10,1104.974838089195,4.0,52.20956242883361,368.09041984184665,186
4072.6,10,1104.974838089195,4.0,52.18960703095116,368.23892930391673,186
4072.7,10,1104.974838089195,4.0,52.185937192879834,368.27078551105797,186
4072.8,10,1104.974838089195,4.0,52.17210324244776,368.36962245357904,186
4072.9,10,1104.974838089195,4.0,52.047164399444014,369.1465055657311,186
4073.0,10,1104.974838089195,4.0,52.03846985013384,369.21450668673003,186
4073.1,8,1104.9284495202983,3.2,52.03113121935415,369.2674638310974,186
4073.2,8,1104.9284495202983,3.5,52.02153763846886,369.34241363390913,186
4073.3,8,1104.9284495202983,3.5,52.01721767484785,369.3732559416177,186
4073.4,8,1105.3338870950124,3.5,51.99706253282404,369.5250374846198,187
4073.5,8,1105.3338870950124,-100.0,51.98305177871378,369.6320916817749,187
4073.6,8,1105.3338870950124,3.5,51.98162596239615,369.6439590469173,187
4073.7,7,1105.3028588784498,3.5,51.987156270228155,369.6078011201878,187
4073.8,7,1105.3105316906344,4.199999999999999,51.97550275072307,369.70444989431377,187
4073.9,7,1105.282034755982,4.199999999999999,51.987121378095466,369.62035429066344,187
4074.0,7,1105.282034755982,4.199999999999999,51.99355304878663,369.5763476911918,187
4074.1,7,1105.282034755982,4.199999999999999,51.987435190403986,369.62687636127725,187
4074.2,7,1105.282034755982,4.199999999999999,51.99681673539335,369.5628383358465,187
4074.3,7,1105.282034755982,4.199999999999999,51.99707833309765,369.564852126815,187
4074.4,7,1105.282034755982,4.199999999999999,51.98554095652431,369.6528560709868,187
4074.5,7,1105.282034755982,4.199999999999999,52.07628592643918,369.04620522851235,187
4074.6,7,1105.282034755982,4.199999999999999,52.07986170189122,369.02166693080846,187
4074.7,7,1105.282034755982,4.199999999999999,52.07697017242492,369.04640199879304,187
4074.8,7,1105.282034755982,4.199999999999999,52.08306492457985,369.0025467422828,187
4074.9,7,1105.282034755982,4.199999999999999,52.08435885003966,368.9918519146983,187
4075.0,7,1105.282034755982,4.199999999999999,52.13939565678788,368.57705605937025,187
4075.1,7,1105.282034755982,4.199999999999999,52.13822259751419,368.58745057273734,187
4075.2,7,1105.282034755982,4.199999999999999,52.147001829293835,368.52120755021645,187
4075.3,7,1105.282034755982,4.199999999999999,52.139686079251426,368.57240494485126,187
4075.4,7,1105.282034755982,4.199999999999999,52.030895525958634,369.29807446735947,187
4075.5,7,1105.282034755982,4.199999999999999,52.026903770346124,369.3288083016546,187
4075.6,7,1105.282034755982,4.199999999999999,52.03531861204395,369.2654369394932,187
4075.7,7,1105.282034755982,4.199999999999999,52.034386552388796,369.26749988789163,187
4075.8,7,1105.282034755982,4.199999999999999,52.14880008017299,368.4131771238268,187
4075.9,7,1105.282034755982,3.5,52.137686660254985,368.4917355990085,187
4076.0,7,1105.282034755982,3.5,52.15797092782181,368.34074645998925,187
4076.1,7,1105.282034755982,3.5,52.15439005165754,368.3692337605523,187
4076.2,7,1105.282034755982,3.5,52.15209596799296,368.3808800909553,187
4076.3,7,1105.282034755982,3.5,52.14835193200325,368.40780415325435,187
4076.4,7,1105.282034755982,3.5,52.13605277018281,368.493790964192,187
4076.5,7,1105.282034755982,3.5,52.12641136230889,368.56346848314354,187
4076.6,7,1105.282034755982,3.5,52.115496679908475,368.6377391703785,187
4076.7,12,1105.282034755982,3.5,52.10393603889945,368.7185600526134,187
4076.8,7,1105.282034755982,2.7,52.10428069783474,368.71407278044103,187
4076.9,7,1105.282034755982,3.5,52.10034581529625,368.74042513447006,187
4077.0,7,1105.282034755982,3.5,52.18446490809626,368.1790161852818,187
4077.1,7,1105.282034755982,3.5,52.17640460818277,368.2333595184701,187
4077.2,7,1105.282034755982,3.5,52.176933645895076,368.2259680655312,187
4077.3,7,1105.282034755982,3.5,52.170626130006085,368.2730916503779,187
4077.4,7,1105.282034755982,3.5,52.170384823172,368.2714875926239,187
4077.5,7,1105.282034755982,3.5,52.17042465444095,368.267982301138,187
4077.6,7,1105.282034755982,3.5,52.16473633729571,368.3095685395423,187
4077.7,7,1105.282034755982,3.5,52.17149251935365,368.2574461666838,187
4077.8,7,1105.282034755982,3.5,52.09419645187555,368.779435657843,187
4077.9,7,1105.282034755982,3.5,52.09247529215452,368.7892187821202,187
4078.0,7,1105.282034755982,3.5,52.04481218192376,369.20259210376923,187
4078.1,12,1105.282034755982,3.5,52.0511809916905,369.15360861215936,187
4078.2,12,1105.282034755982,3.6,52.04041439517271,369.2296385891499,187
4078.3,7,1105.2350516100444,3.6,52.10516026396934,368.742076927227,187
4078.4,7,1105.2350516100444,4.199999999999999,52.101239659447714,368.7678163876632,187
4078.5,7,1105.2350516100444,4.199999999999999,52.10279941118826,368.75573636415555,187
4078.6,7,1105.2350516100444,4.199999999999999,52.09793447214926,368.7909232650095,187
4078.7,7,1105.2350516100444,4.199999999999999,52.09371799059589,368.82081375589553,187
4078.8,7,1105.2350516100444,4.199999999999999,52.07984588592366,368.91973409698187,187
4078.9,7,1105.2350516100444,4.199999999999999,52.07987832414335,368.92000653670004,187
4079.0,7,1105.2350516100444,4.199999999999999,52.0656669159568,369.02416118404466,187
4079.1,7,1105.2350516100444,4.199999999999999,52.063291136528605,369.04241431955666,187
4079.2,7,1105.2350516100444,4.199999999999999,52.05952094738453,369.0707281906705,187
4079.3,7,1105.2350516100444,4.199999999999999,52.05067436965102,369.13355687929237,187
4079.4,7,1105.2350516100444,4.199999999999999,52.03929027424934,369.21502778249555,187
4079.5,7,1105.2350516100444,4.199999999999999,52.127100028765454,368.6347869704621,187
4079.6,7,1105.2350516100444,4.199999999999999,52.1223093120757,368.6672896470146,187
4079.7,7,1105.2350516100444,4.199999999999999,52.11077407647103,368.751587214168,187
4079.8,7,1105.2350516100444,4.199999999999999,52.108834478533836,368.76818170336,187
4079.9,7,1105.2350516100444,4.199999999999999,52.099402619816374,368.83613459964977,187
4080.0,12,1105.2350516100444,4.199999999999999,52.07907005606509,368.9860433586326,187
4080.1,12,1105.2350516100444,4.5,52.07302515586791,369.02942788227006,187
4080.2,12,1105.2350516100444,4.5,52.075793652062956,369.01280144096046,187
4080.3,12,1105.2350516100444,4.5,52.07250264474497,369.03372352444194,187
4080.4,12,1105.2350516100444,4.5,52.062542861098464,369.1055509750198,187
4080.5,12,1105.2350516100444,4.5,52.058911577835445,369.127702484701,187
4080.6,12,1105.2350516100444,4.5,52.04932329937081,369.1981941374013,187
4080.7,12,1105.2350516100444,4.5,52.0442293641458,369.23383650554274,187
4080.8,12,1105.2350516100444,4.5,52.02828279139864,369.3488317465921,187
4080.9,12,1105.2350516100444,4.5,52.02139101286133,369.39799480077806,187
4081.0,12,1105.2350516100444,4.5,52.17509390432029,368.2463378358843,187
4081.1,12,1105.2350516100444,4.5,52.17133759080893,368.27220799630834,187
4081.2,12,1105.2350516100444,4.5,52.112159355699745,368.7121995305296,187
4081.3,12,1105.2350516100444,4.5,52.11292775512442,368.7041403508994,187
4081.4,12,1105.2350516100444,4.5,52.09953134102852,368.7995612822235,187
4081.5,7,1105.1885470274472,4.5,52.08562097890953,368.8995079598933,187
4081.6,12,1105.1885470274472,4.8999999999999995,52.07858140442864,368.95165815511893,187
4081.7,7,1105.1885470274472,3.6,52.08151853907406,368.93063966248917,187
4081.8,7,1105.1885470274472,4.8999999999999995,52.07425844490502,368.9840520999305,187
4081.9,7,1105.1885470274472,4.8999999999999995,52.06289674428037,369.06409974907973,187
4082.0,7,1105.1885470274472,4.8999999999999995,52.05876410529897,369.0949781212617,187
4082.1,7,1105.1885470274472,4.8999999999999995,52.0578503501674,369.099906669329,187
4082.2,7,1105.1885470274472,4.8999999999999995,52.044602743761416,369.1946023203334,187
4082.3,7,1105.1885470274472,4.8999999999999995,52.077432119243106,368.8051053199923,187
4082.4,7,1105.1885470274472,5.6,52.08172625167787,368.7723481281856,187
4082.5,7,1105.1885470274472,5.6,52.04182385716888,369.0508043310641,187
4082.6,7,1105.1885470274472,5.6,52.04805831365375,369.0049570802684,187
4082.7,7,1105.1885470274472,5.6,52.04341898638543,369.0391698989256,187
4082.8,7,1105.1885470274472,5.6,52.04067634986697,369.0596361720423,187
4082.9,7,1105.1885470274472,5.6,52.04658238647936,369.0154200063377,187
4083.0,7,1105.1885470274472,5.6,52.040095109470826,369.0627310778425,187
4083.1,7,1105.1885470274472,5.6,52.15890755312519,368.19510825433616,187
4083.2,7,1105.1885470274472,5.6,52.15942119959078,368.1916319759939,187
4083.3,7,1105.1885470274472,5.6,52.1542280309431,368.2294688261097,187
4083.4,7,1105.1885470274472,5.6,52.158517414046464,368.198169021618,187
4083.5,7,1105.1885470274472,5.6,52.16428006634824,368.15889745667454,187
4083.6,7,1105.1885470274472,5.6,52.170150934627664,368.1168562031223,187
4083.7,7,1105.1885470274472,4.8999999999999995,52.170381692462605,368.11513413182297,187
4083.8,7,1105.1885470274472,4.8999999999999995,52.18022790550154,368.04699221278497,187
4083.9,7,1105.1885470274472,4.8999999999999995,52.187823908523775,367.99512675948176,187
4084.0,7,1105.1885470274472,4.8999999999999995,52.202805014725215,367.88817105072405,187
4084.1,7,1105.1885470274472,4.8999999999999995,52.208000742430016,367.8545063052335,187
4084.2,7,1105.1885470274472,4.8999999999999995,52.336862554216665,366.97403545962646,187
4084.3,7,1105.1412838367444,4.8999999999999995,52.25851001726835,367.5478488388546,187
4084.4,7,1105.1412838367444,5.6,52.25516816776312,367.572125338753,187
4084.5,7,1105.1412838367444,5.6,52.26240171079676,367.52468869653603,187
4084.6,7,1105.1412838367444,5.6,52.27517259810132,367.4343960828379,187
4084.7,7,1105.1412838367444,5.6,52.276060254241735,367.43098288006354,187
4084.8,7,1105.1412838367444,5.6,52.290974514317256,367.3257662516851,187
4084.9,7,1105.1412838367444,5.6,52.29421091301789,367.30267739819334,187
4085.0,7,1105.1412838367444,5.6,52.30409639506813,367.23648994161647,187
4085.1,7,1105.1412838367444,5.6,52.31008162870859,367.1959097600104,187
4085.2,7,1105.1412838367444,5.6,52.32255611220178,367.10563308520693,187
4085.3,7,1105.1412838367444,5.6,52.26643106812553,367.5266957612789,187
4085.4,7,1105.1412838367444,5.6,52.27666571207486,367.45766828966407,187
4085.5,7,1105.1412838367444,5.6,52.28849445838026,367.37248695945226,187
4085.6,7,1105.1412838367444,5.6,52.292360821020566,367.34703263701897,187
4085.7,7,1105.1412838367444,5.6,52.29091716506866,367.3597656594254,187
4085.8,7,1105.1412838367444,5.6,52.30341826736845,367.2724200627042,187
4085.9,7,1105.1412838367444,4.8999999999999995,52.31731675901227,367.17626117865814,187
4086.0,7,1105.1412838367444,4.8999999999999995,52.420308222633224,366.4885952577945,187
4086.1,7,1105.1412838367444,4.8999999999999995,52.42765699807454,366.44094300878356,187
4086.2,7,1105.1412838367444,4.8999999999999995,52.434007223304775,366.3971547789143,187
4086.3,7,1105.1412838367444,4.8999999999999995,52.38563853727162,366.760735049014,187
4086.4,7,1105.1412838367444,4.8999999999999995,52.392926982767676,366.71074173611316,187
4086.5,7,1105.1412838367444,4.8999999999999995,52.40710463873074,366.61526982771954,187
4086.6,7,1105.1412838367444,4.8999999999999995,52.421331826694185,366.5168072479066,187
4086.7,7,1105.1412838367444,4.8999999999999995,52.43415824134334,366.42714800175474,187
4086.8,7,1105.1412838367444,4.8999999999999995,52.44030366859212,366.38571069433794,187
4086.9,7,1105.1412838367444,4.8999999999999995,52.454336217614916,366.29079721831306,187
4087.0,7,1105.1412838367444,4.8999999999999995,52.52206136708817,365.83941885578935,187
4087.1,7,1105.0944377427254,4.8999999999999995,52.45127732931609,366.29918174408033,187
4087.2,7,1105.0944377427254,4.8999999999999995,52.45229873507036,366.29915675184884,187
4087.3,7,1105.0944377427254,4.8999999999999995,52.516108968716644,365.8380146350179,187
4087.4,7,1105.0944377427254,4.8999999999999995,52.5323811215084,365.72712403444484,187
4087.5,7,1105.0944377427254,4.8999999999999995,52.542406135924516,365.6613896324964,187
4087.6,7,1105.0944377427254,4.8999999999999995,52.565165281798265,365.5051999386144,187
4087.7,7,1105.0944377427254,4.8999999999999995,52.582485492447546,365.3878440754122,187
4087.8,7,1105.0944377427254,4.8999999999999995,52.60233724800784,365.25245812797925,187
4087.9,7,1105.0944377427254,4.8999999999999995,52.62965238260465,365.0651819922424,187
4088.0,7,1105.0944377427254,4.8999999999999995,52.63865634571007,365.0030200110069,187
4088.1,7,1105.0944377427254,4.8999999999999995,52.58664427128902,365.3933880285438,187
4088.2,7,1105.0944377427254,4.8999999999999995,52.60545759891356,365.2628254502446,187
4088.3,7,1105.0944377427254,4.8999999999999995,52.62695809928559,365.11486567550935,187
4088.4,7,1105.0944377427254,4.8999999999999995,52.63572629888674,365.06359556693485,187
4088.5,7,1105.0944377427254,4.8999999999999995,52.651784916353634,364.95277103461234,187
4088.6,7,1105.0944377427254,4.8999999999999995,52.574479238434506,365.4539327715389,187
4088.7,7,1105.0944377427254,4.8999999999999995,52.59759884075533,365.2899554208171,187
4088.8,7,1105.0944377427254,4.8999999999999995,52.604728908417385,365.2448069464813,187
4088.9,7,1105.0944377427254,4.8999999999999995,52.62308983812895,365.1167055539106,187
4089.0,7,1105.0944377427254,4.8999999999999995,52.64390671975998,364.9743548004933,187
4089.1,7,1105.0944377427254,4.8999999999999995,52.65572631689248,364.8980546290811,187
4089.2,7,1105.0944377427254,4.8999999999999995,52.67555255444971,364.7601250749384,187
4089.3,8,1105.0825176014575,4.199999999999999,52.68093328865261,364.7261630002551,187
4089.4,7,1105.0825176014575,3.5,52.701205249731245,364.58573367488316,187
4089.5,7,1105.0825176014575,4.199999999999999,52.71562396305882,364.48549445951073,187
4089.6,7,1105.0353466147044,4.199999999999999,52.624901147827856,365.07863016611316,187
4089.7,7,1105.0353466147044,4.8999999999999995,52.64255928043354,364.95863759679776,187
4089.8,7,1105.0353466147044,4.8999999999999995,52.748849650078036,364.22863280496495,187
4089.9,7,1105.0353466147044,4.8999999999999995,52.767420113580016,364.1028561798732,187
4090.0,7,1105.0353466147044,4.8999999999999995,52.79116789631223,363.9386376437434,187
4090.1,7,1105.0353466147044,4.8999999999999995,52.802497952028844,363.8643000384741,187
4090.2,7,1105.0353466147044,4.8999999999999995,52.729083474840564,364.4035260402934,187
4090.3,7,1105.0353466147044,4.8999999999999995,52.72248725471096,364.44846099798576,187
4090.4,7,1105.0353466147044,4.8999999999999995,52.74786662297975,364.27126489636146,187
4090.5,7,1105.0353466147044,4.8999999999999995,52.76142446156973,364.18063421043485,187
4090.6,7,1105.0353466147044,4.8999999999999995,52.77121219145707,364.11872742881434,187
4090.7,7,1105.0353466147044,4.8999999999999995,52.791823697375136,363.9782329914302,187
4090.8,7,1105.0353466147044,4.8999999999999995,52.82121515844498,363.7700113401304,187
4090.9,7,1105.0353466147044,4.8999999999999995,52.84257345731868,363.62722107155855,187
4091.0,7,1105.0353466147044,4.8999999999999995,52.862183779393874,363.49305359489995,187
4091.1,7,1105.0353466147044,4.8999999999999995,52.77712503147936,364.12148253556785,187
4091.2,7,1105.0353466147044,4.8999999999999995,52.76202035281631,364.2483706569322,187
4091.3,7,1105.0353466147044,5.6,52.784368609126254,364.0934513593146,187
4091.4,7,1105.0353466147044,5.6,52.807114693904275,363.93927611866786,187
4091.5,7,1105.0353466147044,5.6,52.81582778525372,363.88437047870593,187
4091.6,7,1105.0353466147044,5.6,52.83844811466595,363.73161576229495,187
4091.7,7,1105.0353466147044,5.6,52.809943735964644,363.9059218435825,187
4091.8,7,1105.0353466147044,5.6,52.828926855036755,363.77941004976975,187
4091.9,7,1105.0353466147044,5.6,52.86132413588301,363.555548993645,187
4092.0,7,1104.9886692988666,5.6,52.865548327402365,363.5384508904493,187
4092.1,7,1104.9886692988666,6.3,52.88291677172471,363.420055327205,187
4092.2,7,1104.9886692988666,6.3,52.89154612678264,363.36148559877745,187
4092.3,7,1104.9886692988666,6.3,52.902920979778514,363.2834029323467,187
4092.4,7,1104.9886692988666,6.3,52.9564244795034,362.91001763518807,187
4092.5,7,1104.9886692988666,6.3,52.93146915768506,363.0661636476221,187
4092.6,7,1104.9886692988666,6.3,52.94560216428313,362.971588759748,187
4092.7,7,1104.9886692988666,6.3,52.9662491248272,362.8318212990906,187
4092.8,7,1104.9886692988666,6.3,52.98006486032902,362.74056316206696,187
4092.9,7,1104.9886692988666,5.6,52.99096414049042,362.66834005606245,187
4093.0,7,1104.9886692988666,5.6,53.00826143448473,362.5520038593007,187
4093.1,7,1104.9886692988666,5.6,53.02965526760383,362.4068560763802,187
4093.2,7,1104.9886692988666,5.6,52.921065887434786,363.21308722841906,187
4093.3,7,1104.9886692988666,5.6,52.94020029128349,363.0864886286855,187
4093.4,7,1104.9886692988666,5.6,52.95778543370492,362.9695324325554,187
4093.5,7,1104.9886692988666,5.6,52.96949932183969,362.8971051689887,187
4093.6,7,1104.9886692988666,5.6,52.985570653051504,362.7916156263345,187
4093.7,7,1104.9886692988666,5.6,53.006794230102635,362.65105107425484,187
4093.8,7,1104.9886692988666,5.6,53.021616518225514,362.55794252948243,187
4093.9,7,1104.9886692988666,5.6,53.03851754906563,362.4413684207447,187
4094.0,7,1104.9886692988666,5.6,53.06492495076462,362.2629952883856,187
4094.1,7,1104.9886692988666,5.6,53.08294695962422,362.1410236723864,187
4094.2,7,1104.9886692988666,5.6,53.096581127384795,362.0482059282808,187
4094.3,7,1104.9886692988666,5.6,53.12128771721879,361.87828345132095,187
4094.4,7,1104.9886692988666,5.6,52.95792882027051,363.09458592477205,187
4094.5,7,1104.9417894118496,5.6,52.97510326240865,362.98345566324997,187
4094.6,7,1104.9417894118496,6.3,52.986647543507075,362.9125669409849,187
4094.7,7,1104.9417894118496,6.3,52.89315057963783,363.50821388975567,187
4094.8,7,1104.9417894118496,6.3,52.90804446569682,363.41837347715193,187
4094.9,7,1104.9417894118496,6.3,52.93677256965316,363.2326848607464,187
4095.0,7,1104.9417894118496,6.3,52.954722613609036,363.11748589581146,187
4095.1,7,1104.9417894118496,6.3,53.009205820327296,362.7277514561318,187
4095.2,7,1104.9417894118496,6.3,53.02406999544735,362.63260515630884,187
4095.3,7,1104.9417894118496,6.3,53.03295375440422,362.58144352468406,187
4095.4,7,1104.9417894118496,6.3,53.04375161155332,362.5082070107793,187
4095.5,7,1104.9417894118496,6.3,52.87533513284512,363.7730972005767,187
4095.6,7,1104.9417894118496,6.3,52.90227796502998,363.59592082714886,187
4095.7,7,1104.9417894118496,6.3,52.91058081669421,363.54556831342967,187
4095.8,7,1104.9417894118496,6.3,52.923883348761954,363.45487812879816,187
4095.9,7,1104.9417894118496,6.3,52.84553247209054,363.95173269577975,187
4096.0,7,1104.9417894118496,6.3,52.848703963107454,363.93389492742807,187
4096.1,7,1104.9417894118496,5.6,52.85488221285922,363.89861835372255,187
4096.2,7,1104.9417894118496,5.6,52.875547910290805,363.7608140863309,187
4096.3,7,1104.9417894118496,5.6,52.88786738974274,363.68527857729225,187
4096.4,7,1104.9417894118496,5.6,52.90212656477111,363.59090792176437,187
4096.5,7,1104.9417894118496,5.6,52.913978494768145,363.5155929858221,187
4096.6,7,1104.9417894118496,5.6,52.92977882562909,363.41113390501096,187
4096.7,7,1104.9417894118496,5.6,52.94837752077552,363.28734195838604,187
4096.8,7,1104.9417894118496,5.6,52.87552675810945,363.73100380802,187
4096.9,7,1104.9417894118496,5.6,52.896101463882346,363.5931536344321,187
4097.0,7,1104.9417894118496,5.6,52.91258176497098,363.48020547132194,187
4097.1,7,1104.8951801196429,5.6,52.94336284797948,363.2719162133822,187
4097.2,7,1104.8951801196429,6.3,52.96206884436215,363.15081140631315,187
4097.3,7,1104.8951801196429,6.3,52.79897184003842,364.38853510280455,187
4097.4,7,1104.8951801196429,6.3,52.81087316220828,364.3158609237337,187
4097.5,7,1104.8951801196429,6.3,52.841136952335624,364.1029852744228,187
4097.6,7,1104.8951801196429,6.3,52.86394729745405,363.9538589920504,187
4097.7,7,1104.8951801196429,6.3,52.94216602471967,363.39184136454276,187
4097.8,7,1104.8951801196429,5.6,52.95664670124052,363.2972540291963,187
4097.9,7,1104.8951801196429,5.6,52.98531006031166,363.1053746481021,187
4098.0,7,1104.8951801196429,5.6,53.006464241784265,362.9624593749077,187
4098.1,7,1104.8951801196429,5.6,53.0318559038345,362.7915653158068,187
4098.2,7,1104.8951801196429,5.6,53.056822210395126,362.6281439297228,187
4098.3,7,1104.8951801196429,5.6,53.08607746705955,362.42274909637956,187
4098.4,7,1104.8951801196429,5.6,53.108251220860005,362.27918455835766,187
4098.5,7,1104.8951801196429,5.6,53.13620718685632,362.08209264896243,187
4098.6,7,1104.8951801196429,5.6,53.167233031228335,361.8735764193532,187
4098.7,7,1104.8951801196429,5.6,53.02035828575555,362.99533120163665,187
4098.8,7,1104.8951801196429,5.6,53.046039346229215,362.8261355562932,187
4098.9,7,1104.8951801196429,5.6,53.07744378752086,362.61250714746984,187
4099.0,7,1104.8951801196429,4.8999999999999995,53.10558665312851,362.4233699871029,187
4099.1,7,1104.8951801196429,4.8999999999999995,53.12912724900027,362.2633293553961,187
4099.2,7,1104.8951801196429,4.8999999999999995,53.14469051007555,362.1667520634194,187
4099.3,7,1104.8951801196429,4.8999999999999995,53.172707137633324,361.98107937352364,187
4099.4,7,1104.8951801196429,4.8999999999999995,53.01841754094687,362.9320985953249,187
4099.5,7,1104.848451560415,4.8999999999999995,53.02816494255751,362.8656146797533,187
4099.6,7,1104.848451560415,5.6,53.04397706592367,362.75876995743,187
4099.7,7,1104.848451560415,5.6,53.05944234162142,362.65014448014324,187
4099.8,7,1104.848451560415,5.6,53.068674747233,362.5913094718978,187
4099.9,7,1104.848451560415,5.6,53.089226732122,362.45502110587574,187
4100.0,7,1104.848451560415,5.6,53.09378678329747,362.4292924298509,187
4100.1,7,1104.848451560415,5.6,53.10929324858276,362.3228967424534,187
4100.2,7,1104.848451560415,5.6,53.12108523128718,362.244794091475,187
4100.3,7,1104.848451560415,5.6,53.13238215052148,362.17324645257816,187
4100.4,7,1104.848451560415,5.6,53.14065456961296,362.121866914047,187
4100.5,7,1104.848451560415,5.6,53.14251868595068,362.10920512078155,187
4100.6,7,1104.848451560415,5.6,53.147362553482964,362.08475872368444,187
4100.7,7,1104.848451560415,5.6,53.159886247732274,362.00489585263546,187
4100.8,7,1104.848451560415,5.6,53.17959478610745,361.87749012937945,187
4100.9,7,1104.848451560415,4.8999999999999995,53.027255780627556,362.82366084760395,187
4101.0,7,1104.848451560415,4.8999999999999995,53.02417665544138,362.84020627384086,187
4101.1,7,1104.848451560415,4.8999999999999995,53.02606743201376,362.8329336495,187
4101.2,7,1104.848451560415,4.8999999999999995,53.03222846208217,362.7820685136488,187
4101.3,7,1104.848451560415,4.8999999999999995,53.03741779855964,362.7476063442728,187
4101.4,7,1104.848451560415,4.8999999999999995,53.040225562526146,362.73202202716027,187
4101.5,7,1104.848451560415,4.8999999999999995,53.041788118892306,362.72230474186205,187
4101.6,7,1104.848451560415,4.8999999999999995,52.82527887688102,364.3537035473404,187
4101.7,7,1104.848451560415,4.8999999999999995,52.82951391937776,364.3177320807994,187
4101.8,7,1104.848451560415,4.8999999999999995,52.827465740665154,364.33178561036664,187
4101.9,7,1104.848451560415,4.8999999999999995,52.82925058988085,364.31342670043256,187
4102.0,7,1104.848451560415,4.8999999999999995,52.83779432848888,364.2474918410756,187
4102.1,7,1104.848451560415,4.8999999999999995,52.83851655780707,364.239952643004,187
4102.2,7,1104.8019608875877,4.8999999999999995,52.748789507019474,364.80089526982937,187
4102.3,7,1104.8019608875877,5.6,52.75849957913614,364.73369443935906,187
4102.4,7,1104.8019608875877,5.6,52.750119333194036,364.7972900741155,187
4102.5,7,1104.8019608875877,5.6,52.739258888020416,364.8712207177957,187
4102.6,7,1104.8019608875877,5.6,52.745733310776544,364.8330866881188,187
4102.7,7,1104.8019608875877,5.6,52.74575408244323,364.83147793112835,187
4102.8,7,1104.8019608875877,5.6,52.7651318610025,364.69194918892407,187
4102.9,7,1104.8019608875877,5.6,52.75638121432428,364.7590193398804,187
4103.0,7,1104.8019608875877,4.8999999999999995,52.746241598487124,364.8283592676194,187
4103.1,7,1104.8019608875877,4.8999999999999995,52.75240370525634,364.7946496083589,187
4103.2,7,1104.8019608875877,4.8999999999999995,52.745364723801245,364.84338341540945,187
4103.3,7,1104.8019608875877,4.8999999999999995,52.755491880315134,364.7843226430109,187
4103.4,7,1104.8019608875877,4.8999999999999995,52.75485597331483,364.79432437766354,187
4103.5,7,1104.8019608875877,4.8999999999999995,52.54106824803691,366.4354198326456,187
4103.6,7,1104.8019608875877,4.8999999999999995,52.530916009650824,366.5105680593879,187
4103.7,7,1104.8019608875877,4.8999999999999995,52.60168015843561,365.8835700669605,187
4103.8,7,1104.8019608875877,4.8999999999999995,52.59980455613815,365.894211646892,187
4103.9,7,1104.8019608875877,4.8999999999999995,52.452443411700955,366.8325821707939,187
4104.0,7,1104.8019608875877,4.8999999999999995,52.45035364235133,366.84360237703515,187
4104.1,7,1104.8019608875877,4.8999999999999995,52.43918855774328,366.92074317039726,187
4104.2,7,1104.8019608875877,4.8999999999999995,52.43741153467303,366.93243511381473,187
4104.3,7,1104.8019608875877,4.8999999999999995,52.43097552685704,366.97012422690955,187
4104.4,8,1104.838561620947,4.199999999999999,52.43112513128956,366.9654906603221,187
4104.5,8,1104.8307936468595,4.8999999999999995,52.50017017780808,366.42941436564547,187
4104.6,8,1104.8273343436754,4.8999999999999995,52.50518350302319,366.39173637761155,187
4104.7,8,1104.8273343436754,4.8999999999999995,52.50825339045465,366.37187067142344,187
4104.8,8,1104.8273343436754,4.8999999999999995,52.50334814225107,366.4065413126873,187
4104.9,8,1104.8273343436754,4.8999999999999995,52.50748409686071,366.3817268127193,187
4105.0,7,1104.7817902278998,4.8999999999999995,52.510687357758215,366.36324686456373,187
4105.1,7,1104.7817902278998,4.8999999999999995,52.50771253300482,366.39191111886464,187
4105.2,7,1104.7817902278998,4.8999999999999995,52.52548765141134,366.2681952429398,187
4105.3,7,1104.7817902278998,4.8999999999999995,52.52017707305981,366.3196335697396,187
4105.4,9,1104.7817902278998,4.199999999999999,52.52736217055268,366.28412483457623,187
4105.5,9,1104.7817902278998,5.6000000000000005,52.51798506874588,366.3580785985646,187
4105.6,9,1104.7817902278998,5.6000000000000005,52.515125090768514,366.389905183304,187
4105.7,9,1104.7817902278998,5.6000000000000005,52.53604529214584,366.27326146486627,187
4105.8,9,1104.7817902278998,5.6000000000000005,52.538386651177845,366.2633711739942,187
4105.9,9,1104.7817902278998,5.6000000000000005,52.5279318263124,366.3490639938112,187
4106.0,9,1104.7817902278998,5.6000000000000005,52.52948517387857,366.3559899628876,187
4106.1,9,1104.7817902278998,5.6000000000000005,52.52759161508227,366.37997455388165,187
4106.2,8,1104.7358080904937,5.6000000000000005,52.40142085928153,367.37805859349237,187
4106.3,8,1104.7358080904937,5.6,52.386605790039056,367.497917051537,187
4106.4,8,1104.7358080904937,5.6,52.38685196294183,367.51154840885795,187
4106.5,8,1104.7358080904937,5.6,52.38989194120059,367.51981933374145,187
4106.6,8,1104.7358080904937,5.6,52.39022523274441,367.5284174221923,187
4106.7,8,1104.7358080904937,5.6,52.248926032938904,368.4430030226139,187
4106.8,8,1104.7358080904937,5.6,52.27443947247784,368.34908164602473,187
4106.9,8,1104.7358080904937,5.6,52.34384804623673,367.8220152304094,187
4107.0,8,1104.7358080904937,5.6,52.33112044456276,367.93063323664524,187
4107.1,8,1104.7358080904937,5.6,52.322032322657016,368.0154031882974,187
4107.2,8,1104.7358080904937,5.6,52.30202002516967,368.17596865249254,187
4107.3,8,1104.7358080904937,5.6,52.295806136757065,368.2313034126928,187
4107.4,8,1104.7358080904937,5.6,52.29058116946884,368.2846723467539,187
4107.5,8,1104.7358080904937,5.6,52.27665079658167,368.39866171865174,187
4107.6,8,1104.7358080904937,5.6,52.27846068593452,368.3978085545576,187
4107.7,8,1104.7358080904937,5.6,52.27560988693079,368.431246881007,187
4107.8,8,1104.7358080904937,5.6,52.265692395746036,368.52251577148456,187
4107.9,8,1104.7358080904937,5.6,52.26585711079022,368.5376346763594,187
4108.0,8,1104.7358080904937,5.6,52.26596186909171,368.56039054993107,187
4108.1,8,1104.7358080904937,5.6,52.266472748476104,368.57700356899466,187
4108.2,8,1104.7358080904937,5.6,52.268427727889744,368.5916694130515,187
4108.3,8,1104.7358080904937,5.6,52.14936018330741,369.5460752604196,187
4108.4,8,1104.7358080904937,5.6,52.13295158422859,369.6929846664781,187
4108.5,8,1104.7358080904937,5.6,52.128317831730435,369.7434980314565,187
4108.6,8,1104.7358080904937,5.6,52.11610390356334,369.85469892553004,187
4108.7,8,1104.7358080904937,5.6,52.11024467929512,369.92397508979536,187
4108.8,8,1104.7358080904937,5.6,52.11452676251761,369.92146288318213,187
4108.9,8,1104.7358080904937,5.6,52.102128202704534,370.02785405962015,187
4109.0,8,1104.7358080904937,5.6,52.09700886036623,370.09838793167114,187
4109.1,8,1104.7358080904937,5.6,52.00859970304983,370.67142801552666,187
4109.2,8,1104.7358080904937,5.6,51.996351816980166,370.79007055041814,187
4109.3,8,1104.7358080904937,5.6,51.99792278696185,370.81403973430736,187
4109.4,8,1104.7358080904937,5.6,51.993744192192366,370.86563319446896,187
4109.5,8,1104.6893785346565,5.6,51.98593728739927,370.949076118666,187
4109.6,8,1104.6893785346565,6.3,51.991438394241335,370.9400125835382,187
4109.7,8,1104.6893785346565,6.3,52.071267682646905,370.3144472524111,187
4109.8,8,1104.6893785346565,6.3,52.069738803248974,370.3503270499711,187
4109.9,8,1104.6893785346565,6.3,52.08177077877018,370.29188259677164,187
4110.0,8,1104.6893785346565,6.3,52.09356400136831,370.22754448607014,187
4110.1,8,1104.6893785346565,6.3,52.105971354716345,370.1566753675009,187
4110.2,8,1104.6893785346565,6.3,52.1120957076891,370.1291608904369,187
4110.3,8,1104.6893785346565,6.3,52.11772403263603,370.1088832949935,187
4110.4,8,1104.6893785346565,6.3,51.996167117524486,370.87422685041815,187
4110.5,8,1104.6893785346565,5.6,52.00905066230712,370.80228970771316,187
4110.6,8,1104.6893785346565,5.6,52.00945056416465,370.82897433985875,187
4110.7,8,1104.6893785346565,5.6,52.13956677926595,370.0275430101759,187
4110.8,8,1104.6893785346565,5.6,52.14773894498016,369.99547847120687,187
4110.9,8,1104.6893785346565,5.6,52.14398171675984,370.0504195642337,187
4111.0,8,1104.6893785346565,5.6,52.14976948153965,370.0332488311162,187
4111.1,8,1104.6893785346565,5.6,52.1467662316102,370.08730073578937,187
4111.2,7,1104.6265418482649,5.6,52.14770569981494,370.1137364820954,187
4111.3,7,1104.6265418482649,5.6,52.13525422126043,370.2220322540515,187
4111.4,7,1104.6265418482649,5.6,52.12545678613537,370.31663184109783,187
4111.5,7,1104.6265418482649,5.6,52.12784653517771,370.32544177298723,187
4111.6,7,1104.6265418482649,5.6,52.12568422230872,370.3644180090644,187
4111.7,7,1104.6265418482649,5.6,52.13133410614946,370.3505893354627,187
4111.8,7,1104.6265418482649,5.6,52.12922260226979,370.3795409409827,187
4111.9,7,1104.6265418482649,5.6,52.1332815900429,370.3848993640057,187
4112.0,7,1104.6265418482649,5.6,52.1331386938771,370.407131452044,187
4112.1,7,1104.6265418482649,5.6,51.97008057878388,371.4037975683864,187
4112.2,7,1104.6265418482649,5.6,51.96327147675901,371.46299267756626,187
4112.3,8,1104.6265418482649,4.8999999999999995,51.96089586443476,371.5022652185675,187
4112.4,8,1104.6265418482649,4.8999999999999995,52.043502157785156,370.8223356189153,187
4112.5,8,1104.6265418482649,4.8999999999999995,52.05732825741167,370.74715041311947,187
4112.6,8,1104.6265418482649,4.8999999999999995,52.05793822431976,370.7481158307436,187
4112.7,8,1104.5803341736241,4.8999999999999995,52.056274857650195,370.77998224825524,187
4112.8,8,1104.5803341736241,5.6,52.197209486598226,369.9164180003623,187
4112.9,8,1104.5803341736241,5.6,52.19254464315125,369.9588927089136,187
4113.0,8,1104.5803341736241,5.6,52.19934963991012,369.92050446741507,187
4113.1,8,1104.5803341736241,5.6,52.205744314106724,369.8916083554339,187
4113.2,8,1104.5803341736241,5.6,52.21055759155418,369.85675912121303,187
4113.3,8,1104.5803341736241,5.6,52.20846495323504,369.88390240981664,187
4113.4,8,1104.5803341736241,5.6,52.217175981542475,369.8228796976298,187
4113.5,8,1104.5803341736241,5.6,52.22971040890802,369.73477404216476,187
4113.6,8,1104.5803341736241,5.6,52.229903789607576,369.73374017781794,187
4113.7,8,1104.5803341736241,5.6,52.156184251519036,370.35893750064,187
4113.8,8,1104.5803341736241,5.6,52.162510894630344,370.31267100607545,187
4113.9,8,1104.5803341736241,5.6,52.16746824794316,370.28038676846296,187
4114.0,8,1104.5803341736241,5.6,52.18504532982756,370.1471824215232,187
4114.1,8,1104.5803341736241,4.8999999999999995,52.18876162189939,370.12764630382355,187
4114.2,8,1104.5803341736241,4.8999999999999995,52.200398977304616,370.04134667729636,187
4114.3,8,1104.5803341736241,4.8999999999999995,52.19911912139088,369.6823813646316,187
4114.4,8,1104.5803341736241,4.8999999999999995,52.20271397238909,369.6573245389584,187
4114.5,8,1104.5803341736241,4.8999999999999995,52.20684246821006,369.62864273880007,187
4114.6,8,1104.5803341736241,4.8999999999999995,52.2064120468471,369.6356856031565,187
4114.7,8,1104.5803341736241,4.8999999999999995,52.05743217626838,370.5271042435724,187
4114.8,8,1104.5803341736241,4.8999999999999995,52.05848936341124,370.5239340555189,187
4114.9,8,1104.5803341736241,4.8999999999999995,52.06492383099294,370.48675006458166,187
4115.0,8,1104.5803341736241,4.8999999999999995,52.14424774267642,369.83969618655425,187
4115.1,8,1104.5803341736241,4.8999999999999995,52.14542095893745,369.84421353570167,187
4115.2,8,1104.5803341736241,4.8999999999999995,52.15297303258439,369.78090247443924,187
4115.3,8,1104.5803341736241,4.8999999999999995,52.158687341360775,369.73773008026933,187
4115.4,8,1104.5803341736241,4.8999999999999995,52.15564119112815,369.76007809313853,187
4115.5,8,1104.5803341736241,4.8999999999999995,52.164144011029805,369.70348126649765,187
4115.6,8,1104.5803341736241,4.8999999999999995,52.174003775069096,369.6229659659435,187
4115.7,8,1104.5803341736241,4.8999999999999995,52.313958118570255,368.7652054333048,187
4115.8,8,1104.5803341736241,4.8999999999999995,52.28052585948059,368.86545357664824,187
4115.9,8,1104.5803341736241,4.8999999999999995,52.354154550697295,368.27015351161464,187
4116.0,8,1104.5803341736241,4.8999999999999995,52.3678179995824,368.179765850973,187
4116.1,8,1104.5803341736241,4.8999999999999995,52.38372191753285,368.07348347516927,187
4116.2,8,1104.5803341736241,4.8999999999999995,52.378967521891745,368.10683962975986,187
4116.3,8,1104.5803341736241,4.8999999999999995,52.38315601967381,368.0961312897842,187
4116.4,8,1104.5803341736241,4.8999999999999995,52.39269045463672,368.0149004925104,187
4116.5,8,1104.5803341736241,4.8999999999999995,52.40017904598702,367.9743005691825,187
4116.6,8,1104.5803341736241,4.8999999999999995,52.40858657301227,367.9151794077716,187
4116.7,8,1104.5803341736241,4.8999999999999995,52.42761551991655,367.7856867370497,187
4116.8,8,1104.5803341736241,4.8999999999999995,52.326482747925354,368.59853432697616,187
4116.9,8,1104.5803341736241,4.8999999999999995,52.33773364326081,368.51103699483286,187
4117.0,8,1104.5803341736241,4.8999999999999995,52.34255733112104,368.4792360530605,187
4117.1,8,1104.5803341736241,4.8999999999999995,52.35342421789814,368.40251444741455,187
4117.2,8,1104.5803341736241,4.8999999999999995,52.36739760309234,368.29831068632836,187
4117.3,8,1104.5803341736241,4.8999999999999995,52.37309110405223,368.2690616627641,187
4117.4,8,1104.5803341736241,4.8999999999999995,52.38038118149205,368.22331726473607,187
4117.5,8,1104.5803341736241,4.8999999999999995,52.25016003033669,369.0426808616668,187
4117.6,8,1104.5803341736241,4.8999999999999995,52.25720710214446,368.98935283181675,187
4117.7,8,1104.5803341736241,4.8999999999999995,52.259260264955344,368.9811473529519,187
4117.8,8,1104.5803341736241,4.8999999999999995,52.269856694931114,368.9093771354182,187
4117.9,8,1104.5803341736241,4.8999999999999995,52.2867861656168,368.787596313663,187
4118.0,8,1104.5803341736241,4.8999999999999995,52.30075649812709,368.6926473727673,187
4118.1,8,1104.5803341736241,4.8999999999999995,52.30988917075193,368.62795741600326,187
4118.2,8,1104.5803341736241,4.8999999999999995,52.356473941871236,368.3405680699482,187
4118.3,8,1104.5803341736241,4.8999999999999995,52.2154091280503,369.47601660036497,187
4118.4,8,1104.5803341736241,4.8999999999999995,52.222142508868345,369.4192045947841,187
4118.5,8,1104.5803341736241,4.8999999999999995,52.22659638848593,369.37207371611396,187
4118.6,8,1104.5803341736241,4.8999999999999995,52.229492899935536,369.3524870266122,187
4118.7,8,1104.5803341736241,4.8999999999999995,52.23682970051924,369.2911308240906,187
4118.8,8,1104.5803341736241,4.8999999999999995,52.24796752613604,369.19439382064627,187
4118.9,8,1104.5803341736241,4.8999999999999995,52.246057806495614,369.2062569802014,187
4119.0,8,1104.5803341736241,4.8999999999999995,52.2677652318022,369.0353703776319,187
4119.1,8,1104.5803341736241,4.8999999999999995,52.25751097350366,369.11383856080454,187
4119.2,8,1104.533985597987,4.8999999999999995,52.25262328979068,369.1385892943837,187
4119.3,8,1104.533985597987,5.6,52.262463173472696,369.0412862844996,187
4119.4,8,1104.533985597987,5.6,52.129864518433045,369.86025487909643,187
4119.5,8,1104.533985597987,5.6,52.14706697075013,369.2336532912005,187
4119.6,8,1104.533985597987,5.6,52.162401197152434,369.1063514890837,187
4119.7,8,1104.533985597987,5.6,52.15714716656965,369.1307258284719,187
4119.8,8,1104.533985597987,5.6,52.15761307473444,369.1291135411309,187
4119.9,8,1104.533985597987,5.6,52.16881448425582,369.02509379930467,187
4120.0,8,1104.533985597987,5.6,52.16030297000728,369.07565879725865,187
4120.1,8,1104.533985597987,5.6,52.161403799270715,369.0496864984003,187
4120.2,8,1104.533985597987,5.6,52.16330057906214,369.0171355642392,187
4120.3,8,1104.533985597987,5.6,52.17458332091404,368.91594303389775,187
4120.4,8,1104.533985597987,5.6,52.18344171799234,368.83993536011656,187
4120.5,8,1104.533985597987,5.6,52.07728454822792,369.4903459018352,187
4120.6,8,1104.533985597987,5.6,52.07623430543485,369.48657911890814,187
4120.7,8,1104.533985597987,5.6,52.09510890626604,369.3321575948752,187
4120.8,8,1104.533985597987,4.8999999999999995,52.207972922343174,368.5842587148323,187
4120.9,8,1104.533985597987,4.8999999999999995,52.22132246323416,368.4766570855992,187
4121.0,8,1104.533985597987,4.8999999999999995,52.222730730559405,368.4502888269794,187
4121.1,8,1104.533985597987,4.8999999999999995,52.22418034268609,368.4260509697365,187
4121.2,8,1104.533985597987,4.8999999999999995,52.22409004926024,368.4115791295301,187
4121.3,8,1104.533985597987,4.8999999999999995,52.23442906388341,368.31975255123746,187
4121.4,8,1104.533985597987,4.8999999999999995,52.020736530930435,369.97119617583246,187
4121.5,8,1104.533985597987,4.8999999999999995,52.01471899761671,370.0000251585784,187
4121.6,8,1104.533985597987,4.8999999999999995,52.09984804223764,369.33345755454707,187
4121.7,8,1104.533985597987,4.8999999999999995,52.10607295120997,369.2721260946352,187
4121.8,8,1104.533985597987,4.8999999999999995,52.11892817464367,369.1727776443448,187
4121.9,8,1104.533985597987,4.8999999999999995,52.116103036566415,369.18590223229694,187
4122.0,8,1104.533985597987,4.8999999999999995,52.11300240289468,369.20310214461495,187
4122.1,8,1104.533985597987,4.8999999999999995,52.112292959552754,369.20559392944097,187
4122.2,8,1104.533985597987,4.8999999999999995,52.117084979317454,369.15541965113925,187
4122.3,8,1104.533985597987,4.8999999999999995,52.00906554422217,369.854435952731,187
4122.4,8,1104.4877471704135,4.8999999999999995,52.00634042355536,369.86329813675593,187
4122.5,8,1104.4877471704135,5.6,51.9608165278964,370.23484381801075,187
4122.6,8,1104.4877471704135,5.6,51.97268132516101,370.1444886679781,187
4122.7,8,1104.4877471704135,5.6,51.98288168150515,370.05792840374676,187
4122.8,8,1104.4877471704135,5.6,51.981855075773026,370.05700217158335,187
4122.9,8,1104.4877471704135,5.6,51.99699276595887,369.9342137702323,187
4123.0,8,1104.4877471704135,5.6,51.99225769703634,369.96370275006745,187
4123.1,8,1104.4877471704135,5.6,51.99421539105858,369.9376598693754,187
4123.2,8,1104.4877471704135,5.6,52.11266712329979,369.15047799231127,187
4123.3,8,1104.4877471704135,5.6,52.13226771719602,369.00779060467517,187
4123.4,8,1104.4877471704135,5.6,51.99970275453826,370.03251896476866,187
4123.5,8,1104.4877471704135,5.6,52.00652515391759,369.9689976696014,187
4123.6,8,1104.4877471704135,5.6,52.01020708301674,369.9318618815534,187
4123.7,8,1104.4877471704135,5.6,52.02597334677147,369.80693014445023,187
4123.8,8,1104.4877471704135,5.6,51.90951747707304,370.5460576297034,187
4123.9,8,1104.4877471704135,5.6,51.918885838343265,370.474853921167,187
4124.0,8,1104.4877471704135,4.8999999999999995,51.94280289497749,370.2889286871483,187
4124.1,8,1104.4877471704135,4.8999999999999995,52.04642831868654,369.4886212563102,187
4124.2,8,1104.8879694845468,4.8999999999999995,52.05813048687783,369.3944614652458,188
4124.3,8,1104.8879694845468,-100.0,52.078085994429486,369.2476911447651,188
4124.4,8,1104.8879694845468,4.8999999999999995,52.08656068878443,369.18232962710283,188
4124.5,8,1104.8879694845468,4.8999999999999995,52.10358869751792,369.0487188457238,188
4124.6,8,1104.8879694845468,4.8999999999999995,52.11391288596748,368.9669977025111,188
4124.7,8,1104.8879694845468,4.8999999999999995,52.10894632242586,368.9969032510034,188
4124.8,8,1104.8879694845468,4.8999999999999995,52.12505928401812,368.87612708049096,188
4124.9,8,1104.8879694845468,4.8999999999999995,52.12852899834259,368.84495110905164,188
4125.0,8,1104.8879694845468,4.199999999999999,52.14091497362338,368.743838563832,188
4125.1,8,1104.8879694845468,4.199999999999999,51.965644712175575,370.0827876107154,188
4125.2,8,1104.8879694845468,4.199999999999999,51.98255707955157,369.94978437885874,188
4125.3,8,1104.8879694845468,4.199999999999999,51.9897787653595,369.8821712102322,188
4125.4,8,1104.8879694845468,4.199999999999999,51.9930711119444,369.85121186674587,188
4125.5,8,1104.8879694845468,4.199999999999999,52.04997540204924,369.3833317006307,188
4125.6,8,1104.8879694845468,4.199999999999999,52.059778720620436,369.3089836916296,188
4125.7,8,1104.8879694845468,4.199999999999999,52.05551085281284,369.33687264345383,188
4125.8,8,1104.8879694845468,4.199999999999999,52.0807608326692,369.14736232723476,188
4125.9,8,1104.8879694845468,4.199999999999999,52.06576262448274,369.25759392990335,188
4126.0,9,1104.8879694845468,4.199999999999999,51.92181611044376,370.3609811381738,188
4126.1,9,1104.8879694845468,4.0,51.90667312015667,370.4693028580763,188
4126.2,8,1104.8422803287547,4.0,51.905656141943375,370.4669808675859,188
4126.3,8,1104.8422803287547,4.8999999999999995,51.91589198922888,370.3943149376749,188
4126.4,8,1104.8422803287547,4.8999999999999995,51.85783022240085,370.76765094185305,188
4126.5,8,1104.8422803287547,4.8999999999999995,51.879341998943715,370.61173072523115,188
4126.6,8,1104.8422803287547,4.8999999999999995,51.901896028173965,370.4397265987394,188
4126.7,8,1104.8422803287547,4.8999999999999995,51.92196444796004,370.29111057636385,188
4126.8,8,1104.8422803287547,4.8999999999999995,51.94191471594094,370.14486740586096,188
4126.9,8,1104.8422803287547,4.8999999999999995,51.95955329333506,370.01174591475126,188
4127.0,8,1104.8422803287547,4.8999999999999995,51.98737904843594,369.8054639666269,188
4127.1,8,1104.8422803287547,4.8999999999999995,52.00245792181126,369.6947779299141,188
4127.2,8,1104.8422803287547,4.8999999999999995,52.030273526320535,369.48570746770537,188
4127.3,8,1104.8422803287547,4.8999999999999995,52.04924547596312,369.34778868823366,188
4127.4,8,1104.8422803287547,4.8999999999999995,52.08481079377614,369.08545362228483,188
4127.5,8,1104.8422803287547,4.8999999999999995,51.99674487137162,369.764622657205,188
4127.6,8,1104.8422803287547,4.8999999999999995,52.0162607652899,369.615746010532,188
4127.7,8,1104.8422803287547,4.8999999999999995,52.04647305829923,369.3967279644621,188
4127.8,8,1104.8422803287547,4.8999999999999995,52.07388237046307,369.2014559292875,188
4127.9,8,1104.8422803287547,4.8999999999999995,52.101566667747,368.99413294927416,188
4128.0,8,1104.8422803287547,4.8999999999999995,52.12256369823804,368.8449273409947,188
4128.1,8,1104.8422803287547,4.8999999999999995,52.065280201739185,369.2159274698239,188
4128.2,8,1104.8422803287547,4.8999999999999995,52.094237021631976,369.0076852038922,188
4128.3,8,1104.8422803287547,4.8999999999999995,52.1134599380358,368.86701115866185,188
4128.4,8,1104.8422803287547,4.8999999999999995,52.13005165437846,368.7501821631274,188
4128.5,8,1104.8422803287547,4.8999999999999995,52.16265194804788,368.5182534350698,188
4128.6,8,1104.8422803287547,4.8999999999999995,52.200395422072646,368.2437950012828,188
4128.7,8,1104.8422803287547,4.8999999999999995,52.20956842495761,368.1699931787617,188
4128.8,8,1104.8422803287547,4.8999999999999995,52.07966935580657,369.15888250860263,188
4128.9,8,1104.8422803287547,4.8999999999999995,52.291852033365494,367.7535139507907,188
4129.0,8,1104.8422803287547,4.199999999999999,52.30402245723178,367.66755327912296,188
4129.1,8,1104.8422803287547,4.199999999999999,52.31594322066738,367.5810634841867,188
4129.2,8,1104.8422803287547,4.199999999999999,52.32331266944395,367.52876561772257,188
4129.3,8,1104.8422803287547,4.199999999999999,52.32432920262177,367.5199440708515,188
4129.4,8,1104.8422803287547,4.199999999999999,52.33751953622598,367.42106961789636,188
4129.5,8,1104.8422803287547,4.199999999999999,52.33828447280064,367.4129674545667,188
4129.6,8,1104.8422803287547,4.199999999999999,52.34502548550823,367.3658432318315,188
4129.7,8,1104.8422803287547,4.199999999999999,52.35523559933761,367.28747316146735,188
4129.8,8,1104.8422803287547,4.199999999999999,52.37734099683847,367.1262691402334,188
4129.9,8,1104.8422803287547,4.199999999999999,52.374025460680166,367.15999355525565,188
4130.0,9,1104.8422803287547,4.199999999999999,52.38219919511934,367.0957094988245,188
4130.1,9,1104.8422803287547,4.0,52.383475740117916,367.08394154846087,188
4130.2,9,1104.8422803287547,4.0,52.38341249052293,367.09177457535884,188
4130.3,9,1104.8422803287547,4.0,52.39563864021487,367.0027310546752,188
4130.4,9,1104.8422803287547,4.0,52.39246510903415,367.02763968042836,188
4130.5,9,1104.8422803287547,4.0,52.47838591405349,366.46072046389384,188
4130.6,9,1104.8422803287547,4.0,52.48461145072055,366.4244534905897,188
4130.7,9,1104.8422803287547,4.0,52.48595188260679,366.41206826256604,188
4130.8,9,1104.8422803287547,4.0,52.49087856325259,366.38013317742275,188
4130.9,9,1104.8422803287547,4.0,52.49865014241744,366.3231844939456,188
4131.0,9,1104.8422803287547,4.0,52.4832849522342,366.43883392380195,188
4131.1,9,1104.8422803287547,4.0,52.48407350211737,366.4318297593486,188
4131.2,9,1104.8422803287547,4.0,52.4575089797668,366.6296531219921,188
4131.3,9,1104.8422803287547,4.0,52.4584913527388,366.6269197840961,188
4131.4,9,1104.8422803287547,4.0,52.444535784760646,366.7262754744396,188
4131.5,9,1104.8422803287547,4.0,52.43110754566689,366.8263915050764,188
4131.6,9,1104.8422803287547,4.0,52.41310368643711,366.95871612954994,188
4131.7,9,1104.8422803287547,4.0,52.42886927100693,366.8441859038861,188
4131.8,9,1104.8422803287547,4.0,52.41023586896829,366.9890416203298,188
4131.9,9,1104.8422803287547,4.0,52.41888562776286,366.9184408582221,188
4132.0,9,1104.8422803287547,4.0,52.33049143437957,367.5228508484076,188
4132.1,9,1104.8422803287547,4.0,52.34503662454883,367.4098187064358,188
4132.2,10,1104.8422803287547,4.0,52.33025743812614,367.5260261805887,188
4132.3,10,1104.8422803287547,4.800000000000001,52.339458303808,367.4631820226923,188
4132.4,10,1104.8422803287547,4.800000000000001,52.33764464454438,367.4823608918565,188
4132.5,10,1104.8422803287547,4.800000000000001,52.34110456996519,367.45704468543397,188
4132.6,10,1104.8422803287547,4.800000000000001,52.51922535530621,366.1088055573579,188
4132.7,10,1104.8422803287547,4.800000000000001,52.51109793890284,366.1728135758177,188
4132.8,10,1104.8422803287547,4.800000000000001,52.49979679231531,366.25395405708207,188
4132.9,10,1104.8422803287547,4.800000000000001,52.49805432236664,366.2687109445787,188
4133.0,10,1104.8422803287547,4.800000000000001,52.56903804794338,365.81690291259804,188
4133.1,10,1104.8422803287547,4.800000000000001,52.558352281366375,365.89755835418134,188
4133.2,10,1104.8422803287547,4.800000000000001,52.56175031184179,365.8680169993214,188
4133.3,10,1104.8422803287547,4.800000000000001,52.54909787576621,365.9579288187682,188
4133.4,10,1104.8422803287547,4.800000000000001,52.54298648473383,366.0114860711783,188
4133.5,10,1104.8422803287547,4.800000000000001,52.611776077690976,365.39720798277733,188
4133.6,10,1104.8422803287547,4.800000000000001,52.599174791085716,365.49147210809826,188
4133.7,10,1104.8422803287547,4.800000000000001,52.605485677956636,365.45510332337255,188
4133.8,10,1104.8422803287547,4.800000000000001,52.615711542190816,365.37841009099725,188
4133.9,10,1104.8422803287547,4.800000000000001,52.60616020979714,365.452765420525,188
4134.0,10,1104.8422803287547,4.0,52.57369205451316,365.72478638518317,188
4134.1,10,1104.8422803287547,4.0,52.55317419492965,365.8679512963663,188
4134.2,10,1104.8422803287547,4.0,52.562328155781955,365.8035004531497,188
4134.3,10,1104.8422803287547,4.0,52.5533360673075,365.87141069371273,188
4134.4,10,1104.8422803287547,4.0,52.57120742238999,365.75061263353825,188
4134.5,10,1104.8422803287547,4.0,52.558287310702134,365.84245484899685,188
4134.6,10,1104.8422803287547,4.0,52.55830744406212,365.84077748149616,188
4134.7,10,1104.8422803287547,4.0,52.55077814782471,365.89952686559616,188
4134.8,10,1104.8422803287547,4.0,52.559153225527055,365.8445696599679,188
4134.9,10,1104.8422803287547,4.0,52.55315709792339,365.89245457310835,188
4135.0,10,1104.8422803287547,4.0,52.544704558459784,365.9592523302852,188
4135.1,10,1104.8422803287547,4.0,52.521813555902284,366.13218034272,188
4135.2,10,1104.8422803287547,4.0,52.505881830815284,366.25431340976263,188
4135.3,10,1104.8422803287547,4.0,52.49918645871324,366.3162052512869,188
4135.4,10,1104.8422803287547,4.0,52.51699636506113,366.2106862211586,188
4135.5,10,1104.8422803287547,4.0,52.51992234772279,366.19595403656945,188
4135.6,10,1104.8422803287547,4.0,52.52637206908706,366.1567821677827,188
4135.7,10,1104.8422803287547,4.0,52.511776060604475,366.2590494734499,188
4135.8,10,1104.8422803287547,4.0,52.5146706199391,366.240353792841,188
4135.9,10,1104.8422803287547,4.0,52.50285773409955,366.3258361045528,188
4136.0,10,1104.8422803287547,4.0,52.516063605207194,366.21696777758757,188
4136.1,10,1104.8422803287547,4.0,52.50247681133924,366.31827046506095,188
4136.2,10,1104.8422803287547,4.0,52.50053850712629,366.33066497240077,188
4136.3,10,1104.8422803287547,4.0,52.49414593062981,366.37933456434865,188
4136.4,10,1104.8422803287547,4.0,52.5024687638404,366.3231381262999,188
4136.5,10,1104.8422803287547,4.0,52.49795310600648,366.35501873516677,188
4136.6,10,1104.8422803287547,4.0,52.50724768900095,366.295988835897,188
4136.7,10,1104.8422803287547,4.0,52.51605760617464,366.23655623768815,188
4136.8,10,1104.8422803287547,4.0,52.514371830579094,366.249950401855,188
4136.9,10,1104.8422803287547,4.0,52.515785303608496,366.2381549422644,188
4137.0,10,1104.8422803287547,4.0,52.49984524986782,366.343335539309,188
4137.1,10,1104.8422803287547,4.0,52.48625758720887,366.44052743235045,188
4137.2,10,1104.8422803287547,4.0,52.50202995436666,366.3358629287924,188
4137.3,11,1104.8422803287547,3.2,52.51214151775922,366.2641779376216,188
4137.4,8,1104.7789242383442,3.6,52.506362039434286,366.3106010271437,188
4137.5,10,1104.7789242383442,3.5,52.52785622822011,366.1519700848478,188
4137.6,10,1104.7789242383442,4.0,52.51186688497528,366.27067056592125,188
4137.7,10,1104.7789242383442,4.0,52.51520270507997,366.24583012274996,188
4137.8,10,1104.7789242383442,4.0,52.55271626481293,366.0054350302024,188
4137.9,10,1104.7789242383442,4.0,52.549706104480755,366.030884604952,188
4138.0,10,1104.7789242383442,4.0,52.562592879473314,365.94309580605153,188
4138.1,10,1104.7789242383442,4.0,52.565306276178944,365.94050454088034,188
4138.2,8,1104.7789242383442,3.2,52.57602164833992,365.85800038245065,188
4138.3,8,1104.7789242383442,3.5,52.56438477550526,365.9478647932897,188
4138.4,8,1104.7789242383442,3.5,52.57975553814659,365.84062423568867,188
4138.5,8,1104.7789242383442,3.5,52.594210741062035,365.7420919218847,188
4138.6,8,1104.7789242383442,3.5,52.60087239608671,365.69267323454653,188
4138.7,8,1104.7789242383442,3.5,52.60484835988977,365.6749091339394,188
4138.8,8,1104.7789242383442,3.5,52.61671872271427,365.5865636618713,188
4138.9,11,1104.7789242383442,3.5,52.61185592319771,365.6336883875885,188
4139.0,11,1104.7789242383442,3.6,52.60716380474962,365.66691303579836,188
4139.1,11,1104.7789242383442,3.6,52.610459820228314,365.6517699409038,188
4139.2,11,1104.7789242383442,3.6,52.619818226971105,365.5828312336375,188
4139.3,11,1104.7789242383442,3.6,52.605962811737555,365.6845575288231,188
4139.4,11,1104.7789242383442,3.6,52.60071683416645,365.7268935496551,188
4139.5,11,1104.7789242383442,3.6,52.60974434862252,365.6642492424381,188
4139.6,11,1104.7789242383442,3.6,52.617741445608814,365.6180851502977,188
4139.7,11,1104.7789242383442,3.6,52.6248197150377,365.5601207931271,188
4139.8,11,1104.7789242383442,3.6,52.62730160439993,365.5496792905641,188
4139.9,11,1104.7789242383442,3.6,52.6349366311148,365.4935299526089,188
4140.0,11,1104.7789242383442,3.6,52.615488974612546,365.63655992721544,188
4140.1,11,1104.7789242383442,3.6,52.6177004095791,365.6272625615537,188
4140.2,11,1104.7789242383442,3.6,52.608207815874046,365.7050759530699,188
4140.3,11,1104.7789242383442,3.6,52.62212131322059,365.605932520493,188
4140.4,11,1104.7789242383442,3.6,52.65410235765026,365.4163793487321,188
4140.5,11,1104.7789242383442,3.6,52.66190721326899,365.3598519433415,188
4140.6,11,1104.7789242383442,3.6,52.649022072562516,365.455225179736,188
4140.7,11,1104.7789242383442,3.6,52.64685273992262,365.4675969322713,188
4140.8,11,1104.7789242383442,3.6,52.64057238366777,365.5049805482276,188
4140.9,11,1104.7789242383442,3.6,52.621144581584666,365.64098892007866,188
4141.0,7,1104.8280225152878,3.6,52.61413403576179,365.686754757317,188
4141.1,11,1104.8280225152878,2.8,52.59943483208905,365.8050565509376,188
4141.2,11,1104.8280225152878,3.6,52.59116180207678,365.8578380160998,188
4141.3,11,1104.8280225152878,3.6,52.59392535408687,365.84112119496035,188
4141.4,11,1104.8280225152878,3.6,52.587735797224,365.88953718422454,188
4141.5,11,1104.8280225152878,3.6,52.6121827364466,365.6956442443685,188
4141.6,11,1104.8280225152878,3.6,52.610108702985585,365.714107287057,188
4141.7,7,1104.8480265061976,2.7,52.66432019250823,364.97127683555163,188
4141.8,8,1104.8034992212156,3.5,52.660030825243,365.00178905855915,188
4141.9,8,1104.8034992212156,3.5,52.670577257238946,364.924526974513,188
4142.0,7,1104.8034992212156,3.5,52.6748888076865,364.8961693276283,188
4142.1,7,1104.8034992212156,3.5,52.67850929773522,364.86808792309046,188
4142.2,7,1104.8034992212156,3.5,52.64888384495558,365.0616712746699,188
4142.3,7,1104.8034992212156,3.5,52.66379880525777,364.95661110867434,188
4142.4,7,1104.8034992212156,3.5,52.67014014274968,364.9048798960388,188
4142.5,8,1104.8034992212156,3.5,52.66694507660837,364.9288029498997,188
4142.6,8,1104.8034992212156,3.5,52.680789574510015,364.8330989567809,188
4142.7,8,1104.8034992212156,3.5,52.604251096950755,365.400383847812,188
4142.8,8,1104.8034992212156,3.5,52.61447169750805,365.32092680695735,188
4142.9,8,1104.8034992212156,3.5,52.59429204550483,365.46962825740695,188
4143.0,8,1104.8034992212156,3.5,52.596826113508705,365.4518461492412,188
4143.1,11,1104.8034992212156,3.5,52.57915107900088,365.57940211877826,188
4143.2,11,1104.8034992212156,3.6,52.59393649875979,365.462996897101,188
4143.3,11,1104.8034992212156,3.6,52.582423809688066,365.5474961413658,188
4143.4,11,1104.8034992212156,3.6,52.57240258941596,365.61506213744474,188
4143.5,11,1104.8034992212156,3.6,52.531457265347605,365.88363796514636,188
4143.6,11,1104.8034992212156,2.7,52.52556612157319,365.9248216063171,188
4143.7,11,1104.8034992212156,2.7,52.5096560491603,366.04201929796557,188
4143.8,11,1104.8034992212156,2.7,52.51904422906874,365.9734648101577,188
4143.9,11,1104.8034992212156,2.7,52.603757750163474,365.44100992941276,188
4144.0,11,1104.8034992212156,2.7,52.63830690753976,365.18072081655123,188
4144.1,7,1104.757592478732,2.7,52.61822989171749,365.3259277952846,188
4144.2,7,1104.757592478732,3.5,52.60112831233896,365.44118345208574,188
4144.3,7,1104.757592478732,3.5,52.591424942065146,365.5090020202564,188
4144.4,7,1104.757592478732,3.5,52.57623600346048,365.616566540227,188
4144.5,7,1104.757592478732,3.5,52.53633538391054,365.86923271600153,188
4144.6,7,1104.757592478732,3.5,52.50834555190967,366.0699782692449,188
4144.7,7,1104.757592478732,3.5,52.46740645178954,366.39999740269195,188
4144.8,7,1104.757592478732,3.5,52.46338512856539,366.4316049567303,188
4144.9,7,1104.757592478732,3.5,52.47022663086476,366.3722184587458,188
4145.0,7,1104.757592478732,3.5,52.455503987304155,366.47741308452214,188
4145.1,7,1104.757592478732,3.5,52.50719988144307,366.01201669111515,188
4145.2,8,1104.7116245069215,3.5,52.523364013607704,365.89414176817604,188
4145.3,8,1104.7116245069215,3.5,52.51477773181591,365.9488832597124,188
4145.4,8,1104.7116245069215,3.5,52.516127879455695,365.9369332487346,188
4145.5,12,1104.7116245069215,3.5,52.53010030277616,365.8327045935122,188
4145.6,12,1104.7116245069215,4.5,52.51978491857011,365.89875928473157,188
4145.7,12,1104.7116245069215,4.5,52.523479955108826,365.86814668394095,188
4145.8,12,1104.7116245069215,4.5,52.52563596654364,365.85232109934134,188
4145.9,12,1104.7116245069215,4.5,52.56538278904669,365.58316418855816,188
4146.0,12,1104.7116245069215,4.5,52.56228077261139,365.6041755551304,188
4146.1,12,1104.7116245069215,4.5,52.57657648253141,365.49252750954645,188
4146.2,12,1104.7116245069215,4.5,52.66181499538418,364.86473849423163,188
4146.3,12,1104.7116245069215,4.5,52.654309750621024,364.91527780882757,188
4146.4,8,1104.7116245069215,3.6,52.65729849005885,364.8931066818425,188
4146.5,8,1104.7116245069215,3.5,52.66715379530819,364.8143122740677,188
4146.6,8,1104.7116245069215,3.5,52.655364854710356,364.89278856583553,188
4146.7,8,1104.7116245069215,3.5,52.6488848631628,364.9297943681171,188
4146.8,8,1104.7116245069215,3.5,52.5559564818738,365.53963186649304,188
4146.9,8,1104.7116245069215,3.5,52.4275052129046,366.4745546133586,188
4147.0,8,1104.7116245069215,3.5,52.43131449943711,366.4396857171497,188
4147.1,8,1104.7116245069215,3.5,52.42327741151167,366.4924405370013,188
4147.2,8,1104.7116245069215,3.5,52.44375537008637,366.3359031754904,188
4147.3,8,1104.7116245069215,3.5,52.43209623413901,366.4125994688993,188
4147.4,8,1104.7116245069215,3.5,52.434698357387106,366.39043192040015,188
4147.5,7,1104.66579706945,3.5,52.419691547511945,366.49385329157496,188
4147.6,7,1104.66579706945,4.199999999999999,52.42352617262301,366.4638056031402,188
4147.7,7,1104.66579706945,4.199999999999999,52.413077267816924,366.52845505091375,188
4147.8,7,1104.66579706945,4.199999999999999,52.414410372496434,366.5170395082929,188
4147.9,7,1104.66579706945,4.199999999999999,52.41097598359805,366.54607571930705,188
4148.0,7,1104.66579706945,4.199999999999999,52.41032412277697,366.547559527194,188
4148.1,7,1104.66579706945,4.199999999999999,52.49688454896874,365.9744318726151,188
4148.2,7,1104.66579706945,4.199999999999999,52.50160799715559,365.94413398817335,188
4148.3,8,1104.66579706945,3.5,52.50673306388437,365.90441768471476,188
4148.4,8,1104.66579706945,3.5,52.50098851690604,365.95049935999947,188
4148.5,8,1104.66579706945,3.5,52.392485664824065,366.6710119280941,188
4148.6,8,1104.66579706945,3.5,52.37847596028153,366.772709419748,188
4148.7,8,1104.66579706945,3.5,52.39414333351782,366.65896527344603,188
4148.8,8,1104.66579706945,3.5,52.39379371962644,366.6624100040067,188
4148.9,8,1104.66579706945,3.5,52.39793837441285,366.6335948387206,188
4149.0,8,1104.66579706945,3.5,52.24050276891508,367.80055564871026,188
4149.1,8,1104.6194843578403,3.5,52.2612970490085,367.6547604822557,188
4149.2,8,1104.6194843578403,4.199999999999999,52.271159003982845,367.58397825745857,188
4149.3,8,1104.6194843578403,4.199999999999999,52.28378451635389,367.49541860354316,188
4149.4,8,1104.6194843578403,4.199999999999999,52.29856461320312,367.39104764196316,188
4149.5,8,1104.6194843578403,4.199999999999999,52.308757301910994,367.316906975802,188
4149.6,8,1104.6194843578403,4.199999999999999,52.323759912501295,367.20630408739254,188
4149.7,8,1104.6194843578403,4.199999999999999,52.33308328529212,367.1419277807232,188
4149.8,8,1104.6194843578403,4.199999999999999,52.35646428415315,366.97399575828945,188
4149.9,8,1104.6194843578403,4.199999999999999,52.357907442448806,366.9700993315537,188
4150.0,8,1104.6194843578403,4.199999999999999,52.361965450071565,366.93989523304276,188
4150.1,8,1104.6194843578403,4.199999999999999,52.38589904842692,366.76553042432806,188
4150.2,8,1104.6194843578403,4.199999999999999,52.38638852548042,366.76442789488044,188
4150.3,8,1104.6194843578403,4.199999999999999,52.29458617004924,367.3676334339051,188
4150.4,8,1104.6194843578403,4.199999999999999,52.29238442716576,367.38082084247816,188
4150.5,8,1104.6194843578403,4.199999999999999,52.31454674876768,367.22889920159514,188
4150.6,8,1104.6194843578403,4.199999999999999,52.315687434742735,367.2221222081174,188
4150.7,8,1104.6194843578403,4.199999999999999,52.424285894485756,366.49735061740205,188
4150.8,8,1104.6194843578403,4.199999999999999,52.422047833405664,366.51425052289136,188
4150.9,8,1104.6194843578403,4.199999999999999,52.419660569952185,366.52767169328945,188
4151.0,8,1104.6194843578403,4.199999999999999,52.44534245076738,366.34378611073515,188
4151.1,8,1104.6194843578403,4.199999999999999,52.44924524746192,366.32369520663127,188
4151.2,8,1104.6194843578403,4.199999999999999,52.47246432656893,366.1606045033848,188
4151.3,8,1104.6194843578403,4.199999999999999,52.48076231332145,366.1063892943712,188
4151.4,8,1104.6194843578403,4.199999999999999,52.649945285014994,364.87743280412246,188
4151.5,8,1104.6194843578403,4.199999999999999,52.50936489155241,365.91477590475233,188
4151.6,8,1104.6194843578403,4.199999999999999,52.5307508080428,365.7681647191946,188
4151.7,8,1104.6194843578403,4.199999999999999,52.53009089042847,365.77451270797724,188
4151.8,8,1104.6194843578403,4.199999999999999,52.54425151996705,365.68453309872757,188
4151.9,8,1104.6194843578403,4.199999999999999,52.55104763550688,365.6329562480115,188
4152.0,7,1104.577140241803,3.5,52.55726130272518,365.59809380199243,188
4152.1,7,1104.577140241803,4.199999999999999,52.56932657942109,365.5155519929681,188
4152.2,7,1104.577140241803,4.199999999999999,52.58153784558111,365.441070060645,188
4152.3,7,1104.577140241803,4.199999999999999,52.604387217629345,365.2829373536808,188
4152.4,7,1104.577140241803,4.199999999999999,52.62425257221494,365.1471791707786,188
4152.5,7,1104.577140241803,4.199999999999999,52.64518395569684,364.99839169079485,188
4152.6,7,1104.577140241803,4.199999999999999,52.649112736410636,364.9835582850288,188
4152.7,7,1104.577140241803,4.199999999999999,52.67582814308353,364.7950993010911,188
4152.8,7,1104.577140241803,4.199999999999999,52.686967948369585,364.73076321245014,188
4152.9,7,1104.577140241803,4.199999999999999,52.557593335204366,365.576785546568,188
4153.0,7,1104.577140241803,4.199999999999999,52.57228905014722,365.4770077720846,188
4153.1,7,1104.577140241803,4.199999999999999,52.57683793687052,365.4475766867838,188
4153.2,7,1104.577140241803,4.199999999999999,52.590711307144275,365.35168910603124,188
4153.3,7,1104.577140241803,4.199999999999999,52.590833209889325,365.35436578697056,188
4153.4,7,1104.577140241803,4.199999999999999,52.64186975438035,365.019953294247,188
4153.5,7,1104.577140241803,4.199999999999999,52.65119133080653,364.9565401772611,188
4153.6,7,1104.577140241803,4.199999999999999,52.66288951517838,364.87955918731194,188
4153.7,7,1104.577140241803,4.199999999999999,52.67533424218842,364.79095784727633,188
4153.8,7,1104.577140241803,4.199999999999999,52.67407510934873,364.80380718327626,188
4153.9,7,1104.577140241803,4.199999999999999,52.76135776286104,364.1678615920814,188
4154.0,7,1104.577140241803,4.199999999999999,52.77043255896437,364.1048919403413,188
4154.1,7,1104.577140241803,4.199999999999999,52.780195160983666,364.037923366847,188
4154.2,7,1104.577140241803,4.199999999999999,52.788797563049314,363.97912037159915,188
4154.3,7,1104.577140241803,4.199999999999999,52.79273133099191,363.89910296599305,188
4154.4,7,1104.577140241803,4.8999999999999995,52.80202800069556,363.8345078146367,188
4154.5,7,1104.577140241803,4.8999999999999995,52.78915808893943,363.9255087364402,188
4154.6,7,1104.577140241803,4.8999999999999995,52.79002448039401,363.92525684925016,188
4154.7,7,1104.577140241803,4.8999999999999995,52.79658254672572,363.8801918158899,188
4154.8,7,1104.577140241803,4.8999999999999995,52.66623460182843,364.7490264963833,188
4154.9,7,1104.5309195844295,4.8999999999999995,52.65444824797308,364.83416575810764,188
4155.0,7,1104.5309195844295,5.6,52.65174294340095,364.85768115401794,188
4155.1,7,1104.5309195844295,5.6,52.64384747237933,364.9145652826446,188
4155.2,7,1104.5309195844295,5.6,52.64512372741861,364.91036038508116,188
4155.3,7,1104.5309195844295,5.6,52.6455753040489,364.90848981864735,188
4155.4,7,1104.5309195844295,5.6,52.64065286574544,364.95050380679913,188
4155.5,7,1104.5309195844295,5.6,52.645860284579555,364.91729922552594,188
4155.6,7,1104.5309195844295,5.6,52.50244857604871,365.87228101330004,188
4155.7,7,1104.5309195844295,5.6,52.505017006299084,365.8575042343201,188
4155.8,7,1104.5309195844295,5.6,52.28506851014424,367.468477260028,188
4155.9,7,1104.5309195844295,5.6,52.27258759834534,367.5593635690266,188
4156.0,7,1104.5309195844295,5.6,52.3281920678697,367.19638688214104,188
4156.1,7,1104.5309195844295,5.6,52.32186751048721,367.2480816120099,188
4156.2,7,1104.5309195844295,5.6,52.41326967511057,366.5765337240944,188
4156.3,7,1104.5309195844295,5.6,52.397349162493136,366.6963355221814,188
4156.4,7,1104.5309195844295,5.6,52.382358281188985,366.80698774763437,188
4156.5,7,1104.5309195844295,5.6,52.37139051898856,366.89072963208025,188
4156.6,7,1104.5309195844295,5.6,52.36679586580557,366.9217022189803,188
4156.7,7,1104.5309195844295,5.6,52.348343849561985,367.0590954832459,188
4156.8,7,1104.5309195844295,5.6,52.34207626018612,367.1062765913555,188
4156.9,7,1104.5309195844295,4.8999999999999995,52.33341826034114,367.1724866054019,188
4157.0,7,1104.5309195844295,4.8999999999999995,52.31939382485156,367.27659809967156,188
4157.1,7,1104.5309195844295,4.8999999999999995,52.20974519343283,368.00907141782017,188
4157.2,7,1104.5309195844295,4.8999999999999995,52.25466388643083,367.5969556923219,188
4157.3,7,1104.5309195844295,4.8999999999999995,52.24634801122023,367.65504893390096,188
4157.4,7,1104.5309195844295,4.8999999999999995,52.29377567267203,367.1928778212806,188
4157.5,7,1104.5309195844295,4.8999999999999995,52.28450887266462,367.2569311480827,188
4157.6,7,1104.5309195844295,4.8999999999999995,52.272744563225245,367.3399246882998,188
4157.7,7,1104.5309195844295,4.8999999999999995,52.26422913593949,367.39917080603425,188
4157.8,7,1104.5309195844295,4.8999999999999995,52.256184026422865,367.4537550124325,188
4157.9,7,1104.5309195844295,4.8999999999999995,52.2350751905173,367.6003383288541,188
4158.0,7,1104.5309195844295,4.8999999999999995,52.227896094370806,367.6488724288067,188
4158.1,7,1104.5309195844295,4.8999999999999995,52.216340444896254,367.73043353316484,188
4158.2,7,1104.5309195844295,4.8999999999999995,52.23341903453938,367.6080086818875,188
4158.3,7,1104.5309195844295,4.8999999999999995,52.24986606965321,367.49255604966197,188
4158.4,7,1104.5309195844295,4.8999999999999995,52.26626472753674,367.37498752642904,188
4158.5,7,1104.5309195844295,4.8999999999999995,52.25956215264614,367.42100743293247,188
4158.6,7,1104.5309195844295,4.8999999999999995,52.440935098572595,366.1474704598396,188
4158.7,7,1104.5309195844295,4.8999999999999995,52.44643058627893,366.1086456488424,188
4158.8,7,1104.5309195844295,4.8999999999999995,52.453024386093844,366.06089364285526,188
4158.9,7,1104.5309195844295,4.8999999999999995,52.4583630173352,366.0225426391657,188
4159.0,7,1104.5309195844295,4.8999999999999995,52.46889992665738,365.94884113777357,188
4159.1,7,1104.5309195844295,4.8999999999999995,52.487087920293945,365.82076246908264,188
4159.2,7,1104.5309195844295,4.8999999999999995,52.25338052952941,367.48614085381354,188
4159.3,7,1104.5309195844295,4.8999999999999995,52.256430150166665,367.46365142882087,188
4159.4,7,1104.5309195844295,4.8999999999999995,52.2724624541505,367.35034327634366,188
4159.5,7,1104.5309195844295,4.8999999999999995,52.2806070161116,367.29278536663674,188
4159.6,7,1104.5309195844295,4.8999999999999995,52.29223680525081,367.2086980136285,188
4159.7,7,1104.5309195844295,4.8999999999999995,52.328581185918594,366.9287378953449,188
4159.8,7,1104.5309195844295,4.8999999999999995,52.33797027313718,366.8627146151714,188
4159.9,7,1104.5309195844295,4.8999999999999995,52.341966225885145,366.8340379778809,188
4160.0,7,1104.5309195844295,4.8999999999999995,52.340012799074344,366.8475411585862,188
4160.1,7,1104.5309195844295,4.8999999999999995,52.33327552833913,366.89374419740625,188
4160.2,7,1104.5309195844295,4.8999999999999995,52.350747757709456,366.7701292099056,188
4160.3,7,1104.5309195844295,4.8999999999999995,52.232763814844205,367.5916667171185,188
4160.4,7,1104.5309195844295,4.8999999999999995,52.23351035788089,367.58570213030816,188
4160.5,7,1104.5309195844295,4.8999999999999995,52.23697235953043,367.56118052828754,188
4160.6,7,1104.5309195844295,4.8999999999999995,52.24294063984061,367.5187700613522,188
4160.7,7,1104.5309195844295,4.8999999999999995,52.23442458430909,367.57895464225123,188
4160.8,7,1104.5309195844295,4.8999999999999995,52.25116576772966,367.460589188864,188
4160.9,7,1104.5309195844295,4.8999999999999995,52.25145793692208,367.4587977151607,188
4161.0,7,1104.5309195844295,4.8999999999999995,52.252745837991384,367.44892784964725,188
4161.1,7,1104.5309195844295,4.8999999999999995,52.0854762879559,368.6411205041362,188
4161.2,7,1104.5309195844295,4.8999999999999995,52.07431879367226,368.7212415487892,188
4161.3,7,1104.5309195844295,4.8999999999999995,52.1905177489691,367.910374264545,188
4161.4,7,1104.5309195844295,4.8999999999999995,52.332026658144294,366.90163568411714,188
4161.5,7,1104.5309195844295,4.8999999999999995,52.22672245529338,367.6337791672328,188
4161.6,7,1104.5309195844295,4.8999999999999995,52.22475749197834,367.64722928381457,188
4161.7,7,1104.5309195844295,4.8999999999999995,52.21419452663828,367.7220652123751,188
4161.8,7,1104.5309195844295,4.8999999999999995,52.22617827987091,367.6373240287441,188
4161.9,7,1104.5309195844295,4.8999999999999995,52.21964397175121,367.68326840467364,188
4162.0,7,1104.5309195844295,4.199999999999999,52.21149065179087,367.74077744973107,188
4162.1,7,1104.5309195844295,4.199999999999999,52.22013274968589,367.67988894947575,188
4162.2,7,1104.5309195844295,4.199999999999999,52.31064054234649,367.0404664024703,188
4162.3,7,1104.5309195844295,4.199999999999999,52.30383979685736,367.08801595804994,188
4162.4,7,1104.5309195844295,4.199999999999999,52.298091724584765,367.12836419808775,188
4162.5,7,1104.5309195844295,4.199999999999999,52.30461481858427,367.08274991079827,188
4162.6,7,1104.5309195844295,4.199999999999999,52.30529785007539,367.0778752915724,188
4162.7,7,1104.5309195844295,4.199999999999999,52.200193592171985,367.81478787567846,188
4162.8,7,1104.9273933083357,4.199999999999999,52.20968154703703,367.74795662986355,189
4162.9,7,1104.9273933083357,-100.0,52.21544406976641,367.7074214672619,189
4163.0,7,1104.9273933083357,4.199999999999999,52.074843302096994,368.7044683703628,189
4163.1,7,1104.9273933083357,4.199999999999999,52.07331098121013,368.71632956693094,189
4163.2,7,1104.9273933083357,4.199999999999999,52.074398757256866,368.7084279696058,189
4163.3,7,1104.9273933083357,4.199999999999999,52.066957999615134,368.76180872655317,189
4163.4,7,1104.9273933083357,3.5,52.17423584456297,368.0116595739046,189
4163.5,7,1104.9273933083357,3.5,52.16955067394229,368.0451551442459,189
4163.6,7,1104.9273933083357,3.5,52.164654125190715,368.0802997897972,189
4163.7,7,1104.9273933083357,3.5,52.17585671732854,368.0013430443464,189
4163.8,7,1104.9273933083357,3.5,52.16469168363519,368.0810820862239,189
4163.9,7,1104.9273933083357,3.5,52.162843763482904,368.09513048603577,189
4164.0,7,1104.9273933083357,3.5,52.165492174474466,368.07694107137957,189
4164.1,7,1104.9273933083357,3.5,52.15644559184233,368.1410355918291,189
4164.2,7,1104.9273933083357,3.5,52.14111369348214,368.24971455150535,189
4164.3,7,1104.9273933083357,3.5,52.13200812938197,368.31637552713335,189
4164.4,7,1104.9273933083357,3.5,52.12323660538686,368.3777651442871,189
4164.5,7,1104.9273933083357,3.5,52.10705765179809,368.4928957798869,189
4164.6,7,1104.9273933083357,3.5,52.08530620088149,368.64776193602904,189
4164.7,7,1104.9273933083357,3.5,52.07172431881155,368.74605351616697,189
4164.8,7,1104.9273933083357,3.5,52.05949153100215,368.83367999530606,189
4164.9,7,1104.9273933083357,3.5,52.05147807735219,368.8904137251908,189
4165.0,7,1104.9273933083357,3.5,52.133068696263926,368.3041845759815,189
4165.1,7,1104.9273933083357,3.5,52.12522739188627,368.3599245280355,189
4165.2,7,1104.9273933083357,3.5,52.10614308453013,368.4965612621834,189
4165.3,7,1104.9273933083357,3.5,52.11068062225206,368.46483317075365,189
4165.4,7,1104.9273933083357,3.5,52.10021691897258,368.5397536334289,189
4165.5,7,1104.9273933083357,3.5,52.09304095916623,368.59152293928935,189
4165.6,7,1104.9273933083357,3.5,52.08883147546388,368.6219404842385,189
4165.7,7,1104.9273933083357,3.5,52.188865475916415,367.92767153885575,189
4165.8,7,1104.9273933083357,3.5,51.99890753858121,369.25206405184156,189
4165.9,7,1104.9273933083357,3.5,51.989877144185726,369.31763756987084,189
4166.0,7,1104.9273933083357,3.5,51.970506797403075,369.45479402840675,189
4166.1,7,1104.9273933083357,3.5,51.9582656149141,369.5417326800721,189
4166.2,7,1104.9273933083357,3.5,51.93832430792057,369.68484689421143,189
4166.3,7,1104.9273933083357,3.5,51.928076384101544,369.7580909906865,189
4166.4,7,1104.9273933083357,3.5,51.91180120493373,369.8730549811346,189
4166.5,7,1104.9273933083357,3.5,51.90567840300099,369.9176138170319,189
4166.6,7,1104.9273933083357,3.5,51.9068334553302,369.9083789258724,189
4166.7,7,1104.9273933083357,3.5,51.893111056748936,370.00666558890384,189
4166.8,7,1104.9273933083357,3.5,51.88812155735784,370.04203461803945,189
4166.9,7,1104.9273933083357,3.5,51.88170665745385,370.0869157821953,189
4167.0,7,1104.9273933083357,3.5,51.86489908435735,370.2079337018215,189
4167.1,7,1104.9273933083357,3.5,51.87076442101913,370.16538048373667,189
4167.2,7,1104.9273933083357,3.5,51.867069753840525,370.19151656303166,189
4167.3,7,1104.9273933083357,3.5,51.84950416360375,370.31692291526645,189
4167.4,7,1104.9273933083357,3.5,51.97244952856755,369.4549209604011,189
4167.5,7,1104.9273933083357,3.5,51.9681585373621,369.483763220725,189
4167.6,7,1104.9273933083357,3.5,51.939135393481216,369.6912374388145,189
4167.7,7,1104.9273933083357,3.5,52.01518384034689,369.14107212733063,189
4167.8,7,1104.9273933083357,3.5,51.890373307140166,370.0206709012718,189
4167.9,7,1104.9273933083357,3.5,51.88656646887398,370.0481605574482,189
4168.0,7,1104.9273933083357,3.5,51.87216393590725,370.15047149209306,189
4168.1,7,1104.9273933083357,3.5,51.8751155344736,370.12882705015056,189
4168.2,7,1104.9273933083357,3.5,51.854162354104666,370.2791663703524,189
4168.3,7,1104.9273933083357,3.5,51.84785705929629,370.3232067396117,189
4168.4,8,1104.8923921387163,3.5,51.83565886054999,370.41059939102206,189
4168.5,7,1104.8923921387163,2.8,51.86122557298367,370.21878661792823,189
4168.6,7,1104.8923921387163,3.5,51.84893175410497,370.3065747579154,189
4168.7,7,1104.8923921387163,3.5,51.84163662289453,370.358683578572,189
4168.8,7,1104.8923921387163,3.5,51.74721540586222,371.0357378911557,189
4168.9,7,1104.8923921387163,3.5,51.74096974911926,371.0806713835145,189
4169.0,7,1104.8923921387163,3.5,51.72157500409222,371.22014010837796,189
4169.1,7,1104.8923921387163,3.5,51.704718508672336,371.34119739645143,189
4169.2,7,1104.8923921387163,3.5,51.54005965472247,372.5258367690633,189
4169.3,8,1104.8494045834648,3.5,51.531943742430926,372.58444427644304,189
4169.4,7,1104.8494045834648,2.8,51.519288590047566,372.6759549079104,189
4169.5,7,1104.8494045834648,3.5,51.50495444765055,372.7796969572555,189
4169.6,7,1104.8494045834648,3.5,51.49341225643464,372.86336640366653,189
4169.7,7,1104.8494045834648,3.5,51.612217803152674,372.0091008943223,189
4169.8,7,1104.8494045834648,3.5,51.585003346299665,372.2061851327742,189
4169.9,7,1104.8494045834648,3.5,51.570438821090384,372.311826413291,189
4170.0,7,1104.8494045834648,3.5,51.55400348511514,372.43200373440493,189
4170.1,7,1104.8494045834648,3.5,51.53614416203601,372.5618643409616,189
4170.2,7,1104.8494045834648,3.5,51.59280540007775,372.14911125832623,189
4170.3,7,1104.8494045834648,3.5,51.56181556455975,372.37331707538897,189
4170.4,7,1104.8494045834648,3.5,51.54094908774313,372.52480173679453,189
4170.5,7,1104.8494045834648,3.5,51.51320029085493,372.7267278334997,189
4170.6,7,1104.8494045834648,3.5,51.49055073188059,372.89102801843296,189
4170.7,7,1104.8494045834648,3.5,51.45968858629979,373.11527876585626,189
4170.8,7,1104.8494045834648,3.5,51.437616104377014,373.2762114778425,189
4170.9,7,1104.8494045834648,3.5,51.41140539667253,373.46779697965417,189
4171.0,7,1104.8494045834648,3.5,51.38350852659361,373.6717012748527,189
4171.1,7,1104.8494045834648,3.5,51.358734778102814,373.8527299472016,189
4171.2,7,1104.8494045834648,3.5,51.32400585549212,374.1071630003115,189
4171.3,6,1104.2635137807265,2.8,51.30263086084192,374.26339211907737,189
4171.4,6,1104.010713355172,3.5,51.277637317644995,374.4458283161269,189
4171.5,6,1104.010713355172,3.5,51.26275208764261,374.5551980529591,189
4171.6,9,1104.010713355172,3.5,51.24279761181849,374.7024080627815,189
4171.7,7,1103.965231888131,2.4000000000000004,51.22093567695302,374.86150995506864,189
4171.8,7,1103.965231888131,3.5,51.31682396566937,374.1765903589759,189
4171.9,7,1103.965231888131,3.5,51.29297857601711,374.350318455976,189
4172.0,7,1103.965231888131,3.5,51.30008468636201,374.2749882655118,189
4172.1,7,1103.965231888131,3.5,51.27112154936144,374.4862999852822,189
4172.2,7,1103.965231888131,3.5,51.24490806356027,374.67903488541106,189
4172.3,7,1103.965231888131,3.5,51.2259472550495,374.8189891390585,189
4172.4,7,1103.965231888131,3.5,51.287106583730875,374.36727341140255,189
4172.5,7,1103.965231888131,3.5,51.254804518603315,374.60414560895265,189
4172.6,7,1103.965231888131,3.5,51.24163428773683,374.7012098149488,189
4172.7,9,1103.965231888131,2.8,51.052389479796915,376.08487700910274,189
4172.8,9,1103.965231888131,3.2,51.05095703827212,376.0955343534085,189
4172.9,9,1103.965231888131,3.2,51.03436586612911,376.21811103339974,189
4173.0,9,1103.965231888131,3.2,51.01979602267089,376.3261695668232,189
4173.1,9,1103.965231888131,3.2,51.00746895810778,376.4176043925246,189
4173.2,9,1103.965231888131,3.2,50.98549047086797,376.58093170230336,189
4173.3,9,1103.965231888131,3.2,50.96283309764606,376.7489899386052,189
4173.4,9,1103.965231888131,3.2,50.93746674315842,376.9378138991513,189
4173.5,9,1103.965231888131,3.2,50.72582729928275,378.5055572121671,189
4173.6,9,1103.965231888131,3.2,50.68543693487989,378.8161360987241,189
4173.7,8,1103.965231888131,3.2,50.652863460250146,379.0612131671087,189
4173.8,8,1103.965231888131,3.5,50.610559114250236,379.37990466345457,189
4173.9,8,1103.965231888131,3.5,50.56651985914054,379.7550540247079,189
4174.0,8,1103.965231888131,3.5,50.631954863864095,379.28897007230466,189
4174.1,8,1103.965231888131,3.5,50.608971432334286,379.46633749530065,189
4174.2,8,1103.965231888131,3.5,50.5932506736093,379.5877040767457,189
4174.3,8,1103.965231888131,3.5,50.559381925729156,379.84609168514555,189
4174.4,8,1103.965231888131,3.5,50.5273899395321,380.0949887337307,189
4174.5,8,1103.965231888131,3.5,50.50120647993667,380.29658702132497,189
4174.6,8,1103.965231888131,3.5,50.35044600151309,381.40759169186083,189
4174.7,8,1103.965231888131,3.5,50.32725355493781,381.5886038907431,189
4174.8,8,1103.965231888131,3.5,50.399508914193376,381.02551356889586,189
4174.9,8,1103.965231888131,3.5,50.37125627735314,381.24383974529417,189
4175.0,8,1103.965231888131,3.5,50.34971496524109,381.41220920236674,189
4175.1,8,1103.965231888131,3.5,50.32070095743261,381.637212887233,189
4175.2,8,1103.965231888131,3.5,50.30573411971734,381.75779668630423,189
4175.3,8,1103.965231888131,3.5,50.27373708060004,382.00788693115305,189
4175.4,8,1103.965231888131,3.5,50.24630751296784,382.22188131179564,189
4175.5,8,1103.965231888131,3.5,50.23136709658796,382.34319809187645,189
4175.6,8,1103.965231888131,3.5,50.206539386555875,382.5415887003112,189
4175.7,8,1103.965231888131,3.5,50.17811687602715,382.76528665921705,189
4175.8,8,1103.965231888131,3.5,50.154818517239526,382.95298496567887,189
4175.9,8,1103.965231888131,3.5,50.13872216002994,383.08226415578235,189
4176.0,8,1103.965231888131,3.5,50.117159852589324,383.25403809844227,189
4176.1,8,1103.965231888131,3.5,50.10284735953663,383.3741358831403,189
4176.2,8,1103.965231888131,3.5,50.08113344436694,383.54600441735965,189
4176.3,8,1103.965231888131,3.5,50.06733132418799,383.6598900224782,189
4176.4,8,1103.965231888131,3.5,49.982387680041754,384.34059340640044,189
4176.5,8,1103.965231888131,3.5,49.96447030595378,384.48668551351534,189
4176.6,8,1103.965231888131,3.5,49.93955399228514,384.6868724026524,189
4176.7,8,1103.965231888131,3.5,49.91864303801468,384.85297075272575,189
4176.8,8,1103.965231888131,3.5,49.90841070460247,384.9399125190034,189
4176.9,8,1103.965231888131,3.5,49.89011320450116,385.0909613505203,189
4177.0,8,1103.965231888131,3.5,49.86778149362698,385.27337316871615,189
4177.1,8,1103.965231888131,3.5,49.84758457540664,385.4430511168142,189
4177.2,8,1103.965231888131,3.5,49.82392619853678,385.63713785895357,189
4177.3,8,1103.965231888131,3.5,49.81523262646949,385.705872953534,189
4177.4,8,1103.965231888131,3.5,49.78238215087856,385.9714123770522,189
4177.5,8,1103.965231888131,3.5,49.8796111330645,385.1811035668005,189
4177.6,8,1103.965231888131,3.5,49.86732860416873,385.2837408972114,189
4177.7,8,1103.965231888131,3.5,49.83792354849071,385.52323885466626,189
4177.8,8,1103.965231888131,3.5,49.81093389371243,385.7387313885215,189
4177.9,8,1103.965231888131,3.5,49.7958512217632,385.86147423954986,189
4178.0,8,1103.965231888131,3.5,49.800460342026284,385.73047662408464,189
4178.1,8,1103.965231888131,3.5,49.67361661383849,387.0603206489417,189
4178.2,8,1103.965231888131,3.5,49.6597175568896,387.173189557745,189
4178.3,8,1103.965231888131,3.5,49.638644908663345,387.3463726802977,189
4178.4,8,1103.965231888131,3.5,49.63129173182344,387.40573482876823,189
4178.5,8,1103.965231888131,3.5,49.61558049825028,387.54494854964656,189
4178.6,8,1103.965231888131,3.5,49.593719616866196,387.7215250063053,189
4178.7,8,1103.965231888131,3.5,49.57407009823382,387.88434786618916,189
4178.8,8,1103.965231888131,3.5,49.56226957987253,387.985604590145,189
4178.9,8,1103.965231888131,3.5,49.548612131704544,388.0950443890056,189
4179.0,8,1103.965231888131,3.5,49.69823224454048,387.0305318431105,189
4179.1,8,1103.965231888131,3.5,49.70650097105495,386.9661711900877,189
4179.2,8,1103.965231888131,3.5,49.708607746423155,386.94776977360317,189
4179.3,8,1103.965231888131,3.5,49.706316010641515,386.97146336467836,189
4179.4,8,1103.965231888131,3.5,49.53494568049074,388.2057230071309,189
4179.5,8,1103.965231888131,3.5,49.54535539423563,388.1250878197957,189
4179.6,8,1103.965231888131,3.5,49.54276374911497,388.1545256295151,189
4179.7,8,1103.965231888131,3.5,49.54109210038824,388.1654494303084,189
4179.8,8,1103.965231888131,3.5,49.543417215602275,388.15122076895534,189
4179.9,8,1103.965231888131,3.5,49.53398952652934,388.2342644515325,189
4180.0,8,1103.965231888131,3.5,49.67127525676602,387.2434339084656,189
4180.1,8,1103.965231888131,3.5,49.67159105002206,387.2397691973953,189
4180.2,8,1103.965231888131,3.5,49.805853867806896,386.1157478305081,189
4180.3,8,1103.965231888131,3.5,49.803979357736154,386.1342650962466,189
4180.4,8,1103.965231888131,3.5,49.47959278948471,388.6550620483847,189
4180.5,8,1103.965231888131,3.5,49.477929954841926,388.6742564379771,189
4180.6,8,1103.965231888131,3.5,49.50589205852857,388.4476990043885,189
4180.7,8,1103.965231888131,3.5,49.51007681754341,388.417204323419,189
4180.8,8,1103.965231888131,3.5,49.52691996284619,388.27908571648175,189
4180.9,8,1103.965231888131,3.5,49.55181094980409,388.0866925584707,189
4181.0,8,1103.965231888131,3.5,49.58299544276,387.83150512784925,189
4181.1,8,1103.965231888131,3.5,49.59789706689848,387.71386666288595,189
4181.2,8,1103.965231888131,3.5,49.62142241199385,387.5259400649781,189
4181.3,8,1103.965231888131,3.5,49.64096135932496,387.3743506700057,189
4181.4,6,1103.6955437359775,2.8,49.65566240965923,387.26503048286895,189
4181.5,6,1103.6955437359775,4.0,49.673111487303146,387.1298589776213,189
4181.6,6,1103.6955437359775,4.0,49.6960385763047,386.9507736631124,189
4181.7,6,1103.6955437359775,4.0,49.726271166035886,386.7119373976923,189
4181.8,6,1103.6955437359775,4.0,49.740715906102956,386.60405832583433,189
4181.9,6,1103.6955437359775,4.0,49.604070774489585,387.77978580098136,189
4182.0,6,1103.6955437359775,4.0,49.62688580324365,387.6058076617072,189
4182.1,6,1103.6955437359775,4.0,49.65150587046816,387.4148643760499,189
4182.2,6,1103.6955437359775,4.0,49.68321176627873,387.17497792416714,189
4182.3,6,1103.6955437359775,4.0,49.81822375464097,386.1744156852682,189
4182.4,6,1103.6955437359775,4.0,49.84430121729934,385.9689522942798,189
4182.5,6,1103.6955437359775,4.0,49.988231519458814,384.7769209754234,189
4182.6,8,1103.6955437359775,3.5,50.026245998503455,384.4777052152221,189
4182.7,8,1103.6955437359775,3.5,50.04227374391208,384.35841279636855,189
4182.8,8,1103.6955437359775,3.5,50.08392673535033,384.02687274776395,189
4182.9,8,1103.6955437359775,3.5,50.116881577061896,383.76688438031726,189
4183.0,8,1103.6955437359775,3.5,50.1464110346828,383.5256939542402,189
4183.1,8,1103.6955437359775,3.5,50.164543597070384,383.39008920345026,189
4183.2,8,1103.6955437359775,3.5,50.247528473095194,382.72703115254063,189
4183.3,8,1103.6955437359775,3.5,50.026784423989206,384.2708586251908,189
4183.4,8,1103.6955437359775,3.5,50.060217022070994,384.0163686566841,189
4183.5,8,1103.6955437359775,3.5,50.09720080793767,383.7183522549765,189
4183.6,8,1103.6955437359775,3.5,50.119602292544755,383.547849135565,189
4183.7,8,1103.6955437359775,3.5,50.15143973706759,383.297768915441,189
4183.8,8,1103.6955437359775,3.5,50.176395398126104,383.1040905686383,189
4183.9,8,1103.6955437359775,3.5,50.20404549596221,382.8920704211614,189
4184.0,8,1103.6955437359775,3.5,50.214837802923284,382.8106044522579,189
4184.1,8,1103.6955437359775,3.5,50.24260559552605,382.59726029279307,189
4184.2,8,1103.6955437359775,3.5,50.27907089930343,382.31369028066786,189
4184.3,8,1103.6955437359775,3.5,50.28106306719948,382.2994736149151,189
4184.4,8,1103.6955437359775,3.5,50.082510904296186,383.94320328974743,189
4184.5,6,1103.508022595341,2.8,50.099097334454015,383.8141822774582,189
4184.6,6,1103.508022595341,4.0,50.203555347039455,383.0733038733738,189
4184.7,6,1103.508022595341,4.0,50.223314879545995,382.92595946884035,189
4184.8,6,1103.508022595341,4.0,49.967149374691246,384.73653387297236,189
4184.9,6,1103.508022595341,4.0,49.96026135792807,384.8006282562679,189
4185.0,6,1103.508022595341,4.0,49.970936078229585,384.7169869670648,189
4185.1,6,1103.508022595341,4.0,49.98651168673378,384.5890808332532,189
4185.2,6,1103.508022595341,4.0,49.980281774006116,384.645752848715,189
4185.3,6,1103.508022595341,4.0,49.99685373851392,384.51430880367064,189
4185.4,6,1103.508022595341,4.0,49.81094696711999,386.06901901934714,189
4185.5,6,1103.508022595341,4.0,49.806428461448924,386.10586358118303,189
4185.6,6,1103.508022595341,4.0,49.81811129508802,386.01746898928764,189
4185.7,6,1103.3089435225925,4.0,49.807865293672016,386.10345577836046,189
4185.8,6,1103.3089435225925,4.5,49.80135353284878,386.1583522850416,189
4185.9,6,1103.3089435225925,4.5,49.80473180010557,386.1360464735958,189
4186.0,6,1103.3089435225925,4.5,49.79655563714902,386.19888085014134,189
4186.1,6,1103.3089435225925,4.5,49.788192916821245,386.27196571532863,189
4186.2,6,1103.3089435225925,4.5,49.85088941459695,385.7401115353663,189
4186.3,6,1103.3089435225925,4.5,49.86107955584345,385.65453448851144,189
4186.4,6,1103.3089435225925,4.5,49.861255803607364,385.65816876749307,189
4186.5,6,1103.3089435225925,4.5,49.86649628265588,385.61074528567264,189
4186.6,6,1103.3089435225925,4.5,49.857846805405046,385.6827770804021,189
4186.7,6,1103.3089435225925,4.5,49.85699707489336,385.69210587782106,189
4186.8,6,1103.3089435225925,4.5,49.62826606036357,387.33480226493896,189
4186.9,6,1103.3089435225925,4.5,49.61644181443563,387.44106466193483,189
4187.0,6,1103.3089435225925,4.5,49.61871308952168,387.41914900461086,189
4187.1,6,1103.3089435225925,4.5,49.62260448238744,387.39481656379735,189
4187.2,6,1103.3089435225925,4.5,49.72030220514489,386.6837076986958,189
4187.3,6,1103.3089435225925,4.5,49.71912126582742,386.6946792483292,189
4187.4,6,1103.3089435225925,4.5,49.71422887141996,386.73526250129464,189
4187.5,8,1103.3089435225925,4.0,49.69839294035219,386.8524808594867,189
4187.6,6,1103.3089435225925,3.5,49.68671131143164,386.9451515873794,189
4187.7,6,1103.3089435225925,4.0,49.676492591441615,387.0292752919031,189
4187.8,6,1103.3089435225925,4.0,49.668867491947225,387.0950250755768,189
4187.9,6,1103.3089435225925,4.0,49.53742429936257,388.2077284040878,189
4188.0,6,1103.3089435225925,4.0,49.55075611945702,388.10383484775343,189
4188.1,6,1103.3089435225925,4.0,49.54986138501425,388.1039986003521,189
4188.2,6,1103.3089435225925,4.0,49.54858781123978,388.1130057284318,189
4188.3,6,1103.3089435225925,4.0,49.5483479143289,388.103603238427,189
4188.4,6,1103.3089435225925,4.0,49.55053059547614,388.0811632954905,189
4188.5,6,1103.3089435225925,4.0,49.546222073096416,388.1052961277603,189
4188.6,6,1103.3089435225925,4.0,49.543766779114755,388.12051967143395,189
4188.7,6,1103.3089435225925,4.0,49.60789122167578,387.57329847402286,189
4188.8,6,1103.3089435225925,4.0,49.420516716370884,388.94760966674863,189
4188.9,6,1103.3089435225925,4.0,49.42904247738087,388.8738987117083,189
4189.0,6,1103.3089435225925,4.0,49.43033800632914,388.8647003832606,189
4189.1,6,1103.3089435225925,4.0,49.416792655885395,388.9730868086482,189
4189.2,6,1103.3089435225925,4.0,49.404099967101686,388.82124035998424,189
4189.3,6,1103.3089435225925,4.0,49.39867407599469,388.8671523055988,189
4189.4,6,1103.3089435225925,4.0,49.25918719393801,390.0242607253647,189
4189.5,6,1103.3089435225925,4.0,49.33936219681884,389.4251989853183,189
4189.6,6,1103.3089435225925,4.0,49.33167696132368,389.49061895242005,189
4189.7,6,1103.3089435225925,4.0,49.33823500105524,389.4365842489374,189
4189.8,6,1103.3089435225925,4.0,49.31946792746345,389.59633525219397,189
4189.9,6,1103.3089435225925,4.0,49.32014246458903,389.5845682107263,189
4190.0,6,1103.3089435225925,4.0,49.32274968651322,389.5655003700997,189
4190.1,6,1103.3089435225925,4.0,49.3321195475463,389.48887625383935,189
4190.2,6,1103.3089435225925,4.0,49.31846897607834,389.59939765748965,189
4190.3,6,1103.3089435225925,4.0,49.32318333312226,389.56566293646137,189
4190.4,6,1103.3089435225925,4.0,49.336355190170536,389.4548442748661,189
4190.5,6,1103.3089435225925,4.0,49.34699081806315,389.37291446249355,189
4190.6,6,1103.3089435225925,4.0,49.338608132959564,389.44214292450806,189
4190.7,6,1103.3089435225925,4.0,49.339703698865215,389.4341158925662,189
4190.8,6,1103.3089435225925,4.0,49.346185474557316,389.37435524062516,189
4190.9,6,1103.3089435225925,4.0,49.118744985733315,391.2870060769323,189
4191.0,6,1103.3089435225925,4.0,49.119941634062386,391.2777728775639,189
4191.1,6,1103.3089435225925,4.0,49.110110798731775,391.36128876423413,189
4191.2,6,1103.3089435225925,4.0,49.22545774671768,390.51316690700605,189
4191.3,6,1103.3089435225925,4.0,49.2670977959861,390.03690764020325,189
4191.4,6,1103.3089435225925,4.0,49.273780896453445,389.9851695406527,189
4191.5,6,1103.3089435225925,4.0,49.26540049528889,390.05485764837124,189
4191.6,6,1103.3089435225925,4.0,49.274175842206354,389.98195029073315,189
4191.7,6,1103.3089435225925,4.0,49.26772535729613,390.0325162105511,189
4191.8,6,1103.3089435225925,4.0,49.251424168040316,390.17038867491306,189
4191.9,8,1103.3089435225925,4.0,49.32553935868653,389.5501423105185,189
4192.0,6,1103.3089435225925,3.5,49.35289945012677,389.3283302584955,189
4192.1,8,1103.3089435225925,4.0,49.360831423205624,389.267159908627,189
4192.2,8,1103.3089435225925,3.5,49.35937097690301,389.2824091156275,189
4192.3,8,1103.3089435225925,3.5,49.363122066033206,389.2559009382311,189
4192.4,8,1103.3089435225925,3.5,49.38149335234792,389.1134263371985,189
4192.5,8,1103.3089435225925,3.5,49.37489991075273,389.1674368785957,189
4192.6,8,1103.3089435225925,4.199999999999999,49.4068821421993,388.91318960744763,189
4192.7,8,1103.3089435225925,4.199999999999999,49.41408159033878,388.8602125771481,189
4192.8,8,1103.3089435225925,4.199999999999999,49.42639308146653,388.76280499669775,189
4192.9,8,1103.3089435225925,4.199999999999999,49.44905605982996,388.5817698698495,189
4193.0,8,1103.3089435225925,4.199999999999999,49.46604664491912,388.4430591846164,189
4193.1,8,1103.3089435225925,4.199999999999999,49.48106229078597,388.3224645042271,189
4193.2,8,1103.3089435225925,4.199999999999999,49.5020309393002,388.15499692736057,189
4193.3,8,1103.3089435225925,4.199999999999999,49.529842967181466,387.9296377809423,189
4193.4,8,1103.3089435225925,4.199999999999999,49.61213229183523,387.34242054533763,189
4193.5,8,1103.3089435225925,4.199999999999999,49.64085182249423,387.10533554119047,189
4193.6,8,1103.3089435225925,4.199999999999999,49.4921064510493,388.3425168988988,189
4193.7,8,1103.3089435225925,4.199999999999999,49.496879627537155,388.30515001035303,189
4193.8,8,1103.3089435225925,4.8999999999999995,49.51634692953115,388.1437714737641,189
4193.9,8,1103.3089435225925,4.8999999999999995,49.54151207980202,387.9382016949477,189
4194.0,8,1103.3089435225925,4.8999999999999995,49.55076185192827,387.8647722470252,189
4194.1,8,1103.3089435225925,4.8999999999999995,49.55223367856528,387.85115636905505,189
4194.2,8,1103.3089435225925,4.8999999999999995,49.582141185392295,387.60228971886977,189
4194.3,8,1103.3089435225925,4.8999999999999995,49.57713036050593,387.64077294933554,189
4194.4,8,1103.3089435225925,4.8999999999999995,49.6615506452696,386.94655194000967,189
4194.5,8,1103.3089435225925,4.8999999999999995,49.67878475563562,386.80256995764654,189
4194.6,8,1103.3089435225925,4.8999999999999995,49.67070820853941,386.87229012334967,189
4194.7,8,1103.3089435225925,4.8999999999999995,49.69057589022315,386.71018193107307,189
4194.8,8,1103.3089435225925,4.8999999999999995,49.714786585061724,386.44586651792656,189
4194.9,8,1103.3089435225925,4.8999999999999995,49.73288489451244,386.3007384636626,189
4195.0,8,1103.3089435225925,4.8999999999999995,49.73693027798228,386.26453905582264,189
4195.1,8,1103.3089435225925,4.8999999999999995,49.73851075873122,386.2507393997439,189
4195.2,8,1103.3089435225925,5.6,49.75672962461541,386.10872395931835,189
4195.3,8,1103.3089435225925,5.6,49.74511160357816,386.250640093744,189
4195.4,8,1103.3089435225925,5.6,49.6020085342434,387.3051442905995,189
4195.5,8,1103.3089435225925,5.6,49.61736647067303,387.1824889728477,189
4195.6,8,1103.3089435225925,5.6,49.61689987915969,387.1937944810461,189
4195.7,8,1103.3089435225925,5.6,49.750742701309356,386.1795313987641,189
4195.8,8,1103.3089435225925,5.6,49.76391588168673,386.0794434469444,189
4195.9,8,1103.3089435225925,4.8999999999999995,49.7821358378292,385.9392383548499,189
4196.0,8,1103.3089435225925,4.8999999999999995,49.80290080739919,385.7788889944843,189
4196.1,8,1103.3089435225925,4.8999999999999995,49.83008886907438,385.57253051200087,189
4196.2,8,1103.3089435225925,4.8999999999999995,49.85184261731254,385.40399031633706,189
4196.3,8,1103.3089435225925,5.6,49.890863423834006,385.0996606348982,189
4196.4,8,1103.3089435225925,5.6,49.90558402935973,384.9896332848765,189
4196.5,8,1103.3089435225925,5.6,49.93068719272287,384.7973254675236,189
4196.6,8,1103.3089435225925,5.6,49.94420352781662,384.6979181612699,189
4196.7,8,1103.3089435225925,5.6,49.96825468634957,384.51142308980525,189
4196.8,8,1103.3089435225925,5.6,49.99452077845552,384.3099612261023,189
4196.9,8,1103.3089435225925,5.6,50.023824424374276,384.08580223562444,189
4197.0,8,1103.3089435225925,5.6,50.05760324957312,383.82375503118817,189
4197.1,8,1103.3089435225925,5.6,50.0727860400422,383.7131460373831,189
4197.2,8,1103.3089435225925,5.6,50.11141078661507,383.4128538312697,189
4197.3,8,1103.3089435225925,5.6,50.1392743916516,383.1998263869023,189
4197.4,8,1103.3089435225925,5.6,50.164076526945195,383.0099824101824,189
4197.5,8,1103.3089435225925,5.6,50.190276684440875,382.8096247457393,189
4197.6,8,1103.3089435225925,5.6,50.05278599426498,383.6970706834633,189
4197.7,8,1103.3089435225925,6.3,50.07305100898893,383.5424765278978,189
4197.8,8,1103.3089435225925,6.3,50.101588698320114,383.32323690300893,189
4197.9,8,1103.3089435225925,6.3,50.1253907661539,383.14341531720726,189
4198.0,8,1103.3089435225925,6.3,50.053044080585025,383.7217177875948,189
4198.1,8,1103.3089435225925,6.3,50.06545590700851,383.62882702041185,189
4198.2,8,1103.3089435225925,6.3,50.106141453317235,383.3153749994172,189
4198.3,8,1103.3089435225925,6.3,50.12467232810169,383.1740827838132,189
4198.4,8,1103.3089435225925,6.3,50.23953771524944,382.31782281238776,189
4198.5,8,1103.3089435225925,6.3,50.27240585144018,382.06639083791333,189
4198.6,8,1103.3089435225925,6.3,50.29563493156346,381.8891934183529,189
4198.7,8,1103.3089435225925,6.3,50.30503846185751,381.8191360123069,189
4198.8,8,1103.3089435225925,6.3,50.3273582853775,381.64876124406493,189
4198.9,8,1103.3089435225925,6.3,50.35514754744836,381.4361840336302,189
4199.0,8,1103.3089435225925,6.3,50.38413207313805,381.21713223230444,189
4199.1,8,1103.3089435225925,6.3,50.38988859376078,381.17628536503355,189
4199.2,8,1103.3089435225925,6.3,50.41804506173417,380.9618332944488,189
4199.3,8,1103.3089435225925,6.3,50.432296108057926,380.85686627538115,189
4199.4,8,1103.3089435225925,6.3,50.451827718595965,380.70638953098154,189
4199.5,8,1103.3089435225925,6.3,50.46998494216821,380.5699055141562,189
4199.6,8,1103.3089435225925,6.3,50.48690759596475,380.4413295173749,189
4199.7,8,1103.3089435225925,6.3,50.49485738578295,380.38478369414224,189
4199.8,8,1103.3089435225925,6.3,50.52648858524245,380.14237024005627,189
4199.9,8,1103.3089435225925,5.6,50.53333698481594,380.09303182940016,189
4200.0,8,1103.3089435225925,5.6,50.5501024364477,379.9694930413302,189
4200.1,8,1103.3089435225925,5.6,50.57403161531242,379.788573865822,189
4200.2,8,1103.3089435225925,5.6,50.387498930199925,381.1440815202693,189
4200.3,8,1103.3089435225925,5.6,50.42020984035511,380.8944745886623,189
4200.4,8,1103.3089435225925,5.6,50.42071777597883,380.8929737935075,189
4200.5,8,1103.3089435225925,5.6,50.44324440731894,380.72330145807575,189
4200.6,8,1103.3089435225925,5.6,50.46468650981342,380.56114496939676,189
4200.7,8,1103.3089435225925,5.6,50.47488743567747,380.48769001595457,189
4200.8,8,1103.3089435225925,5.6,50.57730270293674,379.6988357379014,189
4200.9,8,1103.3089435225925,5.6,50.58392345429351,379.6531726354981,189
4201.0,8,1103.3089435225925,5.6,50.66545923042267,379.0547375079823,189
4201.1,8,1103.3089435225925,5.6,50.681058318963395,378.9389784499606,189
4201.2,8,1103.3089435225925,5.6,50.682331665728626,378.93134349311293,189
4201.3,8,1103.3089435225925,5.6,50.67870285254248,378.9641216597421,189
4201.4,8,1103.3089435225925,5.6,50.68862307385692,378.8912153307342,189
4201.5,8,1103.3089435225925,5.6,50.68392636621006,378.932339343967,189
4201.6,8,1103.3089435225925,5.6,50.701579432787796,378.7993759984146,189
4201.7,8,1103.3089435225925,5.6,50.69199303994028,378.87626402979436,189
4201.8,8,1103.3089435225925,5.6,50.5483607409826,379.9990508762766,189
4201.9,8,1103.3089435225925,5.6,50.55335241178615,379.96401083258434,189
4202.0,8,1103.3089435225925,4.8999999999999995,50.5608729434297,379.9094862014623,189
4202.1,8,1103.3089435225925,4.8999999999999995,50.57006579892151,379.84007146754413,189
4202.2,8,1103.3089435225925,4.8999999999999995,50.41275053080376,380.9811646687317,189
4202.3,8,1103.3089435225925,4.8999999999999995,50.42415902362244,380.89812008888794,189
4202.4,8,1103.3089435225925,4.8999999999999995,50.453219365114194,380.6768698291273,189
4202.5,8,1103.3089435225925,4.8999999999999995,50.45653982214339,380.6582433155595,189
4202.6,8,1103.3089435225925,4.8999999999999995,50.47630066748242,380.50826811001104,189
4202.7,7,1103.305766438294,4.8999999999999995,50.47198235254338,380.54636848710265,189
4202.8,8,1103.305766438294,3.5,50.49263333613338,380.388916947657,189
4202.9,8,1103.305766438294,4.8999999999999995,50.502245943578224,380.3171943247352,189
4203.0,8,1103.305766438294,4.8999999999999995,50.373600680695475,381.33111619159354,189
4203.1,8,1103.305766438294,4.8999999999999995,50.363399114525805,381.41324592269655,189
4203.2,8,1103.305766438294,4.8999999999999995,50.372677805236606,381.33914792187807,189
4203.3,8,1103.305766438294,4.8999999999999995,50.436758466677645,380.8351942083522,189
4203.4,8,1103.305766438294,4.8999999999999995,50.4972399746092,380.39399148656315,189
4203.5,8,1103.305766438294,4.199999999999999,50.501423330838534,380.3622610749528,189
4203.6,8,1103.305766438294,4.199999999999999,50.52462143412299,380.1808585662279,189
4203.7,8,1103.305766438294,4.199999999999999,50.52288639889366,380.195589497294,189
4203.8,8,1103.305766438294,4.8999999999999995,50.527936637390255,380.15273246982883,189
4203.9,8,1103.305766438294,4.8999999999999995,50.53187433165145,380.12042965246326,189
4204.0,8,1103.305766438294,4.8999999999999995,50.53873904608773,380.0700225379903,189
4204.1,8,1103.305766438294,4.8999999999999995,50.54121446432265,380.04876234606877,189
4204.2,8,1103.305766438294,4.8999999999999995,50.53766676296307,380.0776035964427,189
4204.3,8,1103.305766438294,4.8999999999999995,50.54797453960724,380.0009779513265,189
4204.4,8,1103.305766438294,4.8999999999999995,50.55098277741201,379.9716930202551,189
4204.5,8,1103.305766438294,4.8999999999999995,50.54911331135781,379.9853653816392,189
4204.6,8,1103.305766438294,4.8999999999999995,50.55563919607883,379.9347358758481,189
4204.7,8,1103.305766438294,4.8999999999999995,50.29977807574801,381.8012967946507,189
4204.8,8,1103.305766438294,4.8999999999999995,50.31754951606989,381.6594359842999,189
4204.9,8,1103.305766438294,4.8999999999999995,50.307555887909636,381.7366004932108,189
4205.0,8,1103.305766438294,4.8999999999999995,50.29881036158666,381.8025217415939,189
4205.1,8,1103.305766438294,4.8999999999999995,50.32223229611572,381.6214577617433,189
4205.2,8,1103.305766438294,4.8999999999999995,50.31346276313044,381.6891147089623,189
4205.3,8,1103.305766438294,4.8999999999999995,50.312151625705965,381.6962728771173,189
4205.4,8,1103.305766438294,4.8999999999999995,50.34957884669261,381.3623668294216,189
4205.5,8,1103.305766438294,5.6,50.321093580065636,381.58139216272195,189
4205.6,8,1103.305766438294,5.6,50.34888937611444,381.36717149633586,189
4205.7,8,1103.305766438294,5.6,50.332592407178296,381.4906546521935,189
4205.8,8,1103.305766438294,5.6,50.3413218450108,381.4237294050004,189
4205.9,8,1103.305766438294,5.6,50.34228449152327,381.4149546045361,189
4206.0,8,1103.305766438294,5.6,50.347504762669416,381.3748019006155,189
4206.1,8,1103.305766438294,5.6,50.39084933264523,381.0397913313116,189
4206.2,8,1103.305766438294,5.6,50.40084479300761,380.9626040101096,189
4206.3,8,1103.305766438294,5.6,50.418492304403486,380.8287019072142,189
4206.4,8,1103.305766438294,5.6,50.415766877173795,380.8508584162796,189
4206.5,8,1103.305766438294,5.6,50.41019993351891,380.8950463886644,189
4206.6,8,1103.305766438294,5.6,50.54311693938002,379.9081261056455,189
4206.7,8,1103.305766438294,5.6,50.54280768820503,379.9123681156804,189
4206.8,8,1103.305766438294,5.6,50.55609116459207,379.8109013339788,189
4206.9,8,1103.305766438294,5.6,50.56516833888172,379.7444330614959,189
4207.0,8,1103.305766438294,5.6,50.56890738605988,379.7163532623332,189
4207.1,8,1103.305766438294,5.6,50.57241515554199,379.69099501836456,189
4207.2,8,1103.305766438294,5.6,50.668388140457566,378.9868102474461,189
4207.3,8,1103.305766438294,5.6,50.67645709665164,378.92772111795904,189
4207.4,8,1103.305766438294,5.6,50.68883953756139,378.83528439433167,189
4207.5,8,1103.305766438294,5.6,50.69802433193696,378.76851594803253,189
4207.6,8,1103.305766438294,5.6,50.7157459365081,378.63496238659064,189
4207.7,8,1103.305766438294,5.6,50.715835479806294,378.63864355903263,189
4207.8,8,1103.305766438294,6.3,50.732902137228606,378.5117532251039,189
4207.9,8,1103.305766438294,6.3,50.74186965483033,378.44672188414467,189
4208.0,8,1103.305766438294,6.3,50.76809204085551,378.25083371115954,189
4208.1,8,1103.305766438294,6.3,50.767054880398845,378.26252654654456,189
4208.2,8,1103.305766438294,6.3,50.79770002073584,378.03299314883327,189
4208.3,8,1103.305766438294,6.3,50.813840140488516,377.91275783532467,189
4208.4,8,1103.305766438294,6.3,50.82952753699508,377.7956389103172,189
4208.5,8,1103.305766438294,6.3,50.85494883767501,377.6077546230247,189
4208.6,8,1103.305766438294,6.3,50.90409138085663,377.23705358011364,189
4208.7,8,1103.305766438294,6.3,50.93196504415134,377.02857066221685,189
4208.8,8,1103.305766438294,6.3,50.93117716488892,377.03973156336065,189
4208.9,8,1103.305766438294,5.6,50.945988641501515,376.93039543834163,189
4209.0,8,1103.305766438294,5.6,50.79489444418067,378.12573333841374,189
4209.1,8,1103.305766438294,5.6,50.81930846057124,377.94111026992266,189
4209.2,8,1103.305766438294,5.6,50.83534997814705,377.8224387342548,189
4209.3,8,1103.305766438294,5.6,50.84065997113079,377.7816446783999,189
4209.4,8,1103.305766438294,5.6,50.92310838557535,377.1863741586161,189
4209.5,8,1103.305766438294,5.6,50.9280583933069,377.15166873479774,189
4209.6,8,1103.305766438294,5.6,50.923733476451375,377.1823185489525,189
4209.7,8,1103.305766438294,5.6,50.93268955264541,377.11284610472535,189
4209.8,8,1103.305766438294,5.6,50.94567474491677,377.01498999755097,189
4209.9,8,1103.305766438294,5.6,50.94027069254585,377.0541264342744,189
4210.0,8,1103.305766438294,5.6,50.942297165838475,377.0381545543148,189
4210.1,8,1103.305766438294,5.6,50.92596554227872,377.1649857838245,189
4210.2,8,1103.305766438294,5.6,50.921862907009455,377.19550187197456,189
4210.3,8,1103.305766438294,5.6,50.93224727588292,377.11366394194886,189
4210.4,8,1103.305766438294,5.6,50.92643990069692,377.15529240605133,189
4210.5,8,1103.305766438294,5.6,50.93197810340376,377.1136200084453,189
4210.6,8,1103.305766438294,5.6,50.933093499683366,377.1017356787942,189
4210.7,8,1103.305766438294,5.6,50.92891183463289,377.13279610087807,189
4210.8,8,1103.305766438294,5.6,50.922953463175396,377.1720254714363,189
4210.9,8,1103.305766438294,5.6,50.92638430407164,377.14162316980975,189
4211.0,8,1103.305766438294,5.6,50.92570496343038,377.14677386684633,189
4211.1,8,1103.305766438294,5.6,50.934473099841185,377.07676422172824,189
4211.2,8,1103.305766438294,5.6,50.94599601314605,376.9848923115733,189
4211.3,8,1103.305766438294,4.8999999999999995,50.90566913073511,377.29209271158834,189
4211.4,8,1103.305766438294,4.8999999999999995,50.91046445789948,377.2513939858536,189
4211.5,8,1103.305766438294,4.8999999999999995,50.91991251256739,377.1815659448198,189
4211.6,8,1103.305766438294,4.8999999999999995,50.93583059477623,377.0569185840228,189
4211.7,8,1103.305766438294,4.8999999999999995,50.76962784445439,378.3354322959982,189
4211.8,8,1103.305766438294,4.8999999999999995,50.78377704253718,378.222982009455,189
4211.9,8,1103.305766438294,4.8999999999999995,50.78626178701376,378.20661471715755,189
4212.0,8,1103.305766438294,4.8999999999999995,50.76974937859529,378.3331557284721,189
4212.1,8,1103.305766438294,4.8999999999999995,50.75252170740449,378.46532722763584,189
4212.2,8,1103.305766438294,4.199999999999999,50.80928513959035,378.05325344329657,189
4212.3,8,1103.305766438294,4.199999999999999,50.8083964575003,378.05657109792605,189
4212.4,8,1103.305766438294,4.199999999999999,50.80986040195504,378.04291840341455,189
4212.5,8,1103.305766438294,4.199999999999999,50.795735639727226,378.1477656338918,189
4212.6,8,1103.305766438294,4.199999999999999,50.79784600798608,378.06057498976577,189
4212.7,7,1103.3364523863997,3.5,50.78434703666858,378.16111376571854,189
4212.8,7,1103.3721319915442,5.6,50.784501876579235,378.1607925994289,189
4212.9,7,1103.3437143131168,5.6,50.60549348253335,379.4609334174763,189
4213.0,7,1103.3437143131168,5.6,50.62900123605611,379.2805211279739,189
4213.1,7,1103.3437143131168,5.6,50.61790705480564,379.36765278311236,189
4213.2,7,1103.3437143131168,5.6,50.64441110333722,379.16702397823025,189
4213.3,7,1103.3437143131168,5.6,50.646227345250544,379.1549565839353,189
4213.4,7,1103.3437143131168,5.6,50.658780777703136,379.0609658590718,189
4213.5,7,1103.3437143131168,5.6,50.65831989922856,379.06558741339904,189
4213.6,7,1103.3437143131168,5.6,50.7412396571308,378.4344224115285,189
4213.7,7,1103.3437143131168,5.6,50.73656961768994,378.4711882178524,189
4213.8,7,1103.3437143131168,5.6,50.75802806886517,378.3092810372154,189
4213.9,7,1103.3437143131168,5.6,50.55092486243468,379.8317174370553,189
4214.0,7,1103.3437143131168,5.6,50.546732251219424,379.8634841030415,189
4214.1,7,1103.3437143131168,5.6,50.549850674677316,379.83958686379674,189
4214.2,7,1103.3437143131168,5.6,50.55128580536632,379.8293827071009,189
4214.3,7,1103.3437143131168,5.6,50.55615680203606,379.79069163325426,189
4214.4,7,1103.3437143131168,5.6,50.561923702502725,379.7453154329271,189
4214.5,7,1103.3437143131168,5.6,50.544025347489836,379.88078414498864,189
4214.6,7,1103.3437143131168,5.6,50.5604299899926,379.7551182136381,189
4214.7,7,1103.3437143131168,5.6,50.557003767512285,379.7909360772139,189
4214.8,7,1103.3437143131168,5.6,50.31068560219205,381.6335552568835,189
4214.9,7,1103.3437143131168,4.8999999999999995,50.31087292664238,381.63177600891134,189
4215.0,7,1103.29853882533,4.8999999999999995,50.33463593242252,381.4479510420856,189
4215.1,7,1103.29853882533,6.3,50.379575977587564,381.10703863400096,189
4215.2,7,1103.29853882533,6.3,50.377042985680674,381.126327991254,189
4215.3,7,1103.29853882533,6.3,50.347194257940075,381.35204828797896,189
4215.4,7,1103.29853882533,6.3,50.36232556438838,381.23790032103574,189
4215.5,7,1103.29853882533,6.3,50.35744815603269,381.27490648712234,189
4215.6,7,1103.29853882533,6.3,50.36509122975582,381.2176862356097,189
4215.7,7,1103.29853882533,6.3,50.358899921026776,381.26478442821565,189
4215.8,7,1103.29853882533,6.3,50.36171393567325,381.24433193109803,189
4215.9,7,1103.29853882533,6.3,50.3524238570067,381.3142867322355,189
4216.0,7,1103.29853882533,6.3,50.36601718759998,381.21252945891285,189
4216.1,7,1103.29853882533,6.3,50.399406602377574,380.9623935830788,189
4216.2,7,1103.29853882533,5.6,50.409015046958345,380.89099050945015,189
4216.3,7,1103.29853882533,5.6,50.4068006355871,380.9082755727807,189
4216.4,7,1103.29853882533,5.6,50.39118920339224,381.02626818876774,189
4216.5,7,1103.29853882533,5.6,50.40291796324219,380.93886183048915,189
4216.6,7,1103.29853882533,5.6,50.3933995026119,381.0123334859821,189
4216.7,7,1103.29853882533,5.6,50.38708797253469,381.06021985564,189
4216.8,7,1103.29853882533,5.6,50.39263798038817,381.02050415758714,189
4216.9,7,1103.29853882533,5.6,50.38641118502362,381.06781436870324,189
4217.0,7,1103.29853882533,5.6,50.40530264796425,380.92857098509046,189
4217.1,7,1103.29853882533,5.6,50.394750910500605,381.00986248289007,189
4217.2,7,1103.29853882533,5.6,50.33892449572528,381.428793354027,189
4217.3,7,1103.29853882533,5.6,50.33134149654526,381.48756391089967,189
4217.4,7,1103.29853882533,5.6,50.34665160415508,381.3749573265017,189
4217.5,7,1103.29853882533,5.6,50.378466281484364,381.17622294239527,189
4217.6,7,1103.29853882533,5.6,50.37812644554954,381.1817267545071,189
4217.7,7,1103.29853882533,5.6,50.38527743467218,381.1311009502819,189
4217.8,7,1103.29853882533,5.6,50.43499497869105,380.75046421394154,189
4217.9,7,1103.29853882533,5.6,50.42515563217637,380.8284120278388,189
4218.0,7,1103.29853882533,5.6,50.429002695094105,380.80370391732873,189
4218.1,7,1103.29853882533,5.6,50.33140643834419,381.5288537332068,189
4218.2,7,1103.29853882533,5.6,50.32643406378206,381.56996158165964,189
4218.3,7,1103.29853882533,5.6,50.31158166928546,381.68277732197095,189
4218.4,7,1103.29853882533,5.6,50.31336303542406,381.6738886735429,189
4218.5,7,1103.29853882533,5.6,50.32868030039394,381.5644061829122,189
4218.6,7,1103.29853882533,5.6,50.329796549287224,381.5597111554965,189
4218.7,7,1103.29853882533,5.6,50.35408090993285,381.3855001604492,189
4218.8,7,1103.29853882533,5.6,50.329813043924915,381.56686333947613,189
4218.9,7,1103.29853882533,5.6,50.331440464038664,381.5590432825078,189
4219.0,7,1103.29853882533,5.6,50.33380616334608,381.54564327080357,189
4219.1,7,1103.29853882533,5.6,50.33265885507045,381.55484504697074,189
4219.2,7,1103.29853882533,5.6,50.34746789267918,381.4501804900342,189
4219.3,7,1103.29853882533,5.6,50.34899826934703,381.44046481315786,189
4219.4,7,1103.29853882533,5.6,50.33499112084894,381.5439477764579,189
4219.5,7,1103.29853882533,5.6,50.34036440738134,381.5062370040391,189
4219.6,7,1103.29853882533,5.6,50.333611114739256,381.55846835527433,189
4219.7,7,1103.29853882533,5.6,50.186364492739074,382.7303698595582,189
4219.8,7,1103.29853882533,5.6,50.16781276267223,382.87011246935094,189
4219.9,7,1103.29853882533,5.6,50.16709046330573,382.876127911913,189
4220.0,7,1103.29853882533,5.6,50.18849609396277,382.71973428064746,189
4220.1,7,1103.29853882533,5.6,50.22157365324512,382.4550825158509,189
4220.2,7,1103.29853882533,5.6,50.21028576706807,382.54174466633106,189
4220.3,7,1103.29853882533,5.6,50.190594983831105,382.6920485101802,189
4220.4,7,1103.29853882533,5.6,50.19117528444983,382.6905187059731,189
4220.5,7,1103.29853882533,5.6,50.17998975002058,382.77203709872026,189
4220.6,7,1103.29853882533,5.6,50.19797165619373,382.6401360853413,189
4220.7,7,1103.2535460942293,5.6,50.19688266082821,382.6496279708738,189
4220.8,7,1103.2535460942293,5.6,50.19775603487241,382.6430946109907,189
4220.9,7,1103.2535460942293,5.6,50.20770043663605,382.5705035681366,189
4221.0,7,1103.2535460942293,5.6,50.19911456494002,382.6340365797736,189
4221.1,7,1103.2535460942293,5.6,50.20328087651285,382.60168103098187,189
4221.2,7,1103.2535460942293,5.6,50.209536232072224,382.5559431509234,189
4221.3,7,1103.2535460942293,5.6,50.209284088207866,382.56031133733734,189
4221.4,7,1103.2535460942293,5.6,50.1984114754317,382.6411850475772,189
4221.5,7,1103.2535460942293,5.6,50.21527165603769,382.52080881434915,189
4221.6,7,1103.2535460942293,5.6,49.8637008959335,385.2523890342244,189
4221.7,7,1103.2535460942293,5.6,49.86759449554084,385.22540984923955,189
4221.8,7,1103.2535460942293,5.6,49.8533074088304,385.3352974423299,189
4221.9,7,1103.2535460942293,5.6,49.86512315890545,385.255171051105,189
4222.0,7,1103.2535460942293,5.6,49.85944917680792,385.3026590286587,189
4222.1,7,1103.2535460942293,5.6,49.844482733809016,385.41567601156044,189
4222.2,7,1103.2535460942293,5.6,49.837494409534386,385.4711899723636,189
4222.3,9,1103.2535460942293,4.8999999999999995,49.83283262560015,385.5130509104108,189
4222.4,9,1103.2535460942293,4.0,49.80772445625743,385.70558240689456,189
4222.5,9,1103.2535460942293,4.0,49.79382549125646,385.8135369227556,189
4222.6,9,1103.2535460942293,4.0,49.78810631574157,385.86294306426754,189
4222.7,9,1103.2535460942293,4.0,49.759311326197505,386.08631552679606,189
4222.8,9,1103.2535460942293,4.0,49.74616250780913,386.1871869028837,189
4222.9,10,1103.2535460942293,4.0,49.76163051684598,386.04886722511526,189
4223.0,9,1103.2535460942293,4.800000000000001,49.75409857292268,386.1128427589221,189
4223.1,9,1103.2535460942293,4.0,49.740361341704244,386.219991026696,189
4223.2,9,1103.2535460942293,4.0,49.71096564809338,386.4428011399349,189
4223.3,9,1103.2535460942293,4.0,49.50485470235568,388.11579007038904,189
4223.4,9,1103.2535460942293,4.0,49.49420552172397,388.1985303352143,189
4223.5,9,1103.2535460942293,4.0,49.4787667645182,388.3173190404419,189
4223.6,9,1103.2535460942293,4.0,49.46284315023783,388.44129554237634,189
4223.7,7,1103.2535460942293,3.2,49.36900839961303,389.00271049121,189
4223.8,7,1103.2535460942293,4.8999999999999995,49.356704313202584,389.0989423217121,189
4223.9,7,1103.2535460942293,4.8999999999999995,49.34230069281325,389.2114075672722,189
4224.0,7,1103.2535460942293,4.8999999999999995,49.3431179764647,389.2070812952648,189
4224.1,7,1103.208382814774,4.8999999999999995,49.3216735939601,389.3745661602802,189
4224.2,7,1103.208382814774,5.6,49.302629327924464,389.5234349523962,189
4224.3,7,1103.208382814774,5.6,49.30174654346996,389.5311514958122,189
4224.4,7,1103.208382814774,5.6,49.2931804293433,389.59868934231224,189
4224.5,9,1103.208382814774,4.8999999999999995,49.2883732285529,389.6373008310361,189
4224.6,9,1103.208382814774,4.0,49.285269560861494,389.66514581684794,189
4224.7,9,1103.208382814774,4.0,49.26742269727367,389.80515389691027,189
4224.8,9,1103.208382814774,4.0,49.26735457643673,389.80902129335897,189
4224.9,9,1103.208382814774,4.0,49.11998884454315,390.94602184151125,189
4225.0,9,1103.208382814774,4.0,49.121617184827365,390.9342210697406,189
4225.1,9,1103.208382814774,4.0,49.10378366484413,391.0751268387796,189
4225.2,9,1103.208382814774,4.0,49.104435842896706,391.07138365623905,189
4225.3,9,1103.208382814774,4.0,49.0990327158841,391.1152785080435,189
4225.4,9,1103.208382814774,4.0,49.082716168847924,391.24433650509,189
4225.5,9,1103.208382814774,4.0,49.068268245390726,391.3610924323749,189
4225.6,9,1103.208382814774,4.0,49.06111311861784,391.4183674366243,189
4225.7,9,1103.208382814774,4.0,49.048699065793,391.5187424410161,189
4225.8,9,1103.208382814774,4.0,49.050031692344554,391.50988442690874,189
4225.9,9,1103.208382814774,4.0,49.0327814560943,391.6459351239431,189
4226.0,9,1103.208382814774,4.0,49.0173903685878,391.76852378236026,189
4226.1,9,1103.208382814774,4.0,48.992803787936865,391.96362769461916,189
4226.2,9,1103.208382814774,4.0,49.00005993812909,391.90868263896016,189
4226.3,9,1103.208382814774,4.0,48.985375793400145,392.02706637457266,189
4226.4,9,1103.208382814774,4.0,48.971641354372636,392.13651961656353,189
4226.5,9,1103.208382814774,4.0,48.95628436603208,392.2594566923206,189
4226.6,9,1103.208382814774,4.0,48.94845467095014,392.3227649282742,189
4226.7,9,1103.208382814774,4.0,48.96173939795951,392.24782911251975,189
4226.8,7,1103.2283182315398,4.0,48.95261152868662,392.3209987595403,189
4226.9,9,1103.2283182315398,4.8999999999999995,48.936682967704904,392.44711684633774,189
4227.0,9,1103.2283182315398,4.800000000000001,48.9213981325255,392.56938461387006,189
4227.1,9,1103.6214093868557,4.800000000000001,48.9084697457152,392.67348374052216,190
4227.2,9,1103.6214093868557,-100.0,48.73329773215929,394.12991252401093,190
4227.3,9,1103.6214093868557,4.800000000000001,48.731010766298866,394.15331186568733,190
4227.4,9,1103.6214093868557,4.800000000000001,48.711170010997975,394.31230153146953,190
4227.5,9,1103.6214093868557,4.800000000000001,48.711853261665766,394.3087159500995,190
4227.6,9,1103.6214093868557,4.800000000000001,48.68802667378807,394.5011712656186,190
4227.7,9,1103.6214093868557,4.800000000000001,48.66960816627474,394.64897130359225,190
4227.8,9,1103.6214093868557,4.800000000000001,48.64247618115202,394.8661617857538,190
4227.9,9,1103.6214093868557,4.800000000000001,48.824307029925095,393.3422422080588,190
4228.0,9,1103.6214093868557,4.800000000000001,48.81701424753474,393.40548299359807,190
4228.1,9,1103.6214093868557,4.800000000000001,48.80077707625098,393.5381312693683,190
4228.2,9,1103.6214093868557,4.800000000000001,48.785626548065544,393.6585137278897,190
4228.3,9,1103.6214093868557,4.800000000000001,48.766177857046586,393.81668090604103,190
4228.4,9,1103.6214093868557,4.800000000000001,48.76404609770363,393.83855104798715,190
4228.5,9,1103.6214093868557,4.800000000000001,48.74788549959723,393.97010471524743,190
4228.6,9,1103.6214093868557,4.0,48.733707792162605,394.0832991132356,190
4228.7,9,1103.6214093868557,4.0,48.718278396649005,394.21108154679547,190
4228.8,9,1103.6214093868557,4.0,48.707292070748466,394.3008489699114,190
4228.9,8,1103.660183090831,4.0,48.689965356254135,394.44513749971657,190
4229.0,7,1103.660183090831,2.8,48.66392129232505,394.6568917651457,190
4229.1,7,1103.660183090831,4.8999999999999995,48.66327378503772,394.6648744245837,190
4229.2,7,1103.660183090831,4.8999999999999995,48.6367739481852,394.8802034116142,190
4229.3,7,1103.660183090831,4.8999999999999995,48.42143481059399,396.69569184785297,190
4229.4,7,1103.660183090831,4.8999999999999995,48.406459123156296,396.82061645782653,190
4229.5,12,1103.660183090831,4.8999999999999995,48.38987663604625,396.95513879459816,190
4229.6,12,1103.660183090831,4.5,48.35820100680101,397.21481430308563,190
4229.7,12,1103.660183090831,4.5,48.34453658661316,397.3283135421326,190
4229.8,12,1103.660183090831,4.5,48.338743221229464,397.3768939618951,190
4229.9,12,1103.660183090831,4.5,48.31837505746604,397.54346521135074,190
4230.0,12,1103.660183090831,4.5,48.30867412251416,397.6266342522992,190
4230.1,12,1103.660183090831,4.5,48.298244583519505,397.7151692904022,190
4230.2,12,1103.660183090831,4.5,48.30058120131312,397.6981744712332,190
4230.3,12,1103.660183090831,4.5,48.28584607797987,397.8210234524338,190
4230.4,12,1103.660183090831,4.5,48.27740196924688,397.8964831014247,190
4230.5,12,1103.660183090831,4.5,48.26570011456978,397.99824530972285,190
4230.6,12,1103.660183090831,4.5,48.23729057224754,398.23130852783595,190
4230.7,12,1103.660183090831,4.5,48.23495489683245,398.2570032241283,190
4230.8,12,1103.660183090831,4.5,48.222505711826,398.36235865286295,190
4230.9,7,1103.615108649453,4.5,48.20819972378909,398.4884071824707,190
4231.0,7,1103.615108649453,5.6,48.19050877753095,398.6332629300801,190
4231.1,12,1103.615108649453,5.6,48.16882780057755,398.8152039273711,190
4231.2,12,1103.615108649453,5.4,48.163055949916924,398.86704506665455,190
4231.3,12,1103.615108649453,5.4,48.169039866622406,398.8277555008891,190
4231.4,12,1103.615108649453,5.4,48.149428579977496,398.98957638515003,190
4231.5,12,1103.615108649453,5.4,48.33446306512653,397.3978619225038,190
4231.6,7,1103.615108649453,5.4,48.32946752428542,397.4416861277551,190
4231.7,7,1103.615108649453,5.6,48.31427910316373,397.5655343063704,190
4231.8,12,1103.615108649453,5.6,48.29057014230662,397.760754307092,190
4231.9,12,1103.615108649453,5.4,48.29897970302954,397.6977746366608,190
4232.0,12,1103.615108649453,5.4,48.29989836935488,397.6923340153246,190
4232.1,12,1103.615108649453,5.4,48.278930151489575,397.86404677640724,190
4232.2,12,1103.615108649453,5.4,48.285962638860596,397.80821332754465,190
4232.3,12,1103.615108649453,5.4,48.28059858250434,397.8543837272664,190
4232.4,12,1103.615108649453,5.4,48.26315151993853,397.99599029671447,190
4232.5,12,1103.615108649453,5.4,48.26442388923645,397.9876245586339,190
4232.6,12,1103.615108649453,5.4,48.05162586063923,399.8391586633527,190
4232.7,12,1103.615108649453,5.4,48.04139714191109,399.923704267214,190
4232.8,12,1103.615108649453,5.4,48.02676703791279,400.04539633157026,190
4232.9,12,1103.615108649453,5.4,48.03166497143009,400.00521537518455,190
4233.0,12,1103.615108649453,5.4,48.02180625279004,400.08833330291554,190
4233.1,12,1103.615108649453,5.4,48.0245652956565,400.0686655728488,190
4233.2,12,1103.615108649453,5.4,48.008112460058996,400.19978002436073,190
4233.3,12,1103.615108649453,5.4,48.18994035903202,398.78096719510586,190
4233.4,12,1103.615108649453,5.4,48.17863920651102,398.8765931477774,190
4233.5,12,1103.615108649453,5.4,48.1739063422837,398.91873599393875,190
4233.6,12,1103.615108649453,5.4,48.162241852450514,399.0122630211083,190
4233.7,12,1103.615108649453,5.4,48.08435312426939,399.6284346917139,190
4233.8,12,1103.615108649453,5.4,48.25961140434434,398.093596151972,190
4233.9,12,1103.615108649453,5.4,48.242351027690084,398.24964823916287,190
4234.0,12,1103.615108649453,5.4,48.36367326655286,397.31659822189965,190
4234.1,12,1103.615108649453,5.4,48.34061899328448,397.5107933473155,190
4234.2,12,1103.615108649453,5.4,48.323324507732586,397.6517066445329,190
4234.3,12,1103.615108649453,5.4,48.31308701005999,397.7451140509121,190
4234.4,12,1103.615108649453,5.4,48.06729612079877,399.9155325590292,190
4234.5,7,1103.615108649453,4.5,48.03845965466182,400.16160102584746,190
4234.6,7,1103.615108649453,4.8999999999999995,47.933365505751915,401.00221553564757,190
4234.7,7,1103.615108649453,4.8999999999999995,47.89798930659254,401.30252689842445,190
4234.8,7,1103.615108649453,4.8999999999999995,47.8748146685555,401.5042641139694,190
4234.9,7,1103.615108649453,4.8999999999999995,47.848835566277785,401.73220092064,190
4235.0,7,1103.5701003686388,4.8999999999999995,47.82255853638141,401.96207449263807,190
4235.1,7,1103.5701003686388,5.6,47.808542855531,402.0901678851027,190
4235.2,7,1103.5701003686388,5.6,47.77252677433549,402.39415446580864,190
4235.3,7,1103.5701003686388,5.6,47.7613008124265,402.4958311708606,190
4235.4,7,1103.5701003686388,5.6,47.735870915970644,402.70539574109046,190
4235.5,7,1103.5701003686388,5.6,47.70588490313415,402.9566331869926,190
4235.6,7,1103.5701003686388,5.6,47.70189910027602,402.99104015502854,190
4235.7,7,1103.5701003686388,5.6,47.69917187679988,403.02045222443513,190
4235.8,7,1103.5701003686388,5.6,47.68801312352016,403.10804626190304,190
4235.9,7,1103.5701003686388,5.6,47.67226134684639,403.2375849190272,190
4236.0,7,1103.5701003686388,5.6,47.83529927193442,401.7669959570409,190
4236.1,7,1103.5701003686388,5.6,47.81975708753756,401.8948701308684,190
4236.2,7,1103.5701003686388,5.6,47.81260598525206,401.95550610043193,190
4236.3,7,1103.5701003686388,5.6,47.81508711877909,401.940896725029,190
4236.4,7,1103.5701003686388,5.6,47.78600567867757,402.1752767620703,190
4236.5,7,1103.5701003686388,5.6,47.78924432087635,402.1533982827232,190
4236.6,7,1103.5701003686388,5.6,47.601327827804724,403.8342231589164,190
4236.7,7,1103.5701003686388,4.8999999999999995,47.59064038750074,403.92402701556193,190
4236.8,7,1103.5701003686388,4.8999999999999995,47.57744130981874,404.03661989398574,190
4236.9,7,1103.5701003686388,4.8999999999999995,47.57808675744798,404.03641478133227,190
4237.0,7,1103.5701003686388,4.8999999999999995,47.57198734381291,404.0907925306394,190
4237.1,7,1103.5701003686388,4.8999999999999995,47.56363250344044,404.16204213415233,190
4237.2,7,1103.5701003686388,4.8999999999999995,47.545601024745366,404.3060867154039,190
4237.3,7,1103.5701003686388,4.8999999999999995,47.54357212757162,404.32972391486754,190
4237.4,7,1103.5701003686388,4.8999999999999995,47.525015958904795,404.48557108613375,190
4237.5,7,1103.5701003686388,4.8999999999999995,47.5216956230839,404.5167285215688,190
4237.6,7,1103.5701003686388,4.8999999999999995,47.51482504874333,404.57326338056316,190
4237.7,7,1103.5701003686388,4.8999999999999995,47.515140265160326,404.57039355463473,190
4237.8,7,1103.5701003686388,4.8999999999999995,47.51086083353725,404.6103661815648,190
4237.9,7,1103.5701003686388,4.8999999999999995,47.512609295034935,404.60154601949864,190
4238.0,7,1103.5701003686388,4.8999999999999995,47.504776467202596,404.6697287493308,190
4238.1,7,1103.5701003686388,4.8999999999999995,47.49841812785216,404.7269438004049,190
4238.2,7,1103.5701003686388,4.8999999999999995,47.61445300977756,403.80181598122397,190
4238.3,7,1103.5250071927762,4.8999999999999995,47.75499156266443,402.3777854424494,190
4238.4,7,1103.5250071927762,5.6,47.56268473662105,403.92298862152927,190
4238.5,7,1103.5250071927762,5.6,47.57534385416044,403.81782330615147,190
4238.6,7,1103.5250071927762,5.6,47.58505758110869,403.7335207744362,190
4238.7,7,1103.5250071927762,5.6,47.548188804654856,403.9693647772499,190
4238.8,7,1103.5250071927762,4.8999999999999995,47.54650448566075,403.98227063135835,190
4238.9,7,1103.5250071927762,4.8999999999999995,47.56508688564519,403.83015831655314,190
4239.0,7,1103.5250071927762,4.8999999999999995,47.56383956161751,403.8368175256104,190
4239.1,7,1103.5250071927762,4.8999999999999995,47.57693170250184,403.72636406163986,190
4239.2,7,1103.5250071927762,4.8999999999999995,47.37937376018152,405.3448493963083,190
4239.3,7,1103.5250071927762,4.8999999999999995,47.37872578039803,405.3471219280365,190
4239.4,7,1103.5250071927762,4.8999999999999995,47.36372952958217,405.4716768988453,190
4239.5,7,1103.5250071927762,4.8999999999999995,47.36389692750841,405.4677459496378,190
4239.6,7,1103.5250071927762,4.8999999999999995,47.362131109308386,405.4809581475354,190
4239.7,7,1103.5250071927762,4.8999999999999995,47.3653074285967,405.4500787189562,190
4239.8,7,1103.5250071927762,4.8999999999999995,47.37041744581996,405.40757501093424,190
4239.9,7,1103.5250071927762,4.8999999999999995,47.36296610758883,405.47008582975593,190
4240.0,7,1103.5250071927762,4.8999999999999995,47.36850261984121,405.42217010641286,190
4240.1,7,1103.5250071927762,4.8999999999999995,47.209951905620144,406.82750297107486,190
4240.2,7,1103.5250071927762,4.8999999999999995,47.210276183487245,406.8221110935807,190
4240.3,7,1103.5250071927762,4.8999999999999995,47.042967708935734,408.21908694986587,190
4240.4,7,1103.5250071927762,4.8999999999999995,47.04543187044162,408.19319964379724,190
4240.5,7,1103.5250071927762,4.8999999999999995,47.05701460212136,408.09594362758105,190
4240.6,7,1103.5250071927762,4.8999999999999995,47.14841732228547,407.3251620312644,190
4240.7,7,1103.5250071927762,4.8999999999999995,47.27066165964165,406.24325604136766,190
4240.8,7,1103.5250071927762,4.8999999999999995,47.281004777506354,406.1566175448819,190
4240.9,7,1103.5250071927762,4.8999999999999995,47.29064112311707,406.0740845751461,190
4241.0,7,1103.5250071927762,4.8999999999999995,47.30776834414406,405.9278634331041,190
4241.1,7,1103.5250071927762,4.8999999999999995,47.31187914197194,405.8916217530093,190
4241.2,7,1103.5250071927762,4.8999999999999995,47.31883139859553,405.83322824609684,190
4241.3,8,1103.4880780608028,4.8999999999999995,47.15537446142627,407.20650076876325,190
4241.4,8,1103.491286711327,4.8999999999999995,47.15153727430858,407.2374406400681,190
4241.5,8,1103.491286711327,4.8999999999999995,47.18454042107629,406.9573685787594,190
4241.6,8,1103.491286711327,4.8999999999999995,47.17376920843269,407.04690538021464,190
4241.7,8,1103.491286711327,4.8999999999999995,47.19866444582707,406.8352759719877,190
4241.8,8,1103.491286711327,4.8999999999999995,47.222837340998026,406.6287097275916,190
4241.9,8,1103.491286711327,4.8999999999999995,47.06443118826071,408.0388977795428,190
4242.0,7,1103.491286711327,4.8999999999999995,47.06436959576479,408.03785833164966,190
4242.1,7,1103.491286711327,4.8999999999999995,47.086425482265554,407.8503977538103,190
4242.2,7,1103.491286711327,4.8999999999999995,47.11592387642959,407.5984990911901,190
4242.3,7,1103.491286711327,4.8999999999999995,47.1289437028081,407.48703809209553,190
4242.4,8,1103.491286711327,4.8999999999999995,47.1389801459295,407.4001662278885,190
4242.5,8,1103.491286711327,4.8999999999999995,47.15557784061923,407.25736822188713,190
4242.6,8,1103.491286711327,4.8999999999999995,47.175370354268935,407.08782702524024,190
4242.7,7,1103.491286711327,4.8999999999999995,47.198835464048145,406.8863411426495,190
4242.8,7,1103.491286711327,4.8999999999999995,47.212257105867295,406.7655587255168,190
4242.9,7,1103.491286711327,4.8999999999999995,47.225607301106166,406.6500942076937,190
4243.0,7,1103.491286711327,4.8999999999999995,47.01712293708386,408.4041214626833,190
4243.1,7,1103.491286711327,4.8999999999999995,47.14199196272634,407.34271717449406,190
4243.2,7,1103.491286711327,4.8999999999999995,47.1479107730941,407.28520607596295,190
4243.3,5,1102.5377141255335,4.199999999999999,47.169374147153675,407.1017797895929,190
4243.4,5,1102.3391926757388,5.0,47.175845277879155,407.0402877343911,190
4243.5,5,1102.3391926757388,5.0,47.19864626209542,406.8421811559174,190
4243.6,5,1102.3391926757388,5.0,47.27971055541116,406.122969200386,190
4243.7,5,1102.3391926757388,5.0,47.21868276581979,406.6214670918371,190
4243.8,5,1102.3391926757388,5.0,47.23420962136501,406.4878880935378,190
4243.9,5,1102.3391926757388,5.0,47.01671177551816,408.36627769273184,190
4244.0,5,1102.3391926757388,5.0,46.82482385365596,410.0428747209618,190
4244.1,5,1102.3391926757388,5.0,46.824640079087835,410.0451509707609,190
4244.2,5,1102.3391926757388,5.0,46.80763129545548,410.1968495090081,190
4244.3,5,1102.3391926757388,5.0,46.81854012031759,410.10160029571273,190
4244.4,5,1102.3391926757388,5.0,46.818949620487345,410.0997825376287,190
4244.5,5,1102.3391926757388,5.0,46.82404366389943,410.0563948893706,190
4244.6,5,1102.3391926757388,5.0,46.58867032273069,412.1173641379976,190
4244.7,5,1102.3391926757388,5.0,46.578603229875995,412.2064814864875,190
4244.8,5,1102.3391926757388,5.0,46.58698889938159,412.13227547756406,190
4244.9,5,1102.3391926757388,5.0,46.375692605142405,414.02000819513944,190
4245.0,5,1102.3391926757388,5.0,46.3901408966108,413.89019196516585,190
4245.1,5,1102.3391926757388,5.0,46.38567543256383,413.93095793915063,190
4245.2,5,1102.3391926757388,5.0,46.39688501640913,413.82981406363825,190
4245.3,5,1102.3391926757388,5.0,46.38850171218483,413.90630388802174,190
4245.4,5,1102.3391926757388,5.0,46.48463623655637,413.04447557130965,190
4245.5,5,1102.3391926757388,5.0,46.49397130877214,412.96219749760877,190
4245.6,5,1102.3391926757388,5.0,46.501365300466716,412.89627825880825,190
4245.7,5,1102.3391926757388,5.0,46.24842803682397,415.15015296657486,190
4245.8,5,1102.1437835610002,5.0,46.2603031353214,415.04385105080587,190
4245.9,5,1102.1437835610002,5.5,46.26300344357347,415.01975912997995,190
4246.0,5,1102.1437835610002,5.5,46.3466165475887,414.2698137005872,190
4246.1,5,1102.1437835610002,5.5,46.3400783783296,414.32833841318865,190
4246.2,5,1102.1437835610002,5.5,46.339825340488154,414.3305496305538,190
4246.3,5,1102.1437835610002,5.5,46.34463068472789,414.28750647254066,190
4246.4,5,1102.1437835610002,5.5,46.32650550480602,414.4497105439119,190
4246.5,5,1102.1437835610002,5.5,46.310945622170436,414.58889375910417,190
4246.6,5,1102.1437835610002,5.5,46.291469101544436,414.7633817918578,190
4246.7,5,1102.1437835610002,5.0,46.281063645641524,414.8567597596709,190
4246.8,5,1102.1437835610002,5.0,46.275906909274,414.90297786121334,190
4246.9,5,1102.1437835610002,5.0,46.2640108354945,415.009785431199,190
4247.0,5,1102.1437835610002,5.0,46.25497590574741,415.09068269959675,190
4247.1,5,1102.1437835610002,5.0,46.24417730678299,415.1876566764846,190
4247.2,5,1102.1437835610002,5.0,46.232114946350116,415.29592861252786,190
4247.3,5,1102.1437835610002,5.0,46.21346373531298,415.4636202066758,190
4247.4,5,1102.1437835610002,5.0,46.2026896159406,415.56038802773503,190
4247.5,5,1102.1437835610002,5.0,46.185199815730286,415.7177402647125,190
4247.6,5,1102.1437835610002,5.0,46.17444964076551,415.81453089053446,190
4247.7,5,1102.1437835610002,5.0,46.14200696599442,416.10710486730756,190
4247.8,5,1102.1437835610002,5.0,46.20234268749679,415.56359612776686,190
4247.9,5,1102.1437835610002,5.0,46.19571800092567,415.63012052558526,190
4248.0,5,1102.1437835610002,5.0,46.17406582734257,415.82487959488526,190
4248.1,5,1102.1437835610002,5.0,46.143194451169194,416.1031409207026,190
4248.2,5,1102.1437835610002,5.0,46.13295959458675,416.1963982840598,190
4248.3,5,1102.1437835610002,5.0,46.090221562077794,416.58095566452675,190
4248.4,5,1102.1437835610002,5.0,46.08459136829154,416.7018797835557,190
4248.5,5,1102.1437835610002,5.0,46.06668705445536,416.8661173048753,190
4248.6,5,1102.1437835610002,5.0,46.0469650702634,417.04255737791243,190
4248.7,5,1102.1437835610002,5.0,46.02667539971647,417.22735817118905,190
4248.8,5,1102.1437835610002,5.0,45.67357373100096,420.4063370161134,190
4248.9,5,1102.1437835610002,5.0,45.4856769302101,422.12192983740033,190
4249.0,5,1102.1437835610002,5.0,45.464024673621445,422.3214636653352,190
4249.1,5,1102.1437835610002,5.0,45.45158020293445,422.43799923044674,190
4249.2,5,1101.9483869751614,5.0,45.43668653506286,422.57655267450946,190
4249.3,5,1101.9483869751614,5.5,45.4079326788969,422.84305590583324,190
4249.4,5,1101.9483869751614,5.5,45.37550306818913,423.14421818689584,190
4249.5,5,1101.9483869751614,5.5,45.35276676850431,423.3561535814308,190
4249.6,8,1101.9019721701015,5.5,45.345351034922025,423.42588844323757,190
4249.7,5,1101.9019721701015,6.3,45.329198475787734,423.5762506594248,190
4249.8,5,1101.9019721701015,5.5,45.31784046455653,423.6818866577003,190
4249.9,5,1101.9019721701015,5.0,45.42284717166021,422.69601910938445,190
4250.0,5,1101.9019721701015,5.0,45.41899596286535,422.73196941307367,190
4250.1,5,1101.9019721701015,5.0,45.41079175357666,422.808329286622,190
4250.2,5,1101.9019721701015,5.0,45.21211267963696,424.6672854402243,190
4250.3,5,1101.9019721701015,5.0,45.20355723919383,424.74766241581835,190
4250.4,5,1101.9019721701015,5.0,45.20424677673078,424.7411882139935,190
4250.5,5,1101.9019721701015,5.0,45.21266376075445,424.6612347709562,190
4250.6,5,1101.9019721701015,5.0,45.2146960414266,424.64212673949805,190
4250.7,5,1101.9019721701015,5.0,45.213754632974556,424.6504560331472,190
4250.8,5,1101.9019721701015,5.0,45.222837440338175,424.5647582248254,190
4250.9,5,1101.9019721701015,5.0,45.221434235216535,424.5778083107923,190
4251.0,5,1101.9019721701015,5.0,45.22639444527778,424.53103996897687,190
4251.1,5,1101.9019721701015,5.0,45.236388787948435,424.44135901955013,190
4251.2,5,1101.9019721701015,5.0,45.253999637412704,424.27759334636994,190
4251.3,5,1101.9019721701015,5.0,45.31209979453428,423.73856604319496,190
4251.4,5,1101.9019721701015,5.0,45.32422783567537,423.62545081260726,190
4251.5,5,1101.9019721701015,5.0,45.35297057210464,423.35834002938117,190
4251.6,5,1101.9019721701015,5.0,45.356855563306596,423.32088075600325,190
4251.7,5,1101.9019721701015,5.0,45.37263271188108,423.17313991716446,190
4251.8,5,1101.9019721701015,5.0,45.39510347773542,422.96462259371805,190
4251.9,5,1101.9019721701015,5.0,45.411848929715575,422.8084986531764,190
4252.0,5,1101.9019721701015,5.0,45.43017540593577,422.6392205736536,190
4252.1,5,1101.9019721701015,5.0,45.43277384711179,422.61409047615837,190
4252.2,5,1101.9019721701015,5.0,45.455300913401146,422.40519217110455,190
4252.3,5,1101.9019721701015,5.0,45.57331590608838,421.3034883103738,190
4252.4,5,1101.9019721701015,5.0,45.589901388353766,421.15032699162214,190
4252.5,5,1101.9019721701015,5.0,45.607471988588856,420.98842895952873,190
4252.6,5,1101.9019721701015,5.0,45.62847279304231,420.7944286776361,190
4252.7,5,1101.70670236402,5.0,45.424238726969115,422.7097202872052,190
4252.8,5,1101.70670236402,5.0,45.42519497015421,422.69729829025664,190
4252.9,5,1101.70670236402,5.0,45.451762986475856,422.44793871105725,190
4253.0,5,1101.70670236402,5.0,45.480564694963945,422.1790043707258,190
4253.1,5,1101.70670236402,5.0,45.5148548996811,421.85926100064233,190
4253.2,5,1101.70670236402,5.0,45.53911560023078,421.6322120636928,190
4253.3,5,1101.70670236402,5.0,45.56849081269304,421.3593001325828,190
4253.4,5,1101.70670236402,5.0,45.59885732476354,421.07667653537453,190
4253.5,5,1101.70670236402,5.0,45.634939094717325,420.7422505590229,190
4253.6,5,1101.70670236402,5.0,45.67861395077668,420.3389467176006,190
4253.7,5,1101.70670236402,5.0,45.70727570440363,420.07364352161403,190
4253.8,5,1101.70670236402,5.0,45.74769480487069,419.70261670866125,190
4253.9,5,1101.70670236402,5.0,45.787333566074025,419.33718760574925,190
4254.0,5,1101.70670236402,5.0,45.945722082384634,417.9024289127903,190
4254.1,5,1101.70670236402,5.0,45.98890307319958,417.508079798057,190
4254.2,5,1101.70670236402,5.0,46.011785577129615,417.29813578434926,190
4254.3,5,1101.70670236402,5.0,46.04763634610657,416.97265327064986,190
4254.4,5,1101.70670236402,5.0,46.07628433500692,416.71178168678995,190
4254.5,5,1101.70670236402,5.0,45.840890702316074,418.88158684657446,190
4254.6,5,1101.70670236402,5.0,45.96021106688971,417.775661843348,190
4254.7,5,1101.70670236402,5.0,46.06635767923245,416.8222876566733,190
4254.8,5,1101.70670236402,5.0,46.07892505130128,416.70539032210525,190
4254.9,5,1101.70670236402,5.0,46.09202036611369,416.58212599247724,190
4255.0,5,1101.70670236402,5.0,46.1114619026789,416.404874862445,190
4255.1,5,1101.70670236402,5.0,46.13517223341756,416.1877150817764,190
4255.2,5,1101.70670236402,5.0,46.15755121820536,415.9837916190238,190
4255.3,5,1101.70670236402,5.0,46.18861130645209,415.70161505603136,190
4255.4,5,1101.70670236402,5.0,46.24496758876607,415.3607175523342,190
4255.5,5,1101.70670236402,5.0,46.272354273561824,415.1138970115656,190
4255.6,5,1101.70670236402,5.0,46.270022336636366,415.1287234837853,190
4255.7,5,1101.70670236402,5.0,46.30135054535515,414.8457193804802,190
4255.8,5,1101.5118951614388,5.0,46.31277657062601,414.7372564542241,190
4255.9,5,1101.5118951614388,5.5,46.31092497638306,414.7453381362919,190
4256.0,5,1101.5118951614388,5.5,46.32947944201938,414.575649068771,190
4256.1,5,1101.5118951614388,5.5,46.34432431923349,414.4364432972104,190
4256.2,5,1101.5118951614388,5.5,46.37026842641874,414.19756585244147,190
4256.3,5,1101.5118951614388,5.5,46.40158229427445,413.91568143339066,190
4256.4,5,1101.5118951614388,5.5,46.43661620399407,413.59914116548725,190
4256.5,5,1101.5118951614388,5.5,46.15570934415953,416.03272418533436,190
4256.6,5,1101.5118951614388,5.5,46.19424926052086,415.684159735248,190
4256.7,5,1101.5118951614388,5.5,46.21769545613356,415.46881195455643,190
4256.8,5,1101.5118951614388,5.5,46.250643247988265,415.168447153405,190
4256.9,5,1101.5118951614388,5.5,46.29526832250972,414.76622943266784,190
4257.0,5,1101.5118951614388,5.5,46.30859913797204,414.6409864089863,190
4257.1,5,1101.5118951614388,5.5,46.35231563364978,414.2491235112806,190
4257.2,5,1101.5118951614388,5.5,46.36341414990441,414.1448299869497,190
4257.3,5,1101.5118951614388,5.5,46.22046560635102,415.44981409828654,190
4257.4,5,1101.5118951614388,5.5,46.25081796880806,415.1718908722834,190
4257.5,5,1101.5118951614388,5.5,46.25865862148933,415.0946703350074,190
4257.6,5,1101.5118951614388,5.5,46.3506693198174,414.2811170712191,190
4257.7,5,1101.5118951614388,5.5,46.372916790906096,414.0783783862182,190
4257.8,5,1101.5118951614388,5.0,46.37577537131294,414.0475217527893,190
4257.9,5,1101.5118951614388,5.0,46.39598357768135,413.86567777908783,190
4258.0,5,1101.5118951614388,5.0,46.41105886369074,413.7264681119139,190
4258.1,5,1101.5118951614388,5.0,46.42457542036496,413.601935872051,190
4258.2,5,1101.5118951614388,5.0,46.428306426915896,413.56484577189946,190
4258.3,5,1101.5118951614388,5.0,46.41985458385618,413.6255639481297,190
4258.4,5,1101.5118951614388,5.0,46.42436586823877,413.5887447875091,190
4258.5,5,1101.5118951614388,5.0,46.43992849546176,413.4518835916891,190
4258.6,5,1101.5118951614388,5.0,46.42818631715653,413.55993652784986,190
4258.7,5,1101.5118951614388,5.0,46.435129603340506,413.49996101801696,190
4258.8,5,1101.3170416418636,5.0,46.43729608479221,413.48496310194986,190
4258.9,5,1101.3170416418636,5.5,46.455388512133254,413.3279422044502,190
4259.0,5,1101.3170416418636,5.5,46.449078248417244,413.38860203306444,190
4259.1,5,1101.3170416418636,5.5,46.48019783451541,413.0852505246876,190
4259.2,5,1101.3170416418636,5.5,46.48407294878361,413.05188663351026,190
4259.3,5,1101.3170416418636,5.5,46.50182063128659,412.8958532939608,190
4259.4,5,1101.3170416418636,5.5,46.520710668334445,412.72979038634696,190
4259.5,5,1101.3170416418636,5.5,46.54294003307304,412.5339980696798,190
4259.6,5,1101.3170416418636,5.5,46.558464424326644,412.3979465073779,190
4259.7,5,1101.3170416418636,5.5,46.56273757954109,412.3629099083792,190
4259.8,5,1101.3170416418636,5.5,46.642047291197485,411.67062998508504,190
4259.9,5,1101.3170416418636,5.5,46.64366683480219,411.65903095277463,190
4260.0,5,1101.3170416418636,5.5,46.66409583915167,411.4811200351319,190
4260.1,5,1101.3170416418636,5.5,46.673693940457255,411.39906949669546,190
4260.2,5,1101.3170416418636,5.5,46.678999768971565,411.35326239229255,190
4260.3,5,1101.3170416418636,5.5,46.70310942063473,411.1431210899001,190
4260.4,5,1101.3170416418636,5.5,46.72406182795694,410.96030377044406,190
4260.5,8,1101.2942143852033,5.5,46.79726795132288,410.30939381513116,190
4260.6,5,1101.2942143852033,5.6,46.82156426547784,410.0960862336557,190
4260.7,5,1101.2942143852033,5.5,46.836598737713615,409.9668148643239,190
4260.8,5,1101.2942143852033,5.5,46.83873113864052,410.0615445430508,190
4260.9,8,1101.254334891841,5.0,46.85461957487236,409.9215994107102,190
4261.0,5,1101.254334891841,4.8999999999999995,46.89436353639621,409.57358046570755,190
4261.1,5,1101.254334891841,5.0,46.922450063850846,409.3263917857313,190
4261.2,5,1101.254334891841,5.0,46.92266726976317,409.3294072863942,190
4261.3,5,1101.254334891841,5.0,46.93270421798051,409.21328980659143,190
4261.4,5,1101.254334891841,5.0,46.957380630903344,408.9988523960174,190
4261.5,5,1101.254334891841,5.0,46.961995701660115,408.9670112204619,190
4261.6,5,1101.254334891841,5.0,46.96432300594037,408.9549248015255,190
4261.7,5,1101.254334891841,5.0,46.99977997101494,408.646025381707,190
4261.8,5,1101.254334891841,5.0,47.01329620112291,408.4842792487591,190
4261.9,5,1101.254334891841,5.0,47.03550338139419,408.29293121993595,190
4262.0,5,1101.254334891841,5.0,47.06961783804529,408.0019788438564,190
4262.1,5,1101.254334891841,5.0,47.102578704733276,407.7208674765535,190
4262.2,5,1101.254334891841,4.5,47.127917104828995,407.5035436824556,190
4262.3,5,1101.254334891841,4.5,47.20613679907671,406.8391503067666,190
4262.4,5,1101.254334891841,4.5,47.229514423126716,406.6415247370579,190
4262.5,5,1101.254334891841,4.5,47.28181362692227,406.1886709689614,190
4262.6,5,1101.254334891841,4.5,47.28939346602856,406.13453705470084,190
4262.7,5,1101.254334891841,4.5,47.344911955851614,405.6166137027342,190
4262.8,5,1101.254334891841,4.5,47.36642148920755,405.4361702847698,190
4262.9,5,1101.254334891841,4.5,47.39357383213686,405.20897282522355,190
4263.0,5,1101.254334891841,4.5,47.475246200620596,404.50420710911953,190
4263.1,5,1101.254334891841,4.5,47.538587405736024,403.9647411849868,190
4263.2,5,1101.254334891841,4.5,47.55004275289927,403.87779168360106,190
4263.3,5,1101.254334891841,4.5,47.59779100596722,403.47041907417645,190
4263.4,5,1101.254334891841,4.5,47.625863409206914,403.2375472756743,190
4263.5,5,1101.254334891841,4.5,47.653469102461955,403.0116302902353,190
4263.6,5,1101.254334891841,4.5,47.70663735168206,402.56166559797214,190
4263.7,5,1101.059708104435,4.5,47.73026289793066,402.3689962884745,190
4263.8,5,1101.059708104435,5.0,47.783581611544776,401.9255461679216,190
4263.9,5,1101.059708104435,5.0,47.82376276611765,401.5952921013296,190
4264.0,5,1101.059708104435,5.0,47.867138574228015,401.2369341804921,190
4264.1,5,1101.059708104435,5.0,47.90163285531794,400.9524109576221,190
4264.2,5,1101.059708104435,5.0,47.930044875237506,400.72435404050634,190
4264.3,5,1101.059708104435,5.0,47.97564654729119,400.3458692844848,190
4264.4,5,1101.059708104435,5.0,48.032753846731595,399.87222111697065,190
4264.5,5,1101.059708104435,5.0,48.07995660116451,399.4840322162447,190
4264.6,5,1101.059708104435,5.0,48.11910442964809,399.16381970077424,190
4264.7,5,1101.059708104435,5.0,48.16590127344004,398.7823449035882,190
4264.8,5,1101.059708104435,5.0,48.21631745795499,398.37173101042936,190
4264.9,5,1101.059708104435,5.0,48.25971590251948,398.0215697839926,190
4265.0,5,1101.059708104435,5.0,48.329936140779395,397.4494058020907,190
4265.1,5,1101.059708104435,5.0,48.364935237007465,397.167596087374,190
4265.2,5,1101.059708104435,5.0,48.392814092852745,396.9436082836602,190
4265.3,5,1101.059708104435,5.0,48.41616946860999,396.7605861494841,190
4265.4,5,1101.059708104435,5.0,48.4702172133509,396.3171806888702,190
4265.5,5,1101.059708104435,5.0,48.529886429773924,395.8257885813606,190
4265.6,5,1101.059708104435,5.0,48.57535498120524,395.40022022748815,190
4265.7,5,1101.059708104435,5.0,48.616503007090515,395.07128297610257,190
4265.8,5,1101.059708104435,5.0,48.654851257076444,394.76168570542825,190
4265.9,5,1101.059708104435,5.0,48.68817686836776,394.4922902365148,190
4266.0,5,1101.059708104435,5.0,48.610536625825496,395.1672232485439,190
4266.1,5,1101.059708104435,5.0,48.65048041643466,394.84052790691635,190
4266.2,5,1101.059708104435,5.0,48.67141064794144,394.67771122495674,190
4266.3,5,1101.059708104435,5.0,48.71051347693571,394.363762009577,190
4266.4,5,1101.059708104435,5.0,48.753666308462826,394.01331995405326,190
4266.5,5,1101.059708104435,5.0,48.77267147059881,393.86693944260446,190
4266.6,5,1101.059708104435,5.0,48.81622889589081,393.5142371586464,190
4266.7,5,1100.8655308724435,5.0,48.84872903380972,393.2545933974985,190
4266.8,5,1100.8655308724435,5.5,48.8749233467368,393.04550966832176,190
4266.9,5,1100.8655308724435,5.5,48.91396599747753,392.7286983388474,190
4267.0,5,1100.8655308724435,5.5,48.92440816434619,392.6463578206085,190
4267.1,5,1100.8655308724435,5.5,48.95639382525697,392.3842941842571,190
4267.2,5,1100.8655308724435,5.5,48.966297630038994,392.3075431822075,190
4267.3,5,1100.8655308724435,5.5,48.99970460865183,392.0346474881643,190
4267.4,5,1100.8655308724435,5.5,48.87907542031296,393.05791954838753,190
4267.5,5,1100.8655308724435,5.5,48.891786629198265,392.95843772447336,190
4267.6,5,1100.8655308724435,5.5,48.91572620836203,392.76180360128456,190
4267.7,5,1100.8655308724435,5.5,48.9431925144659,392.541223881192,190
4267.8,5,1100.8655308724435,5.5,48.96796423203063,392.3328025436181,190
4267.9,5,1100.8655308724435,5.5,48.99710096713223,392.0974119469775,190
4268.0,5,1100.8655308724435,5.5,49.018094201272675,391.9243426671844,190
4268.1,5,1100.8655308724435,5.5,49.03159099035505,391.81281799306043,190
4268.2,5,1100.8655308724435,5.5,49.0385951205216,391.75109357210465,190
4268.3,5,1100.8655308724435,5.5,48.9471874401482,392.4445841191987,190
4268.4,5,1100.8655308724435,5.5,48.980092200023975,392.1712821375757,190
4268.5,5,1100.8655308724435,5.5,48.99537204166906,392.0495239258398,190
4268.6,5,1100.8655308724435,5.5,49.02565349924624,391.79790831856235,190
4268.7,5,1100.8655308724435,5.5,49.05589180294207,391.5525280749847,190
4268.8,5,1100.8655308724435,5.5,49.04595951945677,391.6361195207274,190
4268.9,5,1100.8655308724435,5.5,49.06375581435289,391.49448948082505,190
4269.0,5,1100.8655308724435,5.5,49.09366745389448,391.25076376980047,190
4269.1,5,1100.8655308724435,5.5,49.11536239836154,391.072521242526,190
4269.2,5,1100.8655308724435,5.5,49.13083976705653,390.9528016080046,190
4269.3,5,1100.8655308724435,5.5,49.14922773680058,390.8055835537707,190
4269.4,5,1100.671408063321,5.5,49.16604322477909,390.67138079497875,190
4269.5,5,1100.671408063321,6.0,49.18995491579075,390.4825548661918,190
4269.6,5,1100.671408063321,6.0,49.22623525850469,390.1884097491331,190
4269.7,5,1100.671408063321,6.0,49.05931551352271,391.46941361619815,190
4269.8,5,1100.671408063321,6.0,49.084419627085104,391.26255764996813,190
4269.9,5,1100.671408063321,6.0,49.087393455116555,391.2431750827132,190
4270.0,5,1100.671408063321,6.0,49.09908994527129,391.1483101088029,190
4270.1,5,1100.671408063321,6.0,48.98194724346779,392.1179481807363,190
4270.2,5,1100.671408063321,6.0,49.00848206684016,391.89890699777334,190
4270.3,5,1100.671408063321,6.0,49.01442679236139,391.8502421688146,190
4270.4,5,1100.671408063321,6.0,49.035820420187434,391.68018372348126,190
4270.5,5,1100.671408063321,6.0,49.04315074977768,391.6213591531416,190
4270.6,5,1100.671408063321,6.0,49.13597070998827,390.8915061544522,190
4270.7,5,1100.671408063321,6.0,49.14637390469232,390.80508272303484,190
4270.8,5,1100.671408063321,5.5,49.176942126174026,390.5553453161855,190
4270.9,5,1100.671408063321,5.5,49.203399005927366,390.3402600328428,190
4271.0,5,1100.671408063321,5.5,49.21748003358452,390.22445385024184,190
4271.1,5,1100.671408063321,5.5,49.232918041160374,390.10180461293317,190
4271.2,5,1100.671408063321,5.5,49.2583532833977,389.8982339331667,190
4271.3,5,1100.671408063321,5.5,49.25865095310585,389.8961867844397,190
4271.4,5,1100.671408063321,5.5,49.276816876541375,389.75292623088876,190
4271.5,5,1100.671408063321,5.5,49.2891584313966,389.6531605496589,190
4271.6,5,1100.671408063321,5.5,49.30536239855474,389.5221421653331,190
4271.7,5,1100.671408063321,5.5,49.32127301754582,389.3923204543837,190
4271.8,5,1100.671408063321,5.5,49.33217055369805,389.30981295969417,190
4271.9,5,1100.671408063321,5.5,49.18619526831217,390.5106209919222,190
4272.0,5,1100.671408063321,5.5,49.197724604750945,390.4176509649482,190
4272.1,7,1100.671408063321,5.0,49.21966103700683,390.2404112736768,190
4272.2,5,1100.671408063321,4.8999999999999995,49.23412105773515,390.1262877046091,190
4272.3,5,1100.4776487865936,5.0,49.06285599140336,391.43270425307105,190
4272.4,5,1100.4776487865936,5.5,49.08004774505427,391.29111035331084,190
4272.5,5,1100.4776487865936,5.5,49.10551495936457,391.08708349949484,190
4272.6,5,1100.4776487865936,5.5,49.107118498220636,391.07441853098334,190
4272.7,5,1100.4776487865936,5.5,49.132340133583256,390.86957184213395,190
4272.8,5,1100.4776487865936,5.5,49.1376747367631,390.8261369706515,190
4272.9,5,1100.4776487865936,5.5,49.25780087252252,389.89889963010285,190
4273.0,5,1100.4776487865936,5.5,49.2640585384697,389.8471558636236,190
4273.1,5,1100.4776487865936,5.5,49.29700390096103,389.5817423712736,190
4273.2,5,1100.4776487865936,5.5,49.302584391508645,389.5359329242981,190
4273.3,5,1100.4776487865936,5.5,49.31385418097861,389.44511226270004,190
4273.4,5,1100.4776487865936,5.5,49.316414973583306,389.42361993413624,190
4273.5,7,1100.4776487865936,5.0,49.340203418559014,389.231998712801,190
4273.6,7,1100.4776487865936,5.6,49.342026466721364,389.2205550352026,190
4273.7,7,1100.4776487865936,5.6,49.35803165851476,389.09217833889033,190
4273.8,7,1100.4776487865936,5.6,49.3665067632921,389.02656308323134,190
4273.9,7,1100.4776487865936,5.6,49.38229407036226,388.8997541643739,190
4274.0,7,1100.4776487865936,5.6,49.20201006088385,390.2838084095148,190
4274.1,7,1100.4776487865936,5.6,49.21634150439435,390.1693310442739,190
4274.2,7,1100.4776487865936,5.6,49.23263503970266,390.0373224438158,190
4274.3,7,1100.4776487865936,5.6,49.226341547714235,390.08698633261724,190
4274.4,5,1100.4776487865936,5.6,49.28541969240747,389.6092958281212,190
4274.5,5,1100.4776487865936,5.0,49.290836337019904,389.5671475904069,190
4274.6,5,1100.4776487865936,5.0,49.30458557079938,389.45778615176573,190
4274.7,5,1100.4776487865936,5.0,49.31039202307907,389.41359823375103,190
4274.8,5,1100.4776487865936,5.0,49.310710740962655,389.41245957257695,190
4274.9,7,1100.4776487865936,5.0,49.325956949367004,389.2917681134194,190
4275.0,5,1100.4776487865936,5.6,49.17359945632445,390.5178496872459,190
4275.1,5,1100.4776487865936,5.0,49.17033215825483,390.54714491073133,190
4275.2,5,1100.4776487865936,5.0,49.17301808599207,390.52725643905336,190
4275.3,5,1100.2840704133548,5.0,49.18897924171488,390.40144370846576,190
4275.4,5,1100.2840704133548,5.5,49.20560031108744,390.2708048262566,190
4275.5,5,1100.2840704133548,5.5,49.19481211951174,390.36022503801735,190
4275.6,5,1100.2840704133548,5.5,49.21280144275897,390.21634486670814,190
4275.7,5,1100.2840704133548,5.5,49.32343177268582,389.3611196856733,190
4275.8,7,1100.2840704133548,5.0,49.322734622831305,389.36988893270245,190
4275.9,7,1100.2840704133548,6.3,49.3318322278207,389.3013277939773,190
4276.0,7,1100.2840704133548,6.3,49.15440457739528,390.6611594743438,190
4276.1,7,1100.2840704133548,6.3,49.15074061108458,390.69144889950485,190
4276.2,7,1100.2840704133548,6.3,49.151072830890016,390.69098863182944,190
4276.3,7,1100.2840704133548,6.3,49.15926840699312,390.625471504096,190
4276.4,7,1100.2840704133548,5.6,49.14447967027087,390.78525306930027,190
4276.5,7,1100.2840704133548,5.6,49.14923700071159,390.75043646034874,190
4276.6,7,1100.2840704133548,5.6,49.14599506787711,390.7769040303328,190
4276.7,7,1100.2840704133548,5.6,49.15805636948073,390.6795189501095,190
4276.8,7,1100.2840704133548,5.6,49.165906670462974,390.619202205076,190
4276.9,7,1100.2840704133548,5.6,49.1743979485249,390.550228993098,190
4277.0,7,1100.2840704133548,5.6,49.18450777251236,390.46943198747994,190
4277.1,7,1100.2840704133548,6.3,49.17865941892755,390.51935231683643,190
4277.2,7,1100.2840704133548,6.3,49.194250006342266,390.39736483594294,190
4277.3,7,1100.2840704133548,6.3,49.20610059038262,390.3036006230717,190
4277.4,7,1100.2840704133548,6.3,49.222609348652504,390.1734077477759,190
4277.5,7,1100.2840704133548,6.3,49.232183446690705,390.0969431989726,190
4277.6,7,1100.2840704133548,6.3,49.23937339045193,390.04351957937297,190
4277.7,7,1100.2840704133548,6.3,49.262421235209175,389.85946985583064,190
4277.8,7,1100.2840704133548,6.3,49.41163083977152,388.72499045128984,190
4277.9,7,1100.2840704133548,6.3,49.421468427765,388.64790351520594,190
4278.0,7,1100.2840704133548,6.3,49.42057229519668,388.6559451716231,190
4278.1,7,1100.2840704133548,6.3,49.42103486530404,388.6564766736026,190
4278.2,7,1100.2840704133548,6.3,49.41190598370278,388.7350072065052,190
4278.3,7,1100.2840704133548,6.3,49.426242857877554,388.6187590567512,190
4278.4,7,1100.2840704133548,6.3,49.44253654523759,388.4921293985449,190
4278.5,7,1100.2840704133548,6.3,49.46732156413367,388.2944031373451,190
4278.6,7,1100.2840704133548,6.3,49.46084943994974,388.34762221154114,190
4278.7,7,1100.2840704133548,6.3,49.482891029836885,388.17168132328766,190
4278.8,7,1100.2840704133548,7.0,49.477311696939346,388.2196734298061,190
4278.9,7,1100.2840704133548,7.0,49.48794088604816,388.14420612940705,190
4279.0,7,1100.2840704133548,7.0,49.483300690624986,388.1852627559882,190
4279.1,7,1100.2840704133548,7.0,49.47896532046112,388.22260691859935,190
4279.2,7,1100.2840704133548,7.0,49.487992357565034,388.15213378697433,190
4279.3,7,1100.2840704133548,7.0,49.50283972880659,388.0330415525759,190
4279.4,7,1100.2840704133548,6.3,49.36320157736841,389.0849270516212,190
4279.5,7,1100.2840704133548,6.3,49.363691757400446,389.0819682089502,190
4279.6,7,1100.2840704133548,6.3,49.5160463414493,387.9362074140855,190
4279.7,7,1100.2840704133548,6.3,49.52274231526758,387.88264430970395,190
4279.8,7,1100.2840704133548,6.3,49.53755389859662,387.76462676273206,190
4279.9,7,1100.2840704133548,6.3,49.54499197215145,387.7054327436932,190
4280.0,7,1100.2840704133548,6.3,49.567370270802634,387.52973541931436,190
4280.1,7,1100.2840704133548,6.3,49.57917820814135,387.438045843122,190
4280.2,7,1100.2840704133548,6.3,49.57482595147104,387.47702992383927,190
4280.3,7,1100.2840704133548,5.6,49.59135632503947,387.3460506758165,190
4280.4,7,1100.2840704133548,5.6,49.62435232600562,387.08525266490324,190
4280.5,7,1100.2840704133548,5.6,49.630264915284485,387.0430171885378,190
4280.6,7,1100.2840704133548,5.6,49.62695458737771,387.076073073698,190
4280.7,7,1100.2840704133548,5.6,49.65732996175844,386.8347329476154,190
4280.8,7,1100.2840704133548,5.6,49.67407157116007,386.7029194752464,190
4280.9,7,1100.2840704133548,6.3,49.68866384337764,386.5929206259988,190
4281.0,7,1100.2840704133548,6.3,49.703053563493555,386.47979308915467,190
4281.1,7,1100.2840704133548,6.3,49.72124908487881,386.3396006363697,190
4281.2,7,1100.2840704133548,6.3,49.599184925508524,387.3444102368653,190
4281.3,7,1100.2840704133548,6.3,49.63409071940198,387.0710914626651,190
4281.4,7,1100.2840704133548,6.3,49.66208321968311,386.8488310052633,190
4281.5,7,1100.2840704133548,6.3,49.683686127534784,386.6812536760241,190
4281.6,7,1100.2840704133548,6.3,49.694103768030864,386.610089459408,190
4281.7,7,1100.2840704133548,6.3,49.713743205626926,386.45581052681666,190
4281.8,7,1100.2840704133548,6.3,49.733825379307476,386.2981588029686,190
4281.9,7,1100.2840704133548,5.6,49.735503234406124,386.29346072163617,190
4282.0,7,1100.2840704133548,5.6,50.008567328348335,384.09225811482355,190
4282.1,7,1100.2840704133548,6.3,50.030685319729585,383.92133199034316,190
4282.2,7,1100.2840704133548,6.3,50.16551824426965,382.93349257463547,190
4282.3,7,1100.2840704133548,6.3,50.16048689568747,382.9816464868218,190
4282.4,7,1100.2840704133548,6.3,50.176537301482725,382.86127092234807,190
4282.5,7,1100.2840704133548,6.3,50.187104546357304,382.77995089642957,190
4282.6,7,1100.2840704133548,6.3,50.17634797943009,382.8706584212774,190
4282.7,7,1100.2840704133548,6.3,50.18947439620707,382.77196516966296,190
4282.8,7,1100.2840704133548,6.3,50.191779921912314,382.761672672426,190
4282.9,7,1100.2840704133548,6.3,50.02227805540474,384.1370519576722,190
4283.0,7,1100.2840704133548,6.3,50.02227217052284,384.1450708509908,190
4283.1,7,1100.2840704133548,6.3,50.0336511541462,384.0594809195404,190
4283.2,7,1100.2840704133548,6.3,50.05240459921456,383.9153402617758,190
4283.3,7,1100.2840704133548,5.6,50.054274352180975,383.90798093618645,190
4283.4,7,1100.2840704133548,5.6,50.054988405167876,383.90584984322743,190
4283.5,7,1100.2840704133548,5.6,50.23607944827822,382.4456769813633,190
4283.6,7,1100.2840704133548,5.6,50.238109675799905,382.43379829766997,190
4283.7,7,1100.2840704133548,5.6,50.22561598694939,382.53572707262794,190
4283.8,7,1100.2840704133548,5.6,50.23075989336279,382.49790076149895,190
4283.9,7,1100.2840704133548,5.6,50.22944918122995,382.513186289004,190
4284.0,7,1100.2840704133548,5.6,50.24662062549652,382.38285740186245,190
4284.1,7,1100.2840704133548,5.6,50.04118643128102,383.88293352088886,190
4284.2,7,1100.2840704133548,5.6,50.04385976143794,383.86681275992305,190
4284.3,7,1100.2840704133548,5.6,50.157197326014,382.96929697245713,190
4284.4,7,1100.2840704133548,6.3,50.16764365026664,382.8936987747228,190
4284.5,7,1100.2840704133548,6.3,50.17439506662947,382.8424071181463,190
4284.6,7,1100.2840704133548,6.3,50.247819947946866,382.32207415838513,190
4284.7,7,1100.2840704133548,6.3,50.26530477161759,382.19184774088217,190
4284.8,7,1100.2840704133548,6.3,50.262671983251124,382.2237576213668,190
4284.9,7,1100.2840704133548,6.3,50.3031754535253,381.85780246577235,190
4285.0,7,1100.2840704133548,6.3,50.30823379712538,381.82937982834875,190
4285.1,7,1100.2840704133548,6.3,50.31531751241745,381.77910140103415,190
4285.2,7,1100.2840704133548,6.3,50.317693104534655,381.76725606103975,190
4285.3,7,1100.2840704133548,6.3,50.06375202653987,383.64327952375413,190
4285.4,7,1100.2840704133548,6.3,50.07977588081242,383.52090721940783,190
4285.5,7,1100.2840704133548,6.3,50.08766998824041,383.4630960315002,190
4285.6,7,1100.2840704133548,6.3,50.0962939697212,383.4034650639875,190
4285.7,7,1100.2840704133548,6.3,50.10666152560722,383.33030295629345,190
4285.8,7,1100.2840704133548,6.3,50.13713796153783,383.0982004544609,190
4285.9,7,1100.2840704133548,6.3,50.14047059807573,383.0765948107928,190
4286.0,7,1100.2840704133548,6.3,50.14729219475847,383.02898397018316,190
4286.1,7,1100.2840704133548,6.3,50.14826340167764,383.0249819524155,190
4286.2,7,1100.2840704133548,6.3,50.15192464075581,382.99933300926205,190
4286.3,7,1100.2840704133548,6.3,50.16014204375821,382.94163103300707,190
4286.4,7,1100.2840704133548,6.3,50.154582511061705,382.9943568645579,190
4286.5,7,1100.2840704133548,6.3,50.16133400399025,382.9477111957434,190
4286.6,7,1100.2840704133548,6.3,50.17568825187475,382.83655907049763,190
4286.7,7,1100.2840704133548,6.3,50.1708634986197,382.8805439546691,190
4286.8,7,1100.2840704133548,6.3,50.17676620635267,382.8393673732847,190
4286.9,7,1100.2840704133548,6.3,50.251962261367936,382.24590327990154,190
4287.0,7,1100.2840704133548,6.3,50.25232735429019,382.2469526670867,190
4287.1,7,1100.2840704133548,6.3,50.33480189699589,381.6503849863051,190
4287.2,7,1100.2840704133548,6.3,50.339269700318674,381.6244732059598,190
4287.3,7,1100.2840704133548,7.0,50.34473899182119,381.5858731837055,190
4287.4,7,1100.2840704133548,7.0,50.34430082249128,381.5958808068784,190
4287.5,7,1100.2840704133548,7.0,50.35060484558694,381.54978295835804,190
4287.6,7,1100.2840704133548,7.0,50.36090021920446,381.4741568964537,190
4287.7,7,1100.2840704133548,7.0,50.353387537153864,381.5380363791108,190
4287.8,7,1100.2840704133548,7.0,50.12525080608744,383.2058264023153,190
4287.9,7,1100.2840704133548,7.0,50.12066698239098,383.2496743981932,190
4288.0,7,1100.2840704133548,7.0,50.15228603944993,383.03815552103276,190
4288.1,7,1100.2840704133548,6.3,50.16076770551499,382.9750502603275,190
4288.2,7,1100.2840704133548,6.3,50.1577097733394,383.0041747671243,190
4288.3,7,1100.2840704133548,6.3,50.15469320876346,383.0326219040286,190
4288.4,7,1100.2840704133548,6.3,50.157755011552354,383.0129482774603,190
4288.5,7,1100.2840704133548,6.3,50.14469363408404,383.12187800967604,190
4288.6,7,1100.2840704133548,6.3,50.1548297924393,383.0470780940963,190
4288.7,7,1100.2840704133548,6.3,50.15229046634724,383.07319777121734,190
4288.8,7,1100.2840704133548,6.3,50.15759812237465,383.0348821529723,190
4288.9,7,1100.2840704133548,6.3,50.17497400340547,382.9027785106134,190
4289.0,7,1100.2840704133548,6.3,50.17484136333108,382.90911293960073,190
4289.1,7,1100.2840704133548,6.3,50.25133982007862,382.30143516006956,190
4289.2,7,1100.2840704133548,6.3,50.256737026392614,382.261307305065,190
4289.3,7,1100.2840704133548,6.3,50.25979898577697,382.2428868951014,190
4289.4,7,1100.2840704133548,6.3,50.26590274526266,382.2038149407924,190
4289.5,7,1100.2840704133548,6.3,50.2504392290913,382.3328157517915,190
4289.6,7,1100.2840704133548,5.6,50.24973891740694,382.34464645125274,190
4289.7,7,1100.2840704133548,5.6,50.30816672807141,381.93097666307824,190
4289.8,7,1100.2840704133548,5.6,50.31341497373934,381.8951015905479,190
4289.9,7,1100.2840704133548,5.6,50.31842105851022,381.85784858836826,190
4290.0,7,1100.2840704133548,6.3,50.32078504038989,381.8445378038101,190
4290.1,7,1100.2840704133548,6.3,50.3194266135808,381.86378236714285,190
4290.2,7,1100.2840704133548,6.3,50.345834847159225,381.665594089577,190
4290.3,7,1100.2840704133548,6.3,50.34115895824564,381.7099241444457,190
4290.4,7,1100.2840704133548,6.3,50.35713793763888,381.58669195310154,190
4290.5,7,1100.2840704133548,6.3,50.36885668518008,381.5000172893399,190
4290.6,7,1100.2840704133548,6.3,50.3600255466431,381.5814304392893,190
4290.7,7,1100.2840704133548,6.3,50.36893125133634,381.52036999898723,190
4290.8,7,1100.2840704133548,6.3,50.3770593615787,381.4644511558307,190
4290.9,7,1100.2840704133548,6.3,50.39149142706593,381.35893809943394,190
4291.0,7,1100.2840704133548,6.3,50.40558705652858,381.2565486827016,190
4291.1,7,1100.2840704133548,6.3,50.40583137596447,381.2637112053633,190
4291.2,7,1100.2840704133548,6.3,50.41812455859889,381.1732202515337,190
4291.3,7,1100.2840704133548,6.3,50.426420380047006,381.11584016962433,190
4291.4,7,1100.2840704133548,6.3,50.438545314805296,381.0296579871008,190
4291.5,7,1100.2840704133548,6.3,50.5092015726126,380.47210357223963,190
4291.6,7,1100.2840704133548,5.6,50.50733615014149,380.5019008900066,190
4291.7,7,1100.2840704133548,5.6,50.51870832014177,380.42716077791596,190
4291.8,7,1100.2840704133548,5.6,50.541379256040706,380.25606128786876,190
4291.9,7,1100.2840704133548,5.6,50.550602340775995,380.19736408126823,190
4292.0,7,1100.2840704133548,5.6,50.55971837521437,380.1372531859407,190
4292.1,7,1100.2840704133548,5.6,50.57417992495586,380.0302055709597,190
4292.2,7,1100.2840704133548,5.6,50.588413528903445,379.92685958725417,190
4292.3,7,1100.2840704133548,5.6,50.6441803029521,379.5219617546459,190
4292.4,7,1100.2840704133548,5.6,50.653019123713676,379.46484832669205,190
4292.5,7,1100.2840704133548,5.6,50.673920360201606,379.31130759816983,190
4292.6,7,1100.6720565719393,5.6,50.66915441126068,379.3573457038012,191
4292.7,7,1100.6720565719393,-100.0,50.676664558183944,379.310536644976,191
4292.8,7,1100.6720565719393,5.6,50.69981635958608,379.1387237930342,191
4292.9,7,1100.6720565719393,5.6,50.71653601855647,379.02005624599633,191
4293.0,7,1100.6720565719393,5.6,50.74305521815651,378.8221849043049,191
4293.1,7,1100.6720565719393,5.6,50.753307829826994,378.74936662863934,191
4293.2,7,1100.6720565719393,5.6,50.770239231839994,378.6329779626327,191
4293.3,7,1100.6720565719393,5.6,50.791949774579656,378.4771897009805,191
4293.4,7,1100.6720565719393,5.6,50.81350138635301,378.32122591886935,191
4293.5,7,1100.6720565719393,5.6,50.8329889659428,378.18537290201107,191
4293.6,7,1100.6720565719393,5.6,50.8420678142691,378.134712113776,191
4293.7,7,1100.6720565719393,5.6,50.86424478652691,377.9800536973801,191
4293.8,7,1100.6720565719393,4.8999999999999995,50.89190338602597,377.77676513865123,191
4293.9,7,1100.6720565719393,4.8999999999999995,50.95495116948217,377.29379102694924,191
4294.0,7,1100.6720565719393,4.8999999999999995,50.97054966651696,377.18366898772774,191
4294.1,7,1100.6720565719393,4.8999999999999995,50.99441755831988,377.01549202525877,191
4294.2,7,1100.6720565719393,4.8999999999999995,51.01467185786078,376.86678034820244,191
4294.3,7,1100.6720565719393,4.8999999999999995,51.02741123206016,376.7824473313628,191
4294.4,7,1100.6720565719393,4.8999999999999995,51.03842465402874,376.7098619608769,191
4294.5,7,1100.6720565719393,4.8999999999999995,51.05960327096591,376.56668145183806,191
4294.6,7,1100.6720565719393,4.8999999999999995,51.085297109272226,376.37728196426133,191
4294.7,7,1100.6720565719393,4.8999999999999995,51.088411246567134,376.3605205146065,191
4294.8,9,1100.6720565719393,4.199999999999999,51.12624013411177,376.0997809327547,191
4294.9,7,1100.6720565719393,4.0,51.14192181737335,375.9939068140889,191
4295.0,7,1100.6720565719393,4.8999999999999995,51.16899110920589,375.7993692151565,191
4295.1,7,1100.6720565719393,4.8999999999999995,51.187932625792826,375.6653726813772,191
4295.2,7,1100.6720565719393,4.8999999999999995,51.20970613014357,375.50628523387854,191
4295.3,7,1100.6720565719393,4.8999999999999995,51.21736727604274,375.46381492585147,191
4295.4,7,1100.6720565719393,4.8999999999999995,51.2436604589895,375.2724538583991,191
4295.5,7,1100.6720565719393,4.8999999999999995,51.26122315689666,375.15462369289645,191
4295.6,7,1100.6720565719393,4.8999999999999995,51.27952653947278,375.0190427231956,191
4295.7,7,1100.6720565719393,4.8999999999999995,51.28655754017358,374.97373988000754,191
4295.8,7,1100.6720565719393,4.8999999999999995,51.29844132144248,374.8889849113527,191
4295.9,7,1100.6720565719393,4.8999999999999995,51.322433076530565,374.71739111678744,191
4296.0,7,1100.6720565719393,4.8999999999999995,51.33916132901723,374.600699802969,191
4296.1,7,1100.6720565719393,4.8999999999999995,51.36676598428423,374.39767185650305,191
4296.2,7,1100.6720565719393,4.8999999999999995,51.37327570377372,374.3636986921418,191
4296.3,7,1100.6720565719393,4.8999999999999995,51.41912471175277,374.0146456697389,191
4296.4,11,1100.6720565719393,4.199999999999999,51.28975993556705,375.0627281622491,191
4296.5,11,1100.6720565719393,4.5,51.3189597908826,374.8424726743548,191
4296.6,11,1100.6720565719393,4.5,51.33601444401481,374.72640580898013,191
4296.7,11,1100.6720565719393,4.5,51.35685897806675,374.572825005377,191
4296.8,11,1100.6720565719393,4.5,51.382775392321335,374.38498196473404,191
4296.9,11,1100.6720565719393,4.5,51.385766123805574,374.3752094610794,191
4297.0,11,1100.6720565719393,4.5,51.416180572413026,374.1486123517868,191
4297.1,11,1100.6720565719393,4.5,51.43357098064986,374.02638315399213,191
4297.2,11,1100.6720565719393,4.5,51.44559012485949,373.93984740115394,191
4297.3,11,1100.6720565719393,4.5,51.459762647850894,373.8366012593933,191
4297.4,11,1100.6720565719393,4.5,51.47058578194297,373.7630131022298,191
4297.5,11,1100.6720565719393,4.5,51.483283855703185,373.6716869806103,191
4297.6,7,1100.6720565719393,4.5,51.507487774575594,373.49558936601943,191
4297.7,7,1100.6720565719393,4.8999999999999995,51.52623792178761,373.35701031883724,191
4297.8,7,1100.6720565719393,4.8999999999999995,51.53852966970736,373.262192492703,191
4297.9,7,1100.6720565719393,4.8999999999999995,51.54740732531251,373.20358641904363,191
4298.0,7,1100.6720565719393,4.8999999999999995,51.56162445917545,373.10223710746953,191
4298.1,7,1100.6720565719393,4.8999999999999995,51.5864071694064,372.91780410599245,191
4298.2,7,1100.6720565719393,4.8999999999999995,51.6009145345661,372.81261604973054,191
4298.3,7,1100.6720565719393,4.8999999999999995,51.61946802850092,372.6741509570831,191
4298.4,9,1100.6720565719393,4.199999999999999,51.64207803585336,372.51419665835533,191
4298.5,9,1100.6720565719393,4.800000000000001,51.65435556645546,372.4296081715645,191
4298.6,9,1100.6720565719393,4.800000000000001,51.66698750398248,372.33681062210974,191
4298.7,7,1100.6720565719393,4.800000000000001,51.68313243115914,372.2175417032197,191
4298.8,7,1100.6720565719393,4.8999999999999995,51.702546458587605,372.0712036584871,191
4298.9,9,1100.6720565719393,4.8999999999999995,51.71460736416598,371.9887212328222,191
4299.0,9,1100.6720565719393,4.800000000000001,51.73418193724967,371.84644408769384,191
4299.1,9,1100.6720565719393,4.800000000000001,51.76146348340366,371.64912892635175,191
4299.2,9,1100.6720565719393,4.800000000000001,51.77800407121658,371.5232518924314,191
4299.3,7,1100.6720565719393,4.800000000000001,51.78877457664609,371.4454955212198,191
4299.4,7,1100.6720565719393,4.8999999999999995,51.80432675570209,371.33685583078386,191
4299.5,9,1100.6720565719393,4.199999999999999,51.8266321164091,371.1792520987982,191
4299.6,9,1100.6720565719393,5.6000000000000005,51.86287325929558,370.9126531911676,191
4299.7,9,1100.6720565719393,5.6000000000000005,51.881825801696884,370.77277645400704,191
4299.8,9,1100.6720565719393,5.6000000000000005,51.88169014392423,370.7745669820115,191
4299.9,9,1100.6720565719393,5.6000000000000005,51.902764286519755,370.62423306030337,191
4300.0,9,1100.6720565719393,5.6000000000000005,51.92375192602513,370.47103964517095,191
4300.1,9,1100.6720565719393,5.6000000000000005,51.9377095838511,370.37545190089764,191
4300.2,9,1100.6720565719393,5.6000000000000005,51.954594399380994,370.25753835034413,191
4300.3,9,1100.6720565719393,5.6000000000000005,51.97316794741016,370.1206990798239,191
4300.4,9,1100.6720565719393,5.6000000000000005,51.98964832677638,369.9989999917599,191
4300.5,9,1100.6720565719393,5.6000000000000005,52.00297221365042,369.90329421610727,191
4300.6,9,1100.6720565719393,5.6000000000000005,52.02083095382706,369.77243742209623,191
4300.7,9,1100.6720565719393,5.6000000000000005,52.04225660243874,369.6116861061887,191
4300.8,9,1100.6720565719393,5.6000000000000005,52.05429065855803,369.5307227126535,191
4300.9,9,1100.6720565719393,5.6000000000000005,52.070219075054965,369.4179974917872,191
4301.0,9,1100.6720565719393,5.6000000000000005,52.08003822266524,369.3498565545924,191
4301.1,9,1100.6720565719393,5.6000000000000005,52.092446244723,369.2616288678537,191
4301.2,9,1100.6720565719393,5.6000000000000005,52.110980418166506,369.1249815489352,191
4301.3,9,1100.6720565719393,5.6000000000000005,52.11438215330317,369.10298080949815,191
4301.4,9,1100.6720565719393,5.6000000000000005,52.1319077248794,368.9761948560939,191
4301.5,9,1100.6720565719393,5.6000000000000005,52.144787770126456,368.8865384769452,191
4301.6,9,1100.6720565719393,5.6000000000000005,52.157568257866366,368.79986077322826,191
4301.7,9,1100.6720565719393,5.6000000000000005,52.189882596987005,368.56089816119356,191
4301.8,9,1100.6720565719393,5.6000000000000005,52.19813885714516,368.50716248575753,191
4301.9,9,1100.6720565719393,5.6000000000000005,52.21723974363789,368.3721185582947,191
4302.0,9,1100.6720565719393,5.6000000000000005,52.23613007723991,368.2332849637106,191
4302.1,9,1100.6720565719393,6.4,52.25149523232216,368.12498571164974,191
4302.2,9,1100.6720565719393,6.4,52.2643883840893,368.03520570624534,191
4302.3,9,1100.6720565719393,6.4,52.28498715111031,367.8821971211703,191
4302.4,9,1100.6720565719393,6.4,52.30716043566261,367.7272709215989,191
4302.5,9,1100.6720565719393,6.4,52.31484787734306,367.68056799077243,191
4302.6,9,1100.6720565719393,6.4,52.33378910633331,367.5455569891792,191
4302.7,9,1100.6720565719393,6.4,52.3471143984773,367.4511877984717,191
4302.8,9,1100.6720565719393,5.6000000000000005,52.355170191633455,367.39935721549284,191
4302.9,9,1100.6720565719393,5.6000000000000005,52.38374032425857,367.19211770545866,191
4303.0,9,1100.6720565719393,5.6000000000000005,52.40587810881085,367.0378627789616,191
4303.1,9,1100.6720565719393,5.6000000000000005,52.41878222640629,366.94429231308743,191
4303.2,9,1100.6720565719393,5.6000000000000005,52.4323045259881,366.8512293363493,191
4303.3,9,1100.6720565719393,5.6000000000000005,52.44738968350629,366.74619346565703,191
4303.4,9,1100.6720565719393,5.6000000000000005,52.47393589672605,366.5631974878776,191
4303.5,9,1100.6720565719393,5.6000000000000005,52.487591254548924,366.47123007686264,191
4303.6,9,1100.6720565719393,5.6000000000000005,52.49853252259598,366.39616153491886,191
4303.7,9,1100.6720565719393,5.6000000000000005,52.513588491210356,366.2908871638447,191
4303.8,9,1100.6720565719393,5.6000000000000005,52.535768609098,366.1377005092875,191
4303.9,7,1100.6293658009588,4.800000000000001,52.55207327301392,366.01982159337115,191
4304.0,7,1100.6293658009588,4.8999999999999995,52.577474999031054,365.83966420509114,191
4304.1,7,1100.6293658009588,4.8999999999999995,52.58525755505883,365.78702618137856,191
4304.2,7,1100.6293658009588,4.8999999999999995,52.60110859315364,365.67305123787315,191
4304.3,7,1100.6293658009588,4.8999999999999995,52.6217556565219,365.53330985134727,191
4304.4,7,1100.6293658009588,4.8999999999999995,52.63792792125314,365.4213702912719,191
4304.5,7,1100.6293658009588,4.8999999999999995,52.66794568926858,365.2066875572847,191
4304.6,7,1100.6293658009588,4.8999999999999995,52.67606716702413,365.1536984218459,191
4304.7,7,1100.6293658009588,4.8999999999999995,52.70411641907715,364.95463999574156,191
4304.8,9,1100.6293658009588,4.199999999999999,52.72364105685371,364.81906146933056,191
4304.9,9,1100.6293658009588,5.6000000000000005,52.740500578790275,364.6988265438114,191
4305.0,9,1100.6293658009588,5.6000000000000005,52.754562211665345,364.6063688675379,191
4305.1,9,1100.6293658009588,5.6000000000000005,52.78166157570627,364.4143233921094,191
4305.2,9,1101.0161392486873,5.6000000000000005,52.79895252964977,364.2926276844059,192
4305.3,9,1101.0161392486873,-100.0,52.81755685654856,364.1654361005688,192
4305.4,9,1101.0161392486873,5.6000000000000005,52.8328189689782,364.0572206298551,192
4305.5,9,1101.0161392486873,5.6000000000000005,52.91088271553531,363.5602712357584,192
4305.6,9,1101.0161392486873,5.6000000000000005,52.926776919400325,363.4543191043062,192
4305.7,9,1101.0161392486873,5.6000000000000005,52.94097600770962,363.36087526811883,192
4305.8,9,1101.0161392486873,5.6000000000000005,52.95506851563857,363.2675707762967,192
4305.9,9,1101.0161392486873,5.6000000000000005,52.96734859924453,363.1886854169503,192
4306.0,9,1101.0161392486873,5.6000000000000005,52.990325999821536,363.031668452799,192
4306.1,9,1101.0161392486873,5.6000000000000005,52.997423429486815,362.9788705798677,192
4306.2,9,1101.0161392486873,5.6000000000000005,53.00347648182384,362.94066693434104,192
4306.3,9,1101.0161392486873,5.6000000000000005,53.01089767737544,362.89806775809586,192
4306.4,9,1101.0161392486873,5.6000000000000005,53.01390506431427,362.8811752655987,192
4306.5,9,1101.0161392486873,5.6000000000000005,53.02797286294797,362.7883377505758,192
4306.6,9,1101.0161392486873,4.800000000000001,53.036340620024426,362.73529179447064,192
4306.7,9,1101.0161392486873,4.800000000000001,53.040145797531395,362.7126854669531,192
4306.8,9,1101.0161392486873,5.6000000000000005,53.04339002756527,362.702654226695,192
4306.9,9,1101.0161392486873,5.6000000000000005,53.05822311457315,362.6003865275201,192
4307.0,9,1101.0161392486873,5.6000000000000005,53.061152404737804,362.5826077869598,192
4307.1,9,1101.0161392486873,5.6000000000000005,53.06365239466847,362.5697337937441,192
4307.2,9,1101.0161392486873,5.6000000000000005,53.078198783094464,362.467810455454,192
4307.3,9,1101.0161392486873,5.6000000000000005,53.09108266312603,362.38232022109116,192
4307.4,9,1101.0161392486873,5.6000000000000005,53.10315520805575,362.2990554599806,192
4307.5,9,1101.0161392486873,5.6000000000000005,53.123504681516664,362.1599231418679,192
4307.6,9,1101.0161392486873,4.800000000000001,53.13423178123823,362.0935659897233,192
4307.7,7,1100.9770406395467,4.800000000000001,53.144259733767285,362.03393334841087,192
4307.8,9,1100.9770406395467,4.199999999999999,53.157859799006744,361.9357220403699,192
4307.9,9,1100.9770406395467,4.800000000000001,53.136545627232614,362.0884624945242,192
4308.0,9,1100.9770406395467,4.800000000000001,53.054864883206605,362.6909129926262,192
4308.1,9,1100.9770406395467,4.800000000000001,53.05328773765616,362.69399019879165,192
4308.2,9,1100.9770406395467,5.6000000000000005,53.13483601389444,362.1919717446,192
4308.3,9,1100.9770406395467,5.6000000000000005,53.124815887183814,362.25738649524726,192
4308.4,9,1100.9770406395467,5.6000000000000005,53.13085294396021,362.2049683525656,192
4308.5,9,1100.9770406395467,5.6000000000000005,53.134732655176535,362.1713457361377,192
4308.6,9,1100.9770406395467,5.6000000000000005,53.148075523655834,362.0729076907761,192
4308.7,9,1100.9770406395467,5.6000000000000005,53.15647742353832,362.0098646026804,192
4308.8,9,1100.9770406395467,5.6000000000000005,53.17211919194767,361.89816571538864,192
4308.9,9,1100.9770406395467,5.6000000000000005,53.17787522433355,361.84928658227216,192
4309.0,9,1100.9770406395467,5.6000000000000005,53.17096371929385,361.89406327353964,192
4309.1,9,1100.9770406395467,4.800000000000001,53.18356325331668,361.8013678512518,192
4309.2,9,1100.9770406395467,4.800000000000001,53.18787788167748,361.77327017281885,192
4309.3,9,1100.9770406395467,4.800000000000001,53.20265901004939,361.66555345035647,192
4309.4,9,1100.9770406395467,4.800000000000001,53.20623545343824,361.64193117080333,192
4309.5,9,1100.9770406395467,4.800000000000001,53.21090055719499,361.61045978271346,192
4309.6,9,1100.9770406395467,4.800000000000001,53.220124275072706,361.5395443033366,192
4309.7,9,1100.9770406395467,4.800000000000001,53.229473851106206,361.4751888956216,192
4309.8,9,1100.9770406395467,4.800000000000001,53.229987157916504,361.4700662893031,192
4309.9,9,1100.9770406395467,4.800000000000001,53.233254005175,361.4500819538521,192
4310.0,9,1100.9770406395467,4.800000000000001,53.244853829581935,361.3646708977326,192
4310.1,9,1100.9770406395467,4.800000000000001,53.33829110066138,360.7751594224679,192
4310.2,9,1100.9770406395467,4.800000000000001,53.29823554189255,361.0144021301819,192
4310.3,9,1100.9770406395467,4.800000000000001,53.31651903381329,360.8839242391739,192
4310.4,9,1100.9770406395467,4.800000000000001,53.31710855903374,360.8841031855592,192
4310.5,9,1100.9770406395467,4.800000000000001,53.32681388943293,360.8117786663921,192
4310.6,9,1100.9770406395467,4.800000000000001,53.33463610466728,360.75640805487683,192
4310.7,9,1100.9770406395467,4.800000000000001,53.3578221831944,360.5918975777543,192
4310.8,9,1100.9770406395467,4.800000000000001,53.36709136509258,360.5242076957028,192
4310.9,9,1100.9770406395467,4.800000000000001,53.37798041577804,360.4388847335331,192
4311.0,9,1100.9770406395467,4.800000000000001,53.38629815683397,360.38013651258495,192
4311.1,9,1100.9770406395467,4.800000000000001,53.39841114242789,360.2948343464202,192
4311.2,9,1100.9770406395467,4.800000000000001,53.420749337232806,360.1374176571734,192
4311.3,9,1100.9770406395467,4.800000000000001,53.43200471690528,360.0566136684314,192
4311.4,9,1100.9770406395467,4.800000000000001,53.449199294288874,359.939055701597,192
4311.5,11,1100.9770406395467,4.0,53.462431696841065,359.8430604209374,192
4311.6,9,1100.9770406395467,5.4,53.47612094523532,359.7517184089036,192
4311.7,9,1100.9770406395467,4.800000000000001,53.497717219900544,359.5983338735207,192
4311.8,9,1100.9770406395467,4.800000000000001,53.51554655662676,359.4654091563243,192
4311.9,9,1100.9770406395467,4.800000000000001,53.524107064408874,359.40346906805166,192
4312.0,9,1100.9770406395467,4.800000000000001,53.53763400144384,359.3143977561331,192
4312.1,9,1100.9770406395467,4.800000000000001,53.59936615365723,358.8028180138157,192
4312.2,9,1100.9770406395467,4.800000000000001,53.61264780867688,358.7056906211235,192
4312.3,9,1100.9770406395467,4.800000000000001,53.63351104389458,358.5590949028753,192
4312.4,9,1100.9770406395467,4.800000000000001,53.46645392996437,359.78207615765564,192
4312.5,9,1100.9770406395467,4.800000000000001,53.48991542366159,359.618266516196,192
4312.6,11,1100.9770406395467,4.0,53.38794413424043,360.25120050587344,192
4312.7,11,1100.9770406395467,6.3,53.396114627981305,360.1916909775424,192
4312.8,11,1100.9770406395467,6.3,53.427404761842055,360.00074613738366,192
4312.9,11,1100.9770406395467,6.3,53.44583522135351,359.87174716449135,192
4313.0,11,1100.9770406395467,6.3,53.45228223150436,359.83053450819705,192
4313.1,11,1100.9770406395467,6.3,53.469332244561606,359.7090683887544,192
4313.2,9,1100.9770406395467,5.4,53.47238810326903,359.6876482638308,192
4313.3,9,1100.9770406395467,4.800000000000001,53.47364586190713,359.6781167724548,192
4313.4,9,1100.9770406395467,4.800000000000001,53.47691039085038,359.6526434002327,192
4313.5,9,1100.9770406395467,4.800000000000001,53.495478123552736,359.5243303546474,192
4313.6,9,1100.9770406395467,4.800000000000001,53.49642712997072,359.52239445465193,192
4313.7,9,1100.9770406395467,4.800000000000001,53.41087817195646,360.041174001125,192
4313.8,9,1100.9770406395467,4.800000000000001,53.405490155062,360.0717015655228,192
4313.9,9,1100.9770406395467,4.800000000000001,53.41052126843701,360.0364664325464,192
4314.0,9,1100.9770406395467,4.800000000000001,53.406454023423336,360.0614508039805,192
4314.1,9,1100.9770406395467,4.800000000000001,53.41371785804286,360.0123703691595,192
4314.2,9,1100.9770406395467,4.800000000000001,53.416335062032566,359.99317372799294,192
4314.3,9,1100.9770406395467,4.800000000000001,53.423176359630446,359.94428660476615,192
4314.4,9,1100.9770406395467,4.800000000000001,53.42131426977692,359.95934874188913,192
4314.5,9,1100.9770406395467,5.6000000000000005,53.43238674922707,359.880791614134,192
4314.6,9,1100.9770406395467,5.6000000000000005,53.41547086858048,360.00501265490163,192
4314.7,9,1100.9770406395467,5.6000000000000005,53.4270439797451,359.9260106900116,192
4314.8,9,1100.9770406395467,5.6000000000000005,53.42249651069138,359.95992296761597,192
4314.9,9,1100.9770406395467,5.6000000000000005,53.244730900494304,361.27150607004444,192
4315.0,9,1100.9770406395467,5.6000000000000005,53.24314096003748,361.2889200451499,192
4315.1,9,1100.9770406395467,5.6000000000000005,53.22282690627644,361.4069343929356,192
4315.2,9,1100.9770406395467,5.6000000000000005,53.22978271443746,361.3741338083774,192
4315.3,9,1100.9770406395467,5.6000000000000005,53.23913050466293,361.30828172904455,192
4315.4,9,1100.9770406395467,5.6000000000000005,53.2377040274771,361.32991155642253,192
4315.5,9,1100.9770406395467,5.6000000000000005,53.14172067130494,361.9183993092293,192
4315.6,9,1100.9770406395467,4.800000000000001,53.13904877953712,361.94614724489304,192
4315.7,9,1100.9770406395467,4.800000000000001,53.155788004445235,361.8313545548622,192
4315.8,9,1100.9770406395467,4.800000000000001,53.161116073047104,361.800864428993,192
4315.9,9,1100.9770406395467,4.800000000000001,53.16122141093876,361.80380564118667,192
4316.0,9,1100.9770406395467,4.800000000000001,53.16288709002653,361.80054648036594,192
4316.1,9,1100.9770406395467,4.800000000000001,53.174269343971375,361.72587593346196,192
4316.2,9,1100.9770406395467,4.800000000000001,53.16370228808835,361.8110698385866,192
4316.3,9,1100.9770406395467,4.800000000000001,53.1666987127759,361.79621260506184,192
4316.4,9,1100.9770406395467,4.800000000000001,53.17692533620756,361.7264924304296,192
4316.5,9,1100.9770406395467,4.800000000000001,53.158873596661735,361.861475948638,192
4316.6,9,1100.9770406395467,4.800000000000001,53.16588336129959,361.82527556695067,192
4316.7,11,1100.9770406395467,4.800000000000001,53.037576330841176,362.79121247907614,192
4316.8,11,1100.9770406395467,5.4,53.039516648340296,362.78594579236085,192
4316.9,9,1100.9770406395467,4.5,53.04081102426079,362.7925015848855,192
4317.0,9,1100.9770406395467,5.6000000000000005,53.04907895834029,362.7426881649943,192
4317.1,9,1100.9770406395467,5.6000000000000005,53.05391967135796,362.71391315558833,192
4317.2,9,1100.9770406395467,5.6000000000000005,53.054231086733054,362.71620547150565,192
4317.3,9,1100.9770406395467,5.6000000000000005,53.061718780449375,362.6714638004298,192
4317.4,9,1100.9770406395467,5.6000000000000005,53.084653025528326,362.511650975743,192
4317.5,9,1100.9770406395467,5.6000000000000005,53.09527377833817,362.44455024331756,192
4317.6,9,1100.9770406395467,5.6000000000000005,53.11565831187699,362.30647663185533,192
4317.7,9,1100.9770406395467,5.6000000000000005,53.12592347636286,362.2418135321334,192
4317.8,9,1100.9770406395467,5.6000000000000005,53.14017879998316,362.1417138339232,192
4317.9,9,1100.9770406395467,5.6000000000000005,53.15384057106766,362.0462185314003,192
4318.0,9,1100.9770406395467,5.6000000000000005,53.15813688179466,362.0230899186071,192
4318.1,9,1100.9770406395467,5.6000000000000005,53.16837108795299,361.9542073322796,192
4318.2,9,1101.3643844272237,5.6000000000000005,53.17854869934824,361.8902422290803,193
4318.3,9,1101.3643844272237,-100.0,53.20553033305228,361.7062311620785,193
4318.4,9,1101.3643844272237,4.800000000000001,53.21648914659771,361.6365750837889,193
4318.5,9,1101.3643844272237,4.800000000000001,53.23130705273016,361.53610629510024,193
4318.6,7,1101.324136728712,4.800000000000001,53.239054790258905,361.4859020027226,193
4318.7,9,1101.324136728712,4.199999999999999,53.24747224339141,361.4309228790429,193
4318.8,9,1101.324136728712,4.800000000000001,53.25471024113371,361.38384365986917,193
4318.9,9,1101.324136728712,4.800000000000001,53.26086760762587,361.3469983674036,193
4319.0,9,1101.324136728712,4.800000000000001,53.275858352634906,361.2509252388175,193
4319.1,9,1101.324136728712,4.800000000000001,53.28864655595075,361.1654613908775,193
4319.2,9,1101.324136728712,4.800000000000001,53.284017343792286,361.20149569109975,193
4319.3,9,1101.324136728712,4.800000000000001,53.2645199843888,361.3536354444585,193
4319.4,9,1101.324136728712,4.800000000000001,53.26405724213913,361.35999157623655,193
4319.5,9,1101.324136728712,4.800000000000001,53.260415269868254,361.38873801664295,193
4319.6,9,1101.324136728712,4.800000000000001,53.26674906028625,361.3531553865365,193
4319.7,9,1101.324136728712,4.800000000000001,53.26714641569622,361.3600607344588,193
4319.8,9,1101.324136728712,4.800000000000001,53.3121252879688,360.9515101693156,193
4319.9,9,1101.324136728712,4.800000000000001,53.29970542220483,361.0404622793563,193
4320.0,9,1101.324136728712,4.800000000000001,53.28271733358906,361.1688111418754,193
4320.1,9,1101.324136728712,4.800000000000001,53.27810516259187,361.20564993509265,193
4320.2,9,1101.324136728712,4.800000000000001,53.2647739514001,361.3071170242663,193
4320.3,9,1101.324136728712,4.800000000000001,53.26966682891356,361.2765979522816,193
4320.4,9,1101.7098137210687,4.800000000000001,53.25735291959177,361.36973519601315,194
4320.5,7,1101.7359838817015,-100.0,53.26164683065247,361.3397179069101,194
4320.6,7,1101.7359838817015,4.199999999999999,53.25847715803191,361.3700979925801,194
4320.7,7,1101.7359838817015,4.199999999999999,53.261823192072555,361.3500700674259,194
4320.8,7,1101.7359838817015,4.199999999999999,53.26242364717518,361.3428582626756,194
4320.9,7,1101.692625882934,4.199999999999999,53.259326346335236,361.37822374067076,194
4321.0,7,1101.692625882934,4.8999999999999995,53.263086974246264,361.3456607682369,194
4321.1,7,1101.692625882934,4.8999999999999995,53.26320038764503,361.3442670842416,194
4321.2,7,1101.692625882934,4.8999999999999995,53.25162008975752,361.43514207923363,194
4321.3,7,1101.692625882934,4.8999999999999995,53.2565940511503,361.3915004383717,194
4321.4,7,1101.692625882934,4.8999999999999995,53.251860484678815,361.42706209429,194
4321.5,7,1101.692625882934,4.8999999999999995,53.25391753327183,361.4135435362172,194
4321.6,7,1101.692625882934,4.8999999999999995,53.24464800180482,361.47755183540664,194
4321.7,7,1101.692625882934,4.8999999999999995,53.2415771691701,361.4933370647892,194
4321.8,7,1101.692625882934,4.8999999999999995,53.24947743107009,361.44218290721676,194
4321.9,7,1101.692625882934,4.8999999999999995,53.24070464377006,361.5039276304953,194
4322.0,7,1101.692625882934,4.8999999999999995,53.243801414117335,361.47997056081164,194
4322.1,7,1101.692625882934,4.8999999999999995,53.25152077626671,361.4246404574452,194
4322.2,7,1101.692625882934,4.8999999999999995,53.242550674573025,361.48893373484736,194
4322.3,7,1101.692625882934,4.8999999999999995,53.23786318817152,361.5244599380029,194
4322.4,7,1101.692625882934,4.8999999999999995,53.24175060221832,361.490150127009,194
4322.5,7,1101.692625882934,4.8999999999999995,53.23314163671621,361.5448474721726,194
4322.6,7,1101.692625882934,4.8999999999999995,53.2115685448331,361.6956772920554,194
4322.7,7,1101.692625882934,4.8999999999999995,53.208944606459255,361.711401961583,194
4322.8,7,1102.0774314860003,4.8999999999999995,53.248766431738304,361.4743537364879,195
4322.9,7,1102.0774314860003,-100.0,53.24611225670259,361.4881812392579,195
4323.0,7,1102.0774314860003,4.8999999999999995,53.23707539503259,361.54570699445264,195
4323.1,7,1102.0774314860003,4.8999999999999995,53.23246908996768,361.56341092025116,195
4323.2,7,1102.0774314860003,4.8999999999999995,52.9826066925214,363.27305218459776,195
4323.3,7,1102.0774314860003,4.8999999999999995,52.98146938821578,363.2729335664028,195
4323.4,7,1102.0774314860003,4.8999999999999995,52.970483666951125,363.33856794912737,195
4323.5,7,1102.0774314860003,4.8999999999999995,52.95289161202729,363.4667471489299,195
4323.6,7,1102.0774314860003,4.199999999999999,52.943921156442755,363.518835653274,195
4323.7,7,1102.0774314860003,4.199999999999999,52.93594796339807,363.5673769466872,195
4323.8,7,1102.0774314860003,4.199999999999999,52.924840525212076,363.64129357878187,195
4323.9,7,1102.0774314860003,4.199999999999999,52.9284280064155,363.6027030230513,195
4324.0,7,1102.0774314860003,4.199999999999999,52.91803614289291,363.670699543415,195
4324.1,7,1102.0774314860003,4.199999999999999,52.91678651977432,363.6661402278511,195
4324.2,7,1102.0774314860003,4.199999999999999,52.90259264380906,363.7613660323017,195
4324.3,7,1102.0774314860003,4.199999999999999,52.89486321202275,363.8096487151681,195
4324.4,7,1102.0774314860003,4.199999999999999,52.885831562281254,363.8587492039877,195
4324.5,7,1102.0774314860003,4.199999999999999,52.87681455899534,363.9127972214088,195
4324.6,7,1102.0774314860003,4.199999999999999,52.87027682677289,363.95261128488477,195
4324.7,7,1102.0774314860003,4.199999999999999,52.855594702392416,364.0465103701543,195
4324.8,7,1102.0774314860003,4.199999999999999,52.84815133636435,364.08797528845946,195
4324.9,7,1102.0774314860003,4.199999999999999,52.83789144764954,364.153460898473,195
4325.0,7,1102.4618112361877,4.199999999999999,52.888937901514616,363.8199569342353,196
4325.1,7,1102.4618112361877,-100.0,52.876618152294114,363.89656404739094,196
4325.2,7,1102.4618112361877,4.199999999999999,52.85363848152696,364.05974454328316,196
4325.3,7,1102.4618112361877,4.199999999999999,52.851065140719186,364.0678317596577,196
4325.4,7,1102.4618112361877,4.199999999999999,52.84558529833107,364.09764585840014,196
4325.5,7,1102.4618112361877,4.199999999999999,52.83868561739858,364.13074197922316,196
4325.6,7,1102.4618112361877,4.199999999999999,52.83375265590689,364.1576147260937,196
4325.7,7,1102.4618112361877,4.199999999999999,52.834882097804496,364.1553162054296,196
4325.8,7,1102.4618112361877,4.199999999999999,52.814613771504206,364.2898169063511,196
4325.9,7,1102.4618112361877,4.199999999999999,52.8007443165036,364.37341234329006,196
4326.0,7,1102.4618112361877,4.199999999999999,52.856994862133526,363.9401651417983,196
4326.1,11,1102.4618112361877,4.199999999999999,52.84555323049781,364.01175572710156,196
4326.2,7,1102.4618112361877,4.5,52.839613759061535,364.0436143054653,196
4326.3,7,1102.4618112361877,4.199999999999999,52.8202812604477,364.17761561702446,196
4326.4,7,1102.4618112361877,4.199999999999999,52.80341159234936,364.2856833952578,196
4326.5,7,1102.4618112361877,4.199999999999999,52.75346970842827,364.6538285801953,196
4326.6,7,1102.4618112361877,4.199999999999999,52.745428467462716,364.70089277196007,196
4326.7,7,1102.4618112361877,4.199999999999999,52.734024908005225,364.78035667322695,196
4326.8,7,1102.4618112361877,4.199999999999999,52.71393534302034,364.91328473787087,196
4326.9,7,1102.4618112361877,4.199999999999999,52.70335894639894,364.9822563433106,196
4327.0,7,1102.4618112361877,4.199999999999999,52.696819741388595,365.0242733788477,196
4327.1,7,1102.4618112361877,4.199999999999999,52.6692581507708,365.2234745264585,196
4327.2,7,1102.4618112361877,4.199999999999999,52.664605642424576,365.2514571871609,196
4327.3,7,1102.4618112361877,4.199999999999999,52.65805970219378,365.29479156045625,196
4327.4,11,1102.4618112361877,4.199999999999999,52.63109547355811,365.4078866008593,196
4327.5,7,1102.556159435292,4.5,52.43910615918345,366.65523928815753,196
4327.6,7,1102.556159435292,4.8999999999999995,52.41671979075498,366.8185618959727,196
4327.7,11,1102.556159435292,4.8999999999999995,52.39912857133791,366.9426753053968,196
4327.8,11,1102.556159435292,5.4,52.37537540471863,367.11067310565306,196
4327.9,11,1102.556159435292,5.4,52.30437008282392,367.6428791248986,196
4328.0,11,1102.556159435292,5.4,52.29481313565092,367.7122659513094,196
4328.1,11,1102.556159435292,5.4,52.2809949294952,367.8116087043684,196
4328.2,11,1102.556159435292,5.4,52.30548779819324,367.6524934641062,196
4328.3,11,1102.556159435292,5.4,52.29447587221266,367.7327951082468,196
4328.4,11,1102.556159435292,5.4,52.30288788603906,367.66922190535547,196
4328.5,11,1102.556159435292,5.4,52.29534912102665,367.73015438936613,196
4328.6,11,1102.556159435292,5.4,52.305126402713455,367.65187953103015,196
4328.7,11,1102.556159435292,5.4,52.303018818715906,367.6713332625377,196
4328.8,11,1102.556159435292,5.4,52.31012966408616,367.62307299680486,196
4328.9,11,1102.556159435292,5.4,52.36792610516709,367.1885762276147,196
4329.0,11,1102.556159435292,5.4,52.363154025161705,367.2252686062958,196
4329.1,7,1102.556159435292,4.5,52.37637511393274,367.13373544441953,196
4329.2,7,1102.556159435292,4.199999999999999,52.37245032890468,367.16728146940267,196
4329.3,11,1102.556159435292,4.199999999999999,52.38237997545555,367.0941169459789,196
4329.4,11,1102.556159435292,4.5,52.28781693219484,367.72714984455394,196
4329.5,11,1102.556159435292,4.5,52.2864566829628,367.7460053915408,196
4329.6,11,1102.556159435292,4.5,52.29519440822418,367.68770112183256,196
4329.7,11,1102.556159435292,4.5,52.294223154018766,367.6971934806511,196
4329.8,11,1102.556159435292,4.5,52.29224704486961,367.72550999593795,196
4329.9,11,1102.556159435292,5.4,52.302898659504365,367.65572371717315,196
4330.0,11,1102.556159435292,5.4,52.30368456663606,367.6582830663094,196
4330.1,11,1102.556159435292,5.4,52.30341022305396,367.6674631214399,196
4330.2,11,1102.556159435292,5.4,52.31728039734768,367.57525900097824,196
4330.3,11,1102.556159435292,5.4,52.19824436546066,368.3609581537834,196
4330.4,11,1102.556159435292,5.4,52.1977058800566,368.36607691429487,196
4330.5,11,1102.556159435292,5.4,52.06104221242735,369.41430883599776,196
4330.6,11,1102.556159435292,5.4,52.05107093924807,369.4994104017867,196
4330.7,11,1102.556159435292,5.4,52.052832556196655,369.49555540272985,196
4330.8,11,1102.556159435292,5.4,52.04112453732399,369.58813149207833,196
4330.9,11,1102.556159435292,5.4,52.029566795594235,369.6829193039117,196
4331.0,11,1102.556159435292,5.4,52.005297654269825,369.87897080464154,196
4331.1,11,1102.556159435292,5.4,51.99869929436447,369.9333770061635,196
4331.2,11,1102.556159435292,5.4,51.99419475470339,369.97667510967335,196
4331.3,11,1102.556159435292,4.5,51.994788261468045,369.9744483719047,196
4331.4,11,1102.556159435292,4.5,52.03735619525446,369.64638060969173,196
4331.5,11,1102.556159435292,4.5,52.045440237644044,369.5932706373548,196
4331.6,11,1102.556159435292,4.5,52.05709800625097,369.51773736074904,196
4331.7,11,1102.556159435292,4.5,52.04046269450044,369.65270141160164,196
4331.8,11,1102.556159435292,4.5,52.03241944886359,369.72589984092224,196
4331.9,11,1102.556159435292,4.5,51.99674480628509,370.0052607684187,196
4332.0,11,1102.556159435292,4.5,52.008693646089704,369.9226780743893,196
4332.1,11,1102.556159435292,4.5,52.0080111795641,369.9448927546282,196
4332.2,7,1102.5256329044332,3.6,52.013262870682404,369.9104385457506,196
4332.3,7,1102.5256329044332,4.199999999999999,52.00032241245779,370.02233873484647,196
4332.4,7,1102.5256329044332,4.199999999999999,52.01430897083259,369.93230683692025,196
4332.5,7,1102.5256329044332,4.199999999999999,51.99302485712573,370.0965892856507,196
4332.6,8,1102.7157007062738,4.199999999999999,51.99293594106335,370.1053334292582,196
4332.7,8,1102.8009320864703,3.5,51.97734038724629,370.23734119216635,196
4332.8,8,1102.8430047279162,3.5,51.972219915976126,370.29069438227054,196
4332.9,8,1102.8430047279162,3.5,51.96888584600829,370.3224657297764,196
4333.0,7,1102.7998369694724,2.8,51.96477290479706,370.36843199349113,196
4333.1,7,1102.7998369694724,4.8999999999999995,51.82811064251032,371.28127176572565,196
4333.2,11,1102.7998369694724,4.8999999999999995,51.838794502298114,371.20798935877883,196
4333.3,7,1102.7998369694724,3.6,51.8312883100846,371.28063065914887,196
4333.4,7,1102.7998369694724,4.8999999999999995,51.8302038801275,371.3024033795843,196
4333.5,7,1102.7998369694724,4.8999999999999995,51.87741874948138,370.8641335603766,196
4333.6,11,1102.7998369694724,4.8999999999999995,51.82293657627793,371.31069165265933,196
4333.7,11,1103.1824489851604,3.6,51.82544312404326,371.3065350326682,197
4333.8,7,1103.1824489851604,-100.0,51.88481191540056,370.8530220032466,197
4333.9,7,1103.1824489851604,4.8999999999999995,51.87970176735325,370.9076877228323,197
4334.0,7,1103.1824489851604,4.8999999999999995,51.887323016128725,370.86121190262696,197
4334.1,7,1103.1824489851604,4.8999999999999995,51.88091252541028,370.9159333502481,197
4334.2,7,1103.1824489851604,4.8999999999999995,51.87739832423249,370.9565853084204,197
4334.3,7,1103.1824489851604,4.8999999999999995,51.86555226451922,371.05467407678805,197
4334.4,7,1103.1824489851604,4.8999999999999995,51.873127279052625,371.01385266350803,197
4334.5,7,1103.1824489851604,4.8999999999999995,51.75453067389177,371.9588365451447,197
4334.6,11,1103.1824489851604,4.199999999999999,51.75104565038781,371.99981679125017,197
4334.7,11,1103.1824489851604,3.6,51.75044986712847,372.01444954953547,197
4334.8,11,1103.1824489851604,3.6,51.724940342264006,372.23062990108747,197
4334.9,11,1103.1824489851604,3.6,51.715109872262516,372.3170162244668,197
4335.0,11,1103.1824489851604,3.6,51.698956396892974,372.4540040039591,197
4335.1,11,1103.1824489851604,3.6,51.696906345585724,372.4742863467649,197
4335.2,11,1103.1824489851604,3.6,51.68771465052351,372.55892823100066,197
4335.3,11,1103.1824489851604,3.6,51.66687639967287,372.7347927490078,197
4335.4,11,1103.1824489851604,3.6,51.65801316297541,372.81379581273774,197
4335.5,11,1103.1824489851604,3.6,51.6441618500302,372.93689933774203,197
4335.6,11,1103.1824489851604,4.5,51.6391924783388,372.99020242413064,197
4335.7,11,1103.1824489851604,4.5,51.62406204877938,373.1130866474032,197
4335.8,7,1103.1403597044505,3.6,51.618662334209866,373.1667116229544,197
4335.9,7,1103.1403597044505,4.8999999999999995,51.509638029492265,373.8844541928919,197
4336.0,11,1103.1403597044505,4.8999999999999995,51.50922893367019,373.9012877405678,197
4336.1,11,1103.522364904761,3.6,51.50717849841419,373.92236299437286,198
4336.2,7,1103.522364904761,-100.0,51.49539979001267,374.02510680745104,198
4336.3,7,1103.522364904761,4.8999999999999995,51.49234955929677,374.0469738282813,198
4336.4,7,1103.522364904761,4.8999999999999995,51.47560973117861,374.1812918401813,198
4336.5,7,1103.522364904761,4.8999999999999995,51.474462759474264,374.2065618817272,198
4336.6,7,1103.522364904761,4.8999999999999995,51.48053439559932,374.15933658834194,198
4336.7,11,1103.522364904761,4.199999999999999,51.46108681853188,374.32379878930453,198
4336.8,11,1103.522364904761,3.6,51.510927022200164,374.00647216436886,198
4336.9,6,1102.6458580261408,2.7,51.51038157088751,374.03444535774406,198
4337.0,7,1102.6458580261408,3.5,51.51398480007474,374.0222553667006,198
4337.1,7,1102.6458580261408,4.199999999999999,51.495374860657016,374.178056090063,198
4337.2,7,1102.6458580261408,4.199999999999999,51.487809622361326,374.248478333442,198
4337.3,7,1102.6458580261408,4.199999999999999,51.343957573814116,375.4409275170681,198
4337.4,7,1102.6458580261408,4.199999999999999,51.32078673155249,375.6501082754918,198
4337.5,7,1102.6458580261408,4.199999999999999,51.31700877052995,375.68978847281164,198
4337.6,7,1102.6458580261408,4.199999999999999,51.32155917741322,375.6725545326366,198
4337.7,7,1102.6458580261408,4.199999999999999,51.30931905548367,375.80107433347587,198
4337.8,7,1102.6458580261408,4.199999999999999,51.297876184053315,375.90388479619446,198
4337.9,7,1102.6458580261408,4.199999999999999,51.27746228007199,376.07633803381947,198
4338.0,7,1102.6458580261408,4.199999999999999,51.168843365173416,376.80074239880867,198
4338.1,6,1102.6458580261408,3.5,51.15252009373422,376.9459607933847,198
4338.2,7,1102.603275148345,3.5,51.13405299928808,377.1088489778608,198
4338.3,7,1102.984430099872,4.199999999999999,51.141052800707776,377.07637952968025,199
4338.4,7,1102.984430099872,-100.0,51.12832151503403,377.18943602972644,199
4338.5,7,1102.984430099872,4.199999999999999,51.18264705152012,376.58996117888745,199
4338.6,7,1102.984430099872,4.199999999999999,51.16627808337479,376.7422300405955,199
4338.7,7,1102.984430099872,4.199999999999999,51.16148251673728,376.79590904895775,199
4338.8,7,1102.984430099872,4.199999999999999,51.1507299439393,376.89533081786556,199
4338.9,7,1102.984430099872,4.199999999999999,51.13527295622059,377.0343551352695,199
4339.0,7,1102.984430099872,4.199999999999999,51.26598369125362,375.9632287476301,199
4339.1,7,1102.984430099872,4.199999999999999,51.25361633677139,376.0741295787799,199
4339.2,7,1102.984430099872,4.199999999999999,51.24741895679018,376.1380745152213,199
4339.3,7,1102.984430099872,4.199999999999999,51.23803819578066,376.2321390096104,199
4339.4,7,1102.984430099872,4.199999999999999,51.25285944156958,376.13358490491805,199
4339.5,7,1102.984430099872,4.199999999999999,51.25432891952405,376.14203063736306,199
4339.6,7,1102.984430099872,4.199999999999999,51.27223324621474,376.0183324141036,199
4339.7,7,1102.984430099872,4.199999999999999,51.281002782449434,375.9752761868601,199
4339.8,7,1102.984430099872,4.199999999999999,51.289492311911516,375.92024859275045,199
4339.9,7,1102.984430099872,4.199999999999999,51.287708013580115,375.97045208878836,199
4340.0,6,1102.7967160416458,3.5,51.300572814401264,375.89264232851616,199
4340.1,6,1102.7967160416458,3.5,51.31357163252503,375.8081539449495,199
4340.2,6,1102.7967160416458,3.5,51.323249776522545,375.7595800058191,199
4340.3,6,1102.7967160416458,3.5,51.33722598767329,375.6654755778675,199
4340.4,6,1102.7967160416458,3.5,51.34377950616648,375.6362898056783,199
4340.5,7,1102.7541911793865,3.5,51.35019422861274,375.60338234520066,199
4340.6,7,1103.134878780822,4.199999999999999,51.363465382321344,375.52319586732943,200
4340.7,7,1103.134878780822,-100.0,51.3878079795449,375.3522192908932,200
4340.8,7,1103.134878780822,4.199999999999999,51.251132080654685,376.5321282068335,200
4340.9,7,1103.134878780822,4.199999999999999,51.25129734672254,376.5561806473404,200
4341.0,7,1103.134878780822,4.199999999999999,51.255297008497266,376.542938767532,200
4341.1,7,1103.134878780822,4.199999999999999,51.276751346863925,376.39860055696715,200
4341.2,7,1103.134878780822,4.199999999999999,51.289653408348414,376.3324464209418,200
4341.3,9,1103.134878780822,3.5,51.30170119570292,376.2670564232908,200
4341.4,9,1103.134878780822,4.800000000000001,51.31188005885897,376.21715236215596,200
4341.5,9,1103.134878780822,4.800000000000001,51.45311175108242,375.0508161587751,200
4341.6,9,1103.134878780822,4.800000000000001,51.316939500006356,375.93378203136024,200
4341.7,9,1103.134878780822,4.800000000000001,51.33239520009195,375.8382335335169,200
4341.8,9,1103.134878780822,4.800000000000001,51.33409176593455,375.84903189531934,200
4341.9,9,1103.134878780822,4.800000000000001,51.33910982713307,375.8379209914559,200
4342.0,9,1103.134878780822,4.800000000000001,51.348780191508915,375.79458746424143,200
4342.1,9,1103.134878780822,4.800000000000001,51.34656869700905,375.8427834598957,200
4342.2,6,1102.9441198827708,4.800000000000001,51.348518666885816,375.8477868806409,200
4342.3,6,1102.9441198827708,4.0,51.36457720887491,375.7486382655111,200
4342.4,6,1102.9441198827708,4.0,51.37143297583196,375.7138053897874,200
4342.5,6,1102.9441198827708,4.0,51.25506994523229,376.4441902239966,200
4342.6,9,1102.9441198827708,3.5,51.259226153681304,376.44623979198764,200
4342.7,9,1102.9441198827708,4.800000000000001,51.288825501634236,376.2363111232428,200
4342.8,9,1102.9441198827708,4.800000000000001,51.2990260215103,376.17752639235607,200
4342.9,9,1102.9441198827708,4.800000000000001,51.314665964045,376.06984530476666,200
4343.0,9,1102.9441198827708,4.800000000000001,51.31769072092294,376.07154727983715,200
4343.1,9,1102.9441198827708,4.800000000000001,51.343670183361866,375.8949784268716,200
4343.2,9,1103.3248763380075,4.800000000000001,51.351875971338096,375.84985505789297,201
4343.3,9,1103.3248763380075,-100.0,51.36404301280521,375.76730707334593,201
4343.4,9,1103.3248763380075,4.800000000000001,51.36909101918833,375.7422120790508,201
4343.5,9,1103.3248763380075,4.800000000000001,51.39034427014012,375.5968538876796,201
4343.6,9,1103.3248763380075,4.800000000000001,51.40192986155056,375.52937268150663,201
4343.7,9,1103.3248763380075,4.800000000000001,51.42562718485105,375.3649228517159,201
4343.8,9,1103.3248763380075,4.800000000000001,51.44091673678649,375.25675917432596,201
4343.9,9,1103.3248763380075,4.800000000000001,51.457290583403704,375.1474102452252,201
4344.0,9,1103.3248763380075,4.800000000000001,51.75337644543444,373.02140004277146,201
4344.1,9,1103.3248763380075,4.800000000000001,51.75695857216229,373.03418843187626,201
4344.2,9,1103.3248763380075,4.800000000000001,51.76404504340797,372.994217758343,201
4344.3,9,1103.3248763380075,4.800000000000001,51.772986665562456,372.9582252490343,201
4344.4,9,1103.3248763380075,4.800000000000001,51.62841661696865,373.854329798864,201
4344.5,9,1103.3248763380075,4.800000000000001,51.631978962617595,373.8460216422932,201
4344.6,9,1103.3248763380075,4.800000000000001,51.62766684593463,373.91058607194907,201
4344.7,6,1103.3248763380075,4.800000000000001,51.63511209306115,373.8838608275956,201
4344.8,6,1103.3248763380075,3.5,51.6399250152049,373.86847259890203,201
4344.9,6,1103.133136648474,3.5,51.665137454473836,373.6896361605993,201
4345.0,6,1103.133136648474,4.0,51.67050009179296,373.67614817079226,201
4345.1,6,1103.133136648474,4.0,51.69244712970706,373.51353902694865,201
4345.2,10,1103.133136648474,4.0,51.770003892452465,372.7766844598728,201
4345.3,10,1103.133136648474,3.2,51.789648484919084,372.63845276498853,201
4345.4,10,1103.133136648474,3.2,51.80594569339599,372.521100373328,201
4345.5,7,1103.1141384981443,3.2,51.81435787526683,372.4707331014122,201
4345.6,10,1103.1141384981443,4.8999999999999995,51.96330573230476,371.54601702282844,201
4345.7,10,1103.1141384981443,3.2,51.979029152038976,371.44206341481026,201
4345.8,10,1103.1141384981443,3.2,51.98568999657549,371.3945440811217,201
4345.9,10,1103.1141384981443,3.2,52.00261296654263,371.27752104428106,201
4346.0,10,1103.1141384981443,3.2,52.0157525327592,371.18214062509276,201
4346.1,10,1103.1141384981443,3.2,52.03196864032981,371.08153072629625,201
4346.2,7,1103.0807191530375,3.2,52.046760932376884,370.9816069714066,201
4346.3,7,1103.0807191530375,4.8999999999999995,52.202493735970734,369.73263342112284,201
4346.4,7,1103.0807191530375,4.8999999999999995,52.22227227294546,369.5998341415351,201
4346.5,7,1103.0807191530375,4.8999999999999995,52.26224927991582,369.3096343489534,201
4346.6,7,1103.0807191530375,4.8999999999999995,52.291853547223894,369.0998396423864,201
4346.7,7,1103.0807191530375,4.8999999999999995,52.31784642302142,368.91730430409166,201
4346.8,7,1103.0807191530375,4.8999999999999995,52.34401186137012,368.7229451048125,201
4346.9,7,1103.0807191530375,4.8999999999999995,52.373233855077075,368.51574922200484,201
4347.0,7,1103.0807191530375,4.8999999999999995,52.40100602840592,368.30948907600407,201
4347.1,7,1103.0807191530375,4.8999999999999995,52.42004797187147,368.1756485489449,201
4347.2,7,1103.0807191530375,4.8999999999999995,52.460702099478155,367.8799030453707,201
4347.3,7,1103.0807191530375,4.8999999999999995,52.485996973799416,367.70453284732434,201
4347.4,7,1103.0374147120024,4.8999999999999995,52.51777378435444,367.4758201758916,201
4347.5,7,1103.0374147120024,5.6,52.54912170124825,367.2601289853592,201
4347.6,7,1103.0374147120024,5.6,52.438685997710735,367.91054196935477,201
4347.7,7,1103.0374147120024,5.6,52.45966892577644,367.7726585899827,201
4347.8,7,1103.0374147120024,5.6,52.469222460061445,367.73687738063677,201
4347.9,7,1103.0374147120024,5.6,52.60819296533856,366.881541674146,201
4348.0,7,1103.0374147120024,5.6,52.633522681156236,366.7174911744822,201
4348.1,7,1103.0374147120024,5.6,52.65679675964367,366.56269828046004,201
4348.2,7,1103.0374147120024,5.6,52.68139777708992,366.40969862034274,201
4348.3,7,1103.0374147120024,5.6,52.70702684324911,366.2409146174642,201
4348.4,7,1103.0374147120024,5.6,52.72706927905787,366.11247342549996,201
4348.5,7,1103.0374147120024,5.6,52.75579762064686,365.92920031298195,201
4348.6,7,1103.0374147120024,5.6,52.84975843338792,365.17677224345806,201
4348.7,7,1103.0374147120024,5.6,52.81473001058302,365.46232272604743,201
4348.8,7,1103.0374147120024,5.6,52.82127608693955,365.42417668445654,201
4348.9,7,1103.0374147120024,5.6,52.81573153388379,365.4719624417201,201
4349.0,7,1103.0374147120024,5.6,52.82396431018542,365.41442799595734,201
4349.1,7,1103.0374147120024,5.6,52.820904799915894,365.44548738489954,201
4349.2,7,1103.0374147120024,5.6,52.82146896656508,365.44555953922253,201
4349.3,7,1103.0374147120024,5.6,52.828124836827705,365.40661705662166,201
4349.4,7,1103.0374147120024,5.6,52.827484805376855,365.4064560295287,201
4349.5,7,1103.0374147120024,5.6,52.840836962249256,365.30495088003113,201
4349.6,7,1103.0374147120024,5.6,52.74436122877786,365.88740924350407,201
4349.7,7,1103.0374147120024,5.6,52.75565576405003,365.8001655627573,201
4349.8,7,1103.0374147120024,5.6,52.77303097687684,365.6882083648374,201
4349.9,7,1102.9940313002905,5.6,52.78426510349749,365.60763601170527,201
4350.0,7,1102.9940313002905,6.3,52.79326054972391,365.5440664864347,201
4350.1,7,1102.9940313002905,6.3,52.923170750432746,364.7514247252892,201
4350.2,7,1102.9940313002905,6.3,52.8499067885934,365.34146230279947,201
4350.3,7,1102.9940313002905,6.3,52.85834699642588,365.2800860906435,201
4350.4,7,1102.9940313002905,6.3,52.928870657143364,364.6331021600914,201
4350.5,7,1102.9940313002905,6.3,52.93256581025642,364.6087049061592,201
4350.6,7,1102.9940313002905,6.3,52.943763763540986,364.518979250249,201
4350.7,7,1102.9940313002905,6.3,53.01885967345166,364.0657555103945,201
4350.8,7,1102.9940313002905,6.3,53.097349572561214,363.4453056449669,201
4350.9,7,1102.9940313002905,6.3,53.10567448275323,363.3852030862894,201
4351.0,7,1102.9940313002905,5.6,53.11161573823108,363.3412492909316,201
4351.1,7,1102.9940313002905,5.6,53.12383764256727,363.2649107604247,201
4351.2,7,1102.9940313002905,5.6,53.13164958046278,363.21709459349734,201
4351.3,7,1102.9940313002905,5.6,53.14677481058088,363.1073372410979,201
4351.4,7,1102.9940313002905,5.6,53.14693588539339,363.1119645933953,201
4351.5,7,1102.9940313002905,5.6,53.10626104665468,363.4540916494742,201
4351.6,7,1102.9940313002905,5.6,53.10719428759717,363.4600599008439,201
4351.7,7,1102.9940313002905,5.6,53.13071892157838,363.2818866761338,201
4351.8,7,1102.9940313002905,5.6,53.13747253633316,363.23565943375536,201
4351.9,7,1102.9940313002905,5.6,53.16011067214846,363.06420072119784,201
4352.0,7,1102.9940313002905,5.6,53.173408391982065,362.9832662096766,201
4352.1,7,1102.9940313002905,5.6,53.20530742584492,362.74664105107274,201
4352.2,7,1102.9940313002905,5.6,53.22508187421343,362.6246738077504,201
4352.3,7,1102.9940313002905,5.6,53.263874085709645,362.3480118278891,201
4352.4,7,1102.950900845645,5.6,53.206965517550856,362.66635541687333,201
4352.5,7,1102.950900845645,5.6,53.25226090736936,362.3551523360328,201
4352.6,7,1102.950900845645,5.6,53.27775116746984,362.18108869081817,201
4352.7,7,1102.950900845645,5.6,53.31617327648147,361.9073875250832,201
4352.8,7,1102.950900845645,5.6,53.347881702714616,361.69087718245913,201
4352.9,7,1102.950900845645,5.6,53.45776882631016,360.99603463623595,201
4353.0,7,1102.950900845645,5.6,53.4787978247538,360.8578888248929,201
4353.1,7,1102.950900845645,5.6,53.53187492440824,360.47897722699554,201
4353.2,7,1102.950900845645,5.6,53.549379875443286,360.3828783987666,201
4353.3,7,1102.950900845645,5.6,53.50653551259683,360.5767757772405,201
4353.4,7,1102.950900845645,5.6,53.54336526088407,360.33042300969333,201
4353.5,7,1102.950900845645,5.6,53.59994805601691,359.9373213899219,201
4353.6,7,1102.950900845645,5.6,53.629785481705895,359.7367669421483,201
4353.7,7,1102.950900845645,4.8999999999999995,53.684623132952154,359.3479594242059,201
4353.8,7,1102.950900845645,4.8999999999999995,53.720148711856254,359.10932397716033,201
4353.9,7,1102.950900845645,4.8999999999999995,53.769715121997095,358.7625679156148,201
4354.0,7,1102.950900845645,4.8999999999999995,53.80339649209557,358.53308041167514,201
4354.1,7,1102.950900845645,4.8999999999999995,53.85147498668533,358.1956400254328,201
4354.2,7,1102.950900845645,4.8999999999999995,53.88986332823045,357.92705743800246,201
4354.3,7,1102.950900845645,4.8999999999999995,53.87164102680023,357.9740394089397,201
4354.4,7,1102.950900845645,4.8999999999999995,53.903569657363434,357.7604295681706,201
4354.5,7,1102.950900845645,4.8999999999999995,53.95496358748012,357.39857818746543,201
4354.6,7,1102.950900845645,4.8999999999999995,53.99206193325361,357.15403277034375,201
4354.7,7,1102.950900845645,4.8999999999999995,54.02632646825279,356.9201533407475,201
4354.8,7,1102.950900845645,4.8999999999999995,54.06806580218779,356.63112195006204,201
4354.9,7,1102.950900845645,4.8999999999999995,54.10660941339466,356.3732501881749,201
4355.0,7,1102.950900845645,4.8999999999999995,54.14087700934624,356.14330242780306,201
4355.1,7,1102.950900845645,4.8999999999999995,54.188821616612486,355.814757207328,201
4355.2,7,1102.950900845645,4.8999999999999995,54.220322232494695,355.6032105545021,201
4355.3,7,1102.950900845645,4.8999999999999995,54.228424452975126,355.5343929894709,201
4355.4,7,1102.950900845645,4.8999999999999995,54.25484640066715,355.3655479905343,201
4355.5,7,1102.950900845645,4.8999999999999995,54.315412443098715,354.95214281447784,201
4355.6,7,1102.950900845645,4.8999999999999995,54.33766971747892,354.8033290375387,201
4355.7,11,1102.950900845645,4.199999999999999,54.3828009975393,354.48956031523767,201
4355.8,11,1102.950900845645,4.5,54.44629635888992,354.0440605263392,201
4355.9,11,1102.950900845645,4.5,54.42913519347972,354.2028079882742,201
4356.0,11,1102.950900845645,4.5,54.32443516346781,354.7918884525177,201
4356.1,11,1102.950900845645,4.5,54.37307824100777,354.4515764153522,201
4356.2,11,1102.950900845645,4.5,54.384303631720925,354.38770493629374,201
4356.3,11,1102.950900845645,4.5,54.41412265781747,354.18469427814034,201
4356.4,7,1102.9083003523479,4.5,54.43903473083768,354.01494817188114,201
4356.5,7,1102.9083003523479,4.8999999999999995,54.44825299178354,353.96306550206856,201
4356.6,7,1102.9083003523479,4.8999999999999995,54.467438716363965,353.84585219452373,201
4356.7,7,1102.9083003523479,4.8999999999999995,54.49208394055667,353.6793449252234,201
4356.8,7,1102.9083003523479,4.8999999999999995,54.504533255327075,353.5978690763842,201
4356.9,7,1102.9083003523479,4.8999999999999995,54.52374729000774,353.47541879716886,201
4357.0,7,1102.9083003523479,4.8999999999999995,54.4710381516237,353.8750416275449,201
4357.1,7,1102.9083003523479,4.8999999999999995,54.49576150189624,353.70449973145327,201
4357.2,7,1102.9083003523479,4.8999999999999995,54.51681077927253,353.56494227315716,201
4357.3,7,1102.9083003523479,4.8999999999999995,54.53452223956005,353.4384900893845,201
4357.4,7,1102.9083003523479,4.8999999999999995,54.46932125641561,353.7974342676052,201
4357.5,7,1102.9083003523479,4.8999999999999995,54.48783388987083,353.6736943645998,201
4357.6,7,1102.9083003523479,4.199999999999999,54.50863921728198,353.5444069051889,201
4357.7,7,1102.9083003523479,4.199999999999999,54.54356535659906,353.3001072176466,201
4357.8,7,1102.9083003523479,4.199999999999999,54.555733906461526,353.23196398191726,201
4357.9,7,1102.9083003523479,4.199999999999999,54.59092939932734,352.9893295281144,201
4358.0,7,1102.9083003523479,4.199999999999999,54.58969265255064,353.00198428728504,201
4358.1,7,1102.9083003523479,4.199999999999999,54.61136971363449,352.848876444103,201
4358.2,7,1102.9083003523479,4.199999999999999,54.67405418540745,352.4797029311501,201
4358.3,7,1102.9083003523479,4.199999999999999,54.69894023209527,352.30734594667445,201
4358.4,7,1102.9083003523479,4.199999999999999,54.60278889646442,352.85457002782414,201
4358.5,7,1102.9083003523479,4.199999999999999,54.627318823937685,352.6799815330779,201
4358.6,7,1102.9083003523479,4.199999999999999,54.627390977512036,352.6898413217597,201
4358.7,8,1102.9083003523479,4.199999999999999,54.64748483002607,352.5451451245931,201
4358.8,8,1102.9083003523479,4.8999999999999995,54.64994122925488,352.5264464175778,201
4358.9,8,1102.9083003523479,4.8999999999999995,54.67056602118341,352.3744368719189,201
4359.0,7,1102.8663729751177,4.199999999999999,54.68079525745728,352.3085737098533,201
4359.1,7,1102.8663729751177,4.8999999999999995,54.69808567246179,352.18578514850606,201
4359.2,7,1102.8663729751177,4.8999999999999995,54.713960676425,352.08629033439365,201
4359.3,7,1102.8663729751177,4.8999999999999995,54.728168243033835,351.9871984481467,201
4359.4,7,1102.8663729751177,4.8999999999999995,54.72993887304325,351.9781651883712,201
4359.5,7,1102.8663729751177,4.8999999999999995,54.73861387874706,351.9183985086856,201
4359.6,7,1102.8663729751177,4.8999999999999995,54.753602060444194,351.8139813020609,201
4359.7,7,1102.8663729751177,4.8999999999999995,54.76227035577722,351.75252705456694,201
4359.8,7,1102.8663729751177,4.8999999999999995,54.59962492523128,352.9297842776127,201
4359.9,7,1102.8663729751177,4.8999999999999995,54.60639428849933,352.88635129494907,201
4360.0,7,1102.8663729751177,4.8999999999999995,54.609795214534955,352.85889706500996,201
4360.1,7,1102.8663729751177,4.8999999999999995,54.6161169360842,352.8101375062337,201
4360.2,7,1102.8663729751177,4.8999999999999995,54.62113041925795,352.7821891311137,201
4360.3,7,1102.8663729751177,4.8999999999999995,54.63368444142112,352.6906230682551,201
4360.4,9,1102.8663729751177,4.199999999999999,54.617053740828894,352.80980850450635,201
4360.5,9,1102.8663729751177,4.800000000000001,54.62306277674922,352.7703582459521,201
4360.6,9,1102.8663729751177,4.800000000000001,54.67120413773972,352.5200943585767,201
4360.7,9,1102.8663729751177,4.800000000000001,54.7978002233802,351.6107429961048,201
4360.8,9,1102.8663729751177,4.800000000000001,54.7783226327273,351.74622265309205,201
4360.9,8,1102.8663729751177,4.800000000000001,54.79319428309098,351.64715051794474,201
4361.0,8,1102.8663729751177,4.8999999999999995,54.793417252253015,351.6534138666412,201
4361.1,8,1102.8663729751177,4.8999999999999995,54.812595726425826,351.5296257199149,201
4361.2,8,1102.8663729751177,4.8999999999999995,54.744451291025314,351.92426750576305,201
4361.3,8,1102.8663729751177,4.8999999999999995,54.745169173769895,351.9217440153844,201
4361.4,8,1102.8663729751177,4.8999999999999995,54.74358719812939,351.93484400804624,201
4361.5,8,1102.8663729751177,4.8999999999999995,54.7552396865463,351.8572699547747,201
4361.6,8,1102.8663729751177,4.8999999999999995,54.759555117146206,351.8260971568992,201
4361.7,8,1102.8663729751177,4.8999999999999995,54.76619148774771,351.7796584134941,201
4361.8,8,1102.8663729751177,4.8999999999999995,54.7598422420285,351.8207186939521,201
4361.9,8,1102.8663729751177,4.8999999999999995,54.77298675982004,351.7301122491677,201
4362.0,8,1102.8663729751177,4.8999999999999995,54.774964514602495,351.7246102752758,201
4362.1,8,1102.8663729751177,5.6,54.78486685100869,351.6516065723275,201
4362.2,8,1102.8663729751177,5.6,54.78712636112136,351.6437881196696,201
4362.3,9,1102.8663729751177,5.6,54.79742031369548,351.57403003184703,201
4362.4,9,1102.8663729751177,5.6000000000000005,54.80249469664519,351.54535943116167,201
4362.5,9,1102.8663729751177,5.6000000000000005,54.813812465849644,351.4659900807062,201
4362.6,9,1102.8663729751177,5.6000000000000005,54.82093764824229,351.42448068778106,201
4362.7,9,1102.8663729751177,5.6000000000000005,54.82020759843569,351.4276169898586,201
4362.8,9,1102.8663729751177,5.6000000000000005,54.8246926532067,351.4032535111021,201
4362.9,9,1102.8663729751177,5.6000000000000005,54.8372994678939,351.3141050116708,201
4363.0,9,1102.8663729751177,5.6000000000000005,54.83873332863078,351.3113948010038,201
4363.1,9,1102.8663729751177,5.6000000000000005,54.864138725192916,351.1354118032219,201
4363.2,9,1102.8663729751177,5.6000000000000005,54.926059745172395,350.7954809993073,201
4363.3,9,1102.8663729751177,5.6000000000000005,54.94620920151269,350.6557263608504,201
4363.4,9,1102.8663729751177,5.6000000000000005,55.07185422673515,349.76374899899554,201
4363.5,9,1102.8663729751177,5.6000000000000005,55.08324764290704,349.6848937826769,201
4363.6,9,1102.8663729751177,5.6000000000000005,55.08353797135953,349.68772943786394,201
4363.7,9,1102.8663729751177,6.4,55.08175430894212,349.6951439240703,201
4363.8,9,1102.8663729751177,6.4,55.07341305530554,349.7535926492592,201
4363.9,9,1102.8663729751177,6.4,55.09286811724696,349.62183361176335,201
4364.0,9,1102.8663729751177,6.4,55.086312252920024,349.67101687444534,201
4364.1,9,1102.8663729751177,6.4,55.087610517174056,349.65681964267515,201
4364.2,9,1102.8663729751177,6.4,55.093286488465914,349.6173798880152,201
4364.3,9,1102.8663729751177,6.4,55.09359078449813,349.6173492509332,201
4364.4,9,1102.8663729751177,6.4,55.0915619957822,349.6338138863666,201
4364.5,9,1102.8663729751177,6.4,55.101996128561225,349.5607186904672,201
4364.6,9,1102.8663729751177,6.4,55.04374496810374,349.9788719420181,201
4364.7,9,1102.8663729751177,6.4,55.055674414517235,349.8964865169251,201
4364.8,9,1102.8663729751177,6.4,54.98836425436967,350.2987830751037,201
4364.9,9,1102.8663729751177,6.4,55.011446426110396,350.1288614376116,201
4365.0,9,1102.8663729751177,6.4,54.99098779782453,350.27763459855,201
4365.1,9,1102.8663729751177,5.6000000000000005,55.02105968673062,350.0731688791511,201
4365.2,9,1102.8663729751177,5.6000000000000005,55.02257573355958,350.05819298476695,201
4365.3,9,1102.8663729751177,5.6000000000000005,55.087756077242965,349.6945876114129,201
4365.4,9,1102.8663729751177,5.6000000000000005,55.089809179667384,349.6869667466117,201
4365.5,9,1102.8663729751177,5.6000000000000005,55.2156676243124,348.7997693655956,201
4365.6,9,1102.8663729751177,5.6000000000000005,55.21250612330615,348.8267904148564,201
4365.7,9,1102.8663729751177,5.6000000000000005,55.217215257819326,348.79470116721444,201
4365.8,9,1102.8663729751177,5.6000000000000005,55.21066324496944,348.8458545694469,201
4365.9,9,1102.8663729751177,5.6000000000000005,55.22957809458015,348.7217382710445,201
4366.0,9,1102.8663729751177,5.6000000000000005,55.229642566494334,348.7280505101742,201
4366.1,9,1102.8663729751177,5.6000000000000005,55.24127898974019,348.652733148787,201
4366.2,9,1102.8663729751177,5.6000000000000005,55.24039906448432,348.6689555456645,201
4366.3,9,1102.8663729751177,5.6000000000000005,55.26490105440723,348.5026331782895,201
4366.4,9,1102.8663729751177,4.800000000000001,55.27228042469012,348.4560572838976,201
4366.5,9,1102.8663729751177,4.800000000000001,55.26984730269764,348.4732047605813,201
4366.6,9,1102.8663729751177,4.800000000000001,55.287700836075075,348.3572227953347,201
4366.7,9,1102.8663729751177,4.800000000000001,55.297252387142976,348.2967656792,201
4366.8,9,1102.8663729751177,4.800000000000001,55.302920471525965,348.2702360447571,201
4366.9,9,1102.8663729751177,4.800000000000001,55.31469308716754,348.19326142347643,201
4367.0,9,1102.8663729751177,4.800000000000001,55.30667954017228,348.25650825177064,201
4367.1,9,1102.8663729751177,4.800000000000001,55.32067064315359,348.16043159093783,201
4367.2,9,1102.8663729751177,4.800000000000001,55.330931826907445,348.09438933223413,201
4367.3,9,1102.8663729751177,4.800000000000001,55.33735570329296,348.04638751698735,201
4367.4,7,1102.8405990524163,4.0,55.34014924518062,348.0322703930092,201
4367.5,7,1102.8405990524163,4.199999999999999,55.346935731270904,347.98026205772874,201
4367.6,7,1102.8405990524163,4.199999999999999,55.431785428140415,347.3812077800878,201
4367.7,7,1102.8405990524163,4.199999999999999,55.449470297824476,347.2630595645593,201
4367.8,7,1102.8405990524163,4.199999999999999,55.51137666634351,346.92376477093933,201
4367.9,7,1102.8405990524163,4.199999999999999,55.522249437696914,346.84239202661985,201
4368.0,7,1102.7973552952765,4.199999999999999,55.511591105852894,346.91207223326217,201
4368.1,7,1102.7973552952765,4.8999999999999995,55.51382562861929,346.9013520927092,201
4368.2,7,1102.7973552952765,4.8999999999999995,55.51550617754816,346.89337653325896,201
4368.3,7,1102.7973552952765,4.8999999999999995,55.51401637810624,346.9078039908446,201
4368.4,7,1102.7973552952765,4.8999999999999995,55.501769262321844,346.98831426430706,201
4368.5,7,1102.7973552952765,4.8999999999999995,55.49421366980657,347.0382000671838,201
4368.6,7,1102.7973552952765,4.8999999999999995,55.450790215981,347.1781339411785,201
4368.7,7,1102.7973552952765,4.8999999999999995,55.45351329963522,347.15753191612805,201
4368.8,7,1102.7973552952765,4.8999999999999995,55.44522133771066,347.2145235160081,201
4368.9,9,1102.7973552952765,4.199999999999999,55.435298276615164,347.2799517932771,201
4369.0,9,1102.7973552952765,4.800000000000001,55.437300744771726,347.25983829883165,201
4369.1,9,1102.7973552952765,4.800000000000001,55.425899372148635,347.33588675174474,201
4369.2,9,1102.7973552952765,4.800000000000001,55.42045662547898,347.36600935219883,201
4369.3,7,1102.7973552952765,4.0,55.36042214587019,347.777788092486,201
4369.4,7,1102.7973552952765,4.199999999999999,55.317091845895845,347.89688924106474,201
4369.5,7,1102.7973552952765,4.8999999999999995,55.313321769615186,347.92016674897934,201
4369.6,7,1102.7973552952765,4.8999999999999995,55.353326497534184,347.62747632291394,201
4369.7,7,1102.7973552952765,4.8999999999999995,55.330409612462255,347.7683458057071,201
4369.8,7,1102.7973552952765,4.8999999999999995,55.320069433717464,347.8286571894288,201
4369.9,7,1102.7973552952765,4.8999999999999995,55.30920345750013,347.890117603729,201
4370.0,7,1102.7973552952765,4.8999999999999995,55.28612364381845,348.03375866852946,201
4370.1,7,1102.7973552952765,4.8999999999999995,55.28030174562087,348.0578545546989,201
4370.2,7,1102.7973552952765,4.8999999999999995,55.17581941379758,348.67048173794365,201
4370.3,7,1102.7973552952765,4.8999999999999995,55.17696441695057,348.6527848314287,201
4370.4,7,1102.7973552952765,4.8999999999999995,55.16279284416122,348.7449026643865,201
4370.5,7,1102.7973552952765,4.8999999999999995,55.17687448606186,348.6450986397816,201
4370.6,7,1102.7973552952765,4.8999999999999995,55.16122798242333,348.72988620750994,201
4370.7,7,1102.7973552952765,4.8999999999999995,55.1129486506361,349.0412021292768,201
4370.8,7,1102.7973552952765,4.8999999999999995,55.121607047327835,348.9759858279992,201
4370.9,7,1102.7973552952765,4.8999999999999995,54.92022653805729,350.25404879676023,201
4371.0,9,1102.7973552952765,4.199999999999999,54.9146071527299,350.2957587826169,201
4371.1,9,1102.7973552952765,4.800000000000001,54.91650771578918,350.2825934109643,201
4371.2,9,1102.7973552952765,4.800000000000001,54.91497446583452,350.28775961073626,201
4371.3,11,1102.7973552952765,4.0,54.912970032847845,350.30555834959716,201
4371.4,11,1102.7973552952765,4.5,54.918036807984805,350.2726934176737,201
4371.5,7,1102.7973552952765,4.5,54.91894643836103,350.27455023470355,201
4371.6,10,1102.7973552952765,4.199999999999999,54.93081058061103,350.19852139665414,201
4371.7,10,1102.7973552952765,4.0,54.92982483887077,350.2139948961578,201
4371.8,10,1102.7973552952765,4.0,54.93448787612506,350.18451498445313,201
4371.9,10,1102.7973552952765,4.0,54.94051579044521,350.14555898836625,201
4372.0,7,1102.7973552952765,4.0,54.94502419875336,350.11706632198195,201
4372.1,7,1102.7973552952765,4.199999999999999,54.95405248045949,350.05752548915086,201
4372.2,7,1102.7973552952765,4.199999999999999,54.97140180439476,349.93777234998686,201
4372.3,11,1102.7973552952765,4.199999999999999,54.96555701490111,349.9766161382941,201
4372.4,11,1102.7973552952765,4.5,54.840274072736705,350.7058236689419,201
4372.5,11,1102.7973552952765,4.5,54.85690742017244,350.5889023652801,201
4372.6,11,1102.7973552952765,4.5,54.84155387362418,350.69413547409494,201
4372.7,7,1102.7552001279603,4.5,54.75469095644774,351.2915569493455,201
4372.8,7,1102.7552001279603,4.8999999999999995,54.76288645207141,351.23462957790036,201
4372.9,7,1102.7552001279603,4.8999999999999995,54.76889261735353,351.1909474534843,201
4373.0,7,1102.7552001279603,4.8999999999999995,54.783221061841346,351.09348429857107,201
4373.1,7,1102.7552001279603,4.8999999999999995,54.778239778767,351.1166844004175,201
4373.2,7,1102.7552001279603,4.8999999999999995,54.696749257740116,351.5792688794997,201
4373.3,7,1102.7552001279603,4.8999999999999995,54.695762484731375,351.58937102718954,201
4373.4,7,1102.7552001279603,4.8999999999999995,54.70777821220307,351.50815870717304,201
4373.5,7,1102.7552001279603,4.8999999999999995,54.72196394078982,351.41233364473726,201
4373.6,7,1102.7552001279603,4.8999999999999995,54.72667788855045,351.3803392129371,201
4373.7,7,1102.7552001279603,4.8999999999999995,54.733831035350484,351.33310191983605,201
4373.8,11,1102.7552001279603,4.8999999999999995,54.73952687219783,351.1720289827066,201
4373.9,7,1102.7552001279603,5.4,54.608300668708935,352.0831747108314,201
4374.0,7,1102.7552001279603,5.6,54.61463585951719,352.0367568159018,201
4374.1,7,1102.7552001279603,5.6,54.59064303372061,352.19777054881985,201
4374.2,7,1102.7552001279603,5.6,54.59148196066665,352.19608596764033,201
4374.3,7,1102.7552001279603,5.6,54.61192780002517,352.0577351717311,201
4374.4,7,1102.7552001279603,5.6,54.63583772216903,351.90031455930506,201
4374.5,7,1102.7552001279603,5.6,54.664098109150274,351.7156840885528,201
4374.6,7,1102.7552001279603,5.6,54.66563250756866,351.70881336559967,201
4374.7,7,1102.7552001279603,4.8999999999999995,54.68808983662402,351.5600799656216,201
4374.8,7,1102.7552001279603,4.8999999999999995,54.70439813628728,351.45146789984744,201
4374.9,7,1102.7552001279603,4.8999999999999995,54.70994180321907,351.4213467311855,201
4375.0,7,1102.7552001279603,4.8999999999999995,54.72043849219073,351.3562020865237,201
4375.1,7,1102.7552001279603,4.8999999999999995,54.73906471088065,351.23120159635334,201
4375.2,7,1102.7552001279603,4.8999999999999995,54.74507851067955,351.19905191425175,201
4375.3,7,1102.7552001279603,4.8999999999999995,54.76315556497978,351.0713632647776,201
4375.4,7,1102.7552001279603,4.8999999999999995,54.76816187269312,351.0447309769073,201
4375.5,7,1102.7552001279603,4.8999999999999995,54.797864735431304,350.84649570744995,201
4375.6,7,1102.7552001279603,4.8999999999999995,54.829199706443944,350.6401780893938,201
4375.7,11,1102.7552001279603,4.8999999999999995,54.827245687777165,350.65662437184585,201
4375.8,11,1102.7552001279603,5.4,54.84562752627852,350.5380821932853,201
4375.9,11,1102.7552001279603,5.4,54.70266112024346,351.3857608624232,201
4376.0,7,1102.7119425528156,4.5,54.762402932981615,351.0196587620512,201
4376.1,7,1102.7119425528156,5.6,54.77885318112442,350.9172566061434,201
4376.2,7,1102.7119425528156,5.6,54.795109697182816,350.8177996872183,201
4376.3,7,1102.7119425528156,5.6,54.8155654776064,350.68763322547,201
4376.4,7,1102.7119425528156,5.6,54.83819315711749,350.54026828457705,201
4376.5,7,1102.7119425528156,4.8999999999999995,54.825877831366064,350.61566065157507,201
4376.6,7,1102.7119425528156,4.8999999999999995,54.85899781824851,350.3999512018115,201
4376.7,7,1102.7119425528156,4.8999999999999995,54.878394858403865,350.2789581853384,201
4376.8,7,1102.7119425528156,4.8999999999999995,54.88690954983889,350.22544749058375,201
4376.9,11,1102.7119425528156,4.8999999999999995,54.91243276115107,350.06228733102523,201
4377.0,11,1102.7119425528156,5.4,54.93938152073514,349.8921724738825,201
4377.1,7,1102.7119425528156,4.5,54.87554036860199,350.3365001675664,201
4377.2,7,1102.7119425528156,4.8999999999999995,54.90063255553416,350.17591748580185,201
4377.3,7,1102.7119425528156,4.8999999999999995,54.92259237231043,350.03385576993554,201
4377.4,7,1102.7119425528156,4.8999999999999995,54.945748822769175,349.889661795067,201
4377.5,7,1102.7119425528156,4.8999999999999995,54.966204952880574,349.76024166682475,201
4377.6,7,1102.7119425528156,4.8999999999999995,54.995356276812046,349.57278314853374,201
4377.7,7,1102.7119425528156,4.8999999999999995,55.01750445222804,349.43444831410636,201
4377.8,7,1102.7119425528156,4.8999999999999995,55.03602833868868,349.3238027504559,201
4377.9,7,1102.7119425528156,4.8999999999999995,55.07714436779709,349.0570029617804,201
4378.0,7,1102.7119425528156,4.8999999999999995,55.1138664827586,348.82425052302926,201
4378.1,7,1102.7119425528156,4.8999999999999995,55.16698463030413,348.4780456624783,201
4378.2,7,1102.7119425528156,4.8999999999999995,55.19849654281604,348.2747213718532,201
4378.3,7,1102.7119425528156,4.8999999999999995,55.232596219485366,348.05333958099425,201
4378.4,7,1102.7119425528156,4.8999999999999995,55.28758892148231,347.7263111741321,201
4378.5,7,1102.7119425528156,4.8999999999999995,55.31930247090453,347.5289192446452,201
4378.6,7,1102.7119425528156,4.8999999999999995,55.344132240086935,347.3753934921459,201
4378.7,7,1102.7119425528156,4.8999999999999995,55.3566168007832,347.3001979927294,201
4378.8,7,1102.7119425528156,4.8999999999999995,55.37875454537121,347.1596178371283,201
4378.9,7,1102.7119425528156,4.8999999999999995,55.39790899146338,347.0453226691999,201
4379.0,7,1102.7119425528156,4.8999999999999995,55.41963808911585,346.91291441098025,201
4379.1,7,1102.7119425528156,4.8999999999999995,55.43693695669527,346.810632228691,201
4379.2,7,1102.7119425528156,4.199999999999999,55.45772273009711,346.6791819054781,201
4379.3,7,1102.7119425528156,4.199999999999999,55.457847742242045,346.68576694873525,201
4379.4,7,1102.7119425528156,4.199999999999999,55.47837306825129,346.5634968871076,201
4379.5,7,1102.7119425528156,4.199999999999999,55.48859838172099,346.50323538420935,201
4379.6,7,1102.7119425528156,4.199999999999999,55.51188859027056,346.3555140743649,201
4379.7,7,1102.7119425528156,4.199999999999999,55.50715008978262,346.3927977437887,201
4379.8,7,1102.7119425528156,4.199999999999999,55.52856457157304,346.2581130849613,201
4379.9,7,1102.7119425528156,4.199999999999999,55.54061001027947,346.1890129632774,201
4380.0,7,1102.7119425528156,4.199999999999999,55.556050183658954,346.09462715858444,201
4380.1,7,1102.7119425528156,4.199999999999999,55.57031814484168,346.01099454453345,201
4380.2,9,1102.7119425528156,3.5,55.58966924725483,345.8794355066325,201
4380.3,9,1102.7119425528156,4.800000000000001,55.59993996213474,345.82147448316755,201
4380.4,11,1102.7119425528156,4.0,55.61777932672413,345.71299581037624,201
4380.5,11,1102.7119425528156,4.5,55.62921894754325,345.6369190534195,201
4380.6,11,1102.7119425528156,4.5,55.634374937465665,345.6072572745857,201
4380.7,11,1102.7119425528156,4.5,55.64218640882939,345.5682947174507,201
4380.8,11,1102.7119425528156,4.5,55.68454053198653,345.2894333448131,201
4380.9,11,1102.7119425528156,4.5,55.696562771206814,345.2177913967301,201
4381.0,11,1102.7119425528156,4.5,55.70006759316026,345.198360581618,201
4381.1,11,1102.7119425528156,4.5,55.70779712356837,345.1548406819495,201
4381.2,11,1102.7119425528156,4.5,55.719646529193156,345.0789505905942,201
4381.3,11,1102.7119425528156,4.5,55.721137578499366,345.0747272828618,201
4381.4,11,1102.7119425528156,4.5,55.74423511698703,344.92958731471924,201
4381.5,12,1102.7119425528156,4.5,55.74604733572876,344.92587878321416,201
4381.6,12,1102.7119425528156,3.6,55.75931675100961,344.8407400575081,201
4381.7,12,1102.7119425528156,3.6,55.76457036755794,344.8091541645168,201
4381.8,6,1101.946810784633,3.6,55.76436207895918,344.8154321740186,201
4381.9,6,1101.8788455824229,4.0,55.7692560275546,344.7854302768293,201
4382.0,6,1101.7728171720544,4.0,55.778622766388295,344.72318654028993,201
4382.1,6,1101.7728171720544,4.0,55.79330730697765,344.6347100358362,201
4382.2,6,1101.7728171720544,4.0,55.81891144121617,344.46947357972664,201
4382.3,6,1101.7728171720544,4.0,55.82576151107847,344.4309190468904,201
4382.4,6,1101.7728171720544,4.0,55.83672772191304,344.3609611220269,201
4382.5,6,1101.7728171720544,4.0,55.84056869213262,344.3443021447507,201
4382.6,11,1101.7728171720544,3.5,55.8683140384467,344.167090460964,201
4382.7,11,1101.7728171720544,4.5,55.78412001532257,344.72891669648106,201
4382.8,11,1101.7728171720544,4.5,55.78887029016803,344.70131609739474,201
4382.9,11,1101.7728171720544,4.5,55.79464324899041,344.66665858203277,201
4383.0,11,1101.7728171720544,4.5,55.80132672090399,344.6293379533273,201
4383.1,11,1101.7728171720544,4.5,55.807640499708214,344.5927838664463,201
4383.2,11,1101.7728171720544,4.5,55.80953348346303,344.5901608548628,201
4383.3,11,1101.7728171720544,4.5,55.80504469468825,344.6287665643853,201
4383.4,11,1101.7728171720544,4.5,55.809988480069606,344.60133462261075,201
4383.5,11,1101.7728171720544,4.5,55.7985383319908,344.6812756408608,201
4383.6,11,1101.7728171720544,4.5,55.88356009990716,344.1981264647821,201
4383.7,11,1101.7728171720544,4.5,55.87198844454354,344.2771704933822,201
4383.8,11,1101.7728171720544,4.5,55.88308919577486,344.21447061727565,201
4383.9,11,1101.7728171720544,4.5,55.89166979991569,344.16149634356975,201
4384.0,6,1101.7728171720544,4.5,55.88948264331065,344.1817582096549,201
4384.1,6,1101.7728171720544,3.5,55.890003241311206,344.1842293132587,201
4384.2,6,1101.5838760172644,3.5,55.898858827108924,344.13359031886375,201
4384.3,6,1101.5838760172644,4.0,55.899778197331656,344.1290632725294,201
4384.4,6,1101.5838760172644,4.0,55.90325447104627,344.11579336694,201
4384.5,6,1101.5838760172644,4.0,55.899637683352935,344.14490757239514,201
4384.6,6,1101.5838760172644,4.0,55.89496771808673,344.1786559456571,201
4384.7,6,1101.5838760172644,4.0,55.906980981936385,344.10846154900264,201
4384.8,6,1101.5838760172644,4.0,55.92422584199666,343.98831123931063,201
4384.9,6,1101.5838760172644,4.0,55.9193587553511,344.0220559027757,201
4385.0,6,1101.5838760172644,4.0,55.9123351933506,344.0675138311716,201
4385.1,6,1101.5838760172644,4.0,55.89445759855362,344.18796423189127,201
4385.2,6,1101.5838760172644,4.0,55.89465077107032,344.19051186944586,201
4385.3,6,1101.5838760172644,4.0,55.88681664659758,344.24896201323065,201
4385.4,9,1101.5838760172644,3.5,55.890443017240045,344.23072131740076,201
4385.5,9,1101.5838760172644,4.0,55.88963779733595,344.2361798399938,201
4385.6,9,1101.5838760172644,4.800000000000001,55.87592118360826,344.3287871060761,201
4385.7,9,1101.5838760172644,4.800000000000001,55.86836345616176,344.384950675184,201
4385.8,9,1101.5838760172644,4.800000000000001,55.85525478287512,344.47371680908645,201
4385.9,9,1101.5838760172644,4.800000000000001,55.84025103388464,344.57795724963063,201
4386.0,9,1101.5838760172644,4.800000000000001,55.81982848511265,344.71266472145896,201
4386.1,9,1101.5838760172644,4.800000000000001,55.79989932865017,344.84272405057436,201
4386.2,9,1101.5838760172644,4.800000000000001,55.692345714237035,345.5758040430044,201
4386.3,9,1101.5838760172644,4.800000000000001,55.682490631720015,345.6432458342184,201
4386.4,9,1101.5838760172644,4.800000000000001,55.676166869793946,345.69289351541727,201
4386.5,9,1101.5838760172644,4.800000000000001,55.67357916333762,345.7116027105194,201
4386.6,9,1101.5838760172644,4.800000000000001,55.620842189169096,346.03239791819647,201
4386.7,9,1101.5838760172644,4.800000000000001,55.61137016919695,346.09435035233184,201
4386.8,12,1101.5838760172644,4.0,55.60088778009993,346.1694342162406,201
4386.9,12,1101.5838760172644,4.5,55.58760336680818,346.25666619573474,201
4387.0,12,1101.5838760172644,4.5,55.70061485845736,345.6280838127549,201
4387.1,12,1101.5838760172644,4.5,55.685892781393335,345.7317753398918,201
4387.2,12,1101.5838760172644,4.5,55.67313620696562,345.8117801032504,201
4387.3,12,1101.5838760172644,4.5,55.66841328019404,345.8405669617333,201
4387.4,12,1101.5838760172644,4.5,55.659492319625414,345.90662617663,201
4387.5,12,1101.5838760172644,4.5,55.666375560205296,345.85984113374593,201
4387.6,12,1101.5838760172644,4.5,55.675198148200806,345.8005370616558,201
4387.7,6,1101.395408755129,4.5,55.674596072281474,345.8027102489889,201
4387.8,6,1101.395408755129,4.0,55.667080935609455,345.8534791712425,201
4387.9,6,1101.395408755129,4.0,55.68852569514712,345.714414548467,201
4388.0,6,1101.395408755129,4.0,55.707673745649984,345.58851400973634,201
4388.1,6,1101.395408755129,4.0,55.72089383204456,345.4965241552411,201
4388.2,6,1101.395408755129,4.0,55.66000335184549,345.9390597129462,201
4388.3,6,1101.395408755129,4.0,55.67552545809867,345.8315246278854,201
4388.4,6,1101.395408755129,4.0,55.672580470821586,345.85386872775234,201
4388.5,6,1101.395408755129,4.0,55.68650046913238,345.7644719359188,201
4388.6,6,1101.395408755129,4.0,55.70213203222682,345.66557990771184,201
4388.7,6,1101.395408755129,4.0,55.65986574989314,345.88425009958917,201
4388.8,6,1101.395408755129,4.0,55.6728001123131,345.80142015831274,201
4388.9,6,1101.395408755129,4.0,55.69456278633013,345.65764336757377,201
4389.0,6,1101.395408755129,4.0,55.818494862621534,344.96161984685307,201
4389.1,6,1101.395408755129,4.0,55.84443704730016,344.79150298870593,201
4389.2,6,1101.395408755129,4.0,55.86538411355563,344.65946353368236,201
4389.3,6,1101.395408755129,3.5,55.881699362521815,344.55241291108734,201
4389.4,6,1101.395408755129,3.5,55.880195760532736,344.5675303385285,201
4389.5,6,1101.395408755129,3.5,55.8279863189793,344.8306827692105,201
4389.6,8,1101.5130870503067,3.5,55.83945003904358,344.75961428927315,201
4389.7,8,1101.5616220790866,4.199999999999999,55.86589187447335,344.58735822893277,201
4389.8,9,1101.5616220790866,4.199999999999999,55.87223222794902,344.5470944593535,201
4389.9,9,1101.5616220790866,4.0,55.89123469050814,344.42310905315594,201
4390.0,9,1101.5616220790866,4.0,55.89093266319361,344.42462276651656,201
4390.1,9,1101.5616220790866,4.0,55.898485832870456,344.371835085669,201
4390.2,9,1101.5616220790866,4.0,55.90967933830372,344.30548840796064,201
4390.3,9,1101.5616220790866,4.0,55.917999137738306,344.25553593036614,201
4390.4,9,1101.5616220790866,4.0,55.931875780368074,344.1642886655304,201
4390.5,9,1101.5616220790866,4.0,55.92834415591598,344.19295376055294,201
4390.6,9,1101.5616220790866,4.0,55.94710136175834,344.0757998551429,201
4390.7,6,1101.3741412763245,3.2,55.950726258351125,344.05847031078304,201
4390.8,8,1101.3741412763245,3.5,55.94318955037532,344.10723286662824,201
4390.9,8,1101.3741412763245,4.8999999999999995,55.9424968715618,344.1177456427883,201
4391.0,8,1101.3741412763245,4.8999999999999995,56.08140445806117,343.1021194820044,201
4391.1,6,1101.3741412763245,4.199999999999999,56.07275288610589,343.16190819448934,201
4391.2,6,1101.3741412763245,3.5,56.1767088175122,342.6020443002848,201
4391.3,6,1101.3741412763245,3.5,56.16065881079294,342.71705959712517,201
4391.4,6,1101.3741412763245,3.5,56.15640544974669,342.75539004408677,201
4391.5,6,1101.3741412763245,3.5,56.16821895255481,342.689258417255,201
4391.6,11,1101.3741412763245,3.5,56.17201767674865,342.6702370912172,201
4391.7,11,1101.3741412763245,4.5,56.23817118228776,342.319638906551,201
4391.8,11,1101.3741412763245,4.5,56.2388791583994,342.31600653706346,201
4391.9,11,1101.3741412763245,4.5,56.2344455385726,342.3538062422808,201
4392.0,11,1101.3741412763245,4.5,56.235239029079,342.35705980676516,201
4392.1,8,1101.3741412763245,3.6,56.23358667728466,342.36815916887576,201
4392.2,8,1101.3741412763245,4.199999999999999,56.22559233827734,342.4253196474346,201
4392.3,8,1101.3741412763245,4.199999999999999,56.21881363273165,342.47623140459797,201
4392.4,8,1101.3741412763245,4.199999999999999,56.204377525648184,342.58056388543434,201
4392.5,8,1101.3741412763245,4.199999999999999,56.190299637814604,342.67259086561603,201
4392.6,8,1101.3741412763245,4.199999999999999,56.098546883211604,343.19490123391864,201
4392.7,8,1101.3741412763245,4.199999999999999,56.093840224622596,343.233466256151,201
4392.8,8,1101.3741412763245,4.199999999999999,56.08566726638391,343.29231663288317,201
4392.9,8,1101.3741412763245,4.199999999999999,56.077650899971374,343.3455070476863,201
4393.0,8,1101.3741412763245,4.8999999999999995,56.06379177628813,343.4432187924821,201
4393.1,8,1101.3741412763245,4.8999999999999995,56.052139248405226,343.53168532946495,201
4393.2,8,1101.3741412763245,4.8999999999999995,56.048206903523926,343.55793319909395,201
4393.3,8,1101.3741412763245,4.8999999999999995,56.036181486705686,343.6485153924206,201
4393.4,8,1101.3741412763245,4.8999999999999995,56.020943971101374,343.7590760397757,201
4393.5,8,1101.3741412763245,4.8999999999999995,56.022492849955086,343.75372841634055,201
4393.6,8,1101.3741412763245,4.8999999999999995,56.02061422005198,343.76685295524453,201
4393.7,8,1101.3741412763245,4.8999999999999995,56.014383526533344,343.8165145700219,201
4393.8,8,1101.3741412763245,4.8999999999999995,55.992255530806915,343.970404726164,201
4393.9,8,1101.3741412763245,4.8999999999999995,55.9889601872496,344.0021757864382,201
4394.0,8,1101.3741412763245,4.8999999999999995,55.978469488093516,344.07891292618274,201
4394.1,8,1101.3741412763245,4.8999999999999995,56.04452960411511,343.73332484610637,201
4394.2,8,1101.3741412763245,4.8999999999999995,55.93081976248101,344.37850754938074,201
4394.3,8,1101.3741412763245,4.8999999999999995,55.92972801830206,344.39117639731944,201
4394.4,8,1101.3741412763245,4.8999999999999995,55.911804195486155,344.504274525451,201
4394.5,8,1101.3741412763245,4.8999999999999995,55.90467545808907,344.55386278224404,201
4394.6,8,1101.3741412763245,4.8999999999999995,55.90731074779955,344.53303476367466,201
4394.7,8,1101.3741412763245,4.8999999999999995,55.895283553132955,344.6122517063875,201
4394.8,8,1101.3741412763245,4.8999999999999995,55.88547356121042,344.67648143024246,201
4394.9,8,1101.3741412763245,4.8999999999999995,55.88134659300472,344.695663991821,201
4395.0,8,1101.3741412763245,4.8999999999999995,55.882033898975244,344.6842470854051,201
4395.1,8,1101.3741412763245,4.8999999999999995,55.88013778343446,344.6926386386831,201
4395.2,8,1101.3741412763245,4.8999999999999995,55.87367901289406,344.7295753585644,201
4395.3,8,1101.3741412763245,4.8999999999999995,55.88146381748768,344.48040954684546,201
4395.4,8,1101.3741412763245,4.8999999999999995,56.039066335251334,343.40430939148985,201
4395.5,8,1101.3741412763245,4.8999999999999995,56.04538482840282,343.3628289425862,201
4395.6,8,1101.3741412763245,4.8999999999999995,56.05404757184754,343.30538101109596,201
4395.7,8,1101.3741412763245,4.8999999999999995,56.04874304354587,343.33312564083315,201
4395.8,8,1101.3741412763245,4.8999999999999995,56.0543284687932,343.29229010507066,201
4395.9,8,1101.3741412763245,4.8999999999999995,56.05050849679922,343.3108084690304,201
4396.0,8,1101.3741412763245,4.8999999999999995,56.046434458985296,343.33198571537184,201
4396.1,8,1101.3741412763245,4.8999999999999995,56.05053356374619,343.3014747644937,201
4396.2,8,1101.3741412763245,4.8999999999999995,56.136567954861476,342.8047035264824,201
4396.3,8,1101.3741412763245,4.8999999999999995,56.141610327311184,342.7720057330662,201
4396.4,8,1101.3741412763245,4.8999999999999995,56.14682356531234,342.73316917843715,201
4396.5,8,1101.3741412763245,4.8999999999999995,56.1490223703762,342.71301760329,201
4396.6,8,1101.3741412763245,4.8999999999999995,56.14396898833377,342.7385873366443,201
4396.7,8,1101.3741412763245,4.8999999999999995,56.037265086117415,343.4654812465826,201
4396.8,8,1101.3741412763245,4.199999999999999,56.030303251889755,343.5025115626374,201
4396.9,8,1101.3741412763245,4.199999999999999,56.02880431236258,343.5030304992552,201
4397.0,8,1101.3741412763245,4.199999999999999,56.02936259069412,343.49232817437473,201
4397.1,8,1101.3741412763245,4.199999999999999,56.040566589831336,343.4140959595823,201
4397.2,11,1101.3741412763245,4.199999999999999,56.0342642245659,343.4523981890088,201
4397.3,11,1101.3741412763245,4.5,56.03715718502895,343.43153253803337,201
4397.4,11,1101.3741412763245,4.5,56.03994963963021,343.4030229317793,201
4397.5,11,1101.3741412763245,4.5,56.03940861139574,343.39944137216986,201
4397.6,11,1101.3741412763245,4.5,56.04627378103389,343.350370765742,201
4397.7,11,1101.3741412763245,4.5,56.04507082289342,343.3531369868397,201
4397.8,11,1101.3741412763245,4.5,56.04926288452446,343.326809319994,201
4397.9,11,1101.3741412763245,4.5,55.97121570008933,343.7521868443102,201
4398.0,11,1101.3741412763245,4.5,55.91776573867175,344.1066053777766,201
4398.1,8,1101.3741412763245,3.6,55.938312046317236,343.9672268665927,201
4398.2,8,1101.3741412763245,4.199999999999999,55.956930479006374,343.8303910069276,201
4398.3,8,1101.3741412763245,4.199999999999999,56.0381090938656,343.3636535290641,201
4398.4,8,1101.3741412763245,4.199999999999999,56.05874634993298,343.22570095041635,201
4398.5,8,1101.3741412763245,4.199999999999999,56.071193129908394,343.13857599492235,201
4398.6,8,1101.3741412763245,4.199999999999999,56.07650656940009,343.0957500341108,201
4398.7,8,1101.3741412763245,4.199999999999999,56.08584998480253,343.0280612228526,201
4398.8,6,1101.215030081308,3.5,56.09522215070753,342.9621208670651,201
4398.9,7,1101.2753651702526,3.5,56.15748272720778,342.5358461298467,201
4399.0,7,1101.3309909106986,3.5,56.04182784551145,343.22748022489066,201
4399.1,6,1101.3309909106986,3.5,56.07187645638109,343.02635005606885,201
4399.2,6,1101.3309909106986,3.5,56.088164152800644,342.9147284052824,201
4399.3,6,1101.3309909106986,3.5,56.114559480420354,342.741806901071,201
4399.4,6,1101.3309909106986,3.5,56.15291462610456,342.48418048483563,201
4399.5,6,1101.1430965342904,3.5,56.18956570310104,342.2396748274265,201
4399.6,6,1101.1430965342904,4.0,56.22294424118506,342.01417849841926,201
4399.7,6,1101.1430965342904,4.0,56.405122937130486,340.8222088268074,201
4399.8,6,1101.1430965342904,4.0,56.43551213076995,340.6204378061893,201
4399.9,8,1101.1430965342904,3.5,56.464156487994494,340.43667066210935,201
4400.0,10,1101.3847599615892,3.5,56.49183411306011,340.25632494239176,201
4400.1,10,1101.3847599615892,4.0,56.52301800839393,340.05354844612845,201
4400.2,10,1101.3847599615892,4.0,56.549349059973274,339.88380559169576,201
4400.3,10,1101.3847599615892,4.0,56.50296805790994,340.1789744656362,201
4400.4,10,1101.3847599615892,4.0,56.633043624613485,339.3416424389965,201
4400.5,10,1101.3847599615892,4.0,56.6514667451354,339.21784479986644,201
4400.6,10,1101.3847599615892,4.0,56.684171811066804,339.0085744312185,201
4400.7,10,1101.3847599615892,4.0,56.72247506992396,338.76498360489325,201
4400.8,7,1101.3850422567168,3.2,56.81801945272993,338.2095092963849,201
4400.9,7,1101.3850422567168,3.5,56.83970779796017,338.0662389925815,201
4401.0,7,1101.3850422567168,3.5,56.85469210050857,337.9669780819137,201
4401.1,7,1101.3850422567168,3.5,56.88430120176201,337.77784088822705,201
4401.2,8,1101.3850422567168,3.5,56.89766028392323,337.6903428090906,201
4401.3,7,1101.343893072611,4.199999999999999,56.91596671422256,337.5733644808387,201
4401.4,7,1101.343893072611,4.199999999999999,56.91670589469999,337.5626708562392,201
4401.5,7,1101.343893072611,4.199999999999999,56.86746854032633,337.8342247740354,201
4401.6,7,1101.343893072611,4.199999999999999,56.86788100254481,337.8257024553544,201
4401.7,8,1101.343893072611,3.5,56.866011455615904,337.8320907348889,201
4401.8,8,1101.343893072611,4.199999999999999,56.851916125023685,337.9148118098108,201
4401.9,8,1101.343893072611,4.199999999999999,56.8417678393108,337.9725111478258,201
4402.0,10,1101.343893072611,3.5,56.82707685961519,338.05800224237584,201
4402.1,10,1101.343893072611,4.0,56.82581994275552,338.05988006739557,201
4402.2,10,1101.343893072611,4.0,56.816837255854566,338.11021825896637,201
4402.3,10,1101.343893072611,4.0,56.816526412301414,338.10741460296197,201
4402.4,10,1101.343893072611,4.0,56.805257688817846,338.17036211842856,201
4402.5,10,1101.343893072611,4.0,56.896431835044325,337.60010768780364,201
4402.6,8,1101.343893072611,4.0,56.893144870749545,337.61320496112955,201
4402.7,8,1101.343893072611,4.199999999999999,56.89083736208404,337.6246612791923,201
4402.8,8,1101.343893072611,4.199999999999999,56.766334835075796,338.3899374084017,201
4402.9,8,1101.343893072611,4.199999999999999,56.76803447093386,338.3729192953102,201
4403.0,8,1101.343893072611,4.199999999999999,56.75191023602703,338.4667513877928,201
4403.1,8,1101.343893072611,4.199999999999999,56.751923975918146,338.46013031326333,201
4403.2,8,1101.343893072611,4.199999999999999,56.74680374556974,338.4872453783963,201
4403.3,8,1101.343893072611,4.199999999999999,56.74834874177856,338.47318524577753,201
4403.4,8,1101.343893072611,4.199999999999999,56.735899377372235,338.5452675428012,201
4403.5,8,1101.343893072611,4.199999999999999,56.728747345577546,338.58478137596904,201
4403.6,8,1101.343893072611,4.199999999999999,56.72050416154198,338.6310430536829,201
4403.7,8,1101.343893072611,4.199999999999999,56.708982510314,338.69832430781435,201
4403.8,8,1101.343893072611,4.199999999999999,56.54926336468972,339.6901080490126,201
4403.9,8,1101.343893072611,4.199999999999999,56.53703707252013,339.7580773650284,201
4404.0,8,1101.343893072611,4.199999999999999,56.52264260300446,339.8435796100186,201
4404.1,8,1101.343893072611,4.199999999999999,56.62855416439566,339.2462636492693,201
4404.2,8,1101.343893072611,4.199999999999999,56.59667491155373,339.43718766379914,201
4404.3,8,1101.343893072611,4.199999999999999,56.57396459663882,339.57127351989493,201
4404.4,8,1101.343893072611,4.199999999999999,56.488165376419815,340.0678260126076,201
4404.5,8,1101.343893072611,4.199999999999999,56.454257360042774,340.2741541409862,201
4404.6,8,1101.343893072611,4.199999999999999,56.44200486182133,340.34377891725046,201
4404.7,8,1101.343893072611,4.199999999999999,56.423614007744824,340.45162406894974,201
4404.8,8,1101.343893072611,4.199999999999999,56.39932431045187,340.59535311151967,201
4404.9,10,1101.343893072611,3.5,56.377530425103146,340.7276222849876,201
4405.0,10,1101.343893072611,4.800000000000001,56.448387711651435,340.2751520728684,201
4405.1,10,1101.343893072611,4.800000000000001,56.411803788592024,340.4968408238368,201
4405.2,9,1101.343893072611,4.0,56.388166028385555,340.63808698381047,201
4405.3,9,1101.343893072611,3.2,56.278617749507596,341.27980251554277,201
4405.4,10,1101.343893072611,2.4000000000000004,56.24805451421636,341.4647295354995,201
4405.5,8,1101.343893072611,4.0,56.22219531934554,341.6221624820795,201
4405.6,8,1101.343893072611,4.199999999999999,56.19673803764485,341.77634785102777,201
4405.7,8,1101.343893072611,4.199999999999999,56.02900380292542,342.83315797595174,201
4405.8,8,1101.343893072611,4.199999999999999,55.99341395888447,343.0517711445419,201
4405.9,8,1101.343893072611,4.199999999999999,55.95546059183717,343.2878230617839,201
4406.0,8,1101.343893072611,4.199999999999999,55.92415448517097,343.4788236934372,201
4406.1,8,1101.343893072611,4.199999999999999,55.88263078124167,343.738803434086,201
4406.2,8,1101.343893072611,4.199999999999999,55.85890045807987,343.8828656808738,201
4406.3,8,1101.343893072611,4.199999999999999,55.828484467925534,344.0699625183705,201
4406.4,8,1101.343893072611,4.199999999999999,55.799195899733945,344.25141554013624,201
4406.5,8,1101.343893072611,4.199999999999999,55.76525947606074,344.46121524603683,201
4406.6,8,1101.343893072611,4.199999999999999,55.85102037938675,343.95824071185905,201
4406.7,8,1101.343893072611,4.199999999999999,55.711357922459776,344.7885997616843,201
4406.8,10,1101.343893072611,3.5,55.6953975733001,344.8833443703381,201
4406.9,10,1101.343893072611,4.800000000000001,55.67757577279292,344.99073433703876,201
4407.0,10,1101.343893072611,4.800000000000001,55.636021405407746,345.24854582709713,201
4407.1,10,1101.343893072611,4.800000000000001,55.62347936509953,345.32548495109063,201
4407.2,10,1101.343893072611,4.800000000000001,55.61042993916125,345.4029768268321,201
4407.3,10,1101.343893072611,4.800000000000001,55.66335642180198,345.0564586775382,201
4407.4,10,1101.343893072611,4.800000000000001,55.74823502517228,344.54780716831385,201
4407.5,10,1101.343893072611,4.800000000000001,55.7338876158402,344.6337024119445,201
4407.6,10,1101.343893072611,4.800000000000001,55.63727501422201,345.2535296833016,201
4407.7,10,1101.343893072611,4.800000000000001,55.62369719770588,345.3392898663674,201
4407.8,10,1101.343893072611,4.800000000000001,55.62055463504602,345.3535861449337,201
4407.9,10,1101.343893072611,4.800000000000001,55.60593235744116,345.4457715792938,201
4408.0,10,1101.343893072611,4.800000000000001,55.58763532640573,345.5590813525018,201
4408.1,10,1101.343893072611,4.800000000000001,55.57275921753666,345.65113963765583,201
4408.2,10,1101.343893072611,4.800000000000001,55.57833602491971,345.61120843329707,201
4408.3,10,1101.343893072611,4.800000000000001,55.5720404428164,345.64745788584014,201
4408.4,10,1101.343893072611,4.800000000000001,55.553475742264,345.7593271863767,201
4408.5,10,1101.343893072611,4.800000000000001,55.53707932185955,345.86041869977464,201
4408.6,10,1101.343893072611,4.800000000000001,55.5488553676944,345.78195083176195,201
4408.7,10,1101.343893072611,4.800000000000001,55.531494871115854,345.885351564541,201
4408.8,10,1101.343893072611,4.800000000000001,55.54568796216749,345.79306232394094,201
4408.9,10,1101.343893072611,5.6000000000000005,55.54586460817018,345.7914436971972,201
4409.0,10,1101.343893072611,5.6000000000000005,55.54469746504945,345.7971692070436,201
4409.1,10,1101.343893072611,5.6000000000000005,55.55959361200644,345.7008231501972,201
4409.2,10,1101.343893072611,5.6000000000000005,55.56281525120632,345.67815405497606,201
4409.3,10,1101.343893072611,5.6000000000000005,55.44449665614543,346.38565931613596,201
4409.4,10,1101.343893072611,5.6000000000000005,55.45677666793511,346.3067610667854,201
4409.5,10,1101.343893072611,5.6000000000000005,55.54010469642625,345.8078144763092,201
4409.6,10,1101.343893072611,5.6000000000000005,55.54941852828188,345.7495964361786,201
4409.7,10,1101.343893072611,4.800000000000001,55.56836634197927,345.62862308271224,201
4409.8,10,1101.343893072611,4.800000000000001,55.58223134452615,345.53948817116446,201
4409.9,10,1101.343893072611,4.800000000000001,55.48813950030666,346.1467278076864,201
4410.0,10,1101.343893072611,4.800000000000001,55.58176922538348,345.5437050482943,201
4410.1,10,1101.343893072611,4.800000000000001,55.64367314387842,345.12805805537073,201
4410.2,10,1101.343893072611,4.800000000000001,55.64553516091222,345.1178669381614,201
4410.3,10,1101.343893072611,4.800000000000001,55.63644915766934,345.17450638583097,201
4410.4,10,1101.343893072611,4.800000000000001,55.63980455176545,345.1547528884198,201
4410.5,10,1101.343893072611,4.800000000000001,55.63235876294976,345.21594486974914,201
4410.6,9,1101.343893072611,4.0,55.64534816657474,345.13462759643545,201
4410.7,9,1101.343893072611,3.2,55.66578602950148,345.00590060680867,201
4410.8,9,1101.343893072611,3.2,55.674046906344685,344.9564006745801,201
4410.9,9,1101.343893072611,3.2,55.697036931913615,344.81086096529043,201
4411.0,9,1101.343893072611,3.2,55.70895794910895,344.7373169419991,201
4411.1,9,1101.343893072611,3.2,55.73466415169771,344.57441687808694,201
4411.2,9,1101.343893072611,3.2,55.76420962906914,344.3888153925097,201
4411.3,9,1101.343893072611,3.2,55.78987666630497,344.22767599219503,201
4411.4,9,1101.343893072611,3.2,55.81134695741406,344.09224053557534,201
4411.5,9,1101.343893072611,3.2,55.831202468802275,343.9695042938436,201
4411.6,8,1101.343893072611,3.2,55.845007066804456,343.8849187674675,201
4411.7,8,1101.343893072611,4.199999999999999,55.82196897422082,344.01778797692316,201
4411.8,8,1101.343893072611,4.199999999999999,55.85417156653331,343.81679139109417,201
4411.9,8,1101.343893072611,4.199999999999999,55.88194907619368,343.6436307584689,201
4412.0,7,1101.320291700711,4.199999999999999,55.98990472750833,342.99546787886936,201
4412.1,7,1101.3087554586339,4.199999999999999,56.0065429128053,342.8916254118644,201
4412.2,8,1101.3087554586339,4.199999999999999,56.02153652705722,342.7992504680216,201
4412.3,8,1101.3087554586339,4.199999999999999,56.03551693664221,342.7121437487881,201
4412.4,8,1101.3087554586339,4.199999999999999,56.0503927932419,342.6217477389798,201
4412.5,8,1101.3087554586339,4.199999999999999,56.0639284708959,342.5377739783571,201
4412.6,7,1101.3087554586339,4.199999999999999,56.15969891400943,341.93900570264526,201
4412.7,7,1101.3087554586339,4.199999999999999,56.181955853197294,341.8026592235833,201
4412.8,7,1101.3087554586339,4.199999999999999,56.199839669073995,341.6915552815998,201
4412.9,7,1101.3087554586339,4.199999999999999,56.20541089040133,341.658428166338,201
4413.0,7,1101.3087554586339,4.199999999999999,56.22629732492823,341.5301525036541,201
4413.1,7,1101.3087554586339,4.199999999999999,56.2397724426467,341.4480010347788,201
4413.2,7,1101.3087554586339,4.199999999999999,56.255749370047496,341.35090691709274,201
4413.3,7,1101.3087554586339,4.199999999999999,56.268751152507,341.27059782392416,201
4413.4,7,1101.3087554586339,4.199999999999999,56.27878414323048,341.20934818678137,201
4413.5,7,1101.3087554586339,4.199999999999999,56.284236122209855,341.1778187263531,201
4413.6,7,1101.3087554586339,4.199999999999999,56.29588154449195,341.10649445799197,201
4413.7,7,1101.3087554586339,4.199999999999999,56.2990856680467,341.08838379534876,201
4413.8,7,1101.3087554586339,4.199999999999999,56.194567783101064,341.7424928421532,201
4413.9,8,1101.3087554586339,3.5,56.19686057879663,341.73051352900166,201
4414.0,8,1101.3087554586339,4.199999999999999,56.201809059747404,341.70257944149347,201
4414.1,8,1101.3087554586339,4.199999999999999,56.293756310567716,341.1595270516532,201
4414.2,8,1101.3087554586339,4.199999999999999,56.282888406158406,341.22399917105525,201
4414.3,8,1101.3087554586339,4.199999999999999,56.284947853886635,341.212105251178,201
4414.4,8,1101.3087554586339,4.199999999999999,56.28402643272091,341.2174919175547,201
4414.5,8,1101.3087554586339,4.199999999999999,56.28359706197327,341.2208367965452,201
4414.6,8,1101.3087554586339,4.199999999999999,56.28556159981924,341.20908425685883,201
4414.7,8,1101.3087554586339,4.199999999999999,56.284973312881135,341.2120584919461,201
4414.8,8,1101.3087554586339,4.199999999999999,56.35437899146942,340.7777295352604,201
4414.9,8,1101.3087554586339,4.8999999999999995,56.34247048821802,340.8510577907952,201
4415.0,8,1101.3087554586339,4.8999999999999995,56.33945253546827,340.86873159025276,201
4415.1,8,1101.3087554586339,4.8999999999999995,56.22501635182728,341.54553678160664,201
4415.2,8,1101.3087554586339,4.8999999999999995,56.23123691143475,341.5067282909773,201
4415.3,8,1101.3087554586339,4.8999999999999995,56.21522885483308,341.6039607918166,201
4415.4,8,1101.3087554586339,4.8999999999999995,56.213981993788394,341.6115105505718,201
4415.5,8,1101.3087554586339,4.8999999999999995,56.19505922040628,341.7282081642188,201
4415.6,8,1101.3087554586339,4.8999999999999995,56.182219810571326,341.8069940422683,201
4415.7,8,1101.3087554586339,4.8999999999999995,56.17194003280872,341.8695581932076,201
4415.8,8,1101.3087554586339,4.8999999999999995,56.161883279214145,341.92987103801136,201
4415.9,8,1101.3087554586339,4.8999999999999995,56.145542678072076,342.032310320066,201
4416.0,8,1101.3087554586339,4.8999999999999995,56.15772045924821,341.9552126903347,201
4416.1,8,1101.3087554586339,4.8999999999999995,56.02541809819256,342.7453274105735,201
4416.2,8,1101.3087554586339,4.8999999999999995,56.03119833794128,342.70847227955556,201
4416.3,8,1101.3087554586339,4.8999999999999995,56.02213226905312,342.7630333074603,201
4416.4,8,1101.3087554586339,4.8999999999999995,56.01408088132535,342.81200649020366,201
4416.5,8,1101.3087554586339,4.8999999999999995,56.01961831292381,342.776085383786,201
4416.6,8,1101.3087554586339,4.8999999999999995,56.017601371003934,342.7887537012332,201
4416.7,8,1101.3087554586339,4.8999999999999995,56.029505034802796,342.71433317295026,201
4416.8,8,1101.3087554586339,4.8999999999999995,56.044295232355,342.6222394603503,201
4416.9,8,1101.3087554586339,4.8999999999999995,56.15101241081063,341.9898203336423,201
4417.0,8,1101.3087554586339,4.8999999999999995,56.14926986611145,341.9990139979072,201
4417.1,8,1101.3087554586339,4.8999999999999995,56.221016306433015,341.55261369112395,201
4417.2,8,1101.3087554586339,4.8999999999999995,56.216350649598084,341.5804278579011,201
4417.3,8,1101.3087554586339,4.8999999999999995,56.21367680881538,341.59793087697324,201
4417.4,8,1101.3087554586339,4.199999999999999,56.13717538927031,342.07480316210354,201
4417.5,8,1101.3087554586339,4.199999999999999,56.14339711873893,342.0353279578351,201
4417.6,8,1101.3087554586339,4.199999999999999,56.155097355168024,341.9618062628026,201
4417.7,8,1101.3087554586339,4.199999999999999,56.15897502000308,341.93695282789406,201
4417.8,8,1101.3087554586339,4.8999999999999995,56.14483109341826,342.0226988769128,201
4417.9,8,1101.3087554586339,4.8999999999999995,56.01315288519628,342.8084756646505,201
4418.0,8,1101.3087554586339,4.8999999999999995,56.02201669216859,342.7524382348512,201
4418.1,8,1101.3087554586339,4.8999999999999995,56.02605472097362,342.7267584443258,201
4418.2,8,1101.3087554586339,4.8999999999999995,56.0309568936929,342.6963113152965,201
4418.3,8,1101.3087554586339,4.8999999999999995,56.036727689575216,342.66016080963044,201
4418.4,8,1101.3087554586339,4.8999999999999995,56.041056019946126,342.6329765219904,201
4418.5,8,1101.3087554586339,4.8999999999999995,56.041007343400935,342.6324170223295,201
4418.6,8,1101.3087554586339,4.199999999999999,56.08012047370898,342.37131331413127,201
4418.7,8,1101.3087554586339,4.199999999999999,56.08483921185674,342.3421835808151,201
4418.8,8,1101.3087554586339,4.199999999999999,56.088837519971264,342.3171967887232,201
4418.9,8,1101.3087554586339,4.199999999999999,56.095257198052806,342.2774956389525,201
4419.0,8,1101.3087554586339,4.199999999999999,56.08661370534551,342.32986700726207,201
4419.1,8,1101.3087554586339,4.199999999999999,56.09493274375836,342.2788782518455,201
4419.2,8,1101.3087554586339,4.199999999999999,56.086272949102735,342.33172321078405,201
4419.3,8,1101.3087554586339,4.199999999999999,56.191943314437985,341.6913478809944,201
4419.4,8,1101.3087554586339,4.199999999999999,56.238032388338596,341.4089741780871,201
4419.5,8,1101.3087554586339,4.199999999999999,56.22753581707194,341.47230981971353,201
4419.6,8,1101.3087554586339,4.199999999999999,56.23310600985695,341.4380494160331,201
4419.7,8,1101.3087554586339,4.199999999999999,56.21712810394395,341.5352605059859,201
4419.8,8,1101.3087554586339,4.199999999999999,56.21534425349847,341.5459116679511,201
4419.9,9,1101.3087554586339,3.5,56.20252199045437,341.62361419511257,201
4420.0,9,1101.3087554586339,3.2,56.202312914677606,341.62433140340875,201
4420.1,9,1101.3087554586339,3.2,56.20745161482557,341.59266971269136,201
4420.2,10,1101.3087554586339,3.2,55.94179846738829,343.21429678814764,201
4420.3,10,1101.3087554586339,4.0,55.92297208982572,343.3298132491077,201
4420.4,10,1101.3087554586339,4.0,55.92561234615417,343.31334164289876,201
4420.5,10,1101.3087554586339,4.0,55.922429038896425,343.3328248324646,201
4420.6,10,1101.3087554586339,4.0,55.89258316207065,343.5161818416227,201
4420.7,10,1101.3087554586339,4.0,55.924614889136734,343.3193680774991,201
4420.8,11,1101.3087554586339,3.2,55.893397883038894,343.51112101689455,201
4420.9,8,1101.2679532649543,3.6,55.88802097981035,343.54433782718,201
4421.0,8,1101.2679532649543,4.199999999999999,55.868198324595355,343.66615213523136,201
4421.1,8,1101.2679532649543,4.199999999999999,55.721842250820856,344.5709756319601,201
4421.2,8,1101.2679532649543,4.199999999999999,55.69416400248822,344.7423929208305,201
4421.3,8,1101.2679532649543,4.199999999999999,55.66253789885012,344.938462577761,201
4421.4,8,1101.2679532649543,4.199999999999999,55.649693013538396,345.01818947998447,201
4421.5,8,1101.2679532649543,4.199999999999999,55.632816724089764,345.1243092441155,201
4421.6,7,1101.2273511258054,3.5,55.59995730048265,345.3271636022259,201
4421.7,7,1101.2273511258054,4.199999999999999,55.50876398285489,345.8953288517554,201
4421.8,7,1101.2273511258054,4.199999999999999,55.47230786681175,346.12252598626856,201
4421.9,7,1101.2273511258054,4.199999999999999,55.51282222313055,345.8678120478962,201
4422.0,7,1101.2273511258054,4.199999999999999,55.489639668468826,346.0119233527771,201
4422.1,7,1101.2273511258054,4.199999999999999,55.480348160933346,346.0698791386336,201
4422.2,7,1101.2273511258054,4.199999999999999,55.4614986415577,346.18732651240555,201
4422.3,7,1101.2273511258054,4.199999999999999,55.43048350239572,346.38099702254704,201
4422.4,7,1101.2273511258054,4.199999999999999,55.40109967410018,346.56436232838564,201
4422.5,9,1101.2273511258054,3.5,55.37531920467589,346.7253816780708,201
4422.6,9,1101.2273511258054,3.2,55.357235884117244,346.8385687702817,201
4422.7,9,1101.2273511258054,3.2,55.34010094230885,346.94581118841876,201
4422.8,9,1101.2273511258054,3.2,55.31288464575882,347.1163209849147,201
4422.9,9,1101.2273511258054,3.2,55.289346750582524,347.2640664380632,201
4423.0,9,1101.2273511258054,3.2,55.275878893456124,347.3486968575863,201
4423.1,9,1101.2273511258054,3.2,55.251731142450154,347.50045117781985,201
4423.2,9,1101.2273511258054,3.2,55.22956156678133,347.6399136413118,201
4423.3,9,1101.2273511258054,3.2,55.24108555382224,347.56742977770193,201
4423.4,9,1101.2273511258054,3.2,55.230358722679064,347.63492686456925,201
4423.5,9,1101.2273511258054,3.2,55.20218690827076,347.81230863383735,201
4423.6,9,1101.2273511258054,3.2,55.17771699957261,347.9665601767008,201
4423.7,8,1101.1863264567146,3.2,55.162262522149526,348.06405153483524,201
4423.8,8,1101.1863264567146,4.199999999999999,55.128239083438174,348.2790083587565,201
4423.9,8,1101.1863264567146,4.199999999999999,55.11618231232553,348.3551519736815,201
4424.0,8,1101.1863264567146,4.199999999999999,55.093508689575486,348.4985764316218,201
4424.1,8,1101.1863264567146,4.199999999999999,55.070618722184676,348.6436985047179,201
4424.2,8,1101.1863264567146,4.199999999999999,55.069048289835806,348.65363106609675,201
4424.3,8,1101.1863264567146,4.199999999999999,55.05152888399657,348.7645755280213,201
4424.4,8,1101.1863264567146,4.199999999999999,55.04218408902072,348.82398565927616,201
4424.5,8,1101.1863264567146,4.199999999999999,55.02262542443423,348.94816273693857,201
4424.6,8,1101.1863264567146,4.199999999999999,55.008462208055946,349.03815392221713,201
4424.7,8,1101.1863264567146,4.199999999999999,54.654382514599234,351.3007590540792,201
4424.8,8,1101.1863264567146,4.199999999999999,54.62506167307936,351.48991125330406,201
4424.9,8,1101.1863264567146,4.199999999999999,54.621546648012014,351.51232608831606,201
4425.0,8,1101.1863264567146,4.199999999999999,54.606599460459506,351.6085081099898,201
4425.1,8,1101.1863264567146,4.199999999999999,54.59037523077383,351.7136160290909,201
4425.2,8,1101.1863264567146,4.199999999999999,54.55819629149572,351.9220211544191,201
4425.3,8,1101.1863264567146,4.199999999999999,54.54611297948047,351.9999256394196,201
4425.4,8,1101.1863264567146,4.199999999999999,54.53364158872006,352.0805826289254,201
4425.5,8,1101.1863264567146,4.199999999999999,54.52027561857882,352.1668921222941,201
4425.6,8,1101.1863264567146,4.199999999999999,54.663307133747296,351.25985845876,201
4425.7,8,1101.1863264567146,4.199999999999999,54.655250160270555,351.31028076951867,201
4425.8,8,1101.1863264567146,4.199999999999999,54.480713384944025,352.42559975522215,201
4425.9,8,1101.1863264567146,4.199999999999999,54.51584375605175,352.1965180392217,201
4426.0,8,1101.1863264567146,4.199999999999999,54.4961380861512,352.3241668018477,201
4426.1,8,1101.1863264567146,4.199999999999999,54.486116164374494,352.3894850455481,201
4426.2,8,1101.1863264567146,4.199999999999999,54.480574325653066,352.4246350170229,201
4426.3,8,1101.1448844206386,4.199999999999999,54.48044239369598,352.42523408297234,201
4426.4,8,1101.1448844206386,4.8999999999999995,54.46486674802698,352.52649248246007,201
4426.5,8,1101.1448844206386,4.8999999999999995,54.334531802525845,353.37986230669634,201
4426.6,8,1101.1448844206386,4.8999999999999995,54.325939859705905,353.43562416760733,201
4426.7,8,1101.1448844206386,4.8999999999999995,54.31978143685538,353.47550766425286,201
4426.8,8,1101.1448844206386,4.8999999999999995,54.29333860394601,353.6490097272505,201
4426.9,8,1101.1448844206386,4.8999999999999995,54.286921928949695,353.69173740080896,201
4427.0,8,1101.1448844206386,4.8999999999999995,54.28562922806712,353.70047520130777,201
4427.1,8,1101.1448844206386,4.8999999999999995,54.27219504972076,353.7885765189166,201
4427.2,8,1101.1448844206386,4.8999999999999995,54.08155637127827,355.0241157962647,201
4427.3,8,1101.1448844206386,4.8999999999999995,54.07214542950108,355.08569770310237,201
4427.4,8,1101.1448844206386,4.8999999999999995,54.045593234213555,355.26055012057884,201
4427.5,8,1101.1448844206386,4.8999999999999995,54.05566849614827,355.19373763468803,201
4427.6,8,1101.1448844206386,4.8999999999999995,54.03495104685878,355.33035431883116,201
4427.7,8,1101.1448844206386,4.8999999999999995,54.02587255620711,355.38996897260324,201
4427.8,8,1101.1448844206386,4.8999999999999995,54.02855303070913,355.3717904247019,201
4427.9,8,1101.1448844206386,4.8999999999999995,54.00883533580339,355.5017250089908,201
4428.0,8,1101.1448844206386,4.8999999999999995,53.98240019767679,355.67594841676504,201
4428.1,8,1101.1448844206386,4.199999999999999,53.8153272257003,356.7900905105633,201
4428.2,8,1101.1448844206386,4.199999999999999,53.81089878590693,356.8188554627595,201
4428.3,8,1101.1448844206386,4.199999999999999,53.84460306916253,356.5915038225246,201
4428.4,8,1101.1448844206386,4.199999999999999,53.91120546619101,356.1603590409355,201
4428.5,8,1101.1448844206386,4.199999999999999,53.906611955207666,356.1896450065525,201
4428.6,8,1101.1448844206386,4.199999999999999,53.88322516665531,356.3451089812025,201
4428.7,8,1101.1448844206386,4.199999999999999,53.893536292266006,356.2759099863964,201
4428.8,8,1101.1448844206386,4.199999999999999,53.84594243067191,356.5940220270254,201
4428.9,8,1101.1448844206386,4.199999999999999,53.83779058462066,356.6479219560647,201
4429.0,8,1101.1448844206386,4.199999999999999,53.81825075489895,356.7768096118118,201
4429.1,8,1101.1448844206386,4.199999999999999,53.7949517485827,356.9327861148066,201
4429.2,8,1101.1448844206386,4.199999999999999,53.782650709095805,357.01523103230033,201
4429.3,8,1101.1448844206386,4.199999999999999,53.748352799950474,357.2433645239224,201
4429.4,8,1101.103000095033,4.199999999999999,53.73151429792488,357.3558130098662,201
4429.5,8,1101.103000095033,4.8999999999999995,53.707818012230916,357.5134046617056,201
4429.6,8,1101.103000095033,4.8999999999999995,53.69102753601592,357.6253011848113,201
4429.7,8,1101.103000095033,4.8999999999999995,53.667461780416694,357.783080331519,201
4429.8,8,1101.103000095033,4.8999999999999995,53.66357025868905,357.80773418102234,201
4429.9,8,1101.103000095033,4.8999999999999995,53.63439473975199,358.00380088146255,201
4430.0,8,1101.103000095033,4.8999999999999995,53.520856678138415,358.75447940968274,201
4430.1,8,1101.103000095033,4.8999999999999995,53.51369355278551,358.8026230915733,201
4430.2,8,1101.103000095033,4.8999999999999995,53.49953734736313,358.8980447042469,201
4430.3,8,1101.103000095033,4.8999999999999995,53.48800141081017,358.97487194051416,201
4430.4,8,1101.103000095033,4.8999999999999995,53.47687059027114,359.04906840684436,201
4430.5,8,1101.103000095033,4.8999999999999995,53.46433932182557,359.1326204987431,201
4430.6,8,1101.103000095033,4.8999999999999995,53.4501755925877,359.2282387076429,201
4430.7,8,1101.103000095033,4.8999999999999995,53.43791349257013,359.31118544302126,201
4430.8,8,1101.103000095033,4.8999999999999995,53.42356629946362,359.40815054934285,201
4430.9,8,1101.103000095033,4.8999999999999995,53.414425501795606,359.46933328962405,201
4431.0,8,1101.103000095033,4.8999999999999995,53.38932199934594,359.63855100597505,201
4431.1,8,1101.103000095033,4.8999999999999995,53.424700738002386,359.40262841390575,201
4431.2,8,1101.103000095033,4.8999999999999995,53.40608120086364,359.5286983934542,201
4431.3,8,1101.103000095033,4.8999999999999995,53.393246865473515,359.6150143768436,201
4431.4,8,1101.103000095033,4.8999999999999995,53.35803143033941,359.8538236276665,201
4431.5,8,1101.103000095033,4.8999999999999995,53.357387693613774,359.85768668610467,201
4431.6,8,1101.103000095033,4.8999999999999995,53.34269439113697,359.956291040755,201
4431.7,8,1101.103000095033,4.8999999999999995,53.31973212678625,360.1114079053602,201
4431.8,8,1101.103000095033,4.8999999999999995,53.308438449936105,360.18805816553686,201
4431.9,8,1101.103000095033,4.8999999999999995,53.30515389761883,360.2089933533545,201
4432.0,8,1101.103000095033,4.8999999999999995,53.29551916614891,360.2741281264467,201
4432.1,8,1101.103000095033,4.8999999999999995,53.266475263036654,360.4714444912572,201
4432.2,8,1101.103000095033,4.8999999999999995,53.257030772054975,360.53601055968466,201
4432.3,8,1101.103000095033,4.8999999999999995,53.23345889864955,360.69595038871944,201
4432.4,8,1101.103000095033,4.8999999999999995,53.208949315832655,360.8635069619212,201
4432.5,8,1101.103000095033,4.199999999999999,53.21087908561646,360.84884683446114,201
4432.6,8,1101.103000095033,4.199999999999999,53.1780614837126,361.0746273173813,201
4432.7,8,1101.103000095033,4.199999999999999,53.16895284637749,361.1370833207749,201
4432.8,8,1101.103000095033,4.199999999999999,53.15474927367072,361.2353677979431,201
4432.9,8,1101.103000095033,4.199999999999999,53.144512676680606,361.30535673020574,201
4433.0,8,1101.103000095033,4.199999999999999,53.15074058051498,361.26119271462426,201
4433.1,8,1101.103000095033,4.199999999999999,53.12530202291767,361.43570467680524,201
4433.2,8,1101.103000095033,4.199999999999999,53.123193026541436,361.45006928577425,201
4433.3,8,1101.103000095033,4.199999999999999,53.106623441782126,361.5636245899665,201
4433.4,8,1101.103000095033,4.199999999999999,52.98407110359467,362.3896332964123,201
4433.5,8,1101.103000095033,4.199999999999999,52.98016394745322,362.41581014786067,201
4433.6,8,1101.103000095033,4.199999999999999,52.9615428678884,362.54438163752354,201
4433.7,8,1101.103000095033,4.199999999999999,52.96036634893571,362.5520234078573,201
4433.8,8,1101.103000095033,4.199999999999999,52.93510445820441,362.7264596177048,201
4433.9,8,1101.103000095033,4.199999999999999,52.9363323303522,362.71789241602784,201
4434.0,8,1101.103000095033,4.199999999999999,52.91928704688133,362.836905924779,201
4434.1,8,1101.103000095033,4.199999999999999,52.91649989127124,362.8564103041565,201
4434.2,8,1101.103000095033,4.199999999999999,52.911022827908,362.89340770261236,201
4434.3,8,1101.103000095033,4.199999999999999,53.00765917183601,362.2450896377222,201
4434.4,8,1101.103000095033,4.199999999999999,53.03853939524153,362.0304843384756,201
4434.5,8,1101.103000095033,4.199999999999999,53.03677621921166,362.0424853816948,201
4434.6,8,1101.103000095033,4.199999999999999,53.023815836573796,362.13046539772586,201
4434.7,8,1101.103000095033,4.199999999999999,53.01613586334816,362.1828191325829,201
4434.8,8,1101.103000095033,4.199999999999999,53.007143897383756,362.2441298194959,201
4434.9,8,1101.103000095033,4.199999999999999,52.993761656049756,362.336785146824,201
4435.0,8,1101.103000095033,4.199999999999999,53.00223221697331,362.2774665955185,201
4435.1,8,1101.103000095033,4.199999999999999,52.993288024695744,362.3388999561447,201
4435.2,8,1101.103000095033,4.199999999999999,52.97955151496134,362.433231040878,201
4435.3,8,1101.103000095033,4.199999999999999,52.96678429606504,362.52182434211636,201
4435.4,8,1101.103000095033,4.199999999999999,52.89234314511164,363.02439815800426,201
4435.5,8,1101.103000095033,4.199999999999999,52.889810730014794,363.0418597409923,201
4435.6,8,1101.103000095033,4.199999999999999,52.87482363857414,363.14625531886895,201
4435.7,8,1101.103000095033,4.199999999999999,52.76752667554105,363.8981329763782,201
4435.8,8,1101.103000095033,4.199999999999999,52.77500407002546,363.84679297412185,201
4435.9,8,1101.103000095033,3.5,52.7720035353413,363.8685865004529,201
4436.0,8,1101.103000095033,3.5,52.781346325192374,363.8029242755006,201
4436.1,8,1101.103000095033,3.5,52.77081808170003,363.87788670953546,201
4436.2,8,1101.103000095033,3.5,52.774565258695894,363.8513595099705,201
4436.3,8,1101.103000095033,3.5,52.76960618616879,363.8890210077277,201
4436.4,8,1101.103000095033,3.5,52.879930431175765,363.14568350157856,201
4436.5,8,1101.103000095033,3.5,52.78858012443025,363.7573410610742,201
4436.6,8,1101.103000095033,3.5,52.78538263110782,363.78141519751125,201
4436.7,8,1101.103000095033,3.5,52.804643316353584,363.64681499149367,201
4436.8,8,1101.103000095033,3.5,52.798339829681936,363.6909561515397,201
4436.9,8,1101.103000095033,3.5,52.80733404260836,363.6289630542283,201
4437.0,8,1101.103000095033,3.5,52.81425130999334,363.5809517785857,201
4437.1,8,1101.103000095033,3.5,52.82253767266714,363.5251196516873,201
4437.2,8,1101.103000095033,3.5,52.83399375828316,363.44569120038625,201
4437.3,8,1101.103000095033,3.5,52.871379152940236,363.1846065231094,201
4437.4,8,1101.103000095033,3.5,52.87441287206003,363.1626434606029,201
4437.5,8,1101.103000095033,3.5,52.868750301549376,363.20212772112126,201
4437.6,8,1101.103000095033,3.5,52.88324964059886,363.10219812701575,201
4437.7,8,1101.103000095033,3.5,52.900346953329105,362.9839869933172,201
4437.8,8,1101.103000095033,3.5,52.98233108312833,362.4387488163874,201
4437.9,8,1101.103000095033,3.5,52.997832929781254,362.3302351118788,201
4438.0,8,1101.103000095033,3.5,52.98446392317838,362.42404117119867,201
4438.1,8,1101.103000095033,3.5,53.000453485521966,362.312698300549,201
4438.2,8,1101.103000095033,3.5,53.00334812027437,362.2925268713161,201
4438.3,8,1101.103000095033,3.5,52.8881076929204,363.0657597036233,201
4438.4,8,1101.103000095033,3.5,52.89549232562101,363.0143535164159,201
4438.5,8,1101.103000095033,3.5,52.894126745368595,363.0243587211629,201
4438.6,9,1101.103000095033,2.8,52.89466310186992,363.019670079191,201
4438.7,9,1101.103000095033,2.4000000000000004,52.902942980909756,362.9645386138774,201
4438.8,9,1101.103000095033,2.4000000000000004,52.91267538754362,362.89701448980986,201
4438.9,9,1101.103000095033,2.4000000000000004,52.8098242003082,363.61896127093604,201
4439.0,9,1101.103000095033,2.4000000000000004,52.82604703359928,363.50666976419706,201
4439.1,9,1101.103000095033,2.4000000000000004,52.838330980939475,363.4238744598393,201
4439.2,9,1101.103000095033,3.2,52.85569758015045,363.3013208385661,201
4439.3,9,1101.103000095033,3.2,52.84973705188432,363.344498322123,201
4439.4,9,1101.103000095033,3.2,52.86775731744831,363.2200154189172,201
4439.5,9,1101.103000095033,3.2,52.88131281722768,363.12571543513457,201
4439.6,9,1101.103000095033,3.2,52.896089374248405,363.0240206109603,201
4439.7,11,1101.103000095033,2.4000000000000004,52.905344673842436,362.9604658045488,201
4439.8,11,1101.103000095033,2.7,52.7952777258261,363.73989558915537,201
4439.9,11,1101.103000095033,2.7,52.94196110352866,362.7380049266527,201
4440.0,11,1101.103000095033,2.7,52.95084069681289,362.677871879698,201
4440.1,11,1101.103000095033,2.7,52.97164873155198,362.5349910179831,201
4440.2,11,1101.103000095033,2.7,52.99539507807797,362.36919884780843,201
4440.3,9,1101.103000095033,1.8,52.99753710638693,362.3569550457382,201
4440.4,2,1099.8742169479226,2.4000000000000004,53.025781679717625,362.1610552050745,201
4440.5,9,1099.8742169479226,0.4,53.03935083340755,362.0682044550764,201
4440.6,9,1099.8742169479226,2.4000000000000004,53.058011647971355,361.9409732429848,201
4440.7,9,1099.8742169479226,2.4000000000000004,53.06238321189929,361.9109950473048,201
4440.8,9,1099.8742169479226,2.4000000000000004,53.090213904257645,361.72035382888623,201
4440.9,6,1099.193925589962,2.4000000000000004,53.108536950245906,361.5941668122707,201
4441.0,6,1099.0966571322847,3.0,52.98247383187128,362.4826740237283,201
4441.1,6,1099.0966571322847,3.0,52.96166931446432,362.63119137024836,201
4441.2,6,1099.0966571322847,3.0,52.97687918637642,362.52448437763917,201
4441.3,6,1099.0966571322847,3.0,52.99113648995586,362.42731813290493,201
4441.4,6,1099.0966571322847,3.0,52.99485849948367,362.40381149831916,201
4441.5,6,1099.0966571322847,3.0,53.001998475584394,362.35800111369406,201
4441.6,6,1099.0966571322847,3.0,52.99746001027211,362.3943270565711,201
4441.7,6,1099.0966571322847,3.0,53.00692599862812,362.3315140145955,201
4441.8,6,1099.0966571322847,3.0,53.01302891165197,362.2920171595885,201
4441.9,6,1099.0966571322847,3.0,53.018872390092575,362.2561191664839,201
4442.0,6,1099.0966571322847,3.0,53.01352443511542,362.29777580882313,201
4442.1,6,1099.0966571322847,3.0,53.009348513774334,362.3329592313261,201
4442.2,6,1099.0966571322847,3.0,53.10424835107082,361.7067490726936,201
4442.3,8,1099.0966571322847,3.0,53.089554502723914,361.8112474840398,201
4442.4,8,1099.0966571322847,2.8,53.080841473928594,361.8751016723529,201
4442.5,8,1099.0966571322847,2.8,53.091437773999914,361.8032469135012,201
4442.6,8,1099.0966571322847,2.8,53.10739380447039,361.6815113622381,201
4442.7,8,1099.0966571322847,2.8,53.00625251935183,362.34419668583223,201
4442.8,10,1099.0966571322847,2.0999999999999996,53.05047651046611,362.03528443718903,201
4442.9,9,1099.0966571322847,3.2,53.05834369047216,361.9806059096517,201
4443.0,9,1099.0966571322847,3.2,53.07124614022977,361.8941090523352,201
4443.1,10,1099.0966571322847,3.2,53.06606488243414,361.9353501013562,201
4443.2,10,1099.0966571322847,3.2,53.07638528856796,361.8653550388455,201
4443.3,6,1098.9122112503655,3.2,53.06740764600198,361.93144096923197,201
4443.4,6,1098.9122112503655,3.5,53.07901365312367,361.8541180607912,201
4443.5,6,1098.9122112503655,3.5,53.08715704064393,361.80268346976095,201
4443.6,6,1098.9122112503655,3.5,53.10649221582907,361.6723636703141,201
4443.7,6,1098.9122112503655,3.5,53.11102784776939,361.643396004154,201
4443.8,6,1098.9122112503655,3.5,53.109914374839605,361.6558753179198,201
4443.9,6,1098.9122112503655,3.5,53.1301139175643,361.5180719179933,201
4444.0,6,1098.9122112503655,3.5,53.1336599716489,361.4943383486859,201
4444.1,6,1098.9122112503655,3.5,53.012604415271184,362.28896387202496,201
4444.2,10,1098.9122112503655,3.5,53.00905493290367,362.31601660361423,201
4444.3,10,1098.9122112503655,4.0,52.81221222422789,363.7229009069445,201
4444.4,10,1098.9122112503655,4.0,52.79639248686962,363.8361687225351,201
4444.5,10,1098.9122112503655,4.0,52.79935940631137,363.8168128573076,201
4444.6,10,1098.9122112503655,4.0,52.874817526397024,363.33441213700024,201
4444.7,10,1098.9122112503655,4.0,52.88403424462368,363.2674920066496,201
4444.8,10,1098.9122112503655,4.0,52.87847815538372,363.3058816085702,201
4444.9,10,1098.9122112503655,4.0,52.87420705296343,363.3378147134488,201
4445.0,10,1098.9122112503655,4.0,52.863044559260274,363.41636429925455,201
4445.1,10,1098.9122112503655,4.0,52.84995051224697,363.5104863335789,201
4445.2,10,1098.9122112503655,4.0,52.83339371600727,363.63293577750903,201
4445.3,10,1098.9122112503655,4.0,52.87578193764111,363.3300709193527,201
4445.4,10,1098.9122112503655,4.0,52.87340602091217,363.3483173102909,201
4445.5,10,1098.9122112503655,4.0,52.85860801777936,363.45794801491047,201
4445.6,10,1098.9122112503655,4.0,52.86949833699782,363.37961014436485,201
4445.7,10,1098.9122112503655,4.0,52.86495167706491,363.411866092744,201
4445.8,10,1098.9122112503655,4.0,52.86256637188973,363.4333456916488,201
4445.9,10,1098.9122112503655,4.0,52.86766283803506,363.40027632168915,201
4446.0,10,1098.9122112503655,4.0,52.75152894228255,364.1703822638157,201
4446.1,10,1098.9122112503655,4.0,52.75759925421895,364.1269192264936,201
4446.2,10,1098.9122112503655,4.0,52.74144376508413,364.24286564512585,201
4446.3,10,1098.9122112503655,4.0,52.73456991463452,364.2915217649687,201
4446.4,10,1098.9122112503655,4.0,52.744248598807566,364.2237262118705,201
4446.5,10,1098.9122112503655,4.0,52.73299187732837,364.3049610824033,201
4446.6,10,1098.9122112503655,4.0,52.714889229255775,364.43404685409837,201
4446.7,10,1098.9122112503655,4.0,52.78407916092469,363.982581079624,201
4446.8,10,1098.9122112503655,4.0,52.77103485679362,364.07653038312526,201
4446.9,10,1098.9122112503655,4.0,52.763511197143956,364.1302969332262,201
4447.0,10,1098.9122112503655,4.0,52.650065254954136,364.8777969362261,201
4447.1,10,1098.9122112503655,4.0,52.65813728958503,364.8195830402026,201
4447.2,10,1098.9122112503655,4.0,52.67067761730781,364.7279255267896,201
4447.3,10,1098.9122112503655,4.0,52.67383264310946,364.70259764971195,201
4447.4,10,1098.9122112503655,4.0,52.685905939573615,364.6135904707283,201
4447.5,10,1098.9122112503655,4.0,52.69339195375133,364.5591843452826,201
4447.6,10,1098.9122112503655,4.0,52.710143906364536,364.4385417639103,201
4447.7,6,1098.7423498554174,3.2,52.74291807491744,364.204302460427,201
4447.8,6,1098.7423498554174,3.5,52.758737400219815,364.08948482682865,201
4447.9,6,1098.7423498554174,3.5,52.78182781678761,363.9230360293845,201
4448.0,6,1098.7423498554174,3.5,52.79700120022981,363.8174361958903,201
4448.1,6,1098.7423498554174,3.5,52.82675133955621,363.60340172585325,201
4448.2,6,1098.7423498554174,3.5,52.849432207916735,363.441659414505,201
4448.3,6,1098.7423498554174,3.5,52.8674091392198,363.3107315116947,201
4448.4,10,1098.7423498554174,3.5,52.8894171947865,363.15187478305825,201
4448.5,6,1098.7423498554174,4.0,52.90501545708635,363.0372986251815,201
4448.6,6,1098.7423498554174,3.5,52.9101436777532,362.99890826771497,201
4448.7,6,1098.7423498554174,3.5,52.93073120388395,362.8510133321089,201
4448.8,6,1098.7423498554174,3.5,53.013157261989406,362.3047131427893,201
4448.9,7,1098.7626211599086,3.0,52.815656178522474,363.6638140165826,201
4449.0,10,1098.7626211599086,3.5,52.845485919662224,363.453595345327,201
4449.1,10,1098.7626211599086,4.0,52.858083943438075,363.36390592886784,201
4449.2,10,1098.7626211599086,4.0,52.85169845588476,363.4108296817924,201
4449.3,10,1098.7626211599086,4.0,52.87002223025321,363.2812991565281,201
4449.4,10,1098.7626211599086,4.0,52.89313359823555,363.12066793284055,201
4449.5,10,1098.7626211599086,4.0,52.88594095340484,363.1743417100622,201
4449.6,10,1098.7626211599086,4.0,52.909375948459235,363.00821296716106,201
4449.7,10,1098.7626211599086,4.0,52.91430930597085,362.9748433018806,201
4449.8,10,1098.7626211599086,4.0,52.922771094656355,362.91488412566673,201
4449.9,10,1098.7626211599086,4.0,52.95151671475774,362.7148230052925,201
4450.0,10,1098.7626211599086,4.0,52.86380041718656,363.2912866838732,201
4450.1,10,1098.7626211599086,4.0,52.88270847646355,363.16043099224396,201
4450.2,10,1098.7626211599086,4.0,52.893925387518564,363.0812119500115,201
4450.3,10,1098.7626211599086,4.0,52.920239810854994,362.8975919818496,201
4450.4,10,1098.7626211599086,4.0,52.930159242994065,362.82905389527224,201
4450.5,10,1098.7626211599086,4.0,52.92593346142729,362.85647333449475,201
4450.6,10,1098.7626211599086,4.0,52.93481177337094,362.7912002579577,201
4450.7,10,1098.7626211599086,4.0,52.93315398223639,362.8036762386074,201
4450.8,10,1098.7626211599086,4.0,52.9472796894799,362.70348889422826,201
4450.9,10,1098.7626211599086,4.0,52.95460602100165,362.65005786724794,201
4451.0,10,1098.7626211599086,4.0,52.967007780217095,362.56193632439397,201
4451.1,10,1098.7626211599086,4.0,52.85731222339956,363.29471387083225,201
4451.2,10,1098.7626211599086,4.0,52.745396424045566,364.08484100170176,201
4451.3,10,1098.7626211599086,4.0,52.83039098394299,363.5132737279026,201
4451.4,10,1098.7626211599086,4.0,52.85362144766866,363.34856257089484,201
4451.5,10,1098.7626211599086,4.0,52.86365929563631,363.2761434581003,201
4451.6,10,1098.7626211599086,4.0,52.87607662749669,363.1882718688438,201
4451.7,10,1098.7626211599086,4.0,52.895567196107095,363.0493762473724,201
4451.8,10,1098.7626211599086,4.0,52.9096351014885,362.9506389422906,201
4451.9,10,1098.7626211599086,4.0,52.791784144192505,363.7385209667571,201
4452.0,10,1098.7626211599086,4.0,52.80818864078816,363.6214618113971,201
4452.1,7,1098.772652313584,3.2,52.80194827238299,363.66364499048075,201
4452.2,7,1098.789643266741,4.199999999999999,52.82925644876944,363.47236814087495,201
4452.3,7,1098.789643266741,4.199999999999999,52.83200705981696,363.45169153605394,201
4452.4,7,1098.789643266741,4.199999999999999,52.83649245064515,363.42092216793105,201
4452.5,7,1098.789643266741,4.199999999999999,52.83896357272694,363.4012690926521,201
4452.6,7,1098.789643266741,4.199999999999999,52.849762297761046,363.32489198792587,201
4452.7,7,1098.789643266741,4.199999999999999,52.70619075547596,364.3346797941982,201
4452.8,7,1098.789643266741,4.199999999999999,52.71698895364135,364.2586591321252,201
4452.9,7,1098.789643266741,4.199999999999999,52.73110649623487,364.15780137717,201
4453.0,7,1098.789643266741,4.199999999999999,52.73189223430906,364.1517504213682,201
4453.1,7,1098.789643266741,4.199999999999999,52.73687032284367,364.11656621222835,201
4453.2,7,1098.789643266741,4.199999999999999,52.718183194432086,364.24656886991056,201
4453.3,7,1098.789643266741,4.199999999999999,52.72284551361083,364.2119678772983,201
4453.4,7,1098.789643266741,4.199999999999999,52.714511668604175,364.2673448828781,201
4453.5,7,1098.789643266741,4.199999999999999,52.70904956168012,364.3042816990449,201
4453.6,7,1098.789643266741,4.199999999999999,52.708769139173775,364.30535369318466,201
4453.7,7,1098.789643266741,4.199999999999999,52.784761815591345,363.79270266442336,201
4453.8,7,1098.789643266741,4.199999999999999,52.60496533731024,365.0681509879593,201
4453.9,7,1098.789643266741,4.199999999999999,52.60405472179678,365.07033448753225,201
4454.0,7,1098.789643266741,4.199999999999999,52.590747165015095,365.16164491408574,201
4454.1,7,1098.789643266741,4.199999999999999,52.603958252324766,365.06810803780695,201
4454.2,7,1098.789643266741,4.199999999999999,52.58900885353701,365.1709794068763,201
4454.3,7,1098.789643266741,4.199999999999999,52.514756856700586,365.6642338946972,201
4454.4,7,1098.789643266741,4.199999999999999,52.49369459698053,365.8117563182608,201
4454.5,7,1098.7494494880002,4.199999999999999,52.504085722595924,365.7370179274211,201
4454.6,7,1098.7494494880002,4.8999999999999995,52.50102410363805,365.75558577245886,201
4454.7,7,1098.7494494880002,4.8999999999999995,52.49705785386046,365.78041623361753,201
4454.8,7,1098.7494494880002,4.8999999999999995,52.50470327019735,365.72338059145034,201
4454.9,7,1098.7494494880002,4.8999999999999995,52.48501912668884,365.86016168634717,201
4455.0,7,1098.7494494880002,4.8999999999999995,52.38019648186639,366.5764998705034,201
4455.1,7,1098.7494494880002,4.8999999999999995,52.37506738734421,366.61197275721065,201
4455.2,7,1098.7494494880002,4.8999999999999995,52.375642474344616,366.60636795415815,201
4455.3,7,1098.7494494880002,4.8999999999999995,52.36489671940339,366.6805898814629,201
4455.4,7,1098.7494494880002,4.8999999999999995,52.35813933898361,366.72674915520776,201
4455.5,7,1098.7494494880002,4.8999999999999995,52.35128856659182,366.77298763204783,201
4455.6,7,1098.7494494880002,4.8999999999999995,52.35385031150396,366.7545071896237,201
4455.7,7,1098.7494494880002,4.8999999999999995,52.34934553708673,366.78494090860727,201
4455.8,7,1098.7494494880002,4.8999999999999995,52.338455657374936,366.8613536429491,201
4455.9,7,1098.7494494880002,4.8999999999999995,52.23886157762854,367.592571966106,201
4456.0,7,1098.7494494880002,4.8999999999999995,52.21810308564122,367.73741545404084,201
4456.1,7,1098.7494494880002,4.8999999999999995,52.20377201813548,367.8365819645471,201
4456.2,7,1098.7494494880002,4.8999999999999995,52.200664831716466,367.8553320540183,201
4456.3,7,1098.7494494880002,4.8999999999999995,52.229744087676096,367.6435199547751,201
4456.4,7,1098.7494494880002,4.8999999999999995,52.22579929623304,367.66936760756226,201
4456.5,7,1098.7494494880002,4.8999999999999995,52.204494216368964,367.81836490729853,201
4456.6,7,1098.7494494880002,4.8999999999999995,52.20111574939051,367.8397458335244,201
4456.7,7,1098.7494494880002,4.8999999999999995,52.20584843711403,367.8035157365362,201
4456.8,7,1098.7095488435111,4.8999999999999995,52.1823218866675,367.9685436301734,201
4456.9,7,1098.7095488435111,5.6,52.18041472354507,367.9785328586813,201
4457.0,7,1098.7095488435111,5.6,52.158807241522325,368.1304750458701,201
4457.1,7,1098.7095488435111,5.6,52.152559418076976,368.17366338848933,201
4457.2,7,1098.7095488435111,5.6,52.15168718123529,368.1772188437682,201
4457.3,7,1098.7095488435111,5.6,52.12985731981955,368.3322008789273,201
4457.4,7,1098.7095488435111,5.6,52.136517543920974,368.2816637538083,201
4457.5,7,1098.7095488435111,5.6,52.118919337049405,368.40577282037174,201
4457.6,7,1098.7095488435111,5.6,52.110410526982484,368.4645263566265,201
4457.7,7,1098.7095488435111,5.6,52.091788989772716,368.5963295369072,201
4457.8,7,1098.7095488435111,5.6,52.095601562731474,368.56673128401405,201
4457.9,7,1098.7095488435111,5.6,52.07147643345494,368.7375213761645,201
4458.0,7,1098.7095488435111,5.6,52.074648316742156,368.7128415239117,201
4458.1,7,1098.7095488435111,5.6,52.06357143048345,368.79028847409734,201
4458.2,7,1098.7095488435111,5.6,51.98763104173112,369.3497495992889,201
4458.3,7,1098.7095488435111,5.6,51.96201369448434,369.53251987976046,201
4458.4,7,1098.7095488435111,5.6,51.970784575640224,369.45056689416685,201
4458.5,7,1098.7095488435111,5.6,51.95156892136863,369.5858919868225,201
4458.6,7,1098.7095488435111,5.6,51.91372193242451,369.855609836842,201
4458.7,7,1098.7095488435111,5.6,51.90613315315642,369.9079263908584,201
4458.8,7,1098.7095488435111,5.6,51.928998349946795,369.7422013829227,201
4458.9,7,1098.7095488435111,5.6,51.90563282210338,369.9085101785051,201
4459.0,7,1098.7095488435111,5.6,51.88383876710128,370.063481130749,201
4459.1,7,1098.7095488435111,5.6,51.85913279616314,370.24000826252404,201
4459.2,7,1098.7095488435111,5.6,51.83947188937738,370.3795977685935,201
4459.3,7,1098.7095488435111,5.6,51.663252559015135,371.63772992674745,201
4459.4,7,1098.7095488435111,5.6,51.64572800823136,371.7636399509606,201
4459.5,7,1098.7095488435111,5.6,51.6247382580295,371.91479853032064,201
4459.6,7,1098.7095488435111,5.6,51.615547614796505,371.98098322718306,201
4459.7,7,1098.7095488435111,5.6,51.578928247467964,372.24521122634445,201
4459.8,7,1098.7095488435111,5.6,51.56553829576724,372.3417677541323,201
4459.9,7,1098.7095488435111,5.6,51.55571887198696,372.41261418676083,201
4460.0,7,1098.7095488435111,5.6,51.51989433087233,372.6715875703261,201
4460.1,7,1098.7095488435111,5.6,51.51115248991525,372.734818246199,201
4460.2,7,1098.7095488435111,5.6,51.494459027984746,372.8556510137058,201
4460.3,7,1098.7095488435111,5.6,51.48440971031518,372.9284777683949,201
4460.4,7,1098.7095488435111,5.6,51.462710877451514,373.0857477916917,201
4460.5,7,1098.7095488435111,5.6,51.45887828314416,373.11359837252166,201
4460.6,7,1098.7095488435111,5.6,51.47311127781445,373.01696153110964,201
4460.7,7,1098.7095488435111,5.6,51.4539942714642,373.1549159807874,201
4460.8,7,1098.7095488435111,5.6,51.454345072034904,373.15331229866393,201
4460.9,7,1098.7095488435111,5.6,51.43868003195302,373.26741546709815,201
4461.0,7,1098.7095488435111,5.6,51.423431476435624,373.3785906872454,201
4461.1,7,1098.6694552821461,5.6,51.39857835760519,373.55870941633714,201
4461.2,7,1098.6694552821461,6.3,51.39924969249894,373.55470971722525,201
4461.3,7,1098.6694552821461,6.3,51.42175778636859,373.3954123640308,201
4461.4,7,1098.6694552821461,6.3,51.56255268042698,372.3661868832105,201
4461.5,7,1098.6694552821461,6.3,51.548261842742974,372.4700225787153,201
4461.6,7,1098.6694552821461,6.3,51.5274948247639,372.62059968085714,201
4461.7,7,1098.6694552821461,6.3,51.506636316909464,372.77173249394457,201
4461.8,7,1098.6694552821461,6.3,51.48895596744605,372.9003785709658,201
4461.9,7,1098.6694552821461,6.3,51.46589057550609,373.0674844644849,201
4462.0,7,1098.6694552821461,6.3,51.43722336676025,373.27567738549646,201
4462.1,7,1098.6694552821461,6.3,51.40810776388271,373.48720699570197,201
4462.2,7,1098.6694552821461,6.3,51.399822625773346,373.54840180318587,201
4462.3,7,1098.6694552821461,6.3,51.35777361205558,373.85428988074443,201
4462.4,7,1098.6694552821461,6.3,51.32418984490661,374.09856956425676,201
4462.5,7,1098.6694552821461,6.3,51.299414306474574,374.2794194150654,201
4462.6,8,1098.6694552821461,5.6,51.27614127125447,374.45042653708856,201
4462.7,8,1098.6694552821461,4.8999999999999995,51.275701356336064,374.45508734983605,201
4462.8,7,1098.6694552821461,4.8999999999999995,51.22925411387759,374.7930368710827,201
4462.9,7,1098.6694552821461,5.6,51.21233423050214,374.9179960164628,201
4463.0,7,1098.6694552821461,5.6,51.17464367593759,375.1937294874882,201
4463.1,7,1098.6694552821461,5.6,51.16027425201685,375.2995968721933,201
4463.2,7,1098.6694552821461,5.6,51.14867999504493,375.38506257079086,201
4463.3,7,1098.6694552821461,5.6,51.12293794877857,375.5735754058727,201
4463.4,7,1098.6694552821461,5.6,51.11072239630558,375.6637005658124,201
4463.5,7,1098.6694552821461,5.6,51.09829046741089,375.7563194850966,201
4463.6,7,1098.6694552821461,5.6,51.084080093411686,375.861855222872,201
4463.7,7,1098.6290193786763,5.6,51.07110787013164,375.95858042880513,201
4463.8,7,1098.6290193786763,6.3,51.23369330913533,374.7583611972974,201
4463.9,7,1098.6290193786763,6.3,51.20831317651286,374.94421627207737,201
4464.0,7,1098.6290193786763,6.3,51.17505906379414,375.1876901706537,201
4464.1,7,1098.6290193786763,6.3,51.149554005153306,375.3749395273956,201
4464.2,7,1098.6290193786763,6.3,51.12978607077246,375.52094526621977,201
4464.3,7,1098.6290193786763,6.3,51.11051573956484,375.6632641838617,201
4464.4,7,1098.6290193786763,6.3,51.08378376388816,375.8602196522472,201
4464.5,7,1098.6290193786763,6.3,51.041746055634086,376.1697151556491,201
4464.6,7,1098.6290193786763,6.3,50.93809354031364,376.9419900525796,201
4464.7,7,1098.6290193786763,6.3,50.925826291597595,377.03484813136686,201
4464.8,7,1098.6290193786763,6.3,50.87543149541223,377.4066295262701,201
4464.9,7,1098.6290193786763,6.3,50.85229343795714,377.57860138493777,201
4465.0,8,1098.6290193786763,5.6,50.81896138958113,377.82641248949267,201
4465.1,8,1098.6290193786763,5.6,50.785244907964014,378.07748417067774,201
4465.2,8,1098.6290193786763,5.6,50.755847162665646,378.29547043983405,201
4465.3,8,1098.6290193786763,5.6,50.74400347969426,378.3852699321252,201
4465.4,8,1098.6290193786763,5.6,50.72002383921546,378.56496829750324,201
4465.5,8,1098.6290193786763,5.6,50.67524533088263,378.8990111039009,201
4465.6,8,1098.6290193786763,5.6,50.550882290812744,379.8432804252286,201
4465.7,8,1098.6290193786763,5.6,50.55265736697557,379.83355190937203,201
4465.8,8,1098.6290193786763,5.6,50.52700776549953,380.02620399076204,201
4465.9,8,1098.6290193786763,5.6,50.50424168174125,380.199314369794,201
4466.0,8,1098.6290193786763,5.6,50.484159808394274,380.35173714694554,201
4466.1,8,1098.6290193786763,5.6,50.45266722359804,380.5886858963638,201
4466.2,8,1098.6290193786763,5.6,50.583622795018535,379.58816575008393,201
4466.3,8,1098.6290193786763,5.6,50.56529455495237,379.7270597366519,201
4466.4,8,1098.6290193786763,5.6,50.56199301181953,379.77254227906053,201
4466.5,8,1098.6290193786763,5.6,50.54154785035517,379.92541961368227,201
4466.6,8,1098.6290193786763,5.6,50.517331821286255,380.1069841881519,201
4466.7,8,1098.6290193786763,5.6,50.552301761423436,379.8519280466252,201
4466.8,8,1098.6290193786763,5.6,50.538991020903985,379.95210594229627,201
4466.9,8,1098.6290193786763,5.6,50.35730553329529,381.2996227830871,201
4467.0,8,1098.6290193786763,5.6,50.41587002373096,380.8475452746487,201
4467.1,8,1098.6290193786763,5.6,50.39087569620248,381.03510820343456,201
4467.2,8,1098.6290193786763,5.6,50.3751806534284,381.1535174816386,201
4467.3,8,1098.6290193786763,4.8999999999999995,50.34418044023126,381.37651348029806,201
4467.4,8,1098.6290193786763,4.8999999999999995,50.21738674991195,382.3454137827424,201
4467.5,8,1098.6290193786763,4.8999999999999995,50.17515287119818,382.6657981128802,201
4467.6,8,1098.6290193786763,4.8999999999999995,50.17060105573062,382.7001144146884,201
4467.7,8,1098.5887927349584,4.8999999999999995,50.152708270479934,382.8363082493528,201
4467.8,8,1098.5887927349584,5.6,50.129273515753894,383.0145282377648,201
4467.9,8,1098.5887927349584,5.6,50.113837855169834,383.13231306115057,201
4468.0,8,1098.5887927349584,5.6,50.09632038629184,383.26598616431727,201
4468.1,8,1098.5887927349584,5.6,50.076133731679334,383.4200796265775,201
4468.2,8,1098.5887927349584,5.6,50.07476943578452,383.43091518372086,201
4468.3,8,1098.5887927349584,5.6,50.04546741332007,383.65425817808836,201
4468.4,8,1098.5887927349584,5.6,50.03884581918341,383.70489452223603,201
4468.5,8,1098.5887927349584,5.6,49.879077743692434,384.9436240629751,201
4468.6,8,1098.5887927349584,5.6,49.880315787615515,384.9348131051382,201
4468.7,8,1098.5887927349584,5.6,49.865547501300654,385.0487287181463,201
4468.8,8,1098.5887927349584,5.6,49.85992990726014,385.0932645141307,201
4468.9,8,1098.5887927349584,5.6,49.84384064189866,385.2179091356909,201
4469.0,8,1098.5887927349584,5.6,49.8201381010951,385.3996783501632,201
4469.1,8,1098.5887927349584,5.6,49.7938467096854,385.6012590468558,201
4469.2,8,1098.5887927349584,5.6,49.923228215182476,384.59946289203594,201
4469.3,8,1098.5887927349584,4.8999999999999995,49.910505840903014,384.69666416824737,201
4469.4,8,1098.5887927349584,4.8999999999999995,49.90891225315437,384.70852169514285,201
4469.5,8,1098.5887927349584,4.8999999999999995,49.88655066849145,384.87955568098795,201
4469.6,8,1098.5887927349584,4.8999999999999995,49.87420220745938,384.9742969109425,201
4469.7,8,1098.5887927349584,4.8999999999999995,49.896817875518316,384.80096146592757,201
4469.8,8,1098.5887927349584,4.8999999999999995,49.85716620252504,385.10433134546895,201
4469.9,8,1098.5887927349584,4.8999999999999995,49.84509093575278,385.19750667398273,201
4470.0,8,1098.5887927349584,4.8999999999999995,49.66865632009285,386.573924472602,201
4470.1,8,1098.5887927349584,4.8999999999999995,49.65554766865129,386.67483236312205,201
4470.2,7,1098.564091863296,4.8999999999999995,49.64753996395488,386.73695640977104,201
4470.3,8,1098.564091863296,4.8999999999999995,49.6177111576946,386.96838064616196,201
4470.4,8,1098.564091863296,4.8999999999999995,49.599295053535414,387.11192959451625,201
4470.5,8,1098.564091863296,4.8999999999999995,49.59711058819274,387.129002334438,201
4470.6,8,1098.5242269157138,4.8999999999999995,49.58475972754651,387.2247963725051,201
4470.7,8,1098.5242269157138,5.6,49.57083573481672,387.3343824047963,201
4470.8,8,1098.5242269157138,5.6,49.55731908999244,387.4388621850841,201
4470.9,8,1098.5242269157138,5.6,49.54904952558166,387.503459499374,201
4471.0,8,1098.5242269157138,5.6,49.50307406706487,387.85483853139385,201
4471.1,8,1098.5242269157138,5.6,49.49310729635718,387.93299372921433,201
4471.2,8,1098.5242269157138,5.6,49.49344677739173,387.93029237038286,201
4471.3,8,1098.5242269157138,5.6,49.485748914477966,387.9906804439288,201
4471.4,8,1098.5242269157138,5.6,49.468517216215766,388.12601554869957,201
4471.5,7,1098.4849337416638,5.6,49.47045891480215,388.11062014210586,201
4471.6,7,1098.4849337416638,5.6,49.55456068521772,387.4538518914258,201
4471.7,7,1098.4849337416638,5.6,49.53631988848612,387.59712316430506,201
4471.8,7,1098.4849337416638,5.6,49.539376454642635,387.5733832760458,201
4471.9,7,1098.4849337416638,5.6,49.53825892053342,387.58258123588973,201
4472.0,7,1098.4849337416638,5.6,49.589700000392504,387.17724535544437,201
4472.1,7,1098.4849337416638,5.6,49.58306831318858,387.22914717991705,201
4472.2,7,1098.4849337416638,5.6,49.586712924361656,387.20062365514866,201
4472.3,7,1098.4849337416638,5.6,49.57085789773317,387.3247919368112,201
4472.4,8,1098.4849337416638,4.8999999999999995,49.56067217091923,387.40479371847965,201
4472.5,8,1098.4849337416638,4.8999999999999995,49.5585950124011,387.42140304843224,201
4472.6,8,1098.4849337416638,4.8999999999999995,49.57063649078863,387.3274537869736,201
4472.7,8,1098.4849337416638,4.8999999999999995,49.55641900698188,387.4392164970276,201
4472.8,8,1098.4849337416638,4.8999999999999995,49.560825201803226,387.4050238915073,201
4472.9,8,1098.4849337416638,4.8999999999999995,49.560557796086975,387.40792035541165,201
4473.0,8,1098.4849337416638,4.8999999999999995,49.54843364416499,387.50429042614576,201
4473.1,8,1098.4849337416638,4.8999999999999995,49.53863616852191,387.5833075893047,201
4473.2,8,1098.4849337416638,4.8999999999999995,49.559775298641796,387.4179901858374,201
4473.3,8,1098.4446555379286,4.8999999999999995,49.56189499405629,387.4023228497356,201
4473.4,8,1098.4446555379286,5.6,49.56219365606325,387.4012396366346,201
4473.5,8,1098.4446555379286,5.6,49.5494006260721,387.50394139175063,201
4473.6,8,1098.4446555379286,5.6,49.56518519824033,387.3802142210467,201
4473.7,8,1098.4446555379286,5.6,49.56951818707446,387.3477225403325,201
4473.8,8,1098.4446555379286,5.6,49.569511232601485,387.34926876056943,201
4473.9,8,1098.4446555379286,5.6,49.6616735572503,386.63990622330925,201
4474.0,8,1098.4446555379286,5.6,49.67549740065104,386.5321822528838,201
4474.1,8,1098.4446555379286,5.6,49.68738606339626,386.4407949895252,201
4474.2,8,1098.4446555379286,5.6,49.6816126640849,386.4872974847872,201
4474.3,8,1098.4446555379286,5.6,49.67771753040182,386.5197319511452,201
4474.4,8,1098.4446555379286,4.8999999999999995,49.70678274074362,386.29373540102193,201
4474.5,8,1098.4446555379286,4.8999999999999995,49.71771850141574,386.2100843118197,201
4474.6,8,1098.4446555379286,4.8999999999999995,49.73370283867558,386.08542116255865,201
4474.7,8,1098.4446555379286,4.8999999999999995,49.735687636015115,386.0714547877558,201
4474.8,8,1098.4446555379286,4.8999999999999995,49.73673151599756,386.0641342840014,201
4474.9,8,1098.4446555379286,4.8999999999999995,49.765332193321,385.84005691175355,201
4475.0,8,1098.4446555379286,4.8999999999999995,49.811639349321716,385.475735881804,201
4475.1,8,1098.4446555379286,4.8999999999999995,49.81448287339286,385.4546478660583,201
4475.2,8,1098.4446555379286,4.8999999999999995,49.82619465583311,385.36419149588085,201
4475.3,8,1098.4446555379286,4.8999999999999995,49.83988283577941,385.2594282840973,201
4475.4,8,1098.4446555379286,4.8999999999999995,49.860340925144314,385.099697717112,201
4475.5,8,1098.4446555379286,4.8999999999999995,49.85767547866023,385.1199503447671,201
4475.6,10,1098.4446555379286,4.199999999999999,49.86748914509454,385.04424866649015,201
4475.7,10,1098.4446555379286,4.0,49.86786290054014,385.0428391977288,201
4475.8,10,1098.4446555379286,4.0,49.881339304845795,384.93656693518926,201
4475.9,10,1098.4446555379286,4.0,49.874577309475605,384.99012258827065,201
4476.0,8,1098.4446555379286,4.0,49.892196862323715,384.85184391646624,201
4476.1,8,1098.4446555379286,4.8999999999999995,49.891912481798634,384.85631959819557,201
4476.2,8,1098.4446555379286,4.8999999999999995,49.904048716210525,384.762303075227,201
4476.3,8,1098.4446555379286,4.8999999999999995,49.92238803021648,384.61846089351025,201
4476.4,8,1098.4446555379286,4.8999999999999995,49.99647243102562,384.0605415908491,201
4476.5,8,1098.4446555379286,4.8999999999999995,50.010685797180344,383.94860023248145,201
4476.6,8,1098.4446555379286,4.8999999999999995,50.01012532878515,383.95185114962635,201
4476.7,8,1098.4446555379286,4.8999999999999995,50.01389375527436,383.92225993217755,201
4476.8,8,1098.4446555379286,4.8999999999999995,50.01228467439145,383.93307388786656,201
4476.9,8,1098.4446555379286,4.8999999999999995,50.010088858679865,383.95001505141136,201
4477.0,8,1098.4446555379286,4.8999999999999995,50.018667165277165,383.8830964623425,201
4477.1,8,1098.4446555379286,4.8999999999999995,50.00973867526793,383.95237218755676,201
4477.2,8,1098.4446555379286,4.8999999999999995,50.02893378400202,383.8034593826942,201
4477.3,8,1098.4446555379286,4.8999999999999995,50.036048734168034,383.74671980740175,201
4477.4,8,1098.4446555379286,4.8999999999999995,50.022633223267704,383.85002748674265,201
4477.5,8,1098.4446555379286,4.8999999999999995,50.02618205079394,383.82138636872986,201
4477.6,9,1098.4446555379286,4.8999999999999995,50.01891874800693,383.87694741902243,201
4477.7,9,1098.4446555379286,5.6000000000000005,50.00758764205337,383.96291701331717,201
4477.8,9,1098.4446555379286,5.6000000000000005,50.06215201106416,383.537855896251,201
4477.9,9,1098.4446555379286,5.6000000000000005,50.03848138399712,383.71913035972113,201
4478.0,9,1098.4446555379286,5.6000000000000005,50.028219654342095,383.79692118981416,201
4478.1,9,1098.4446555379286,5.6000000000000005,50.00453031415543,383.980504026106,201
4478.2,9,1098.4446555379286,5.6000000000000005,50.01291152077839,383.91455365499905,201
4478.3,9,1098.4446555379286,5.6000000000000005,50.01744527088887,383.87830868771044,201
4478.4,8,1098.4446555379286,5.6000000000000005,50.016269550948216,383.88717511558536,201
4478.5,8,1098.4446555379286,4.8999999999999995,50.00918719811109,383.9411995022379,201
4478.6,8,1098.4446555379286,4.8999999999999995,50.0029395408918,383.9894436100016,201
4478.7,8,1098.4047548175472,4.8999999999999995,49.990654814861685,384.08392309670626,201
4478.8,8,1098.4047548175472,5.6,50.05861270270451,383.56853626479955,201
4478.9,8,1098.4047548175472,5.6,50.042427633135716,383.69312464930454,201
4479.0,8,1098.4047548175472,5.6,50.035597072974724,383.74463236371713,201
4479.1,9,1098.4047548175472,4.8999999999999995,50.030804862204135,383.7809823086233,201
4479.2,9,1098.4047548175472,6.4,50.04222928992708,383.69142085353496,201
4479.3,9,1098.4047548175472,6.4,50.07314991502881,383.46359132185273,201
4479.4,9,1098.4047548175472,6.4,50.06563439474765,383.51952311320883,201
4479.5,9,1098.4047548175472,6.4,50.050753945464436,383.63390281705273,201
4479.6,9,1098.4047548175472,6.4,50.05328951957528,383.61302808581775,201
4479.7,9,1098.4047548175472,6.4,50.04274974042099,383.6935788578429,201
4479.8,9,1098.4047548175472,6.4,50.02798029028662,383.8057104388841,201
4479.9,9,1098.4047548175472,6.4,50.03190329477451,383.7749080723063,201
4480.0,9,1098.4047548175472,6.4,50.02884372782357,383.7971928017823,201
4480.1,9,1098.4047548175472,6.4,50.03045603636159,383.7834769968093,201
4480.2,9,1098.4047548175472,6.4,50.075082158983435,383.4368497375615,201
4480.3,9,1098.4047548175472,6.4,50.07161599544548,383.4619533594031,201
4480.4,9,1098.4047548175472,6.4,50.06937987608697,383.46990228465506,201
4480.5,9,1098.4047548175472,6.4,50.06676580739554,383.48971013740027,201
4480.6,9,1098.4047548175472,6.4,50.03693341394829,383.7188901906452,201
4480.7,9,1098.4047548175472,6.4,50.03780194885394,383.7120296594579,201
4480.8,9,1098.4047548175472,6.4,50.03416005459585,383.7403755910814,201
4480.9,9,1098.4047548175472,6.4,50.02468135287782,383.81316488835614,201
4481.0,9,1098.4047548175472,6.4,50.01742041386495,383.8692612623482,201
4481.1,9,1098.4047548175472,6.4,50.00321567350202,383.9785895311402,201
4481.2,9,1098.4047548175472,6.4,49.98850619912566,384.09205359697904,201
4481.3,9,1098.4047548175472,6.4,49.96219832416504,384.2950038546144,201
4481.4,9,1098.4047548175472,5.6000000000000005,49.967024093250664,384.2576805726186,201
4481.5,8,1098.4047548175472,5.6000000000000005,49.94577449181725,384.4222740004251,201
4481.6,9,1098.4047548175472,4.8999999999999995,49.952340427274315,384.37055970111686,201
4481.7,9,1098.4047548175472,5.6000000000000005,49.93795639988814,384.48207568098644,201
4481.8,9,1098.4047548175472,5.6000000000000005,49.93662308618468,384.4923323908336,201
4481.9,9,1098.4047548175472,5.6000000000000005,49.9264423800788,384.57160463044045,201
4482.0,9,1098.4047548175472,5.6000000000000005,49.92023892149114,384.6193782133846,201
4482.1,9,1098.4047548175472,5.6000000000000005,49.875267207171774,384.96477928428226,201
4482.2,10,1098.4047548175472,5.6000000000000005,49.94869748898005,384.40290710929537,201
4482.3,10,1098.4047548175472,5.6000000000000005,49.95676557330707,384.3404629329842,201
4482.4,10,1098.4047548175472,5.6000000000000005,49.97044507263568,384.2347983179919,201
4482.5,10,1098.4047548175472,5.6000000000000005,49.97466546764741,384.2023377319895,201
4482.6,10,1098.4047548175472,5.6000000000000005,49.97521810162513,384.1986690810049,201
4482.7,10,1098.4047548175472,5.6000000000000005,49.96547128867506,384.2751488156956,201
4482.8,9,1098.4047548175472,5.6000000000000005,50.03134642019339,383.7654659862059,201
4482.9,9,1098.4047548175472,6.4,50.04642192279566,383.6493307900831,201
4483.0,9,1098.4047548175472,6.4,50.045043786605774,383.66013164702383,201
4483.1,9,1098.4047548175472,6.4,50.03734502384962,383.7210579629354,201
4483.2,9,1098.4047548175472,6.4,50.04466776171833,383.66517259749094,201
4483.3,9,1098.4047548175472,6.4,49.97388028266373,384.2155932038609,201
4483.4,9,1098.4047548175472,6.4,49.986450749187654,384.1204792246931,201
4483.5,9,1098.4047548175472,6.4,50.00462978449468,383.98060005234584,201
4483.6,9,1098.4047548175472,6.4,50.01566695480358,383.89631834757824,201
4483.7,9,1098.4047548175472,6.4,50.02089991963662,383.8569892775987,201
4483.8,9,1098.4047548175472,6.4,50.02413438180395,383.83311732377103,201
4483.9,9,1098.4047548175472,6.4,50.025964350597725,383.82025995200274,201
4484.0,9,1098.4047548175472,6.4,50.045404004880034,383.6708267113945,201
4484.1,10,1098.4047548175472,6.4,50.050588467514046,383.63166474598995,201
4484.2,10,1098.4047548175472,6.4,50.07157508852673,383.470934481928,201
4484.3,10,1098.4047548175472,6.4,50.08435458229236,383.37292074961897,201
4484.4,10,1098.4047548175472,6.4,50.08325883620154,383.38224564417897,201
4484.5,9,1098.4047548175472,5.6000000000000005,50.01742511766753,383.8784368224776,201
4484.6,9,1098.4047548175472,6.4,50.02645151437288,383.8098977226269,201
4484.7,9,1098.4047548175472,6.4,50.047506001068115,383.64796587309365,201
4484.8,9,1098.4047548175472,6.4,50.04523640088992,383.6670838906708,201
4484.9,9,1098.4047548175472,6.4,50.05338263432142,383.60569805763123,201
4485.0,9,1098.4047548175472,6.4,50.13788013991249,382.96636192703454,201
4485.1,9,1098.4047548175472,6.4,50.13806003790681,382.9659896925898,201
4485.2,10,1098.4047548175472,5.6000000000000005,50.043059548310964,383.7086680823976,201
4485.3,10,1098.4047548175472,5.6000000000000005,50.04781089543853,383.67430355382845,201
4485.4,10,1098.4047548175472,5.6000000000000005,50.036330805911845,383.76701760695573,201
4485.5,10,1098.4047548175472,5.6000000000000005,50.11392867924329,383.1635854069999,201
4485.6,10,1098.4047548175472,5.6000000000000005,50.118497511214954,383.13045997613267,201
4485.7,10,1098.4047548175472,5.6000000000000005,50.109934773516265,383.19879620491884,201
4485.8,10,1098.4047548175472,5.6000000000000005,50.12646012279485,383.0724228383656,201
4485.9,10,1098.4047548175472,5.6000000000000005,50.140630349563814,382.9661553262632,201
4486.0,10,1098.4047548175472,5.6000000000000005,50.14354945311292,382.94612197740514,201
4486.1,10,1098.4047548175472,5.6000000000000005,50.15332718907133,382.87322870955234,201
4486.2,10,1098.4047548175472,5.6000000000000005,50.17110070652513,382.73727270432266,201
4486.3,10,1098.4047548175472,5.6000000000000005,50.16010935444494,382.8254856892331,201
4486.4,10,1098.4047548175472,4.800000000000001,50.099795171780215,383.2743633591124,201
4486.5,10,1098.4047548175472,4.800000000000001,50.114504139936116,383.1632221780418,201
4486.6,10,1098.4047548175472,4.800000000000001,50.11803284696698,383.13786956828926,201
4486.7,10,1098.4047548175472,4.800000000000001,50.13236288980953,383.03032002824887,201
4486.8,10,1098.4047548175472,4.800000000000001,50.14626924830625,382.92352585127225,201
4486.9,10,1098.4047548175472,4.800000000000001,50.13915925785446,382.98195327806354,201
4487.0,10,1098.4047548175472,4.800000000000001,50.16707504224853,382.76693702899695,201
4487.1,10,1098.4047548175472,4.800000000000001,50.21524785747329,382.41275239248694,201
4487.2,10,1098.4047548175472,4.800000000000001,50.230548099005155,382.29999094236234,201
4487.3,10,1098.4047548175472,4.800000000000001,50.252169927145786,382.13570515107995,201
4487.4,10,1098.4047548175472,4.800000000000001,50.26566077483661,382.0360058064902,201
4487.5,10,1098.4047548175472,4.800000000000001,50.280841877160995,381.9236247903335,201
4487.6,10,1098.4047548175472,4.800000000000001,50.19628001425853,382.5504129686544,201
4487.7,10,1098.4047548175472,4.800000000000001,50.20278974859567,382.50214728938204,201
4487.8,10,1098.4047548175472,4.800000000000001,50.21778918412744,382.3879059438961,201
4487.9,10,1098.4047548175472,4.800000000000001,50.22328715234871,382.3470716603852,201
4488.0,10,1098.4047548175472,4.800000000000001,50.2914596348656,381.8194715390583,201
4488.1,10,1098.4047548175472,4.800000000000001,50.311067180737,381.66987068146926,201
4488.2,10,1098.4047548175472,4.800000000000001,50.32046718364144,381.60123269919984,201
4488.3,10,1098.4047548175472,4.800000000000001,50.32117305209914,381.59818437751176,201
4488.4,10,1098.4047548175472,4.800000000000001,50.324264049545484,381.57760653283134,201
4488.5,8,1098.3762049465092,4.0,50.33739716285274,381.47910488175205,201
4488.6,8,1098.3762049465092,4.8999999999999995,50.24761468480851,382.14554760426813,201
4488.7,8,1098.3762049465092,4.8999999999999995,50.26728943578286,381.99494623441217,201
4488.8,8,1098.3762049465092,4.8999999999999995,50.26616539324415,382.00651103980033,201
4488.9,8,1098.3762049465092,4.8999999999999995,50.26991367613732,381.9792168921614,201
4489.0,10,1098.3762049465092,4.199999999999999,50.27750073007743,381.9229533779669,201
4489.1,10,1098.3762049465092,4.800000000000001,50.305092779401164,381.712116394948,201
4489.2,10,1098.3762049465092,4.800000000000001,50.30267039206394,381.73480644522976,201
4489.3,10,1098.3762049465092,4.800000000000001,50.316300189242554,381.6291663887238,201
4489.4,10,1098.3762049465092,4.800000000000001,50.31411688313055,381.64957450392063,201
4489.5,10,1098.3762049465092,4.800000000000001,50.33911698388901,381.4606660591843,201
4489.6,10,1098.3762049465092,4.800000000000001,50.274676767795604,381.9663464365484,201
4489.7,10,1098.3762049465092,4.800000000000001,50.29385911017235,381.8199207719027,201
4489.8,10,1098.3762049465092,4.800000000000001,50.385077600402525,381.1477653917194,201
4489.9,10,1098.3762049465092,4.800000000000001,50.389764233884534,381.1158193911356,201
4490.0,10,1098.3762049465092,4.800000000000001,50.39531126444423,381.0766650337165,201
4490.1,10,1098.3762049465092,4.800000000000001,50.39686514563623,381.0690291575377,201
4490.2,10,1098.3762049465092,4.800000000000001,50.42166455291496,380.8832052661213,201
4490.3,10,1098.3762049465092,4.800000000000001,50.43385562949926,380.7931122766306,201
4490.4,10,1098.3762049465092,4.800000000000001,50.432761247016145,380.8066381237863,201
4490.5,10,1098.3762049465092,4.800000000000001,50.45198628452996,380.66119332747314,201
4490.6,10,1098.3762049465092,4.800000000000001,50.449541127146006,380.6860980715811,201
4490.7,10,1098.3762049465092,4.0,50.46723538607775,380.5548789095435,201
4490.8,10,1098.3762049465092,4.0,50.253446262419956,382.17028036253555,201
4490.9,10,1098.3762049465092,4.0,50.334512997228316,381.5376889709049,201
4491.0,10,1098.3762049465092,4.0,50.31007452436957,381.73239613360806,201
4491.1,10,1098.3762049465092,4.0,50.32360822040454,381.63333168014447,201
4491.2,10,1098.3762049465092,4.0,50.338115497422194,381.5251588614176,201
4491.3,10,1098.3762049465092,4.0,50.3572726083194,381.3795473024742,201
4491.4,10,1098.3762049465092,4.0,50.367984722559356,381.2986023470052,201
4491.5,10,1098.3762049465092,4.0,50.37685951130851,381.2348030157966,201
4491.6,10,1098.3762049465092,3.2,50.397600429133476,381.0768653802726,201
4491.7,10,1098.3762049465092,3.2,50.41793912479837,380.92401796507386,201
4491.8,10,1098.3762049465092,3.2,50.44097007069469,380.7485410915372,201
4491.9,10,1098.3762049465092,3.2,50.44214110102742,380.7435112053695,201
4492.0,8,1098.3522998471858,3.2,50.35705441669363,381.3585031846062,201
4492.1,10,1098.3522998471858,4.8999999999999995,50.375221984345046,381.21804636153763,201
4492.2,10,1098.3522998471858,3.2,50.384896708524735,381.14706879190476,201
4492.3,8,1098.3126928978068,3.2,50.41291404111004,380.93211275644796,201
4492.4,8,1098.3126928978068,5.6,50.40945788603025,380.9592813619993,201
4492.5,8,1098.3126928978068,5.6,50.425445708298184,380.8374324040717,201
4492.6,8,1098.3126928978068,5.6,50.454442209961215,380.62723870779934,201
4492.7,8,1098.3126928978068,5.6,50.47048023650632,380.5071449208528,201
4492.8,8,1098.3126928978068,4.8999999999999995,50.5044728527826,380.2470576615219,201
4492.9,8,1098.3126928978068,4.8999999999999995,50.497182991721296,380.3049662931125,201
4493.0,8,1098.3126928978068,4.8999999999999995,50.500060722941456,380.28466454870875,201
4493.1,8,1098.3126928978068,4.8999999999999995,50.43351507766605,380.80696625213454,201
4493.2,8,1098.3126928978068,4.8999999999999995,50.45435334199131,380.6482709376327,201
4493.3,8,1098.3126928978068,4.8999999999999995,50.47469388341185,380.4904424731236,201
4493.4,8,1098.3126928978068,4.8999999999999995,50.49087941547247,380.3684109116414,201
4493.5,8,1098.3126928978068,4.8999999999999995,50.519164771257145,380.15175047862317,201
4493.6,8,1098.3126928978068,4.8999999999999995,50.55742420875762,379.8574655281134,201
4493.7,8,1098.3126928978068,4.8999999999999995,50.561567856304904,379.82610690031777,201
4493.8,12,1098.3126928978068,4.8999999999999995,50.577170133337944,379.70691851217805,201
4493.9,12,1098.3126928978068,4.5,50.59880909158255,379.5431379304981,201
4494.0,10,1098.3126928978068,4.5,50.62973274845838,379.3077996823523,201
4494.1,10,1098.3126928978068,4.0,50.63812335952463,379.24427485454675,201
4494.2,10,1098.3126928978068,4.0,50.4641209006212,380.5988010575552,201
4494.3,10,1098.3126928978068,4.0,50.48578952053272,380.43380004754636,201
4494.4,10,1098.3126928978068,4.0,50.5053183736764,380.28547395142186,201
4494.5,10,1098.3126928978068,4.0,50.513764279691785,380.22093970338835,201
4494.6,10,1098.3126928978068,4.0,50.5176366032062,380.19501796420946,201
4494.7,10,1098.3126928978068,4.0,50.533981469106806,380.0707941753488,201
4494.8,10,1098.3126928978068,4.0,50.56443824120302,379.8392198600899,201
4494.9,10,1098.3126928978068,4.0,50.582896548772666,379.69812228197407,201
4495.0,8,1098.2736678549268,4.0,50.56830302825484,379.81174044790106,201
4495.1,9,1098.2736678549268,5.6,50.5668069252057,379.80677118718916,201
4495.2,8,1098.2736678549268,5.6000000000000005,50.58562714810027,379.6662478895922,201
4495.3,8,1098.2736678549268,5.6,50.61393279230221,379.45277214969775,201
4495.4,9,1098.2736678549268,5.6,50.63101009198047,379.3224854944782,201
4495.5,8,1098.2736678549268,5.6000000000000005,50.65035997770789,379.1750618824143,201
4495.6,8,1098.2736678549268,5.6,50.66830183721555,379.0413048405428,201
4495.7,8,1098.2736678549268,5.6,50.694824558293064,378.84043892823485,201
4495.8,8,1098.2736678549268,5.6,50.69894126494408,378.8115225780057,201
4495.9,9,1098.2736678549268,5.6,50.73441800975657,378.5406308751683,201
4496.0,9,1098.2736678549268,5.6000000000000005,50.736084382889665,378.53156297600333,201
4496.1,10,1098.2736678549268,5.6000000000000005,50.766213340865015,378.3049319131329,201
4496.2,10,1098.2736678549268,4.800000000000001,50.769291010847446,378.2836917190092,201
4496.3,9,1098.2736678549268,4.800000000000001,50.795453422220085,378.08893234922573,201
4496.4,9,1098.2736678549268,5.6000000000000005,50.72339222810871,378.6037162514093,201
4496.5,9,1098.2736678549268,5.6000000000000005,50.61184462998706,379.47124892227595,201
4496.6,8,1098.2736678549268,4.800000000000001,50.62655488729858,379.36203053998014,201
4496.7,8,1098.2736678549268,4.8999999999999995,50.641788896553365,379.2490920569703,201
4496.8,8,1098.2736678549268,4.8999999999999995,50.63915488522647,379.27156799762315,201
4496.9,10,1098.2736678549268,4.8999999999999995,50.673313685989264,379.0149500607009,201
4497.0,10,1098.2736678549268,4.800000000000001,50.66753528947447,379.0658123144341,201
4497.1,10,1098.2736678549268,4.800000000000001,50.69885851937613,378.830501089805,201
4497.2,8,1098.2736678549268,4.0,50.74287021667594,378.4938244406893,201
4497.3,8,1098.2736678549268,4.8999999999999995,50.72949706030188,378.60427315341263,201
4497.4,8,1098.2736678549268,4.8999999999999995,50.75411562463522,378.42195036979416,201
4497.5,8,1098.2736678549268,4.8999999999999995,50.77408377406458,378.2722694142347,201
4497.6,8,1098.2337578419667,4.8999999999999995,50.78454656121608,378.1976606017787,201
4497.7,8,1098.2337578419667,5.6,50.81033591768232,378.00255332289987,201
4497.8,8,1098.2337578419667,5.6,50.81435444237616,377.97394936558976,201
4497.9,8,1098.2337578419667,5.6,50.84160789433972,377.7703615826573,201
4498.0,8,1098.2337578419667,5.6,50.8563092020137,377.6635806038387,201
4498.1,7,1098.3703095307767,5.6,50.90738875088985,377.2970234748234,201
4498.2,8,1098.3703095307767,5.6,50.91337394443478,377.2544783623292,201
4498.3,8,1098.3703095307767,5.6,50.9373220451735,377.07203568326474,201
4498.4,8,1098.3703095307767,5.6,50.94295761813534,377.03407650372577,201
4498.5,8,1098.3703095307767,5.6,50.93059370697398,377.12936724311373,201
4498.6,8,1098.3703095307767,5.6,50.94692899593473,377.00648492643245,201
4498.7,8,1098.3703095307767,5.6,50.878776294214695,377.48645430377076,201
4498.8,8,1098.3703095307767,5.6,50.890122254581016,377.40425304825305,201
4498.9,8,1098.3703095307767,5.6,50.92467077225572,377.146247695421,201
4499.0,8,1098.3703095307767,5.6,50.93189462184149,377.09426595410116,201
4499.1,8,1098.3703095307767,5.6,50.948164900237764,376.97158484525494,201
4499.2,8,1098.3703095307767,5.6,50.95970211135737,376.890192322761,201
4499.3,8,1098.3703095307767,5.6,50.98099218645574,376.7306360430354,201
4499.4,8,1098.3703095307767,5.6,50.993504410059415,376.64124602887307,201
4499.5,8,1098.3703095307767,5.6,51.0119079534619,376.50433304684236,201
4499.6,8,1098.3703095307767,4.8999999999999995,50.7618988738095,378.37270005492235,201
4499.7,8,1098.3703095307767,4.8999999999999995,50.77189530323993,378.2996387693921,201
4499.8,8,1098.3703095307767,4.8999999999999995,50.78372618502262,378.21448719322956,201
4499.9,8,1098.3703095307767,4.8999999999999995,50.798183848747826,378.1072298917543,201
4500.0,10,1098.3703095307767,4.8999999999999995,50.79705215468175,378.1182003336286,201
4500.1,10,1098.3703095307767,4.800000000000001,50.824429570223884,377.86894193633657,201
4500.2,8,1098.3703095307767,4.0,50.888619501716875,377.3820691598072,201
4500.3,8,1098.3703095307767,4.8999999999999995,50.88058841761235,377.445884006477,201
4500.4,8,1098.3703095307767,4.8999999999999995,50.93435100845001,377.05950425147694,201
4500.5,8,1098.3703095307767,4.8999999999999995,50.83118651762421,377.802933826287,201
4500.6,8,1098.3703095307767,4.8999999999999995,50.83913870333098,377.74239490744014,201
4500.7,8,1098.3703095307767,4.8999999999999995,50.843301765486565,377.713463692604,201
4500.8,8,1098.3703095307767,4.8999999999999995,50.86074423736076,377.5834712549629,201
4500.9,8,1098.3703095307767,4.8999999999999995,50.85817111319081,377.6074865719323,201
4501.0,8,1098.3703095307767,4.8999999999999995,50.88766307755996,377.38642566813564,201
4501.1,8,1098.3703095307767,4.8999999999999995,50.9079533764149,377.2364496231936,201
4501.2,8,1098.3703095307767,4.8999999999999995,50.915307725063855,377.1850876511478,201
4501.3,8,1098.3703095307767,4.8999999999999995,50.76552062704485,378.34029165264064,201
4501.4,8,1098.3703095307767,4.8999999999999995,50.783666047650975,378.2025977746851,201
4501.5,8,1098.3703095307767,4.8999999999999995,50.77386944098561,378.2810324265603,201
4501.6,8,1098.3703095307767,4.8999999999999995,50.79405666405553,378.12891798132137,201
4501.7,7,1098.458855299089,4.8999999999999995,50.6616460181256,379.0913532138004,201
4501.8,7,1098.5169999650998,5.6,50.67926989450821,378.9608945516518,201
4501.9,7,1098.5023914201593,5.6,50.68463815178048,378.9225038403034,201
4502.0,7,1098.5023914201593,5.6,50.68830287047639,378.90195389398843,201
4502.1,7,1098.5023914201593,5.6,50.68846994128937,378.9078160697705,201
4502.2,7,1098.5023914201593,5.6,50.71177756298657,378.73526537070666,201
4502.3,7,1098.5023914201593,5.6,50.72212227649012,378.6605233120057,201
4502.4,7,1098.5023914201593,5.6,50.72659619276184,378.63173228637567,201
4502.5,8,1098.5023914201593,4.8999999999999995,50.73725205914968,378.5582170424924,201
4502.6,8,1098.5023914201593,4.8999999999999995,50.758454737843834,378.39717198374706,201
4502.7,7,1098.5023914201593,4.199999999999999,50.796262497079965,378.14373777985884,201
4502.8,8,1098.4631338238362,4.8999999999999995,50.80911081631807,378.0516560696018,201
4502.9,8,1098.4631338238362,4.8999999999999995,50.82183042016658,377.95968175476605,201
4503.0,8,1098.4631338238362,4.8999999999999995,50.8451479922071,377.7823950731463,201
4503.1,8,1098.4631338238362,4.8999999999999995,50.84368468597245,377.8006934283756,201
4503.2,8,1098.4631338238362,4.8999999999999995,50.931159850150976,377.09843979503637,201
4503.3,7,1098.4238465052044,4.8999999999999995,50.94242066327164,377.0142865865513,201
4503.4,7,1098.4238465052044,5.6,50.94435304668874,377.00035144860925,201
4503.5,7,1098.4238465052044,5.6,50.945218939883844,376.9952183950839,201
4503.6,7,1098.4238465052044,5.6,50.95334580531211,376.93621184982874,201
4503.7,7,1098.4238465052044,5.6,50.97074110654844,376.8060769045277,201
4503.8,7,1098.4238465052044,5.6,50.9860307882614,376.68887643694484,201
4503.9,7,1098.4238465052044,5.6,50.99102367023952,376.65388772170706,201
4504.0,7,1098.4238465052044,5.6,51.021249836002205,376.42418776226407,201
4504.1,7,1098.4238465052044,5.6,50.953553062153034,376.9458417949626,201
4504.2,7,1098.4238465052044,5.6,50.9663096132793,376.84899247732903,201
4504.3,7,1098.4238465052044,5.6,50.839619470299354,377.7526174220714,201
4504.4,7,1098.4238465052044,5.6,50.86467849235093,377.5627186632106,201
4504.5,7,1098.4238465052044,5.6,50.87503308746872,377.4853339933608,201
4504.6,7,1098.4238465052044,5.6,50.90454806195313,377.26476354958936,201
4504.7,7,1098.4238465052044,5.6,50.92866507985829,377.08165579521574,201
4504.8,7,1098.4238465052044,5.6,50.92822664803967,377.08839122173265,201
4504.9,7,1098.4238465052044,5.6,50.94943950484826,376.92823044551426,201
4505.0,7,1098.4238465052044,5.6,50.96377686912511,376.82096272735794,201
4505.1,7,1098.4238465052044,5.6,50.97584564166345,376.73220647471067,201
4505.2,7,1098.4238465052044,5.6,51.05134647912679,376.1850336495286,201
4505.3,7,1098.4238465052044,5.6,51.06727324459293,376.0676306996887,201
4505.4,7,1098.4238465052044,5.6,51.08889530477622,375.9099653296597,201
4505.5,7,1098.4238465052044,5.6,51.131080725300635,375.5945901249616,201
4505.6,7,1098.4238465052044,5.6,51.150191300591544,375.4533342706475,201
4505.7,7,1098.4238465052044,5.6,51.16058307027855,375.37475372084833,201
4505.8,7,1098.4238465052044,5.6,51.173972810732764,375.27703053870914,201
4505.9,7,1098.4238465052044,5.6,51.21470294414246,374.9727517897976,201
4506.0,7,1098.4238465052044,5.6,51.223526352352394,374.9078907247248,201
4506.1,7,1098.4238465052044,5.6,51.253019428375296,374.6890513925681,201
4506.2,7,1098.4238465052044,5.6,51.10989253513627,375.77034330637116,201
4506.3,7,1098.4238465052044,5.6,51.12709362347498,375.6385570090116,201
4506.4,7,1098.4238465052044,5.6,51.131704183526935,375.60292823622746,201
4506.5,7,1098.4238465052044,5.6,51.0071572922091,376.48897360119196,201
4506.6,7,1098.4238465052044,5.6,51.021047906447734,376.38777722949646,201
4506.7,7,1098.4238465052044,5.6,51.0449798604185,376.2089032737204,201
4506.8,7,1098.4238465052044,5.6,51.05928367872647,376.1028439453065,201
4506.9,7,1098.4238465052044,5.6,51.06835144744693,376.03467775017776,201
4507.0,8,1098.392976362475,4.8999999999999995,51.08404993375247,375.91812635617043,201
4507.1,8,1098.392976362475,4.8999999999999995,51.12504906363492,375.6148844275174,201
4507.2,8,1098.392976362475,4.8999999999999995,51.133430070226794,375.5570428468343,201
4507.3,8,1098.392976362475,4.8999999999999995,51.178870862294474,375.21957204497255,201
4507.4,8,1098.392976362475,4.8999999999999995,51.1820005858966,375.1980126998098,201
4507.5,8,1098.392976362475,4.8999999999999995,51.19049992764822,375.1373752996715,201
4507.6,8,1098.392976362475,4.8999999999999995,51.18326638575497,375.1962870711481,201
4507.7,8,1098.392976362475,4.8999999999999995,51.21560596875658,374.95630676968074,201
4507.8,11,1098.392976362475,4.199999999999999,51.02980950593903,376.2993788335068,201
4507.9,11,1098.392976362475,4.5,51.0514463552674,376.1399279750632,201
4508.0,11,1098.392976362475,4.5,51.04741498689995,376.17190726128933,201
4508.1,11,1098.392976362475,4.5,51.08543602564836,375.88955986823737,201
4508.2,11,1098.392976362475,4.5,51.05855772853436,376.0958229569652,201
4508.3,11,1098.392976362475,4.5,51.09421439092192,375.83048687527213,201
4508.4,11,1098.392976362475,4.5,51.09946311352796,375.79569402536526,201
4508.5,8,1098.3541895559024,4.5,51.130634639608076,375.5643533323813,201
4508.6,8,1098.3541895559024,4.8999999999999995,51.023378017264804,376.3795702995458,201
4508.7,8,1098.3541895559024,4.8999999999999995,51.04088673393905,376.2507238077048,201
4508.8,8,1098.3541895559024,4.8999999999999995,51.050814942143695,376.18205071620116,201
4508.9,8,1098.3541895559024,4.8999999999999995,51.07513415681164,376.00415849815266,201
4509.0,8,1098.3541895559024,4.8999999999999995,51.07445450308846,376.01475615078147,201
4509.1,8,1098.3541895559024,4.8999999999999995,51.10314232391168,375.8017692307599,201
4509.2,8,1098.3541895559024,4.8999999999999995,51.11939655753107,375.6875857399299,201
4509.3,8,1098.3541895559024,4.8999999999999995,51.161453826278205,375.37425720086816,201
4509.4,8,1098.3541895559024,4.8999999999999995,51.15537586583798,375.42581431508324,201
4509.5,8,1098.3541895559024,4.8999999999999995,51.188765556266326,375.1801170980332,201
4509.6,8,1098.3541895559024,4.8999999999999995,51.06166282167719,376.15398362754775,201
4509.7,8,1098.3541895559024,4.8999999999999995,51.06251029886633,376.15614281537876,201
4509.8,8,1098.3541895559024,4.8999999999999995,51.08529633962543,375.9920888442815,201
4509.9,8,1098.3541895559024,4.8999999999999995,51.102045119563286,375.871845200851,201
4510.0,8,1098.3541895559024,4.8999999999999995,51.119304791153056,375.7472014446354,201
4510.1,11,1098.3541895559024,4.199999999999999,51.067872354528326,376.0588084900244,201
4510.2,11,1098.3541895559024,4.5,51.10339482555444,375.79600963087603,201
4510.3,11,1098.3541895559024,4.5,51.327143467403104,374.2124409640144,201
4510.4,11,1098.3541895559024,4.5,51.36712954731095,373.9180129494421,201
4510.5,10,1098.3541895559024,4.5,51.398683187361414,373.6835028504677,201
4510.6,10,1098.3541895559024,4.800000000000001,51.39001987955166,373.75555517991626,201
4510.7,10,1098.3541895559024,4.800000000000001,51.44157533987689,373.3776650667773,201
4510.8,10,1098.3541895559024,4.800000000000001,51.4523966036613,373.30087064068863,201
4510.9,10,1098.3541895559024,4.800000000000001,51.47694218838992,373.12204401412015,201
4511.0,10,1098.3541895559024,4.800000000000001,51.47176205405659,373.16493039653574,201
4511.1,10,1098.3541895559024,4.800000000000001,51.51802327220025,372.825887821553,201
4511.2,10,1098.3541895559024,4.800000000000001,51.41599424966893,373.603225398752,201
4511.3,10,1098.3541895559024,4.800000000000001,51.4331287146698,373.477825933744,201
4511.4,10,1098.3541895559024,4.800000000000001,51.48827985468118,373.0668614161559,201
4511.5,8,1098.3176455790044,4.800000000000001,51.479109440405985,373.1421918032081,201
4511.6,8,1098.3176455790044,4.8999999999999995,51.51637451426021,372.8675525909508,201
4511.7,8,1098.3176455790044,4.8999999999999995,51.548178173805255,372.6337510703281,201
4511.8,8,1098.3176455790044,4.8999999999999995,51.56209695851253,372.5362753621506,201
4511.9,8,1098.3176455790044,4.8999999999999995,51.59739753761887,372.2796211268193,201
4512.0,8,1098.3176455790044,4.8999999999999995,51.62267242527119,372.0971968395883,201
4512.1,8,1098.3176455790044,4.8999999999999995,51.65491319184947,371.8617539997425,201
4512.2,8,1098.3176455790044,4.8999999999999995,51.664671058804274,371.800397698428,201
4512.3,10,1098.3176455790044,4.8999999999999995,51.52599072644068,372.7517100956193,201
4512.4,10,1098.3176455790044,4.800000000000001,51.64144931853545,371.8953549788409,201
4512.5,10,1098.3176455790044,4.800000000000001,51.560371350127646,372.5060544937601,201
4512.6,10,1098.3176455790044,4.800000000000001,51.573313316864756,372.4169959093605,201
4512.7,10,1098.3176455790044,4.800000000000001,51.608787591169616,372.15832633926806,201
4512.8,10,1098.3176455790044,4.800000000000001,51.62651965501261,372.0307243110355,201
4512.9,10,1098.3176455790044,4.800000000000001,51.661843591504805,371.7738228253435,201
4513.0,10,1098.3176455790044,4.800000000000001,51.68152249928205,371.633930718525,201
4513.1,10,1098.3176455790044,4.800000000000001,51.700885824658016,371.49731938354046,201
4513.2,10,1098.3176455790044,4.800000000000001,51.82970497767178,370.59912430034035,201
4513.3,10,1098.3176455790044,4.800000000000001,51.83969176749058,370.53282701160464,201
4513.4,10,1098.3176455790044,4.800000000000001,51.86109153795141,370.3789637747002,201
4513.5,10,1098.3176455790044,4.800000000000001,51.88737567068806,370.188787878954,201
4513.6,10,1098.3176455790044,4.800000000000001,51.89705401043991,370.1270310901898,201
4513.7,10,1098.3176455790044,4.800000000000001,51.927200993473576,369.91204690864254,201
4513.8,10,1098.3176455790044,4.800000000000001,51.85274313106038,370.4260302730171,201
4513.9,10,1098.3176455790044,4.800000000000001,51.880148977722506,370.23161564816087,201
4514.0,10,1098.3176455790044,4.800000000000001,51.89303435655238,370.1450177169637,201
4514.1,10,1098.3176455790044,4.800000000000001,51.91351337729212,370.004155169086,201
4514.2,10,1098.3176455790044,4.800000000000001,51.94091185895378,369.8105706421968,201
4514.3,10,1098.3176455790044,4.800000000000001,51.95454493221875,369.71916567873575,201
4514.4,10,1098.3176455790044,5.6000000000000005,51.98534170143193,369.50481957681325,201
4514.5,10,1098.3176455790044,5.6000000000000005,51.99628966754503,369.43274844987417,201
4514.6,10,1098.3176455790044,5.6000000000000005,52.098815559865116,368.6853835943285,201
4514.7,10,1098.3176455790044,4.800000000000001,51.99781417934446,369.4455214821535,201
4514.8,10,1098.3176455790044,4.800000000000001,52.025373047523374,369.2525104372357,201
4514.9,10,1098.3176455790044,4.800000000000001,52.05727804462008,369.02664742567674,201
4515.0,10,1098.3176455790044,4.800000000000001,52.06935283727747,368.95132609255506,201
4515.1,10,1098.3176455790044,4.800000000000001,52.09229668851091,368.7941879306495,201
4515.2,10,1098.3176455790044,4.800000000000001,52.12895022107749,368.5378345122483,201
4515.3,10,1098.3176455790044,4.800000000000001,52.110538471363355,368.6634751461895,201
4515.4,10,1098.3176455790044,4.800000000000001,52.106366752654175,368.7002145522011,201
4515.5,10,1098.3176455790044,4.800000000000001,52.138840841164026,368.46560268468966,201
4515.6,10,1098.3176455790044,4.800000000000001,52.14684429428493,368.41482680815443,201
4515.7,10,1098.3176455790044,4.800000000000001,52.1675205926352,368.2704667859788,201
4515.8,10,1098.3176455790044,4.800000000000001,52.18996992022994,368.11491607705625,201
4515.9,10,1098.3176455790044,4.800000000000001,52.220183855877785,367.90162843967664,201
4516.0,10,1098.3176455790044,4.800000000000001,52.23162132484912,367.82415085567453,201
4516.1,10,1098.3176455790044,4.800000000000001,52.24292501674462,367.7455268830354,201
4516.2,10,1098.3176455790044,4.800000000000001,52.2659232391882,367.5913502247899,201
4516.3,10,1098.3176455790044,4.800000000000001,52.29996006643353,367.3512794934769,201
4516.4,12,1098.3176455790044,4.0,52.316766383439436,367.23466480532085,201
4516.5,12,1098.3176455790044,4.5,52.34055922366136,367.0670468344522,201
4516.6,12,1098.3176455790044,4.5,52.22829156577682,367.8168418836535,201
4516.7,12,1098.3176455790044,4.5,52.24259251620853,367.71714861194516,201
4516.8,12,1098.3176455790044,4.5,52.278619107686175,367.46070228647284,201
4516.9,12,1098.3176455790044,4.5,52.29385504507546,367.3566879576641,201
4517.0,12,1098.3176455790044,4.5,52.36528324616302,366.83926278042424,201
4517.1,11,1098.3176455790044,3.6,52.404841765911044,366.5597144035666,201
4517.2,11,1098.3176455790044,4.5,52.42088632801596,366.4479914735315,201
4517.3,11,1098.3176455790044,4.5,52.42424399483437,366.4293603556504,201
4517.4,11,1098.3176455790044,4.5,52.36770648760293,366.7925664705491,201
4517.5,11,1098.3176455790044,4.5,52.295881171064636,367.3308096135885,201
4517.6,11,1098.3176455790044,4.5,52.33090933065323,367.0815747011762,201
4517.7,8,1098.2558327956876,4.5,52.35447920262753,366.9163708979375,201
4517.8,11,1098.2558327956876,4.8999999999999995,52.37736024288094,366.7553172614073,201
4517.9,8,1098.2558327956876,3.6,52.38852175992875,366.68170581279037,201
4518.0,8,1098.2558327956876,4.8999999999999995,52.41266081347416,366.51626284520376,201
4518.1,8,1098.2558327956876,4.8999999999999995,52.57441642388203,365.4388039634014,201
4518.2,8,1098.2558327956876,4.8999999999999995,52.602677621030864,365.2389650622689,201
4518.3,8,1098.2558327956876,4.8999999999999995,52.60922669070658,365.1970925347322,201
4518.4,8,1098.2558327956876,4.8999999999999995,52.63561647523534,365.01346923186605,201
4518.5,8,1098.2558327956876,4.8999999999999995,52.62426137460761,365.14418118442666,201
4518.6,8,1098.2558327956876,4.8999999999999995,52.64832767375309,364.97916206097887,201
4518.7,8,1098.2558327956876,4.8999999999999995,52.681601484999646,364.7439993143681,201
4518.8,8,1098.2558327956876,4.8999999999999995,52.7010861773966,364.610300534192,201
4518.9,8,1098.2558327956876,4.8999999999999995,52.47880557614977,366.16485127052687,201
4519.0,8,1098.2558327956876,4.8999999999999995,52.50712571045915,365.96302642768575,201
4519.1,8,1098.2558327956876,4.8999999999999995,52.522524056897026,365.8541544359057,201
4519.2,7,1098.214342931802,4.8999999999999995,52.52693843028854,365.8289237208695,201
4519.3,7,1098.2083294681468,5.6,52.5715412315073,365.5062245884526,201
4519.4,7,1098.2083294681468,5.6,52.679609640072044,364.7218666787621,201
4519.5,7,1098.2083294681468,5.6,52.67997768477801,364.71905725876195,201
4519.6,8,1098.2083294681468,4.8999999999999995,52.684506565877705,364.68844635847876,201
4519.7,8,1098.2083294681468,4.8999999999999995,52.67845696336806,364.7321214902041,201
4519.8,9,1098.2083294681468,4.199999999999999,52.52514471489832,365.8558563524058,201
4519.9,9,1098.2083294681468,4.0,52.53939121705653,365.7523012045166,201
4520.0,9,1098.2083294681468,4.0,52.54469695601884,365.7134871498531,201
4520.1,9,1098.2083294681468,4.0,52.56247847777618,365.58409934344877,201
4520.2,9,1098.2083294681468,4.0,52.56125061556704,365.5930807829209,201
4520.3,7,1098.2083294681468,4.0,52.577590914189564,365.4729211772176,201
4520.4,7,1098.2083294681468,4.8999999999999995,52.71548543623558,364.56822158413433,201
4520.5,7,1098.2083294681468,4.8999999999999995,52.71414064073515,364.5752169456946,201
4520.6,8,1098.1691066756243,4.8999999999999995,52.70671073842061,364.6314308610515,201
4520.7,8,1098.1691066756243,4.8999999999999995,52.71673978185401,364.55293329339526,201
4520.8,8,1098.1691066756243,4.8999999999999995,52.727310873535544,364.47644451244935,201
4520.9,8,1098.1691066756243,4.8999999999999995,52.74369007181737,364.3534477891895,201
4521.0,8,1098.1691066756243,4.8999999999999995,52.73771918653466,364.3927834142703,201
4521.1,8,1098.1691066756243,4.8999999999999995,52.74695845139841,364.32056160511837,201
4521.2,8,1098.1691066756243,4.8999999999999995,52.74345579173899,364.3424200770864,201
4521.3,8,1098.1691066756243,4.8999999999999995,52.749795166956055,364.2927715769415,201
4521.4,8,1098.1691066756243,4.8999999999999995,52.74075452501493,364.3540390090899,201
4521.5,9,1098.1691066756243,4.8999999999999995,52.74349195693148,364.32813706711863,201
4521.6,9,1098.1691066756243,4.800000000000001,52.74521599185838,364.3122394393714,201
4521.7,8,1098.1691066756243,4.0,52.75698439073516,364.2226105329099,201
4521.8,8,1098.1691066756243,4.8999999999999995,52.745416195973434,364.3035557446641,201
4521.9,8,1098.1691066756243,4.8999999999999995,52.75378387859277,364.2336472065591,201
4522.0,8,1098.1691066756243,4.8999999999999995,52.74549981634283,364.2871138229169,201
4522.1,8,1098.1691066756243,4.8999999999999995,52.82147166402862,363.72814490935843,201
4522.2,8,1098.1691066756243,4.8999999999999995,52.80740382795846,363.8263401228504,201
4522.3,8,1098.1691066756243,4.8999999999999995,52.8185290377687,363.7434562474665,201
4522.4,8,1098.1691066756243,4.8999999999999995,52.811315697475365,363.7904909942417,201
4522.5,8,1098.1691066756243,4.8999999999999995,52.81681346447032,363.74799819639566,201
4522.6,8,1098.1691066756243,4.8999999999999995,52.809845693756685,363.7889509227538,201
4522.7,8,1098.1691066756243,4.8999999999999995,52.91868343059902,363.07857097827736,201
4522.8,8,1098.1691066756243,4.8999999999999995,52.86088414852278,363.4543803268441,201
4522.9,8,1098.1691066756243,4.8999999999999995,52.858431896450455,363.4679223758871,201
4523.0,8,1098.1691066756243,4.8999999999999995,52.857384451091676,363.4721144263792,201
4523.1,8,1098.1691066756243,4.8999999999999995,52.86272086116926,363.4317105586782,201
4523.2,8,1098.1691066756243,4.8999999999999995,52.86134405374912,363.43737710099765,201
4523.3,8,1098.1691066756243,4.8999999999999995,52.752922774943364,364.21843079299174,201
4523.4,8,1098.1691066756243,4.8999999999999995,52.74426186497716,364.28058231323354,201
4523.5,8,1098.1691066756243,4.8999999999999995,52.75440815863922,364.2014377541316,201
4523.6,8,1098.129268369812,4.8999999999999995,52.744261653240414,364.2705356750359,201
4523.7,8,1098.129268369812,4.8999999999999995,52.75562032131397,364.1796700828063,201
4523.8,8,1098.129268369812,4.8999999999999995,52.739715684143796,364.2894819713425,201
4523.9,8,1098.129268369812,4.8999999999999995,52.75322599788379,364.18877960756765,201
4524.0,8,1098.129268369812,4.8999999999999995,52.74685655470128,364.2286888172108,201
4524.1,8,1098.129268369812,4.8999999999999995,52.76557095612205,364.08611547839615,201
4524.2,8,1098.129268369812,4.8999999999999995,52.75822178143571,364.1403086160194,201
4524.3,8,1098.129268369812,4.8999999999999995,52.76789474087296,364.0638213288634,201
4524.4,8,1098.129268369812,4.8999999999999995,52.77189808897994,364.03615990600866,201
4524.5,8,1098.129268369812,4.8999999999999995,52.77029454486594,364.0461484367304,201
4524.6,9,1098.129268369812,4.8999999999999995,52.782097281898274,363.9611087110521,201
4524.7,9,1098.129268369812,4.800000000000001,52.79989248069998,363.8337102815873,201
4524.8,8,1098.129268369812,4.800000000000001,52.86167002345542,363.38699270778386,201
4524.9,9,1098.129268369812,4.8999999999999995,52.87140858022946,363.3167092789489,201
4525.0,9,1098.129268369812,4.800000000000001,52.980666650377046,362.5991552782002,201
4525.1,8,1098.129268369812,4.0,52.98660399246406,362.5533150975027,201
4525.2,8,1098.129268369812,4.8999999999999995,52.98763353980539,362.5486602903751,201
4525.3,8,1098.129268369812,4.8999999999999995,53.00429963776835,362.4278113210356,201
4525.4,8,1098.129268369812,4.8999999999999995,53.00140540126198,362.44754384913796,201
4525.5,12,1098.129268369812,4.199999999999999,53.008258962530306,362.39933357462644,201
4525.6,8,1098.129268369812,3.6,53.01329503704031,362.3660858780557,201
4525.7,8,1098.129268369812,4.199999999999999,53.02338947670306,362.2956619801355,201
4525.8,9,1098.129268369812,4.199999999999999,53.04001875334173,362.1231324534431,201
4525.9,9,1098.129268369812,4.0,52.92469491925797,362.8821736204082,201
4526.0,9,1098.129268369812,4.0,52.938320162695966,362.78951582221265,201
4526.1,9,1098.129268369812,4.0,52.95069460992228,362.70323975652684,201
4526.2,9,1098.129268369812,4.0,52.95098318826349,362.70021620468896,201
4526.3,9,1098.129268369812,4.0,52.94732936733094,362.7254541990319,201
4526.4,9,1098.129268369812,4.0,52.95879383409921,362.6481356148604,201
4526.5,9,1098.129268369812,4.0,52.96693196581364,362.5900199384935,201
4526.6,11,1098.129268369812,3.2,52.98218578843006,362.4855170015009,201
4526.7,7,1098.0794064261852,3.6,52.97208812691248,362.5574459135115,201
4526.8,7,1098.0794064261852,4.8999999999999995,53.11645546584522,361.60554253184193,201
4526.9,7,1098.0794064261852,4.8999999999999995,53.13435908324925,361.4800235558489,201
4527.0,7,1098.0794064261852,4.8999999999999995,53.12930781415312,361.5142208685441,201
4527.1,7,1098.0794064261852,4.8999999999999995,53.14510334158318,361.4031344602644,201
4527.2,7,1098.0794064261852,4.8999999999999995,53.14602956459806,361.39749800461584,201
4527.3,7,1098.0794064261852,4.8999999999999995,53.14511323385509,361.40283089451077,201
4527.4,7,1098.0794064261852,4.8999999999999995,53.02895402129561,362.163998117123,201
4527.5,7,1098.0794064261852,4.8999999999999995,53.03439136488943,362.12562584506867,201
4527.6,7,1098.0794064261852,4.8999999999999995,53.02043709837274,362.2244789908889,201
4527.7,7,1098.0794064261852,4.8999999999999995,53.033175081862886,362.1352092634122,201
4527.8,7,1098.0794064261852,4.8999999999999995,53.03566853177138,362.1170022678258,201
4527.9,7,1098.0794064261852,4.8999999999999995,53.046037717565305,362.0436102703966,201
4528.0,7,1098.0794064261852,4.8999999999999995,53.03675409015936,362.1094610031522,201
4528.1,7,1098.0794064261852,4.8999999999999995,53.04540783795892,362.0505477251072,201
4528.2,7,1098.0794064261852,4.8999999999999995,53.02826710713748,362.1694273575548,201
4528.3,7,1098.0794064261852,4.8999999999999995,53.025252468086755,362.18859822869007,201
4528.4,7,1098.0794064261852,4.8999999999999995,53.03088469045483,362.14778991110256,201
4528.5,7,1098.0794064261852,4.8999999999999995,53.041759514110154,362.07152355648975,201
4528.6,7,1098.0794064261852,4.8999999999999995,52.93009749976084,362.86165423737623,201
4528.7,7,1098.0794064261852,4.8999999999999995,52.95402847387348,362.6942958480487,201
4528.8,7,1098.0794064261852,4.8999999999999995,52.96221960258102,362.6398264238304,201
4528.9,7,1098.0794064261852,4.8999999999999995,53.1592702488072,361.22333946490676,201
4529.0,7,1098.0794064261852,4.8999999999999995,53.29116895358068,360.3489630642689,201
4529.1,7,1098.0794064261852,4.8999999999999995,53.28977129395242,360.35833514142064,201
4529.2,7,1098.0794064261852,4.8999999999999995,53.291430311542534,360.3472776467538,201
4529.3,7,1098.0794064261852,4.8999999999999995,53.292057584005846,360.3431430116193,201
4529.4,7,1098.0794064261852,4.8999999999999995,53.28952800161881,360.35722462980397,201
4529.5,7,1098.0794064261852,4.8999999999999995,53.259636886391434,360.56309818573703,201
4529.6,7,1098.0794064261852,4.8999999999999995,53.252663152568545,360.6110581399774,201
4529.7,7,1098.0794064261852,4.8999999999999995,53.2672895537048,360.50863111110635,201
4529.8,7,1098.0794064261852,4.8999999999999995,53.25243921169306,360.6099703529993,201
4529.9,7,1098.0794064261852,4.8999999999999995,53.23146320804894,360.7556017312818,201
4530.0,7,1098.0399998833159,4.8999999999999995,53.23552311866845,360.72703646874777,201
4530.1,7,1098.0399998833159,5.6,53.23149526675275,360.754669198927,201
4530.2,7,1098.0399998833159,5.6,53.21265911363997,360.8845997755418,201
4530.3,7,1098.0399998833159,4.8999999999999995,53.02565080003953,362.1258018705803,201
4530.4,7,1098.0399998833159,4.8999999999999995,53.01013204403576,362.23254438869253,201
4530.5,7,1098.0399998833159,4.8999999999999995,52.98227450193216,362.4233025779298,201
4530.6,7,1098.0399998833159,4.8999999999999995,52.976199295514505,362.46523195909094,201
4530.7,7,1098.0399998833159,4.8999999999999995,52.98665666480434,362.3918252358752,201
4530.8,7,1098.0399998833159,4.8999999999999995,52.969916342929665,362.5076469815218,201
4530.9,7,1098.0399998833159,4.8999999999999995,52.96863492331512,362.51477539782326,201
4531.0,7,1098.0399998833159,4.8999999999999995,52.9462549322791,362.6691245741672,201
4531.1,7,1098.0399998833159,4.8999999999999995,53.172567196695994,361.1252130204324,201
4531.2,7,1098.0399998833159,4.8999999999999995,53.169969784398575,361.14192799787907,201
4531.3,7,1098.0399998833159,4.8999999999999995,53.15051202786908,361.2768159153623,201
4531.4,7,1098.0399998833159,4.8999999999999995,53.14323617310053,361.3268369966822,201
4531.5,7,1098.0399998833159,4.8999999999999995,53.112011005096846,361.5438302575574,201
4531.6,7,1098.0399998833159,4.8999999999999995,53.114323489078586,361.5262344733963,201
4531.7,7,1098.0399998833159,4.8999999999999995,53.103085576872076,361.6030849608314,201
4531.8,7,1098.0399998833159,4.8999999999999995,52.95523189837,362.5988275054534,201
4531.9,7,1098.0399998833159,4.8999999999999995,52.932586391769775,362.7559133129716,201
4532.0,7,1098.0399998833159,4.8999999999999995,52.92133805249,362.83356195113686,201
4532.1,7,1098.0399998833159,4.8999999999999995,52.85107742119885,363.4466644294206,201
4532.2,7,1098.0399998833159,4.8999999999999995,52.819378262551155,363.6742316161219,201
4532.3,7,1098.0399998833159,4.8999999999999995,52.798424907183644,363.8189764727199,201
4532.4,7,1098.0399998833159,4.8999999999999995,52.77826165322671,363.9618571319073,201
4532.5,7,1098.0399998833159,4.8999999999999995,52.740542522884354,364.2316977994644,201
4532.6,7,1098.0399998833159,4.8999999999999995,52.72908739311032,364.3125228363126,201
4532.7,8,1098.0332257974244,4.199999999999999,52.554965357837744,365.57739820165057,201
4532.8,8,1098.0065831824156,4.199999999999999,52.52683410988183,365.78072195520724,201
4532.9,8,1098.0065831824156,4.199999999999999,52.518320963242175,365.8375973215389,201
4533.0,8,1098.0065831824156,4.199999999999999,52.51010003683172,365.897408277422,201
4533.1,8,1098.0065831824156,4.199999999999999,52.504004915378175,365.93658504443727,201
4533.2,8,1098.0065831824156,4.199999999999999,52.47461178210338,366.15154065976026,201
4533.3,8,1098.0065831824156,4.199999999999999,52.470905769056984,366.171441245667,201
4533.4,8,1097.9671077992214,4.199999999999999,52.45615836706971,366.27690932172254,201
4533.5,8,1097.9671077992214,4.8999999999999995,52.55076903156447,365.65455084351174,201
4533.6,8,1097.9671077992214,4.8999999999999995,52.66951429008911,364.78520681399556,201
4533.7,8,1097.9671077992214,4.8999999999999995,52.65800231371167,364.864133123448,201
4533.8,8,1097.9671077992214,4.8999999999999995,52.62464433127804,365.10364063394604,201
4533.9,8,1097.9671077992214,4.8999999999999995,52.55429467841242,365.54947720025143,201
4534.0,7,1097.9285271822744,4.199999999999999,52.55751293453522,365.5245637604511,201
4534.1,7,1097.9285271822744,5.6,52.51323900468316,365.76344073204234,201
4534.2,7,1097.9285271822744,5.6,52.50827217235887,365.8000927424109,201
4534.3,7,1097.9285271822744,5.6,52.50379417170441,365.8302246129981,201
4534.4,7,1097.9285271822744,5.6,52.48923842125749,365.9357821575958,201
4534.5,7,1097.9285271822744,5.6,52.485994775616064,365.9618898980628,201
4534.6,7,1097.9285271822744,5.6,52.46746789784048,366.0966649149881,201
4534.7,7,1097.9285271822744,5.6,52.46612658799674,366.1054775666804,201
4534.8,7,1097.9285271822744,5.6,52.430704565853546,366.36386498029094,201
4534.9,7,1097.9285271822744,5.6,52.42559195541014,366.4055789286178,201
4535.0,7,1097.9285271822744,5.6,52.41254162926617,366.5007491440567,201
4535.1,7,1097.9285271822744,5.6,52.40045628346199,366.59313327252033,201
4535.2,7,1097.9285271822744,5.6,52.48685215058951,366.01767687969846,201
4535.3,7,1097.9285271822744,5.6,52.45967157056966,366.21042058323684,201
4535.4,7,1097.9285271822744,5.6,52.44759181363442,366.2974580162801,201
4535.5,7,1097.9285271822744,5.6,52.317828258212586,367.24877460055,201
4535.6,7,1097.9285271822744,5.6,52.309501738451004,367.30913491384536,201
4535.7,7,1097.9285271822744,5.6,52.28361132514872,367.49893642418067,201
4535.8,7,1097.9285271822744,5.6,52.255429057901935,367.70206359501003,201
4535.9,7,1097.9285271822744,5.6,52.236001234056715,367.84089225498286,201
4536.0,7,1097.9285271822744,5.6,52.228829483501876,367.89337807469366,201
4536.1,7,1097.9285271822744,5.6,52.21807428186783,367.97206066753665,201
4536.2,7,1097.9285271822744,5.6,52.19337310367426,368.14890389234284,201
4536.3,7,1097.9285271822744,5.6,52.180296091600056,368.23780571475106,201
4536.4,7,1097.9285271822744,4.8999999999999995,52.161259579851816,368.3743076204611,201
4536.5,7,1097.9285271822744,4.8999999999999995,52.138680095364954,368.53302009943667,201
4536.6,7,1097.9285271822744,4.8999999999999995,52.111940626644234,368.7310022614,201
4536.7,7,1097.9285271822744,4.8999999999999995,52.09416139737971,368.85489768212824,201
4536.8,7,1097.9285271822744,4.8999999999999995,52.02583557555526,369.2488526262889,201
4536.9,7,1097.9285271822744,4.8999999999999995,52.007069623981046,369.3889249929193,201
4537.0,7,1097.9285271822744,4.8999999999999995,51.86460645300639,370.4521341066202,201
4537.1,7,1097.9285271822744,4.8999999999999995,51.849152528436036,370.5645247548549,201
4537.2,7,1097.9285271822744,4.8999999999999995,51.82253939878623,370.76501586353186,201
4537.3,7,1097.9285271822744,4.8999999999999995,51.817769853486155,370.8008166313184,201
4537.4,7,1097.9285271822744,4.8999999999999995,51.88186584617222,370.3822291525471,201
4537.5,7,1097.9285271822744,4.8999999999999995,51.877770381543385,370.32341454106967,201
4537.6,7,1097.9285271822744,5.6,51.85593554379746,370.48214096242964,201
4537.7,7,1097.9285271822744,5.6,51.82460550959954,370.71901252205294,201
4537.8,7,1097.9285271822744,5.6,51.805733181573856,370.8561199172069,201
4537.9,7,1097.9285271822744,5.6,51.789303473722,370.97949399061883,201
4538.0,7,1097.9285271822744,5.6,51.772242105384365,371.1039099010761,201
4538.1,7,1097.9285271822744,5.6,51.74057731646394,371.33845976096245,201
4538.2,7,1097.9285271822744,5.6,51.73328404955343,371.3903759013481,201
4538.3,7,1097.9285271822744,5.6,51.69987193827014,371.6386603724188,201
4538.4,7,1097.9285271822744,5.6,51.47739054216943,373.17579763778525,201
4538.5,7,1097.9285271822744,5.6,51.45207519553644,373.3661869762409,201
4538.6,7,1097.889019096066,5.6,51.438418852006464,373.4662087658309,201
4538.7,7,1097.889019096066,6.3,51.406888622306894,373.700593531901,201
4538.8,7,1097.889019096066,6.3,51.48843333461198,373.14015515171434,201
4538.9,7,1097.889019096066,6.3,51.4589438288168,373.3581021071678,201
4539.0,7,1097.889019096066,6.3,51.52562475530726,372.8442984040199,201
4539.1,7,1097.889019096066,6.3,51.49785633073036,373.0496291308508,201
4539.2,7,1097.889019096066,6.3,51.46119611930068,373.3169752132512,201
4539.3,7,1097.889019096066,6.3,51.45106822912184,373.3904905480987,201
4539.4,7,1097.889019096066,6.3,51.41935284571051,373.6247440707472,201
4539.5,7,1097.889019096066,6.3,51.4072874512959,373.7108199607825,201
4539.6,7,1097.889019096066,6.3,51.366823778030124,374.01313078697774,201
4539.7,7,1097.889019096066,6.3,51.34404780396841,374.18110578218483,201
4539.8,7,1097.889019096066,6.3,51.3152148390307,374.39281426268417,201
4539.9,7,1097.889019096066,6.3,51.27062061922314,374.7298572129879,201
4540.0,7,1097.889019096066,5.6,51.24251066493878,374.93606506547167,201
4540.1,7,1097.889019096066,5.6,51.20461420589719,375.2191353184837,201
4540.2,7,1097.889019096066,5.6,51.17861245265986,375.41019159249754,201
4540.3,7,1097.889019096066,5.6,51.14761593352924,375.63844943098354,201
4540.4,7,1097.889019096066,5.6,51.10256078045384,375.97405311898126,201
4540.5,7,1097.889019096066,5.6,51.065062517588984,376.259050378036,201
4540.6,7,1097.889019096066,5.6,51.04268645404083,376.422927278615,201
4540.7,7,1097.889019096066,5.6,51.00542570245722,376.7008220250037,201
4540.8,7,1097.889019096066,5.6,50.98339890069525,376.8677539521816,201
4540.9,7,1097.889019096066,5.6,50.93846435358927,377.2103185989709,201
4541.0,7,1097.889019096066,5.6,50.90770223316517,377.4446832937254,201
4541.1,7,1097.889019096066,5.6,50.779955017770035,378.3646216969437,201
4541.2,7,1097.889019096066,5.6,50.75350214160332,378.5638789995802,201
4541.3,7,1097.889019096066,5.6,50.71765494893033,378.8354579358052,201
4541.4,7,1097.889019096066,5.6,50.78375124683791,378.3829574138064,201
4541.5,7,1097.889019096066,5.6,50.7407779268363,378.70886119895886,201
4541.6,7,1097.889019096066,5.6,50.713980852131215,378.91029800169554,201
4541.7,7,1097.889019096066,5.6,50.77112605022178,378.4500717462231,201
4541.8,7,1097.889019096066,5.6,50.72903970684105,378.76347522132755,201
4541.9,7,1097.889019096066,5.6,50.69136569408832,379.05187800695194,201
4542.0,7,1097.889019096066,5.6,50.64968175929455,379.3662804180143,201
4542.1,7,1097.889019096066,5.6,50.65212212402366,379.27898429031836,201
4542.2,7,1097.889019096066,5.6,50.61115854668586,379.5910677725129,201
4542.3,7,1097.889019096066,5.6,50.56990190678961,379.90282162154324,201
4542.4,7,1097.889019096066,5.6,50.53107312669013,380.19238607818573,201
4542.5,7,1097.889019096066,5.6,50.521092024298895,380.2052117820991,201
4542.6,7,1097.889019096066,5.6,50.497133356659035,380.3842597890057,201
4542.7,7,1097.889019096066,5.6,50.467276146083016,380.60570752291875,201
4542.8,7,1097.889019096066,5.6,50.42738618332514,380.91141084959804,201
4542.9,7,1097.889019096066,4.8999999999999995,50.39802594639369,381.1310345075704,201
4543.0,7,1097.889019096066,4.8999999999999995,50.359496877947265,381.4230263773019,201
4543.1,7,1097.889019096066,4.8999999999999995,50.32640528038728,381.67387617964096,201
4543.2,7,1097.889019096066,4.8999999999999995,50.29009815837987,381.9520951359077,201
4543.3,7,1097.889019096066,4.8999999999999995,50.274013119402355,382.07264183412644,201
4543.4,7,1097.889019096066,4.8999999999999995,50.256870832189584,382.1995925266993,201
4543.5,9,1097.889019096066,4.8999999999999995,50.229874342023855,382.4050558916189,201
4543.6,9,1097.889019096066,3.2,50.19343292294245,382.68337465272066,201
4543.7,9,1097.889019096066,3.2,50.24759177333543,382.30297505467956,201
4543.8,8,1097.8637012196023,3.2,50.219911360796175,382.512543808009,201
4543.9,7,1097.8637012196023,2.8,50.19044488921084,382.7329300504048,201
4544.0,7,1097.8637012196023,4.8999999999999995,50.1663161467733,382.9130853412173,201
4544.1,7,1097.8637012196023,4.8999999999999995,50.12538677582597,383.22532060729384,201
4544.2,7,1097.8637012196023,4.8999999999999995,50.18715228926995,382.72426092174646,201
4544.3,7,1097.8637012196023,4.8999999999999995,50.16923873724629,382.85614497699623,201
4544.4,7,1097.8637012196023,4.8999999999999995,50.14418445784683,383.04921085434853,201
4544.5,7,1097.8637012196023,4.8999999999999995,50.12642072647678,383.1784065438336,201
4544.6,7,1097.8637012196023,4.8999999999999995,50.09722324742957,383.40221292133765,201
4544.7,7,1097.8637012196023,4.8999999999999995,50.07297305300479,383.58846834729854,201
4544.8,7,1097.8637012196023,4.8999999999999995,50.058924898482644,383.69371613872045,201
4544.9,6,1097.0104013016803,4.8999999999999995,50.027565784997094,383.9327562173901,201
4545.0,7,1097.0104013016803,4.0,50.0247287069994,383.9459991951114,201
4545.1,7,1097.0104013016803,4.8999999999999995,50.01419828066189,384.02452383130867,201
4545.2,7,1097.0104013016803,4.8999999999999995,49.99194103806374,384.1908802459439,201
4545.3,7,1097.0104013016803,4.8999999999999995,49.98926991451289,384.20643503496945,201
4545.4,7,1097.0104013016803,4.8999999999999995,49.978251076288984,384.2879753139038,201
4545.5,7,1097.0104013016803,4.8999999999999995,49.97049214090081,384.33823888699646,201
4545.6,7,1097.0104013016803,4.8999999999999995,49.95228493929112,384.4764110181321,201
4545.7,7,1097.0104013016803,4.8999999999999995,49.94733933751964,384.50778723791063,201
4545.8,7,1097.0104013016803,4.8999999999999995,49.93272525870695,384.61324454110536,201
4545.9,7,1097.0104013016803,4.8999999999999995,49.93309079049247,384.60239632700916,201
4546.0,7,1097.0104013016803,4.8999999999999995,49.919623292171295,384.7047452465554,201
4546.1,7,1097.0104013016803,4.8999999999999995,49.91868631872258,384.70538622086286,201
4546.2,7,1097.0104013016803,4.8999999999999995,49.89188383400741,384.9099995208896,201
4546.3,7,1097.0104013016803,4.8999999999999995,49.89692631736378,384.86478114828094,201
4546.4,6,1097.0104013016803,4.199999999999999,49.89647336573742,384.8646867963814,201
4546.5,7,1097.0104013016803,4.0,49.891318315562486,384.9009322317003,201
4546.6,7,1097.0104013016803,4.199999999999999,49.979789160053315,384.2347291526148,201
4546.7,7,1097.0104013016803,4.199999999999999,49.96894806645918,384.31382545174233,201
4546.8,7,1097.0104013016803,4.199999999999999,50.0751056962272,383.4255053580316,201
4546.9,7,1097.0104013016803,4.8999999999999995,50.07253651993473,383.44464832949024,201
4547.0,7,1097.0104013016803,4.8999999999999995,50.05051849951127,383.61328353171314,201
4547.1,7,1097.0104013016803,4.8999999999999995,50.04721670002067,383.63838829860845,201
4547.2,7,1097.0104013016803,4.8999999999999995,50.03849898032102,383.7052617023087,201
4547.3,7,1097.0104013016803,4.8999999999999995,50.02790893191833,383.78656313236877,201
4547.4,7,1097.0104013016803,4.8999999999999995,50.02119831903569,383.8379331026903,201
4547.5,7,1097.0104013016803,4.8999999999999995,50.00394842859855,383.9701909540274,201
4547.6,7,1097.0104013016803,4.8999999999999995,49.984316844012476,384.12090845718865,201
4547.7,7,1097.0104013016803,4.8999999999999995,49.98990995241166,384.0779265765416,201
4547.8,7,1097.0104013016803,4.8999999999999995,49.96706912707751,384.2537387632572,201
4547.9,7,1097.0104013016803,4.8999999999999995,49.98032877386939,384.15163719487185,201
4548.0,7,1097.0104013016803,4.8999999999999995,49.95718421247095,384.32954250128597,201
4548.1,7,1097.0104013016803,4.8999999999999995,49.95168839907739,384.3718311251347,201
4548.2,7,1097.0104013016803,4.8999999999999995,49.9394324263249,384.46631011955543,201
4548.3,7,1097.0104013016803,4.8999999999999995,49.93171314938803,384.52573415956874,201
4548.4,7,1097.0104013016803,4.8999999999999995,49.919292703953545,384.6213073990838,201
4548.5,7,1097.0104013016803,4.8999999999999995,49.902692120058795,384.74938562706143,201
4548.6,7,1097.0104013016803,4.8999999999999995,49.89405567912725,384.81601342781914,201
4548.7,7,1097.0104013016803,4.8999999999999995,49.97323309253396,384.20964854648264,201
4548.8,7,1097.0104013016803,4.8999999999999995,49.956862086641735,384.3350951817615,201
4548.9,7,1097.0104013016803,4.8999999999999995,49.947708582223264,384.40556743712347,201
4549.0,7,1097.0104013016803,4.8999999999999995,49.929079444628584,384.5492400452406,201
4549.1,7,1097.0104013016803,4.8999999999999995,49.97615132449192,384.1847125287475,201
4549.2,7,1097.0104013016803,4.8999999999999995,49.94889535565985,384.3944490154348,201
4549.3,7,1097.0104013016803,4.8999999999999995,49.92204536570371,384.6014705234454,201
4549.4,7,1097.0104013016803,4.8999999999999995,49.919703235100236,384.61941552950395,201
4549.5,7,1097.0104013016803,4.8999999999999995,49.89079738468091,384.8424310227695,201
4549.6,7,1097.0104013016803,4.8999999999999995,49.86360012481683,385.05273930265105,201
4549.7,7,1097.0104013016803,4.8999999999999995,49.848349945270314,385.1704715762505,201
4549.8,7,1097.0104013016803,4.8999999999999995,49.83700508399081,385.25846064845246,201
4549.9,7,1097.0104013016803,4.8999999999999995,49.81784506363888,385.40673034376937,201
4550.0,7,1097.0104013016803,4.8999999999999995,49.80416968685716,385.51251522146293,201
4550.1,7,1097.0104013016803,4.8999999999999995,49.782136196251756,385.683464997792,201
4550.2,7,1097.0104013016803,4.8999999999999995,49.77283753513909,385.75563225786664,201
4550.3,7,1097.0104013016803,4.8999999999999995,49.75309709577638,385.90846114497,201
4550.4,7,1097.0104013016803,4.8999999999999995,49.74346285498537,385.9833141287395,201
4550.5,7,1097.0104013016803,4.8999999999999995,49.73529367006183,386.04647876893387,201
4550.6,7,1097.0104013016803,4.8999999999999995,49.73049187103135,386.0835839727873,201
4550.7,5,1096.4154706477484,4.8999999999999995,49.7115533089993,386.2308541208206,201
4550.8,5,1096.0982424271683,5.0,49.70373957988762,386.29209066621297,201
4550.9,5,1096.0305888555326,5.5,49.70614054939476,386.2734711242674,201
4551.0,5,1095.9124606675246,5.5,49.77079124165719,385.7769352401093,201
4551.1,5,1095.9124606675246,5.5,49.77609286713363,385.7356046924871,201
4551.2,5,1095.9124606675246,5.5,49.64485261616107,386.74893068360035,201
4551.3,5,1095.9124606675246,5.5,49.642831744451215,386.7642931858176,201
4551.4,5,1095.9124606675246,5.5,49.6229374883274,386.9199281453274,201
4551.5,5,1095.9124606675246,5.5,49.560385292488235,387.4195415082305,201
4551.6,5,1095.9124606675246,5.5,49.57348564091622,387.31651629652174,201
4551.7,5,1095.9124606675246,5.5,49.57556856636888,387.30027784923305,201
4551.8,5,1095.9124606675246,5.5,49.576893078104334,387.28939723520625,201
4551.9,5,1095.9124606675246,5.5,49.567727144521584,387.36172717908744,201
4552.0,5,1095.9124606675246,5.5,49.57543557672891,387.30055218497523,201
4552.1,5,1095.9124606675246,5.5,49.57198761223591,387.3273045595698,201
4552.2,5,1095.9124606675246,5.5,49.584164568538824,387.2312727583786,201
4552.3,5,1095.9124606675246,5.5,49.63614817271906,386.8159979927496,201
4552.4,5,1095.9124606675246,5.5,49.64238960565187,386.7678638026082,201
4552.5,5,1095.9124606675246,5.5,49.62552805480593,386.8993518563517,201
4552.6,5,1095.9124606675246,5.5,49.60453110694928,387.06316377813243,201
4552.7,5,1095.9124606675246,5.5,49.594823521774046,387.1393664975746,201
4552.8,5,1095.9124606675246,5.5,49.58391710639299,387.22429975863395,201
4552.9,5,1095.9124606675246,5.5,49.572265113496314,387.3159362464612,201
4553.0,5,1095.9124606675246,5.5,49.55845090398306,387.42382624437084,201
4553.1,5,1095.9124606675246,5.5,49.54436721925152,387.5344558120324,201
4553.2,5,1095.9124606675246,5.5,49.541507505510786,387.5571801117419,201
4553.3,5,1095.9124606675246,5.5,49.52697672785289,387.6717736249715,201
4553.4,7,1095.9124606675246,5.0,49.51347001463144,387.7781033993129,201
4553.5,7,1095.9124606675246,5.6,49.505374543964216,387.8420317091,201
4553.6,7,1095.9124606675246,5.6,49.49065196918616,387.9578463684659,201
4553.7,7,1095.9124606675246,5.6,49.53792303920259,387.5852091656802,201
4553.8,7,1095.9124606675246,5.6,49.55686043592017,387.45884379798974,201
4553.9,5,1095.9124606675246,4.8999999999999995,49.53146270236336,387.65817436529846,201
4554.0,5,1095.9124606675246,5.0,49.52484385187259,387.71387719889503,201
4554.1,5,1095.9124606675246,5.0,49.488930833776976,387.9958685271546,201
4554.2,5,1095.9124606675246,5.0,49.482767002085374,388.04741201209094,201
4554.3,5,1095.9124606675246,5.0,49.44685831861861,388.3305311835744,201
4554.4,5,1095.9124606675246,5.0,49.47198373395341,388.1285204134994,201
4554.5,5,1095.9124606675246,5.0,49.448061818525,388.31888445505894,201
4554.6,5,1095.9124606675246,5.0,49.43814540902312,388.40020390025353,201
4554.7,5,1095.9124606675246,5.0,49.40885450127902,388.6327837285086,201
4554.8,5,1095.9124606675246,5.0,49.25416066628263,389.8377900539623,201
4554.9,5,1095.9124606675246,5.0,49.222592929766265,390.088583399947,201
4555.0,5,1095.9124606675246,5.0,49.20641040411283,390.22012808064494,201
4555.1,5,1095.9124606675246,5.0,49.18578912609425,390.3868320319218,201
4555.2,5,1095.9124606675246,5.0,49.16522333424449,390.5529720424697,201
4555.3,5,1095.7336388118472,5.0,49.148534189104446,390.6876936392679,201
4555.4,5,1095.7336388118472,5.5,49.13785036646571,390.77812529011953,201
4555.5,5,1095.7336388118472,5.5,49.11849101998538,390.93147967608775,201
4555.6,5,1095.7336388118472,5.5,49.099886638379395,391.08133903687485,201
4555.7,5,1095.7336388118472,5.5,49.07704528121536,391.265817657689,201
4555.8,5,1095.7336388118472,5.5,49.07631502066303,391.27403190954146,201
4555.9,5,1095.7336388118472,5.5,49.06434895157298,391.3716986023261,201
4556.0,5,1095.7336388118472,5.5,49.05872346260912,391.41954307960634,201
4556.1,5,1095.7336388118472,5.5,49.057222678257716,391.4338201788328,201
4556.2,5,1095.7336388118472,5.5,48.90872211335308,392.6539488370621,201
4556.3,5,1095.7336388118472,5.5,48.90682462901081,392.6717972783818,201
4556.4,5,1095.7336388118472,5.5,48.9044652093975,392.6944189138405,201
4556.5,5,1095.7336388118472,5.5,48.90695760950254,392.677945523586,201
4556.6,5,1095.7336388118472,5.5,48.89366695383673,392.78586341745336,201
4556.7,5,1095.7336388118472,5.5,48.88017020466434,392.89754589767347,201
4556.8,5,1095.7336388118472,5.5,48.88174883781327,392.8869044270592,201
4556.9,5,1095.7336388118472,5.5,48.908136352758106,392.661401740069,201
4557.0,5,1095.7336388118472,5.5,48.896662114678044,392.7566103484248,201
4557.1,5,1095.7336388118472,5.5,48.8781009877326,392.90453513555553,201
4557.2,5,1095.7336388118472,5.5,48.87189949258901,392.9574409818329,201
4557.3,5,1095.7336388118472,5.5,48.854446708580454,393.09261554419606,201
4557.4,5,1095.7336388118472,5.5,48.85554284063524,393.08603666353963,201
4557.5,5,1095.7336388118472,5.5,48.85119616073904,393.12214766773934,201
4557.6,5,1095.7336388118472,5.5,48.832092686687076,393.2769294473785,201
4557.7,5,1095.7336388118472,5.5,48.811304307639965,393.4420358225765,201
4557.8,5,1095.7336388118472,5.5,48.799553403576084,393.5357225126171,201
4557.9,5,1095.7336388118472,5.5,48.85573947246831,393.0983566636794,201
4558.0,5,1095.7336388118472,5.5,48.85346234752605,393.1193789231039,201
4558.1,5,1095.7336388118472,5.5,48.85538758073115,393.1082451078217,201
4558.2,5,1095.7336388118472,5.5,48.827065572359814,393.3308095674604,201
4558.3,5,1095.5551393494043,5.5,48.84079229424644,393.2244397108632,201
4558.4,5,1095.5551393494043,6.0,48.834851140213516,393.273676392613,201
4558.5,5,1095.5551393494043,6.0,48.82145410550045,393.38165427710396,201
4558.6,5,1095.5551393494043,6.0,48.80939712143525,393.4750727630441,201
4558.7,5,1095.5551393494043,6.0,48.82084689759255,393.3838357314878,201
4558.8,5,1095.5551393494043,6.0,48.88124366607067,392.9130997150813,201
4558.9,5,1095.5551393494043,6.0,48.87276597461636,392.9819053865592,201
4559.0,5,1095.5551393494043,6.0,48.86609421641877,393.033294952577,201
4559.1,5,1095.5551393494043,6.0,48.861017242896594,393.07531922659757,201
4559.2,5,1095.5551393494043,6.0,48.86442321892304,393.04907591280437,201
4559.3,5,1095.5551393494043,6.0,48.86849293219957,393.0136529925869,201
4559.4,5,1095.5551393494043,6.0,48.87149422401213,392.99135773592707,201
4559.5,5,1095.5551393494043,6.0,48.84657767836721,393.184546122204,201
4559.6,5,1095.5551393494043,6.0,48.9164909931378,392.6142625893363,201
4559.7,5,1095.5551393494043,6.0,48.89426860545878,392.7901872388884,201
4559.8,5,1095.5551393494043,6.0,48.894435005594744,392.78922166796144,201
4559.9,5,1095.5551393494043,6.0,48.89307077037412,392.8013049714978,201
4560.0,5,1095.5551393494043,6.0,48.89321947368862,392.8017341227627,201
4560.1,5,1095.5551393494043,6.0,48.89947181989375,392.7569356668127,201
4560.2,5,1095.5551393494043,6.0,48.900750914421934,392.74604617624493,201
4560.3,5,1095.5551393494043,6.0,48.89626730778362,392.7795522200914,201
4560.4,5,1095.5551393494043,6.0,48.883467281271976,392.8809417765472,201
4560.5,5,1095.5551393494043,6.0,48.86020134989441,393.07048514520545,201
4560.6,5,1095.5551393494043,6.0,48.822337936988774,393.3748690595369,201
4560.7,5,1095.5551393494043,6.0,48.8071194207283,393.49527305287097,201
4560.8,5,1095.5551393494043,6.0,48.783808082309875,393.68357751088934,201
4560.9,5,1095.5551393494043,6.0,48.586041426340046,395.33488968624687,201
4561.0,5,1095.5551393494043,6.0,48.5651583270784,395.50011500660946,201
4561.1,5,1095.5551393494043,6.0,48.49972712622204,396.017670549669,201
4561.2,5,1095.5551393494043,6.0,48.48121808019925,396.1627576936532,201
4561.3,5,1095.5551393494043,6.0,48.46396852351489,396.301962388669,201
4561.4,5,1095.5551393494043,6.0,48.45083546670163,396.40603575757683,201
4561.5,5,1095.5551393494043,6.0,48.44298402250361,396.4667195416305,201
4561.6,5,1095.376649138899,6.0,48.35257635441463,397.08752895319446,201
4561.7,5,1095.376649138899,6.5,48.34746446162919,397.1289196635091,201
4561.8,5,1095.376649138899,6.5,48.390701380214026,396.7756988388169,201
4561.9,5,1095.376649138899,6.5,48.17756659183892,398.54504800211083,201
4562.0,5,1095.376649138899,6.5,48.16214024402616,398.67122305145546,201
4562.1,5,1095.376649138899,6.5,48.1341446065738,398.90069331317306,201
4562.2,5,1095.376649138899,6.5,48.14600349917394,398.8028714200128,201
4562.3,5,1095.376649138899,6.5,48.12804737857202,398.94925066868757,201
4562.4,5,1095.376649138899,6.5,48.16089377218063,398.67544904374404,201
4562.5,5,1095.376649138899,6.5,48.155164897311565,398.72155006444507,201
4562.6,5,1095.376649138899,6.5,48.165885619834484,398.632498681008,201
4562.7,5,1095.376649138899,6.5,48.161000762651014,398.6718925244984,201
4562.8,5,1095.376649138899,6.5,48.09491955122275,399.21449609994863,201
4562.9,5,1095.376649138899,6.5,48.10386215241395,399.14015228616665,201
4563.0,5,1095.376649138899,6.5,48.09695915074266,399.19652668862426,201
4563.1,5,1095.376649138899,6.5,48.099231600110045,399.17788644267944,201
4563.2,5,1095.376649138899,6.5,48.10156028677818,399.1580755036635,201
4563.3,5,1095.376649138899,6.5,48.11056315860624,399.083039699646,201
4563.4,5,1095.376649138899,6.5,48.1305669781256,398.91702936436434,201
4563.5,5,1095.376649138899,6.5,48.13762304784359,398.8585049244149,201
4563.6,5,1095.376649138899,6.5,48.059465565946304,399.50512738318434,201
4563.7,5,1095.376649138899,6.5,47.88289785228571,401.0099594295376,201
4563.8,5,1095.376649138899,6.5,47.8850984665533,400.9905683483536,201
4563.9,5,1095.376649138899,6.5,47.878325654383744,401.0457646401171,201
4564.0,5,1095.376649138899,6.5,47.88319648115688,401.00547004114395,201
4564.1,5,1095.376649138899,6.5,47.89861656788116,400.87640950995643,201
4564.2,5,1095.376649138899,6.5,47.8965871870293,400.89212068518617,201
4564.3,5,1095.376649138899,6.5,47.91062799515342,400.7746403180811,201
4564.4,5,1095.376649138899,6.5,47.914396589691755,400.74296788279526,201
4564.5,5,1095.376649138899,6.5,47.93273965099378,400.59280997410013,201
4564.6,5,1095.376649138899,6.5,47.93754895174831,400.55127055630305,201
4564.7,5,1095.376649138899,6.5,47.96016255393198,400.36329060150035,201
4564.8,5,1095.376649138899,6.5,47.96150363488578,400.3491892242296,201
4564.9,5,1095.376649138899,6.5,47.90718781669082,400.7823410310788,201
4565.0,5,1095.376649138899,6.5,47.94741536047239,400.4388073185216,201
4565.1,5,1095.376649138899,6.5,47.9637643193586,400.30236606105257,201
4565.2,5,1095.376649138899,6.0,47.98193787033178,400.1506238617608,201
4565.3,5,1095.376649138899,6.0,47.99798628937334,400.0168135099517,201
4565.4,5,1095.376649138899,6.0,47.83913697531847,401.3510923345126,201
4565.5,5,1095.376649138899,6.0,47.84871091014894,401.27049546129524,201
4565.6,5,1095.376649138899,6.0,47.88527689973051,400.96429274709146,201
4565.7,5,1095.376649138899,6.0,47.890904156127874,400.9165190892225,201
4565.8,5,1095.376649138899,6.0,47.9271376787235,400.6144964929177,201
4565.9,5,1095.376649138899,6.0,47.93157146076305,400.5768164451239,201
4566.0,5,1095.376649138899,6.0,47.96566799084722,400.29259622661465,201
4566.1,5,1095.376649138899,6.0,47.985452184130025,400.1279062364741,201
4566.2,5,1095.376649138899,6.0,48.008781867953545,399.9331024409598,201
4566.3,5,1095.376649138899,6.0,47.886617964599715,400.9475137016776,201
4566.4,5,1095.376649138899,6.0,47.923749479747364,400.63689290590463,201
4566.5,5,1095.376649138899,6.0,47.95456519283357,400.37941553486985,201
4566.6,5,1095.376649138899,6.0,47.99104147636087,400.0750169802501,201
4566.7,5,1095.376649138899,6.0,48.01023540741615,399.91508783293114,201
4566.8,5,1095.376649138899,6.0,48.03132909496513,399.7395783438376,201
4566.9,5,1095.376649138899,6.0,48.04862605942611,399.59561121406614,201
4567.0,5,1095.376649138899,6.0,48.071106034964444,399.40872934560684,201
4567.1,5,1095.376649138899,6.0,47.93695098639911,400.52801718123567,201
4567.2,5,1095.376649138899,6.0,47.7372061199149,402.20556499978875,201
4567.3,5,1095.1982162211668,5.5,47.74850060258937,402.1100557077182,201
4567.4,5,1095.1982162211668,6.0,47.77962906821456,401.84767705939987,201
4567.5,5,1095.1982162211668,6.0,47.79776927951514,401.69467185206037,201
4567.6,5,1095.1982162211668,6.0,47.86647863178594,401.1192722396981,201
4567.7,5,1095.1982162211668,6.0,47.8969559242678,400.8637362932537,201
4567.8,5,1095.1982162211668,6.0,47.92198010263655,400.65395006659276,201
4567.9,5,1095.1982162211668,6.0,47.98436036079903,400.1313737324163,201
4568.0,5,1095.1982162211668,6.0,48.011453168450586,399.9057438912032,201
4568.1,5,1095.1982162211668,6.0,48.03004660130904,399.75043432151665,201
4568.2,5,1095.1982162211668,6.0,48.05788609214551,399.5187531459263,201
4568.3,5,1095.1982162211668,6.0,48.07825728702349,399.34916918118495,201
4568.4,5,1095.1982162211668,6.0,48.1032193068299,399.1418614430747,201
4568.5,5,1095.1982162211668,6.0,48.11305778079488,399.0600823226041,201
4568.6,5,1095.1982162211668,6.0,48.13418106376416,398.884955360861,201
4568.7,5,1095.1982162211668,6.0,48.16281364209631,398.6480023888323,201
4568.8,5,1095.1982162211668,6.0,48.190571272833324,398.4183830466652,201
4568.9,5,1095.1982162211668,6.0,48.21767962086692,398.1944702412031,201
4569.0,5,1095.1982162211668,6.0,48.24749157189761,397.94839385842124,201
4569.1,5,1095.1982162211668,6.0,48.25925236266178,397.8519269923373,201
4569.2,5,1095.1982162211668,6.0,48.33560544990007,397.22275541954156,201
4569.3,5,1095.1982162211668,5.5,48.34111462986851,397.1777064597781,201
4569.4,5,1095.1982162211668,5.5,48.36120117745945,397.01296320768745,201
4569.5,5,1095.1982162211668,5.5,48.38814309145236,396.7922079635458,201
4569.6,5,1095.1982162211668,5.5,48.41086211568802,396.6062266178985,201
4569.7,5,1095.1982162211668,5.5,48.434314718551384,396.41455208945194,201
4569.8,5,1095.1982162211668,5.5,48.47345884304501,396.094108715238,201
4569.9,5,1095.1982162211668,5.5,48.47262178213809,396.1020453809915,201
4570.0,5,1095.1982162211668,5.5,48.502754523303736,395.85596887484417,201
4570.1,5,1095.1982162211668,5.5,48.4961742618806,395.92328781275233,201
4570.2,5,1095.1982162211668,5.5,48.52261212365384,395.70917619962074,201
4570.3,5,1095.1982162211668,5.5,48.54240350141022,395.5484644931274,201
4570.4,5,1095.1982162211668,5.5,48.57098093160694,395.3151803368254,201
4570.5,5,1095.1982162211668,5.5,48.592095701265876,395.14690431116423,201
4570.6,5,1095.1982162211668,5.5,48.44685488417922,396.35748841487316,201
4570.7,5,1095.1982162211668,5.5,48.47749817098837,396.11479610315257,201
4570.8,5,1095.1982162211668,5.5,48.49832379597143,395.9448343267665,201
4570.9,5,1095.1982162211668,5.5,48.55855220974394,395.4499097849522,201
4571.0,5,1095.1982162211668,5.5,48.554643595414916,395.48825575241665,201
4571.1,5,1095.1982162211668,5.5,48.586993703039454,395.2252410691268,201
4571.2,5,1095.1982162211668,5.5,48.588948322157236,395.2144114793192,201
4571.3,5,1095.1982162211668,5.0,48.613342426757626,395.01533349021054,201
4571.4,5,1095.1982162211668,5.0,48.64440804417623,394.7644086174141,201
4571.5,5,1095.1982162211668,5.0,48.49314831211729,395.97058126433615,201
4571.6,5,1095.1982162211668,5.0,48.522030338753325,395.7373798461717,201
4571.7,5,1095.1982162211668,5.0,48.36927596876018,397.0246721282636,201
4571.8,5,1095.1982162211668,5.0,48.385954962639005,396.89450032765774,201
4571.9,5,1095.1982162211668,5.0,48.414366434582945,396.6652879401079,201
4572.0,5,1095.1982162211668,5.0,48.42932307018441,396.54820546715666,201
4572.1,5,1095.1982162211668,5.0,48.45021646214652,396.3790074087087,201
4572.2,5,1095.1982162211668,5.0,48.466701576117856,396.24907964941747,201
4572.3,5,1095.1982162211668,5.0,48.491957637268015,396.0439062553478,201
4572.4,5,1095.0201146427366,5.0,48.513234757431924,395.875216000303,201
4572.5,5,1095.0201146427366,5.5,48.528905678631205,395.75502262797283,201
4572.6,5,1095.0201146427366,5.5,48.53928197124038,395.67530494865355,201
4572.7,5,1095.0201146427366,5.5,48.55377256116412,395.5609682465623,201
4572.8,5,1095.0201146427366,5.5,48.40024582847577,396.77170452659675,201
4572.9,5,1095.0201146427366,5.5,48.4093968296166,396.69976218064755,201
4573.0,5,1095.0201146427366,5.5,48.43610272015266,396.4809633343333,201
4573.1,5,1095.0201146427366,5.5,48.45411734188161,396.3355432126851,201
4573.2,5,1095.0201146427366,5.5,48.46212732690802,396.2750164501295,201
4573.3,5,1095.0201146427366,5.5,48.47520343510653,396.17148393205946,201
4573.4,5,1095.0201146427366,5.5,48.48621480314759,396.08388678408346,201
4573.5,5,1095.0201146427366,5.5,48.496681862459546,396.0019795691636,201
4573.6,5,1095.0201146427366,5.5,48.50220927307613,395.96112087069116,201
4573.7,5,1095.0201146427366,5.5,48.516704917846056,395.84595229803153,201
4573.8,5,1095.0201146427366,5.5,48.52077993183201,395.8169028459645,201
4573.9,5,1095.0201146427366,5.5,48.53861927333339,395.67083618449124,201
4574.0,5,1095.0201146427366,5.5,48.54929013218462,395.5864026561716,201
4574.1,5,1095.0201146427366,5.0,48.55300382188556,395.5612012677276,201
4574.2,5,1095.0201146427366,5.0,48.562265340728814,395.4827348355292,201
4574.3,5,1095.0201146427366,5.0,48.63982479082168,394.883891889823,201
4574.4,5,1095.0201146427366,5.0,48.64980016301096,394.80499777320017,201
4574.5,5,1095.0201146427366,5.0,48.64530641072628,394.8402193132047,201
4574.6,5,1095.0201146427366,5.0,48.65604437132332,394.7544236755667,201
4574.7,5,1095.0201146427366,5.0,48.666371984333736,394.6744950883956,201
4574.8,5,1095.0201146427366,5.0,48.670034528009076,394.64449343505714,201
4574.9,5,1095.0201146427366,5.0,48.4856862256204,396.0904784498796,201
4575.0,7,1095.0201146427366,5.0,48.48896142512197,396.0631651585259,201
4575.1,7,1095.0201146427366,4.8999999999999995,48.48703339519288,396.0809765599815,201
4575.2,7,1095.0201146427366,4.8999999999999995,48.504053776731595,395.9395258638534,201
4575.3,7,1095.0201146427366,4.8999999999999995,48.50284571936183,395.95184807320277,201
4575.4,7,1095.0201146427366,4.8999999999999995,48.51398551391614,395.8592843073249,201
4575.5,7,1095.0201146427366,4.8999999999999995,48.51943660861628,395.81818354021397,201
4575.6,7,1095.0201146427366,4.8999999999999995,48.53007674519287,395.7318162468399,201
4575.7,7,1095.0201146427366,4.8999999999999995,48.53222876759537,395.7151826763998,201
4575.8,7,1095.0201146427366,4.8999999999999995,48.54654172743845,395.59759071656117,201
4575.9,5,1095.0201146427366,4.8999999999999995,48.54674402997705,395.5988597686885,201
4576.0,5,1094.841770129566,5.0,48.557616944459504,395.50969029418206,201
4576.1,5,1094.841770129566,5.5,48.571138910729076,395.403427502386,201
4576.2,5,1094.841770129566,5.5,48.580641575022696,395.3230389692799,201
4576.3,5,1094.841770129566,5.5,48.57395245440874,395.38002741657755,201
4576.4,5,1094.841770129566,5.5,48.63007760729171,394.94088351384477,201
4576.5,5,1094.841770129566,5.5,48.64455914110918,394.82227233498656,201
4576.6,5,1094.841770129566,5.5,48.63831191015306,394.8740243787495,201
4576.7,5,1094.841770129566,5.5,48.639193220492885,394.8674035744853,201
4576.8,5,1094.841770129566,5.5,48.64538005046188,394.81593213805456,201
4576.9,5,1094.841770129566,5.5,48.73453550542713,394.07029779268476,201
4577.0,5,1094.841770129566,5.5,48.74223243975438,394.0082287406239,201
4577.1,5,1094.841770129566,5.5,48.750105236730974,393.94622640787736,201
4577.2,5,1094.841770129566,5.5,48.75831102731404,393.8785305593359,201
4577.3,5,1094.841770129566,5.5,48.755962794865496,393.89555344753353,201
4577.4,5,1094.841770129566,5.5,48.753210066892464,393.91899251004617,201
4577.5,5,1094.841770129566,5.5,48.76113377315666,393.8545116585575,201
4577.6,5,1094.841770129566,5.5,48.76276655963609,393.84014739931956,201
4577.7,5,1094.841770129566,5.5,48.78417001504135,393.6682648945149,201
4577.8,5,1094.841770129566,5.5,48.80332972457895,393.50949224528574,201
4577.9,5,1094.841770129566,5.0,48.81603999668473,393.4076800515787,201
4578.0,5,1094.841770129566,5.0,48.832997207248695,393.2680765998219,201
4578.1,5,1094.841770129566,5.0,48.84500905893621,393.1685936244113,201
4578.2,5,1094.841770129566,5.0,48.86745803595349,392.98654313807566,201
4578.3,5,1094.841770129566,5.0,48.89083818222865,392.7939732691761,201
4578.4,5,1094.841770129566,5.0,48.90497676527076,392.67700538748716,201
4578.5,5,1094.841770129566,5.0,48.983474225437135,391.9911662902638,201
4578.6,5,1094.841770129566,5.0,49.009567843913594,391.7796567456038,201
4578.7,5,1094.841770129566,5.0,49.02424675225379,391.66097996984547,201
4578.8,5,1094.841770129566,5.0,49.051665385022666,391.43931579608204,201
4578.9,5,1094.841770129566,5.0,49.071638598104535,391.27785136247473,201
4579.0,5,1094.841770129566,5.0,49.0900079811171,391.1300228441188,201
4579.1,5,1094.841770129566,5.0,49.11029486642354,390.96734479179815,201
4579.2,5,1094.841770129566,5.0,49.16441608052365,390.5398959321694,201
4579.3,5,1094.841770129566,5.0,49.19272087245159,390.3130029374174,201
4579.4,5,1094.841770129566,4.5,49.06972296886582,391.28191612196986,201
4579.5,5,1094.841770129566,4.5,49.09700447365445,391.0639122332318,201
4579.6,5,1094.841770129566,4.5,49.10563299481589,390.99507239645783,201
4579.7,5,1094.841770129566,4.5,49.13850169793044,390.7331668989931,201
4579.8,5,1094.841770129566,4.5,49.15375116763664,390.61152846583934,201
4579.9,5,1094.841770129566,4.5,49.176771785899135,390.42850646670615,201
4580.0,5,1094.841770129566,4.5,49.19460786203442,390.2868911362149,201
4580.1,5,1094.841770129566,4.5,49.22487485355265,390.04673042959047,201
4580.2,5,1094.841770129566,4.5,49.239070032261324,389.93426963314414,201
4580.3,5,1094.841770129566,4.5,49.25194891761401,389.8323225830085,201
4580.4,5,1094.841770129566,4.5,49.12588189703648,390.83779913384006,201
4580.5,5,1094.841770129566,4.5,49.154713435676996,390.60892733795106,201
4580.6,5,1094.841770129566,4.5,49.18702109834113,390.35351101511515,201
4580.7,5,1094.841770129566,4.5,49.2033267941816,390.2246656164515,201
4580.8,5,1094.6636333082743,4.5,49.223566148987814,390.06573818749143,201
4580.9,5,1094.6636333082743,5.0,49.24126773983022,389.9262392419497,201
4581.0,5,1094.6636333082743,5.0,49.267574157338245,389.71946098264266,201
4581.1,5,1094.6636333082743,5.0,49.18867157639251,390.34869042129606,201
4581.2,5,1094.6636333082743,5.0,49.20524821793717,390.2183213597707,201
4581.3,5,1094.6636333082743,5.0,49.227466917723646,390.04350921206014,201
4581.4,5,1094.6636333082743,5.0,49.24739595353362,389.88674168577796,201
4581.5,5,1094.6636333082743,5.0,49.26913814541273,389.7149462435243,201
4581.6,5,1094.6636333082743,5.0,49.28704850494101,389.57508748066414,201
4581.7,5,1094.6636333082743,5.0,49.299466327850325,389.47739943231954,201
4581.8,5,1094.6636333082743,5.0,49.33823670233042,389.1729850684634,201
4581.9,5,1094.6636333082743,5.0,49.362743629547325,388.9796629784515,201
4582.0,5,1094.6636333082743,5.0,49.37587360087235,388.87591558287926,201
4582.1,5,1094.6636333082743,4.5,49.39567749868033,388.72223017241015,201
4582.2,5,1094.6636333082743,4.5,49.40896897516632,388.61903305591966,201
4582.3,5,1094.6636333082743,4.5,49.432176353523765,388.43965553622286,201
4582.4,5,1094.6636333082743,4.5,49.24650215081165,389.93620756802153,201
4582.5,5,1094.6636333082743,4.5,49.31609843082721,389.39786571255695,201
4582.6,5,1094.6636333082743,4.5,49.221116980578,390.12672734356164,201
4582.7,5,1094.6636333082743,4.5,49.23877980028085,389.9914815976804,201
4582.8,5,1094.6636333082743,4.5,49.25568828561089,389.86157752894184,201
4582.9,5,1094.6636333082743,4.5,49.26137957563097,389.8161009515487,201
4583.0,5,1094.6636333082743,4.5,49.28339823336106,389.64512273702064,201
4583.1,5,1094.6636333082743,4.0,49.286788194344346,389.62203586738053,201
4583.2,5,1094.6636333082743,4.0,49.305052033697116,389.47897562297896,201
4583.3,5,1094.6636333082743,4.0,49.310531490308435,389.43655936885756,201
4583.4,5,1094.6636333082743,4.0,49.332182960866916,389.26611637381166,201
4583.5,7,1094.6636333082743,4.0,49.35802796012009,389.0676675135184,201
4583.6,7,1094.6636333082743,5.6,49.369297712848685,388.98210287177983,201
4583.7,7,1094.6636333082743,5.6,49.331015340166985,389.2179393863763,201
4583.8,7,1094.6636333082743,5.6,49.32889982852026,389.2343561994711,201
4583.9,7,1094.6636333082743,5.6,49.135765615073566,390.78946857991485,201
4584.0,7,1094.6636333082743,5.6,49.12980234732455,390.8370984772083,201
4584.1,7,1094.6636333082743,5.6,49.13248968696394,390.81628782709726,201
4584.2,7,1094.6636333082743,5.6,49.1234925384176,390.8856811475131,201
4584.3,7,1094.6636333082743,5.6,49.1317964984529,390.82206852049376,201
4584.4,7,1094.6636333082743,5.6,49.132454611812896,390.8189530495815,201
4584.5,7,1094.6636333082743,5.6,49.1392837640699,390.7651109606581,201
4584.6,7,1094.6636333082743,5.6,49.16612529330498,390.5553955819577,201
4584.7,7,1094.6636333082743,5.6,49.1718678328637,390.51106661782046,201
4584.8,7,1094.6636333082743,5.6,49.0946926628983,391.0902429864219,201
4584.9,7,1094.6636333082743,5.6,48.93494109042858,392.38616293298423,201
4585.0,7,1094.6636333082743,5.6,48.876788347584395,392.8315301509907,201
4585.1,7,1094.6636333082743,5.6,48.882223779515016,392.7875579441927,201
4585.2,7,1094.6636333082743,5.6,48.920277573499625,392.4799474438878,201
4585.3,7,1094.6636333082743,5.6,48.92731255889335,392.42293774376276,201
4585.4,7,1094.6636333082743,5.6,48.91381533109475,392.53183579081053,201
4585.5,7,1094.6636333082743,4.8999999999999995,48.91936350307121,392.48680578885535,201
4585.6,7,1094.6636333082743,4.8999999999999995,48.91475252211853,392.5241130081175,201
4585.7,7,1094.6636333082743,4.8999999999999995,48.922434466746424,392.4623853460316,201
4585.8,9,1094.6636333082743,4.8999999999999995,48.93215739482981,392.3837030648068,201
4585.9,9,1094.6636333082743,4.0,48.920760537058996,392.52806862021157,201
4586.0,9,1094.6636333082743,4.0,48.92563938768867,392.4842527546833,201
4586.1,9,1094.6636333082743,4.0,48.76697613510686,393.73817410568233,201
4586.2,9,1094.6636333082743,4.0,48.76560476434463,393.7487680648872,201
4586.3,9,1094.6636333082743,4.0,48.76057819972385,393.79126395702826,201
4586.4,9,1094.6636333082743,4.0,48.76719287335135,393.7367630562586,201
4586.5,9,1094.6636333082743,4.0,48.76520373434367,393.7534735564294,201
4586.6,9,1094.6636333082743,4.0,48.762257163400605,393.7763433830802,201
4586.7,9,1094.6636333082743,4.0,48.76227147996392,393.777390822809,201
4586.8,9,1094.6636333082743,4.0,48.77184572477365,393.69849264629164,201
4586.9,9,1094.6636333082743,4.0,48.77840288200146,393.64638393238886,201
4587.0,9,1094.6636333082743,4.0,48.78289234607773,393.6096293930345,201
4587.1,9,1094.6636333082743,4.800000000000001,48.77357840494428,393.6854885877582,201
4587.2,9,1094.6636333082743,4.800000000000001,48.777558443501974,393.6538144549098,201
4587.3,9,1094.6636333082743,4.800000000000001,48.52133774921106,395.72820429920534,201
4587.4,9,1094.6636333082743,4.0,48.522775260123524,395.7172583970484,201
4587.5,9,1094.6636333082743,4.0,48.52622367584939,395.68910589616127,201
4587.6,9,1094.6636333082743,4.0,48.53579000019944,395.61084849320775,201
4587.7,9,1094.6636333082743,4.0,48.54766666884756,395.5115564776364,201
4587.8,9,1094.6636333082743,4.0,48.58468532629198,395.2066331292782,201
4587.9,9,1094.6636333082743,4.0,48.588096099535065,395.18048834109356,201
4588.0,9,1094.6636333082743,4.0,48.60730848297568,395.023175578963,201
4588.1,9,1094.6636333082743,4.0,48.62468242055397,394.8815868343462,201
4588.2,9,1094.6636333082743,4.0,48.64756334595249,394.6946912221496,201
4588.3,9,1094.6636333082743,4.800000000000001,48.669722253678714,394.51387465717835,201
4588.4,9,1095.0265040588454,4.800000000000001,48.66931863681317,394.51835231900554,202
4588.5,9,1095.0265040588454,-100.0,48.68606776456146,394.3819273596408,202
4588.6,9,1095.0265040588454,4.800000000000001,48.698593987163065,394.27920333388136,202
4588.7,9,1095.0265040588454,4.800000000000001,48.71617243582756,394.13732069385867,202
4588.8,9,1095.0265040588454,4.0,48.730834217330056,394.01728440838554,202
4588.9,9,1095.0265040588454,4.0,48.758617270918265,393.7922378277784,202
4589.0,9,1095.0265040588454,4.0,48.77631744291807,393.64830448097814,202
4589.1,9,1095.0265040588454,4.0,48.783229242835304,393.59249395135134,202
4589.2,9,1095.0265040588454,4.0,48.80817682559237,393.3899815228817,202
4589.3,9,1095.0265040588454,4.0,48.82282620934228,393.2712695581105,202
4589.4,9,1095.0265040588454,4.0,48.85672094851394,392.9971411891104,202
4589.5,9,1095.0265040588454,4.0,48.88419508612918,392.7762359621421,202
4589.6,9,1095.0265040588454,4.0,48.90900901275333,392.57626337692244,202
4589.7,9,1095.0265040588454,4.0,48.932765476087994,392.3852414122015,202
4589.8,9,1095.0265040588454,4.800000000000001,48.95438788264739,392.21062082697074,202
4589.9,9,1095.0265040588454,4.800000000000001,48.98610979294928,391.95695754616634,202
4590.0,9,1095.0265040588454,4.800000000000001,49.01823287414107,391.69855772824917,202
4590.1,9,1095.0265040588454,4.800000000000001,49.02861072137689,391.61512645169813,202
4590.2,9,1095.0265040588454,4.800000000000001,49.04970118654796,391.4460296144613,202
4590.3,9,1095.0265040588454,4.800000000000001,48.923052341427876,392.4949272925825,202
4590.4,9,1095.0265040588454,4.0,48.965126349188026,392.12140074572403,202
4590.5,9,1095.0265040588454,4.0,48.991925726617566,391.90674797892643,202
4590.6,9,1095.0265040588454,4.0,49.00694330183062,391.786542115747,202
4590.7,9,1095.0265040588454,4.0,48.85603896694266,392.99134415960805,202
4590.8,9,1095.0265040588454,4.0,48.875448939848056,392.8352818769773,202
4590.9,9,1095.0265040588454,4.0,48.90078392395219,392.6318293103446,202
4591.0,9,1095.0265040588454,4.0,48.69836201486026,394.27018953865354,202
4591.1,9,1095.0265040588454,4.0,48.72539334484012,394.0453530044955,202
4591.2,9,1095.0265040588454,4.0,48.750257777348324,393.84432538932026,202
4591.3,9,1095.0265040588454,4.0,48.77289797570125,393.6616843718489,202
4591.4,9,1095.0265040588454,4.0,48.792108244866,393.50694085999555,202
4591.5,9,1095.0265040588454,4.0,48.81897550897466,393.29039664503455,202
4591.6,9,1095.0265040588454,4.0,48.8501810500754,393.03937362797774,202
4591.7,9,1095.0265040588454,4.0,48.87408260196008,392.8473466575117,202
4591.8,9,1095.0265040588454,4.0,48.89165258938708,392.70623434823096,202
4591.9,9,1095.0265040588454,4.0,48.722354818201055,394.08117271618386,202
4592.0,9,1095.0265040588454,4.0,48.74777198698027,393.87621689039173,202
4592.1,9,1095.0265040588454,4.0,48.767126433703865,393.7203400736595,202
4592.2,7,1095.0265040588454,4.0,48.79614907688645,393.48664892521043,202
4592.3,7,1095.0265040588454,4.8999999999999995,48.66943397153144,394.5015209503655,202
4592.4,7,1095.0265040588454,4.8999999999999995,48.685135611077044,394.37465987329534,202
4592.5,7,1095.0265040588454,4.8999999999999995,48.8140597376924,393.32984939558594,202
4592.6,7,1095.0265040588454,4.8999999999999995,48.84895840182979,393.0491149291542,202
4592.7,7,1095.0265040588454,4.8999999999999995,48.86474046645377,392.92217482738477,202
4592.8,7,1095.0265040588454,4.8999999999999995,48.90165416229729,392.626179382058,202
4592.9,7,1095.0265040588454,4.8999999999999995,48.91754425383739,392.49901566312303,202
4593.0,7,1095.0265040588454,4.8999999999999995,48.94040198959929,392.31634093693685,202
4593.1,7,1095.0265040588454,4.8999999999999995,48.962197758469785,392.1417119687944,202
4593.2,7,1095.0265040588454,4.8999999999999995,48.97554487090018,392.0353569637796,202
4593.3,7,1095.0265040588454,4.8999999999999995,48.99641179395974,391.868277372751,202
4593.4,7,1095.0265040588454,4.8999999999999995,49.023083299418225,391.6557532799352,202
4593.5,7,1095.0265040588454,4.8999999999999995,49.036437299382115,391.5494143825323,202
4593.6,7,1095.0265040588454,4.8999999999999995,49.05690312705792,391.38668289693305,202
4593.7,7,1095.0265040588454,4.8999999999999995,49.07733367597506,391.2237474202357,202
4593.8,7,1095.0265040588454,4.8999999999999995,49.09972111877403,391.04538691291566,202
4593.9,7,1095.0265040588454,4.8999999999999995,49.11663132863978,390.9105731567678,202
4594.0,7,1095.0265040588454,5.6,49.145402072361534,390.682749697153,202
4594.1,7,1095.0265040588454,5.6,48.96663378277354,392.12641448926706,202
4594.2,7,1095.0265040588454,5.6,48.98756658419204,391.9599416044912,202
4594.3,7,1095.0265040588454,5.6,49.00415260610313,391.8290578207196,202
4594.4,7,1095.0265040588454,5.6,49.01667086026039,391.7287330527605,202
4594.5,7,1095.0265040588454,5.6,49.035419472624696,391.57722664913524,202
4594.6,7,1095.0265040588454,5.6,49.063888989131186,391.35157976422,202
4594.7,7,1095.0265040588454,5.6,49.08551052512348,391.17988239543723,202
4594.8,7,1095.0265040588454,5.6,49.23580815100809,390.00622006114,202
4594.9,7,1095.0265040588454,5.6,49.260007695600244,389.8156077450421,202
4595.0,7,1095.0265040588454,5.6,49.27559946465311,389.69152664332097,202
4595.1,7,1095.0265040588454,5.6,49.23126957017509,390.0069433247472,202
4595.2,7,1095.0265040588454,5.6,49.26145701680471,389.76913356514297,202
4595.3,7,1095.0265040588454,5.6,49.27453812039468,389.66563378902714,202
4595.4,7,1095.0265040588454,5.6,49.30044678084412,389.4613888402307,202
4595.5,7,1095.0265040588454,5.6,49.31864631105968,389.3179741810127,202
4595.6,7,1095.0265040588454,5.6,49.33988432951766,389.15018017972864,202
4595.7,7,1095.0265040588454,5.6,49.36277226349091,388.97020580770675,202
4595.8,7,1095.0265040588454,5.6,49.36836254692907,388.9284898281019,202
4595.9,7,1095.0265040588454,5.6,49.37755645386484,388.85917336750106,202
4596.0,7,1095.0265040588454,5.6,49.39571099555847,388.71864317900605,202
4596.1,7,1095.0265040588454,5.6,49.3925385637622,388.74461724828313,202
4596.2,7,1095.0265040588454,5.6,49.41228867399978,388.5912425813451,202
4596.3,7,1095.0265040588454,5.6,49.4353228379844,388.41256861314446,202
4596.4,7,1095.0265040588454,5.6,49.45239999914187,388.2813338726902,202
4596.5,7,1095.0265040588454,4.8999999999999995,49.440422905955685,388.3751428122673,202
4596.6,7,1095.0265040588454,4.8999999999999995,49.44866042841751,388.3109658464839,202
4596.7,7,1095.0265040588454,4.8999999999999995,49.46934879268016,388.16814392509866,202
4596.8,7,1095.0265040588454,4.8999999999999995,49.47935875231791,388.0914406496976,202
4596.9,7,1095.0265040588454,4.8999999999999995,49.490408164271685,388.00777814522576,202
4597.0,7,1095.0265040588454,4.8999999999999995,49.493799635471106,387.9820914139599,202
4597.1,7,1095.0265040588454,4.8999999999999995,49.499523996174474,387.93931419497267,202
4597.2,7,1095.0265040588454,4.8999999999999995,49.515764130392036,387.8149669707368,202
4597.3,7,1095.0265040588454,4.8999999999999995,49.6295381013047,386.9504697018118,202
4597.4,7,1095.0265040588454,4.8999999999999995,49.631426242600455,386.9377146714402,202
4597.5,7,1095.0265040588454,4.8999999999999995,49.62759658783726,386.9654097404026,202
4597.6,7,1095.0265040588454,4.8999999999999995,49.74044592395403,386.064220369379,202
4597.7,7,1095.0265040588454,5.6,49.741192148856,386.05706475289423,202
4597.8,7,1095.0265040588454,4.8999999999999995,49.766454271022525,385.86278926716477,202
4597.9,7,1095.0265040588454,4.8999999999999995,49.76975203969962,385.83513000293664,202
4598.0,7,1095.0265040588454,4.8999999999999995,49.768400563975234,385.84594180157626,202
4598.1,7,1095.0265040588454,4.8999999999999995,49.762993196183764,385.8866000972128,202
4598.2,7,1095.0265040588454,4.8999999999999995,49.77740599677766,385.776417984055,202
4598.3,7,1095.0265040588454,4.8999999999999995,49.77841071675462,385.7680081424659,202
4598.4,7,1095.0265040588454,4.8999999999999995,49.76895261487765,385.84185097871944,202
4598.5,7,1095.0265040588454,4.8999999999999995,49.773427926990585,385.80624112484134,202
4598.6,7,1095.0265040588454,4.8999999999999995,49.77041279449655,385.8268969781425,202
4598.7,7,1095.0265040588454,4.8999999999999995,49.77519027497604,385.7893473148599,202
4598.8,7,1095.0265040588454,4.8999999999999995,49.76665989657059,385.85328165103107,202
4598.9,7,1095.0265040588454,4.8999999999999995,49.77060793046202,385.82081717019594,202
4599.0,7,1095.0265040588454,4.8999999999999995,49.766288062058294,385.85119862305294,202
4599.1,7,1095.0265040588454,4.8999999999999995,49.78276765163599,385.7244690698885,202
4599.2,7,1095.0265040588454,4.8999999999999995,49.79037133595329,385.66478105544746,202
4599.3,11,1095.0265040588454,4.199999999999999,49.804652733242136,385.55359922662905,202
4599.4,11,1095.0265040588454,5.4,49.71751382072559,386.2529279697038,202
4599.5,7,1095.0265040588454,4.5,49.71987957049183,386.2336670115984,202
4599.6,7,1095.0265040588454,4.199999999999999,49.720737965134674,386.22455467209556,202
4599.7,7,1095.0265040588454,4.199999999999999,49.733630688149354,386.1204137401561,202
4599.8,7,1095.0265040588454,4.199999999999999,49.83373366434941,385.3599293180137,202
4599.9,7,1095.0265040588454,4.199999999999999,49.84463492923392,385.2748928734494,202
4600.0,7,1095.0265040588454,4.199999999999999,49.873562521840775,385.08457329401733,202
4600.1,9,1095.0265040588454,3.5,49.96175585516504,384.3796154625012,202
4600.2,9,1095.0265040588454,4.0,49.87150646723312,385.05348105756326,202
4600.3,7,1095.0265040588454,4.0,49.88987234490497,384.9096708109715,202
4600.4,9,1095.0265040588454,3.5,49.9133594641125,384.72878934517837,202
4600.5,11,1095.0265040588454,3.2,49.78991910053702,385.7098125770434,202
4600.6,11,1095.0265040588454,5.4,49.80755024501768,385.57322335731374,202
4600.7,11,1095.0265040588454,5.4,49.81639237394183,385.5037926013808,202
4600.8,11,1095.0265040588454,5.4,49.805755084222746,385.5753382814413,202
4600.9,11,1095.0265040588454,5.4,49.824072335905825,385.42990991505064,202
4601.0,7,1095.0265040588454,4.5,49.826028844400305,385.4119582896495,202
4601.1,7,1095.0265040588454,4.199999999999999,49.84183389674656,385.28829890326654,202
4601.2,7,1095.0265040588454,4.199999999999999,49.86261127929032,385.12386582829254,202
4601.3,7,1095.0265040588454,4.199999999999999,49.86576072606459,385.0963225405553,202
4601.4,7,1095.0265040588454,4.199999999999999,49.86578026438365,385.09170574806296,202
4601.5,7,1095.0265040588454,4.199999999999999,49.88818962595645,384.9160507378831,202
4601.6,7,1095.0265040588454,4.199999999999999,49.93622953332074,384.5910932018152,202
4601.7,7,1095.0265040588454,4.199999999999999,49.95186357217448,384.46758635141293,202
4601.8,7,1095.0265040588454,4.199999999999999,49.963753806681865,384.3678624688437,202
4601.9,7,1095.0265040588454,4.199999999999999,49.988430202960146,384.1786460361688,202
4602.0,7,1095.0265040588454,4.199999999999999,49.99031813248976,384.15880369895194,202
4602.1,7,1095.0265040588454,4.199999999999999,50.01360158230022,383.9795573197393,202
4602.2,7,1095.0265040588454,4.199999999999999,50.027371283810595,383.8732895339899,202
4602.3,7,1095.0265040588454,4.199999999999999,50.04252200656009,383.75579697501803,202
4602.4,7,1095.0265040588454,4.199999999999999,50.04895671132729,383.6726552590935,202
4602.5,7,1095.0265040588454,4.199999999999999,50.0710804365911,383.5021738704512,202
4602.6,9,1095.0265040588454,3.5,50.08961735026304,383.3590474955298,202
4602.7,9,1095.0265040588454,4.0,50.087897887921955,383.36657775220345,202
4602.8,9,1095.0265040588454,4.0,50.10006706106357,383.272894703248,202
4602.9,9,1095.0265040588454,4.0,50.12324340588713,383.0960716362008,202
4603.0,9,1095.0265040588454,4.0,50.13877703148127,382.9756116290787,202
4603.1,9,1095.0265040588454,4.0,50.1568813810873,382.83697206269045,202
4603.2,9,1095.0265040588454,4.0,50.17666295733048,382.6838666547028,202
4603.3,9,1095.0265040588454,4.0,50.28196851029351,381.8681744175256,202
4603.4,8,1095.091481282239,4.0,50.31181339895301,381.65811231842935,202
4603.5,8,1095.1301373411118,4.8999999999999995,50.3270370928779,381.54198709970217,202
4603.6,8,1095.144865464871,4.8999999999999995,50.32509826302059,381.5535347792204,202
4603.7,8,1095.144865464871,4.8999999999999995,50.31274785636253,381.6426902430585,202
4603.8,8,1095.144865464871,4.8999999999999995,50.329770357248705,381.5107382181826,202
4603.9,8,1095.144865464871,4.8999999999999995,50.34643241525018,381.3829989284337,202
4604.0,8,1095.144865464871,4.8999999999999995,50.34810500852069,381.36806846656225,202
4604.1,8,1095.144865464871,4.8999999999999995,50.351553505981556,381.3393944201224,202
4604.2,8,1095.144865464871,4.8999999999999995,50.35126609827834,381.3384981333433,202
4604.3,8,1095.144865464871,4.8999999999999995,50.368067302775415,381.20997528604937,202
4604.4,8,1095.144865464871,4.8999999999999995,50.356538130370986,381.29408228183775,202
4604.5,8,1095.144865464871,4.8999999999999995,50.20959836833453,382.4148012744532,202
4604.6,8,1095.144865464871,4.8999999999999995,50.20766832245381,382.43370366065415,202
4604.7,8,1095.144865464871,4.8999999999999995,50.09007932799106,383.3207835207121,202
4604.8,8,1095.144865464871,4.8999999999999995,50.093603919731166,383.29692551042825,202
4604.9,8,1095.144865464871,4.8999999999999995,50.105885826297474,383.206155511744,202
4605.0,8,1095.144865464871,4.8999999999999995,50.11981371192182,383.10133128036927,202
4605.1,8,1095.144865464871,4.8999999999999995,50.129697414041864,383.02944140109685,202
4605.2,8,1095.144865464871,4.8999999999999995,50.13706777586102,382.97640430068554,202
4605.3,8,1095.144865464871,4.8999999999999995,50.14156364966571,382.9479981854686,202
4605.4,8,1095.144865464871,4.8999999999999995,50.15681850524179,382.83607823167875,202
4605.5,8,1095.144865464871,4.8999999999999995,50.228821420260346,382.30186900198896,202
4605.6,8,1095.107009212828,4.8999999999999995,50.084232872534216,383.38438726782067,202
4605.7,8,1095.107009212828,5.6,50.064178342450894,383.54492279796136,202
4605.8,8,1095.107009212828,5.6,50.085371786114244,383.38419338054825,202
4605.9,8,1095.107009212828,5.6,50.10335838713446,383.2496210548827,202
4606.0,8,1095.107009212828,5.6,50.121378196377705,383.11377058569536,202
4606.1,8,1095.107009212828,5.6,50.14218459355237,382.9553730576797,202
4606.2,8,1095.107009212828,5.6,50.15794726141007,382.8357023895146,202
4606.3,8,1095.107009212828,5.6,50.162068112991754,382.80771443944684,202
4606.4,8,1095.107009212828,5.6,50.17654064090981,382.69935526717893,202
4606.5,8,1095.107009212828,5.6,50.18487584537736,382.63641738709936,202
4606.6,8,1095.107009212828,5.6,50.20339565017779,382.49559830971725,202
4606.7,8,1095.107009212828,5.6,50.227142734499274,382.31667796838184,202
4606.8,8,1095.107009212828,4.8999999999999995,50.23618732451691,382.25071773202166,202
4606.9,8,1095.107009212828,4.8999999999999995,50.258224092371066,382.08377110390325,202
4607.0,8,1095.107009212828,4.8999999999999995,50.27736164310481,381.94053984752867,202
4607.1,8,1095.107009212828,4.8999999999999995,50.29931215825761,381.77586793680496,202
4607.2,8,1095.107009212828,4.8999999999999995,50.30201343541413,381.7598644411637,202
4607.3,8,1095.107009212828,4.8999999999999995,50.29748984076457,381.80033854136747,202
4607.4,8,1095.107009212828,4.8999999999999995,50.3125974047647,381.688811176994,202
4607.5,8,1095.107009212828,4.8999999999999995,50.3046227137025,381.7561520620857,202
4607.6,8,1095.107009212828,4.8999999999999995,50.30231493931245,381.77670322622885,202
4607.7,8,1095.107009212828,4.8999999999999995,50.28483715297547,381.91523849734676,202
4607.8,8,1095.107009212828,4.8999999999999995,50.28767586130445,381.8990744135882,202
4607.9,8,1095.107009212828,4.8999999999999995,50.1837247167208,382.66848066843215,202
4608.0,8,1095.107009212828,4.8999999999999995,50.171397497601525,382.7719051456314,202
4608.1,8,1095.107009212828,4.8999999999999995,50.231642405540555,382.3236066962205,202
4608.2,8,1095.107009212828,4.8999999999999995,50.225223474392564,382.37855826920924,202
4608.3,8,1095.107009212828,4.8999999999999995,50.25963967241303,382.25316026503936,202
4608.4,8,1095.107009212828,4.8999999999999995,50.25613997778859,382.28811080904063,202
4608.5,8,1095.107009212828,4.8999999999999995,50.250724189032354,382.3421342896246,202
4608.6,9,1095.107009212828,4.8999999999999995,50.25825222119364,382.29094842354436,202
4608.7,9,1095.107009212828,5.6000000000000005,50.26374186652082,382.25696340249885,202
4608.8,9,1095.107009212828,5.6000000000000005,50.24931423711617,382.3803574033518,202
4608.9,9,1095.107009212828,5.6000000000000005,50.23810953806617,382.4819692579223,202
4609.0,9,1095.107009212828,5.6000000000000005,50.24555945664188,382.4287194894757,202
4609.1,9,1095.107009212828,5.6000000000000005,50.232367553174896,382.5417290020615,202
4609.2,9,1095.107009212828,5.6000000000000005,50.22277159720552,382.6347973225701,202
4609.3,9,1095.107009212828,5.6000000000000005,50.05359663544908,384.019966117305,202
4609.4,9,1095.107009212828,5.6000000000000005,50.05381175473431,384.0311041419792,202
4609.5,9,1095.107009212828,4.800000000000001,50.053266237637075,384.04895365358675,202
4609.6,9,1095.107009212828,4.800000000000001,50.05171843952742,384.0776954229547,202
4609.7,9,1095.107009212828,4.800000000000001,50.102647601253565,383.55571570874315,202
4609.8,9,1095.107009212828,4.800000000000001,50.095442276827384,383.6230283427391,202
4609.9,9,1095.107009212828,4.800000000000001,50.098854163879594,383.6118819108061,202
4610.0,8,1095.0702356871523,4.800000000000001,50.11186541534339,383.52176955248376,202
4610.1,8,1095.0702356871523,5.6,50.12375710773123,383.43781978236854,202
4610.2,8,1095.0702356871523,5.6,50.13258993388612,383.3752853308034,202
4610.3,8,1095.0702356871523,5.6,50.179589640698715,383.02284687142856,202
4610.4,8,1095.0702356871523,5.6,50.17439075431135,383.08251798110905,202
4610.5,8,1095.0702356871523,4.8999999999999995,50.153941890716965,383.29724776070555,202
4610.6,8,1095.0702356871523,4.8999999999999995,50.186321821872724,383.04850554446875,202
4610.7,8,1095.0702356871523,4.8999999999999995,50.20328545049456,382.93235375073715,202
4610.8,8,1095.0702356871523,4.8999999999999995,50.19918783446436,382.977625298174,202
4610.9,8,1095.0702356871523,4.8999999999999995,50.22741563095906,382.7636956749327,202
4611.0,8,1095.0702356871523,4.8999999999999995,50.237537403034544,382.6919352626095,202
4611.1,8,1095.0702356871523,4.8999999999999995,50.24693296048058,382.6326624898677,202
4611.2,8,1095.0702356871523,4.8999999999999995,50.249779306764744,382.6263176375735,202
4611.3,8,1095.0702356871523,4.8999999999999995,50.28324567306373,382.37937464517086,202
4611.4,8,1095.0702356871523,4.8999999999999995,50.31586406738671,382.1384723422776,202
4611.5,8,1095.0702356871523,4.8999999999999995,50.30900411717869,382.2067117433385,202
4611.6,8,1095.0702356871523,4.8999999999999995,50.307918140183226,382.2323933227269,202
4611.7,8,1095.0702356871523,4.8999999999999995,50.340313020464876,381.98164110460004,202
4611.8,8,1095.0702356871523,4.8999999999999995,50.360776546590145,381.8362291695589,202
4611.9,8,1095.0702356871523,4.8999999999999995,50.38205963166799,381.6792652435271,202
4612.0,8,1095.0702356871523,4.8999999999999995,50.39150332111005,381.6141097109757,202
4612.1,8,1095.0702356871523,4.8999999999999995,50.42185076970203,381.3866783789134,202
4612.2,8,1095.4319343366105,4.8999999999999995,50.443092242630506,381.2244043591577,203
4612.3,8,1095.4319343366105,-100.0,50.459871389926946,381.10437947932473,203
4612.4,8,1095.4319343366105,4.8999999999999995,50.48847119937754,380.8935281773646,203
4612.5,8,1095.4319343366105,4.8999999999999995,50.51312982060768,380.7061548273929,203
4612.6,8,1095.4319343366105,4.8999999999999995,50.531702356941736,380.5708105495312,203
4612.7,8,1095.4319343366105,4.8999999999999995,50.55109263133222,380.42485256202235,203
4612.8,8,1095.4319343366105,4.8999999999999995,50.570813559777406,380.2795681826926,203
4612.9,8,1095.4319343366105,4.8999999999999995,50.595900605943655,380.0868363883027,203
4613.0,8,1095.4319343366105,4.8999999999999995,50.61179848344962,379.9682177179713,203
4613.1,8,1095.4319343366105,4.8999999999999995,50.63629810382723,379.7854718836948,203
4613.2,8,1095.4319343366105,4.8999999999999995,50.622042806586606,379.9000548000127,203
4613.3,8,1095.4319343366105,4.8999999999999995,50.65078060441103,379.6789940627069,203
4613.4,8,1095.4319343366105,4.8999999999999995,50.67481614474845,379.4962333143751,203
4613.5,8,1095.4319343366105,4.8999999999999995,50.70615554252841,379.2583065480793,203
4613.6,8,1095.4319343366105,4.8999999999999995,50.7155434271894,379.1969356701884,203
4613.7,8,1095.4319343366105,4.199999999999999,50.92868591194276,377.49143908065804,203
4613.8,8,1095.4319343366105,4.199999999999999,50.93440085644734,377.4546068677788,203
4613.9,8,1095.4319343366105,4.199999999999999,50.939172813185806,377.43569294753183,203
4614.0,8,1095.4319343366105,4.199999999999999,50.96560568765433,377.2450859288399,203
4614.1,8,1095.4319343366105,4.199999999999999,50.95272997344067,377.2343573638268,203
4614.2,8,1095.4319343366105,4.199999999999999,50.98525460553432,376.986927765788,203
4614.3,8,1095.4319343366105,4.199999999999999,51.00656973185519,376.8373179904131,203
4614.4,8,1095.4319343366105,4.199999999999999,51.032287373322156,376.5805946497115,203
4614.5,8,1095.4319343366105,4.199999999999999,51.04789077226145,376.4649542497343,203
4614.6,8,1095.4319343366105,4.199999999999999,51.05723745465406,376.4005808778877,203
4614.7,8,1095.4319343366105,4.199999999999999,51.08783497462815,376.1696730734301,203
4614.8,8,1095.4319343366105,4.199999999999999,51.11305965660675,375.9829401655553,203
4614.9,8,1095.4319343366105,4.199999999999999,51.12267066133497,375.91386487591194,203
4615.0,8,1095.4319343366105,4.199999999999999,51.15723467711619,375.65625687976336,203
4615.1,9,1095.4319343366105,4.199999999999999,51.16669585403927,375.5907968574951,203
4615.2,9,1095.4319343366105,4.0,51.187757906678314,375.43792354882123,203
4615.3,10,1095.4319343366105,4.0,51.202984749698906,375.33329928790897,203
4615.4,9,1095.4319343366105,3.2,51.22606466979529,375.16209204508823,203
4615.5,9,1095.4319343366105,4.0,51.231885714600324,375.13164558628563,203
4615.6,9,1095.4319343366105,4.0,51.20934975104903,375.28031742799436,203
4615.7,9,1095.4319343366105,4.0,51.24097997815006,375.04608208940067,203
4615.8,9,1095.4319343366105,4.0,51.25744208833535,374.9265843476379,203
4615.9,9,1095.4319343366105,4.0,51.27918065255275,374.7706074043381,203
4616.0,9,1095.4319343366105,4.0,51.30698052992281,374.56723107232204,203
4616.1,9,1095.4319343366105,4.0,51.3334873966116,374.37742591610106,203
4616.2,9,1095.4319343366105,4.0,51.323086655217466,374.43731103270215,203
4616.3,9,1095.4319343366105,4.0,51.35075723408968,374.23786718490567,203
4616.4,9,1095.4319343366105,4.0,51.38999331182377,373.9446452698593,203
4616.5,9,1095.4319343366105,4.0,51.40398610365705,373.84725818691925,203
4616.6,11,1095.4319343366105,3.2,51.44424598293398,373.5486784693379,203
4616.7,11,1095.4319343366105,4.5,51.46005577704295,373.4321149626836,203
4616.8,11,1095.4319343366105,4.5,51.49838775826099,373.1548101655511,203
4616.9,11,1095.4319343366105,4.5,51.524615415918454,372.95948137777043,203
4617.0,11,1095.4319343366105,4.5,51.56189578109066,372.6857980108965,203
4617.1,11,1095.4319343366105,4.5,51.618125606294434,372.21721435025256,203
4617.2,11,1095.4319343366105,4.5,51.65182677317142,371.97199192514256,203
4617.3,11,1095.4319343366105,4.5,51.70242680170386,371.5994336743244,203
4617.4,11,1095.4319343366105,4.5,51.70602685452196,371.58479940824793,203
4617.5,11,1095.4319343366105,4.5,51.736377185493275,371.3657893235698,203
4617.6,11,1095.4319343366105,4.5,51.641473536521644,372.09818839816614,203
4617.7,11,1095.4319343366105,4.5,51.66415374365334,371.9342995268245,203
4617.8,11,1095.4319343366105,4.5,51.67709943969307,371.8515731512926,203
4617.9,11,1095.4319343366105,4.5,51.68859660936839,371.77587489583686,203
4618.0,11,1095.4319343366105,3.6,51.70762416180475,371.63804514754315,203
4618.1,11,1095.4319343366105,4.5,51.73696961332738,371.4267150649629,203
4618.2,11,1095.4319343366105,4.5,51.69273807353645,371.71964835986904,203
4618.3,11,1095.4319343366105,4.5,51.7074451796903,371.6198150725768,203
4618.4,11,1095.4319343366105,4.5,51.72792629565791,371.4777829426533,203
4618.5,11,1095.4319343366105,4.5,51.755230121769614,371.28081710306907,203
4618.6,11,1095.4319343366105,4.5,51.78963552319196,371.03330495486557,203
4618.7,11,1095.4319343366105,4.5,51.797458481173635,370.98786363259126,203
4618.8,11,1095.4319343366105,4.5,51.829021255930854,370.7651058412994,203
4618.9,11,1095.4319343366105,4.5,51.86738299987748,370.49308293988076,203
4619.0,11,1095.4319343366105,4.5,51.89148308445385,370.3250380712718,203
4619.1,11,1095.4319343366105,4.5,51.92710430219233,370.0744071519022,203
4619.2,11,1095.4319343366105,4.5,51.947104286746445,369.9394854658484,203
4619.3,11,1095.4319343366105,4.5,51.97475247567855,369.74769294040715,203
4619.4,11,1095.4319343366105,4.5,52.01232800183639,369.4805223725216,203
4619.5,11,1095.4319343366105,4.5,52.04540959910956,369.2464339119648,203
4619.6,11,1095.4319343366105,4.5,52.072296610775695,369.05686533583014,203
4619.7,11,1095.4319343366105,4.5,52.115109742786125,368.7530536536899,203
4619.8,11,1095.4319343366105,4.5,52.15861628815337,368.43801400829864,203
4619.9,11,1095.4319343366105,4.5,52.019775232474444,369.5040683998392,203
4620.0,11,1095.4319343366105,4.5,51.952755271371096,369.9407024441788,203
4620.1,11,1095.4319343366105,4.5,51.97076696010609,369.8224874388143,203
4620.2,11,1095.4319343366105,4.5,52.01570100352529,369.5001595970997,203
4620.3,11,1095.4319343366105,4.5,52.01223908706434,369.545651043471,203
4620.4,11,1095.4319343366105,3.6,52.04868849651358,369.2863833770057,203
4620.5,11,1095.4319343366105,3.6,52.08543910558169,369.02319417279017,203
4620.6,11,1095.4319343366105,3.6,52.11428654209343,368.8243370890598,203
4620.7,11,1095.4319343366105,3.6,52.10032941915554,368.8982731618248,203
4620.8,11,1095.4319343366105,3.6,52.126052718099814,368.7109490655164,203
4620.9,11,1095.4319343366105,3.6,52.05154789576824,369.2012382827754,203
4621.0,11,1095.4319343366105,3.6,52.07633950044442,369.0292796097202,203
4621.1,11,1095.4319343366105,3.6,52.09741446611221,368.88415379130345,203
4621.2,11,1095.4319343366105,3.6,52.14850041219319,368.5171896126756,203
4621.3,11,1095.4319343366105,3.6,52.1022420273938,368.775799383739,203
4621.4,11,1095.4319343366105,3.6,52.129127587896846,368.5883936321405,203
4621.5,11,1095.4319343366105,3.6,52.15410979275225,368.41848142435913,203
4621.6,11,1095.4319343366105,3.6,52.19664148949525,368.117473221912,203
4621.7,11,1095.4319343366105,3.6,52.21740021400453,367.9789145464158,203
4621.8,11,1095.4319343366105,3.6,52.26631307545645,367.6290080966166,203
4621.9,11,1095.4319343366105,3.6,52.28784807212956,367.48866318410217,203
4622.0,11,1095.4319343366105,3.6,52.32700497698566,367.22029992407676,203
4622.1,11,1095.7935953228166,3.6,52.3488992736904,367.0744307397572,204
4622.2,10,1095.7935953228166,-100.0,52.389743212801974,366.78994707851075,204
4622.3,10,1095.7935953228166,4.0,52.42928753213724,366.51579884589927,204
4622.4,10,1095.7935953228166,4.0,52.462515432709836,366.29179748738045,204
4622.5,10,1095.7935953228166,4.0,52.50715491179406,365.9811100174986,204
4622.6,10,1095.7935953228166,4.0,52.53485542542192,365.7967601235516,204
4622.7,10,1095.7935953228166,4.0,52.57611081642612,365.51240865117006,204
4622.8,10,1095.7935953228166,4.0,52.58788514357029,365.4400264058419,204
4622.9,10,1095.7935953228166,4.0,52.44862827204996,366.49823873732305,204
4623.0,10,1095.7935953228166,4.0,52.474624726818625,366.3221804504544,204
4623.1,10,1095.7935953228166,4.0,52.52216082990793,365.99003398790126,204
4623.2,10,1095.7935953228166,4.0,52.545350662323834,365.8435908591547,204
4623.3,10,1095.7935953228166,4.0,52.5774057348997,365.6350471899848,204
4623.4,10,1095.7935953228166,4.0,52.628513866611804,365.28260405529744,204
4623.5,10,1095.7935953228166,4.0,52.67260016312431,364.98670962940025,204
4623.6,11,1095.7935953228166,4.0,52.665224464923554,364.999842720302,204
4623.7,11,1095.7935953228166,3.6,52.686705595320426,364.8591276195934,204
4623.8,11,1095.7935953228166,3.6,52.73268667715532,364.53411511603167,204
4623.9,11,1095.7935953228166,3.6,52.74590121712107,364.45279735845713,204
4624.0,11,1095.7935953228166,3.6,52.778685866896765,364.23217094136453,204
4624.1,11,1095.7935953228166,3.6,52.80977575625374,364.01817447458745,204
4624.2,11,1095.7935953228166,3.6,52.83042200191093,363.88032770776226,204
4624.3,11,1096.1551569241456,3.6,52.86450959682415,363.6497800787492,205
4624.4,10,1096.1551569241456,-100.0,52.91416179813609,363.3083991341536,205
4624.5,10,1096.1551569241456,4.0,52.93620468470063,363.1600960414431,205
4624.6,10,1096.1551569241456,4.0,52.961192424560664,362.99498829596905,205
4624.7,10,1096.1551569241456,4.0,52.919868747636784,363.2476350531143,205
4624.8,10,1096.1551569241456,4.0,52.95480609700702,363.0021476672108,205
4624.9,11,1096.1551569241456,3.2,52.97114341454955,362.89830235420266,205
4625.0,11,1096.1551569241456,3.6,53.01198175843473,362.61650371790904,205
4625.1,11,1096.1551569241456,3.6,53.045365715640884,362.3886101523508,205
4625.2,8,1096.1370527283818,2.7,53.08355985133672,362.1218984577645,205
4625.3,8,1096.1370527283818,3.5,52.988763220366636,362.7086275386629,205
4625.4,8,1096.1370527283818,3.5,53.02510356651422,362.46539074728406,205
4625.5,8,1096.1370527283818,3.5,52.860449379033284,363.6915287091299,205
4625.6,8,1096.1370527283818,3.5,52.88700708504636,363.51304866990745,205
4625.7,8,1096.1370527283818,3.5,52.93749737589059,363.1611889327763,205
4625.8,8,1096.1370527283818,3.5,52.96402524925277,362.98117939207907,205
4625.9,8,1096.1370527283818,3.5,52.99540927219948,362.76888890439767,205
4626.0,8,1096.1370527283818,3.5,53.03028704493079,362.53025261573043,205
4626.1,8,1096.1370527283818,3.5,53.07829589333309,362.2016823979375,205
4626.2,8,1096.1370527283818,3.5,53.10891831560548,361.99707491147257,205
4626.3,11,1096.1370527283818,3.5,52.98965411006611,362.7374546465973,205
4626.4,11,1096.1370527283818,3.6,53.02822605776842,362.4709666359069,205
4626.5,11,1096.1370527283818,3.6,53.064944956714086,362.21668404971126,205
4626.6,11,1096.1370527283818,3.6,53.08340357609712,362.1010904829318,205
4626.7,8,1096.1370527283818,2.7,53.1288953840144,361.7879260577064,205
4626.8,8,1096.1370527283818,3.5,53.16364154726402,361.5531246260815,205
4626.9,8,1096.1370527283818,3.5,53.21002352767988,361.2363754868636,205
4627.0,8,1096.1370527283818,3.5,53.248684757164945,360.9716092422093,205
4627.1,8,1096.1370527283818,3.5,53.279410639660384,360.76107238126826,205
4627.2,8,1096.1370527283818,3.5,53.323376754195365,360.4668098145887,205
4627.3,8,1096.1370527283818,3.5,53.368833695108776,360.1544813158031,205
4627.4,8,1096.1370527283818,3.5,53.38651085986787,360.0419805901134,205
4627.5,8,1096.1370527283818,3.5,53.4369375795287,359.6976834392003,205
4627.6,8,1096.1370527283818,3.5,53.381596070940496,360.0441584839377,205
4627.7,8,1096.1370527283818,3.5,53.302703660549966,360.6317918962999,205
4627.8,8,1096.1370527283818,3.5,53.261958698974325,360.87254315305256,205
4627.9,8,1096.1370527283818,3.5,53.292410320956975,360.66947559553364,205
4628.0,7,1096.2399149320595,3.5,53.31119616470171,360.54886250971265,205
4628.1,7,1096.2448005032747,4.199999999999999,53.344893185437364,360.327424412006,205
4628.2,7,1096.209395034852,4.199999999999999,53.37292210303056,360.1466982804881,205
4628.3,7,1096.209395034852,4.199999999999999,53.411294264930035,359.887432787483,205
4628.4,7,1096.209395034852,4.199999999999999,53.43979952555188,359.7029981886898,205
4628.5,7,1096.209395034852,4.199999999999999,53.476262578562995,359.45820010980333,205
4628.6,7,1096.209395034852,4.199999999999999,53.501637608825675,359.2920277809492,205
4628.7,7,1096.209395034852,4.199999999999999,53.52950909735891,359.101711400753,205
4628.8,7,1096.209395034852,4.199999999999999,53.52511767622151,359.1422658129379,205
4628.9,7,1096.209395034852,4.199999999999999,53.571727231992924,358.8293110795521,205
4629.0,7,1096.209395034852,4.199999999999999,53.60121374705841,358.63485318255493,205
4629.1,7,1096.209395034852,4.199999999999999,53.62642120660298,358.46720170227667,205
4629.2,7,1096.209395034852,4.199999999999999,53.651517398213265,358.2992008533399,205
4629.3,7,1096.209395034852,4.199999999999999,53.5543361201767,358.90933010035667,205
4629.4,7,1096.209395034852,4.199999999999999,53.57335340479055,358.7811228385924,205
4629.5,10,1096.209395034852,3.5,53.60273889086527,358.58195480816494,205
4629.6,10,1096.209395034852,4.0,53.61125584798588,358.5247041281942,205
4629.7,10,1096.209395034852,4.0,53.62201246829741,358.44995013054347,205
4629.8,10,1096.209395034852,4.0,53.64785032942495,358.27671399457654,205
4629.9,10,1096.209395034852,4.0,53.670414956066864,358.12238605241424,205
4630.0,10,1096.209395034852,4.0,53.689356686522444,357.9966152964178,205
4630.1,10,1096.209395034852,4.0,53.59105361157022,358.7091096249378,205
4630.2,10,1096.209395034852,4.0,53.609332431112385,358.57906829214335,205
4630.3,7,1096.1724644300714,3.2,53.63457451226985,358.39945909353037,205
4630.4,7,1096.1724644300714,4.199999999999999,53.64742259822215,358.3103131222425,205
4630.5,7,1096.1724644300714,4.199999999999999,53.70879586196091,357.6410556369102,205
4630.6,7,1096.1724644300714,4.199999999999999,53.72368333671672,357.539784865034,205
4630.7,7,1096.1724644300714,4.199999999999999,53.73784211590069,357.43998462781417,205
4630.8,7,1096.1724644300714,4.199999999999999,53.62652775711044,358.15379346060024,205
4630.9,7,1096.1724644300714,4.199999999999999,53.63597129308707,358.08921607107993,205
4631.0,7,1096.1724644300714,4.199999999999999,53.632201734311465,358.1157029224331,205
4631.1,7,1096.1724644300714,4.199999999999999,53.572437790683296,358.49693232429996,205
4631.2,7,1096.1724644300714,4.199999999999999,53.58020121866096,358.4423414203777,205
4631.3,7,1096.1724644300714,4.199999999999999,53.599409518107564,358.31228282480976,205
4631.4,7,1096.1724644300714,4.199999999999999,53.6165270193374,358.1945953369795,205
4631.5,7,1096.1724644300714,4.199999999999999,53.641172832756226,358.0248648132347,205
4631.6,7,1096.1724644300714,3.5,53.654809550195594,357.9329882522314,205
4631.7,7,1096.1724644300714,3.5,53.67549468972959,357.7919361749374,205
4631.8,7,1096.1724644300714,3.5,53.690097497080345,357.6896810075923,205
4631.9,7,1096.1724644300714,3.5,53.696096662071625,357.64981022621373,205
4632.0,7,1096.1724644300714,3.5,53.726280007299536,357.44355392802163,205
4632.1,7,1096.1724644300714,3.5,53.73165791027246,357.4041254063879,205
4632.2,7,1096.1724644300714,3.5,53.75061957418331,357.2759284019644,205
4632.3,9,1096.1724644300714,3.5,53.769066791418126,357.14944175704574,205
4632.4,9,1096.1724644300714,2.4000000000000004,53.79509427301136,356.9727721734426,205
4632.5,7,1096.1724644300714,1.6,53.69470689303152,357.6624875523894,205
4632.6,7,1096.134896421239,3.5,53.72322544953611,357.4652425657878,205
4632.7,7,1096.134896421239,4.199999999999999,53.741564541589426,357.34068674774073,205
4632.8,7,1096.134896421239,4.199999999999999,53.76396676212015,357.18745063672884,205
4632.9,7,1096.134896421239,4.199999999999999,53.771222295848304,357.13719969680767,205
4633.0,7,1096.134896421239,4.199999999999999,53.683382088538565,357.7000341375459,205
4633.1,7,1096.134896421239,4.199999999999999,53.720865849257265,357.44542459193,205
4633.2,7,1096.134896421239,4.199999999999999,53.7264717937627,357.4076559168117,205
4633.3,7,1096.134896421239,4.199999999999999,53.750934043822106,357.24320920889954,205
4633.4,7,1096.134896421239,4.199999999999999,53.76989348108701,357.1173469107865,205
4633.5,7,1096.134896421239,4.199999999999999,53.781041488523904,357.0438061173143,205
4633.6,7,1096.134896421239,4.199999999999999,53.79904265473069,356.92304881577275,205
4633.7,7,1096.134896421239,4.199999999999999,53.8244078847991,356.7531402108915,205
4633.8,7,1096.134896421239,4.199999999999999,53.82273338439688,356.7639125773434,205
4633.9,7,1096.134896421239,4.199999999999999,53.73202525151595,357.3811200415342,205
4634.0,7,1096.134896421239,4.199999999999999,53.74571915810762,357.28986716419365,205
4634.1,7,1096.134896421239,4.199999999999999,53.75261281279313,357.2429348892548,205
4634.2,7,1096.134896421239,4.199999999999999,53.76528702851489,357.1575266951797,205
4634.3,7,1096.134896421239,4.199999999999999,53.71377740473093,357.4864495079799,205
4634.4,7,1096.134896421239,4.199999999999999,53.71318520396359,357.4917069236135,205
4634.5,7,1096.134896421239,4.199999999999999,53.72609118550254,357.40419095986834,205
4634.6,7,1096.134896421239,4.199999999999999,53.63390563988139,358.0041226167079,205
4634.7,7,1096.134896421239,4.199999999999999,53.64492681792456,357.93061123432483,205
4634.8,7,1096.134896421239,4.199999999999999,53.65121689395521,357.887949500084,205
4634.9,7,1096.0974453560818,4.199999999999999,53.668172063846754,357.77364086058145,205
4635.0,7,1096.0974453560818,4.8999999999999995,53.66143571511634,357.8195091428093,205
4635.1,7,1096.0974453560818,4.199999999999999,53.670733171068676,357.756848816979,205
4635.2,7,1096.0974453560818,4.199999999999999,53.68528774593045,357.65932135338926,205
4635.3,7,1096.0974453560818,4.199999999999999,53.70537383354007,357.5240643202687,205
4635.4,7,1096.0974453560818,4.199999999999999,53.719864082124886,357.4267925875938,205
4635.5,7,1096.0974453560818,4.199999999999999,53.727981996961944,357.3724919720731,205
4635.6,7,1096.0974453560818,4.199999999999999,53.73811585996023,357.30412677949494,205
4635.7,7,1096.0974453560818,4.199999999999999,53.62361255475765,358.0580479997472,205
4635.8,7,1096.0974453560818,4.199999999999999,53.63742344608521,357.96453830061216,205
4635.9,7,1096.0974453560818,4.199999999999999,53.65727447613183,357.8317643919198,205
4636.0,7,1096.0974453560818,4.199999999999999,53.66744337258723,357.76333763898185,205
4636.1,7,1096.0974453560818,4.199999999999999,53.66894825298167,357.753105409245,205
4636.2,7,1096.0974453560818,4.199999999999999,53.67107420510794,357.73876499858324,205
4636.3,7,1096.0974453560818,4.199999999999999,53.68390073113791,357.6528006989811,205
4636.4,7,1096.0974453560818,4.199999999999999,53.7119561958176,357.46487343804495,205
4636.5,7,1096.0974453560818,4.199999999999999,53.73430984064376,357.3154238227718,205
4636.6,7,1096.0974453560818,4.199999999999999,53.746414539216495,357.23457736633236,205
4636.7,7,1096.0974453560818,4.199999999999999,53.74582620442011,357.23819820549477,205
4636.8,7,1096.0974453560818,4.199999999999999,53.6695135561079,357.74915348217996,205
4636.9,7,1096.0974453560818,4.199999999999999,53.689703928696304,357.61417075476345,205
4637.0,7,1096.0974453560818,4.199999999999999,53.699553291376155,357.54852327964056,205
4637.1,7,1096.0974453560818,4.199999999999999,53.71410603717364,357.4508941063276,205
4637.2,7,1096.0595947789593,4.199999999999999,53.734669031490995,357.313447986176,205
4637.3,7,1096.0595947789593,4.8999999999999995,53.749608614380406,357.2140414837759,205
4637.4,7,1096.0595947789593,4.8999999999999995,53.677440702247765,357.69281313607223,205
4637.5,7,1096.0595947789593,4.8999999999999995,53.69510839787092,357.5748024875064,205
4637.6,7,1096.0595947789593,4.8999999999999995,53.707420166807566,357.49270231356047,205
4637.7,7,1096.0595947789593,4.8999999999999995,53.56451146843028,358.4486739743078,205
4637.8,7,1096.0595947789593,4.8999999999999995,53.575983079121926,358.37232217186425,205
4637.9,7,1096.0595947789593,4.8999999999999995,53.507549991310725,358.8286399501688,205
4638.0,7,1096.0595947789593,4.8999999999999995,53.51677059359458,358.76716716950045,205
4638.1,7,1096.0595947789593,4.8999999999999995,53.51808749602404,358.7584548860612,205
4638.2,7,1096.0595947789593,4.8999999999999995,53.527825035472894,358.69336024472597,205
4638.3,7,1096.0595947789593,4.8999999999999995,53.53907443311643,358.6182640919501,205
4638.4,7,1096.0595947789593,4.8999999999999995,53.54729622486624,358.5638641165564,205
4638.5,7,1096.0595947789593,4.199999999999999,53.558965993530066,358.48609050802924,205
4638.6,7,1096.0595947789593,4.199999999999999,53.583905472053246,358.3354461041075,205
4638.7,9,1096.0595947789593,4.199999999999999,53.60304150476202,358.208236544035,205
4638.8,9,1096.0595947789593,3.2,53.61002819871083,358.1618723978985,205
4638.9,9,1096.0595947789593,3.2,53.62179103512398,358.0830355545662,205
4639.0,9,1096.0595947789593,3.2,53.60274143553933,358.1967043818227,205
4639.1,7,1096.0595947789593,3.2,53.61058952851465,358.1445185313194,205
4639.2,7,1096.0595947789593,4.199999999999999,53.615239496409174,358.1139138763868,205
4639.3,7,1096.0595947789593,4.199999999999999,53.62913074753706,358.02112715330964,205
4639.4,7,1096.0595947789593,4.199999999999999,53.649507596871175,357.8862022086806,205
4639.5,7,1096.0595947789593,4.199999999999999,53.64660604627257,357.9056326159358,205
4639.6,7,1096.0595947789593,4.199999999999999,53.65045418730496,357.8803929671653,205
4639.7,7,1096.0595947789593,4.199999999999999,53.67423091324015,357.7230175242836,205
4639.8,9,1096.0595947789593,3.5,53.650277504274115,357.8815129878957,205
4639.9,9,1096.0595947789593,3.2,53.66419476866139,357.78915265217154,205
4640.0,9,1096.0595947789593,3.2,53.59531896784457,358.2567935065708,205
4640.1,9,1096.0595947789593,3.2,53.59134452272371,358.28286045745534,205
4640.2,9,1096.0595947789593,3.2,53.60262015863265,358.2071086107562,205
4640.3,9,1096.0595947789593,3.2,53.61442550589439,358.1288006322884,205
4640.4,9,1096.0595947789593,3.2,53.62674767315575,358.047495670638,205
4640.5,9,1096.0595947789593,3.2,53.634978625567896,357.9932360922849,205
4640.6,9,1096.0595947789593,3.2,53.64755902192259,357.9090621431601,205
4640.7,9,1096.0595947789593,3.2,53.651223504410495,357.8843083367327,205
4640.8,9,1096.0595947789593,3.2,53.6566162918958,357.84840875710785,205
4640.9,9,1096.0595947789593,3.2,53.66233270532433,357.81054424752233,205
4641.0,9,1096.0595947789593,3.2,53.54685550788112,358.5925959685377,205
4641.1,9,1096.0595947789593,3.2,53.561306712834224,358.49784865907264,205
4641.2,9,1096.0595947789593,3.2,53.56023743809406,358.5051763773166,205
4641.3,9,1096.0595947789593,3.2,53.566343781782045,358.46476682681066,205
4641.4,9,1096.0595947789593,3.2,53.573262846798336,358.419398173108,205
4641.5,7,1096.0221889899817,3.2,53.57831179707744,358.38719045574766,205
4641.6,7,1096.0221889899817,4.199999999999999,53.57217137560093,358.4269642849865,205
4641.7,7,1096.0221889899817,4.199999999999999,53.573690439368185,358.41802748792486,205
4641.8,7,1096.0221889899817,4.199999999999999,53.55770514548438,358.52355003801176,205
4641.9,7,1096.0221889899817,4.199999999999999,53.577118546756466,358.3967814731984,205
4642.0,7,1096.0221889899817,4.199999999999999,53.48097208325366,359.0552372488895,205
4642.1,7,1096.0221889899817,4.199999999999999,53.482785180835705,359.04492588845494,205
4642.2,7,1096.0221889899817,4.199999999999999,53.558184489076844,358.5305156974136,205
4642.3,7,1096.0221889899817,4.199999999999999,53.558278879866435,358.52942934112525,205
4642.4,7,1096.0221889899817,4.199999999999999,53.56310757689295,358.4993432258619,205
4642.5,7,1096.0221889899817,4.199999999999999,53.565333360422365,358.4857984284107,205
4642.6,7,1096.0221889899817,4.199999999999999,53.55547573708145,358.5493716716654,205
4642.7,7,1096.0221889899817,4.199999999999999,53.57323071509311,358.4315510992425,205
4642.8,7,1096.0221889899817,4.199999999999999,53.57590242675355,358.4146329331736,205
4642.9,7,1096.0221889899817,4.199999999999999,53.57609854688151,358.41415647281417,205
4643.0,7,1096.0221889899817,4.199999999999999,53.60326949927044,358.23668092300557,205
4643.1,7,1096.0221889899817,4.199999999999999,53.51634509670077,358.8040228340076,205
4643.2,7,1096.0221889899817,4.199999999999999,53.519675992253006,358.78200514871025,205
4643.3,7,1096.0221889899817,4.199999999999999,53.54593992610699,358.60912158388095,205
4643.4,7,1096.0221889899817,4.199999999999999,53.56731426895997,358.46727363204093,205
4643.5,7,1096.0221889899817,4.199999999999999,53.56183585795972,358.502488718776,205
4643.6,7,1096.0221889899817,4.199999999999999,53.58269781866389,358.3643419106039,205
4643.7,7,1096.0221889899817,4.199999999999999,53.603116224346074,358.2286183488028,205
4643.8,7,1096.0221889899817,4.199999999999999,53.614001051148506,358.1564001269028,205
4643.9,7,1096.0221889899817,4.199999999999999,53.529697488476,358.7092276498585,205
4644.0,7,1096.0221889899817,4.199999999999999,53.51632517170301,358.7971729276022,205
4644.1,7,1096.0221889899817,4.199999999999999,53.53849293305271,358.6506296200196,205
4644.2,7,1096.0221889899817,4.199999999999999,53.560391232039564,358.5053439310791,205
4644.3,7,1096.0221889899817,4.199999999999999,53.56745947698633,358.45892701535615,205
4644.4,7,1096.0221889899817,4.199999999999999,53.63059432444955,358.04395853398387,205
4644.5,7,1096.0221889899817,4.199999999999999,53.635345380745456,358.01312781017884,205
4644.6,7,1096.0221889899817,4.199999999999999,53.636669174785865,358.0027175244582,205
4644.7,7,1096.0221889899817,4.199999999999999,53.69868435749373,357.5834200501122,205
4644.8,7,1096.0221889899817,4.199999999999999,53.69571677332307,357.6035223576437,205
4644.9,7,1096.0221889899817,4.199999999999999,53.6832745356984,357.6852031790512,205
4645.0,7,1096.0221889899817,4.199999999999999,53.707154862815884,357.52805101121237,205
4645.1,7,1096.0221889899817,4.199999999999999,53.720723238584696,357.43926107266464,205
4645.2,7,1096.0221889899817,4.199999999999999,53.71636509068618,357.467949065992,205
4645.3,7,1096.0221889899817,4.199999999999999,53.72660287724395,357.3997939294032,205
4645.4,7,1096.0221889899817,4.199999999999999,53.72227500973992,357.4277415184543,205
4645.5,7,1096.0221889899817,4.199999999999999,53.72172058829075,357.4313166926588,205
4645.6,7,1096.0221889899817,4.199999999999999,53.718461575188286,357.4538709088448,205
4645.7,7,1096.0221889899817,4.199999999999999,53.726302416823515,357.4023563094477,205
4645.8,7,1096.0221889899817,4.199999999999999,53.72589356213146,357.404569152833,205
4645.9,7,1096.0221889899817,4.199999999999999,53.7316850082705,357.3659622141218,205
4646.0,7,1096.0221889899817,4.199999999999999,53.73720710069951,357.320983206552,205
4646.1,7,1096.0221889899817,4.199999999999999,53.731062970069964,357.36185525857456,205
4646.2,7,1096.0221889899817,4.199999999999999,53.7313330478251,357.3619554430333,205
4646.3,7,1096.0221889899817,4.199999999999999,53.720926081878,357.431489249166,205
4646.4,7,1096.0221889899817,3.5,53.72231844654557,357.42315346739673,205
4646.5,7,1096.0221889899817,3.5,53.71640967864838,357.4621561032325,205
4646.6,7,1096.0221889899817,3.5,53.71675652334698,357.46067431118416,205
4646.7,7,1096.0221889899817,3.5,53.61617263981781,358.1208743232986,205
4646.8,7,1095.98465684643,3.5,53.635567931669904,357.99370692200847,205
4646.9,7,1095.98465684643,4.199999999999999,53.614200989799116,358.1347911344953,205
4647.0,7,1095.98465684643,4.199999999999999,53.631748764008634,358.01899585521556,205
4647.1,7,1095.98465684643,4.199999999999999,53.64459895242274,357.9334267483079,205
4647.2,7,1095.98465684643,4.199999999999999,53.641522189302904,357.9578143640168,205
4647.3,7,1095.98465684643,4.199999999999999,53.65634659650112,357.858037177552,205
4647.4,7,1095.98465684643,4.199999999999999,53.669750755622914,357.7668114121614,205
4647.5,7,1095.98465684643,4.199999999999999,53.68147409398482,357.6863596472133,205
4647.6,7,1095.98465684643,4.199999999999999,53.707360206142766,357.5149612918886,205
4647.7,7,1095.98465684643,4.199999999999999,53.71939517237641,357.4337302686154,205
4647.8,9,1095.98465684643,3.5,53.72993501643403,357.3634301190111,205
4647.9,7,1095.98465684643,3.2,53.75189365274316,357.2172126983413,205
4648.0,7,1095.98465684643,3.5,53.81422940981298,356.80878877090356,205
4648.1,7,1096.0526810395693,3.5,53.8588796454207,356.52793231757755,205
4648.2,7,1096.0526810395693,4.199999999999999,53.87818034355436,356.3986167515427,205
4648.3,7,1096.0526810395693,4.199999999999999,53.88377683028345,356.3575341521353,205
4648.4,7,1096.0526810395693,4.199999999999999,53.907221407968024,356.20300250275614,205
4648.5,7,1096.0526810395693,4.199999999999999,53.933998419160275,356.02668756151127,205
4648.6,7,1096.0526810395693,4.199999999999999,53.953566305024,355.8976123575769,205
4648.7,7,1096.0526810395693,4.199999999999999,53.963934416435464,355.8289841929716,205
4648.8,7,1096.0526810395693,4.199999999999999,53.969522100192854,355.79084587476603,205
4648.9,7,1096.0526810395693,4.199999999999999,53.98465217093104,355.68970335096725,205
4649.0,7,1096.0526810395693,4.199999999999999,53.91366511870416,356.1759255303067,205
4649.1,7,1096.0526810395693,4.199999999999999,53.91358232801382,356.17301603658973,205
4649.2,7,1096.0526810395693,4.199999999999999,53.94406905800206,355.97431577717094,205
4649.3,7,1096.0526810395693,4.199999999999999,53.94395249734322,355.9730028618284,205
4649.4,7,1096.0151414467266,4.199999999999999,53.95586796765383,355.89335775477946,205
4649.5,7,1096.0151414467266,4.8999999999999995,53.83464836466401,356.6768149380423,205
4649.6,7,1096.0151414467266,4.8999999999999995,53.83735096562731,356.6582655857718,205
4649.7,7,1096.0151414467266,4.8999999999999995,53.853715650387514,356.5492949517642,205
4649.8,7,1096.0151414467266,4.8999999999999995,53.873498565173335,356.41752693939134,205
4649.9,7,1096.0151414467266,4.8999999999999995,53.917055742431295,356.1265209766235,205
4650.0,7,1096.0151414467266,4.8999999999999995,53.93116841412327,356.0321970645766,205
4650.1,7,1096.0151414467266,4.8999999999999995,53.9666971763799,355.79963349195725,205
4650.2,7,1096.0151414467266,4.8999999999999995,53.964315443572154,355.812748101992,205
4650.3,7,1096.0151414467266,4.8999999999999995,53.98238899743922,355.6943097134207,205
4650.4,7,1096.0151414467266,4.8999999999999995,54.00291308857865,355.56033952254234,205
4650.5,7,1096.0151414467266,4.8999999999999995,54.00416725302345,355.5513801246197,205
4650.6,7,1096.0151414467266,4.8999999999999995,54.01638243603048,355.47191885567554,205
4650.7,7,1096.0151414467266,4.8999999999999995,54.09795414795587,354.9925028593221,205
4650.8,7,1096.0151414467266,4.8999999999999995,54.102521556474464,354.96405381042746,205
4650.9,7,1096.0151414467266,4.8999999999999995,54.100710938294995,354.97687052283703,205
4651.0,7,1096.0151414467266,4.8999999999999995,54.10575446180148,354.9417360483741,205
4651.1,7,1096.0151414467266,4.8999999999999995,54.12240833550334,354.836129477438,205
4651.2,7,1096.0151414467266,4.8999999999999995,54.12827496247344,354.79628539395173,205
4651.3,7,1096.0151414467266,4.8999999999999995,54.13459315293177,354.75505622725655,205
4651.4,7,1096.0151414467266,4.199999999999999,54.14176691846907,354.7058869835926,205
4651.5,7,1096.0151414467266,4.199999999999999,54.157745346795636,354.6009825379486,205
4651.6,7,1096.0151414467266,4.199999999999999,54.17424204245397,354.4920440997228,205
4651.7,7,1096.0151414467266,4.199999999999999,54.19192499634935,354.3763460795325,205
4651.8,7,1096.0151414467266,4.199999999999999,54.19535717208356,354.35381231999673,205
4651.9,7,1095.9776568584675,4.199999999999999,54.20987519657622,354.2591903090695,205
4652.0,7,1095.9776568584675,4.8999999999999995,54.21027467742012,354.2553361632556,205
4652.1,7,1095.9776568584675,4.8999999999999995,54.2274438104604,354.14287629869074,205
4652.2,7,1095.9776568584675,4.8999999999999995,54.234897570183236,354.09680181776685,205
4652.3,7,1095.9776568584675,4.8999999999999995,54.24158844509598,354.0531842477145,205
4652.4,7,1095.9776568584675,4.8999999999999995,54.25729865225367,353.95070463035097,205
4652.5,7,1095.9776568584675,4.8999999999999995,54.15936252778876,354.614832097246,205
4652.6,7,1095.9776568584675,4.8999999999999995,54.190970049220816,354.4002498784655,205
4652.7,7,1095.9776568584675,4.8999999999999995,54.20009006557887,354.34366783001667,205
4652.8,7,1095.9776568584675,4.8999999999999995,54.20563997110473,354.30762075597227,205
4652.9,7,1095.9776568584675,4.8999999999999995,54.216470230883715,354.23868663580515,205
4653.0,7,1095.9776568584675,4.8999999999999995,54.222514813096225,354.19875482188553,205
4653.1,7,1095.9776568584675,4.8999999999999995,54.07184741166111,355.15406302164365,205
4653.2,7,1095.9776568584675,4.8999999999999995,54.08076791609167,355.09734883010617,205
4653.3,7,1095.9776568584675,4.8999999999999995,54.08660982093191,355.0600063079859,205
4653.4,7,1095.9776568584675,4.8999999999999995,54.096270550122014,354.99924707285925,205
4653.5,7,1095.9776568584675,4.8999999999999995,54.10196731210786,354.9611530856344,205
4653.6,7,1095.9776568584675,4.8999999999999995,54.09728981480053,354.99192696733417,205
4653.7,7,1095.9776568584675,4.8999999999999995,54.11202414297349,354.897478674794,205
4653.8,7,1095.9776568584675,4.8999999999999995,54.10402907815322,354.9513757021638,205
4653.9,7,1095.9776568584675,4.199999999999999,54.108891586796574,354.9219479749829,205
4654.0,7,1095.9776568584675,4.199999999999999,54.10990930771007,354.91761739719215,205
4654.1,7,1095.9776568584675,4.199999999999999,53.98868800500545,355.7396122551167,205
4654.2,7,1095.9776568584675,4.199999999999999,53.81704553079157,356.8398549407843,205
4654.3,7,1095.9776568584675,4.199999999999999,53.829503824584314,356.75716750683387,205
4654.4,7,1095.9776568584675,4.199999999999999,53.83110341305587,356.74567210937505,205
4654.5,7,1095.9402287558248,4.199999999999999,53.838607070630296,356.6973234576851,205
4654.6,7,1095.9402287558248,4.8999999999999995,53.843221460283615,356.66764510231246,205
4654.7,7,1095.9402287558248,4.8999999999999995,53.86111627884772,356.5781636171458,205
4654.8,7,1095.9402287558248,4.8999999999999995,53.873911069838606,356.49296487647007,205
4654.9,7,1095.9402287558248,4.8999999999999995,53.891230217965706,356.3778490655707,205
4655.0,7,1095.9402287558248,4.8999999999999995,53.896001106666034,356.3473880916431,205
4655.1,7,1095.9402287558248,4.8999999999999995,53.9019568464587,356.3069363685153,205
4655.2,7,1095.9402287558248,4.8999999999999995,53.93462400742006,356.08591898284624,205
4655.3,7,1095.9402287558248,4.199999999999999,53.933415783276644,356.09168538316203,205
4655.4,7,1095.9402287558248,4.199999999999999,53.960209391222975,355.91818399182944,205
4655.5,7,1095.9402287558248,4.199999999999999,53.96432113829512,355.89306840668735,205
4655.6,7,1095.9402287558248,4.199999999999999,53.96867947120948,355.8678768082415,205
4655.7,7,1095.9402287558248,4.199999999999999,53.97206803650113,355.84565577793376,205
4655.8,7,1095.9402287558248,4.199999999999999,53.98034517783812,355.7944268165766,205
4655.9,7,1095.9402287558248,4.199999999999999,53.84526742785695,356.72225250853194,205
4656.0,7,1095.9402287558248,4.199999999999999,53.85832539926996,356.64109436024285,205
4656.1,7,1095.9402287558248,4.199999999999999,53.8619365719716,356.6163487055957,205
4656.2,7,1095.9402287558248,4.199999999999999,53.85781795438737,356.6437661895076,205
4656.3,7,1095.9402287558248,4.199999999999999,53.69584931385068,357.6824326454863,205
4656.4,7,1095.9402287558248,4.199999999999999,53.697090653677925,357.67388902945027,205
4656.5,7,1095.9402287558248,4.199999999999999,53.705637591084525,357.6190465703544,205
4656.6,7,1095.9402287558248,4.199999999999999,53.70594133864283,357.61536523501377,205
4656.7,7,1095.9402287558248,4.199999999999999,53.7080388463716,357.60380289751583,205
4656.8,7,1095.9402287558248,4.199999999999999,53.71055004939849,357.5896761954998,205
4656.9,7,1095.9402287558248,4.199999999999999,53.705365063829454,357.6243024421699,205
4657.0,7,1095.9402287558248,4.199999999999999,53.71652076647786,357.55192418714176,205
4657.1,7,1095.9402287558248,4.199999999999999,53.719192123746836,357.53622421564876,205
4657.2,7,1095.902318586241,4.199999999999999,53.70299960294063,357.6404569483543,205
4657.3,7,1095.902318586241,4.8999999999999995,53.721549727313786,357.521695097877,205
4657.4,7,1095.902318586241,4.199999999999999,53.717851243894316,357.5467787109461,205
4657.5,7,1095.902318586241,4.199999999999999,53.714539273114866,357.5690651375087,205
4657.6,7,1095.902318586241,4.199999999999999,53.713394268615204,357.57590661705717,205
4657.7,7,1095.902318586241,4.199999999999999,53.70829447124919,357.61075693234045,205
4657.8,7,1095.902318586241,4.199999999999999,53.70737394813165,357.6164543699249,205
4657.9,7,1095.902318586241,4.199999999999999,53.72726949164337,357.47552635740516,205
4658.0,7,1095.902318586241,4.199999999999999,53.718384625656014,357.5338470944969,205
4658.1,7,1095.902318586241,4.199999999999999,53.70626881877075,357.6123582094317,205
4658.2,7,1095.902318586241,4.199999999999999,53.68468117577167,357.7549640670385,205
4658.3,7,1095.902318586241,4.199999999999999,53.693567370687475,357.6969020878476,205
4658.4,7,1095.902318586241,4.199999999999999,53.50337701097256,358.92864778526666,205
4658.5,7,1095.902318586241,4.199999999999999,53.32419523691357,360.1711599683041,205
4658.6,7,1095.902318586241,4.199999999999999,53.32212153926299,360.18688226717086,205
4658.7,7,1095.902318586241,4.199999999999999,53.33372902064934,360.1118047087855,205
4658.8,7,1095.902318586241,4.199999999999999,53.310774813162624,360.264561470884,205
4658.9,7,1095.902318586241,4.199999999999999,53.32814554287525,360.18912377907657,205
4659.0,7,1095.902318586241,4.199999999999999,53.31547303718102,360.2750282626867,205
4659.1,7,1095.902318586241,4.199999999999999,53.32008304501714,360.2503819105313,205
4659.2,7,1095.902318586241,4.199999999999999,53.3262654617552,360.2139973508222,205
4659.3,7,1095.902318586241,4.199999999999999,53.30839283923578,360.3373976161246,205
4659.4,7,1095.902318586241,4.199999999999999,53.30138610125576,360.3887508212952,205
4659.5,7,1095.902318586241,4.199999999999999,53.2927520700098,360.44860623030684,205
4659.6,7,1095.902318586241,4.199999999999999,53.28368118256428,360.5123883745533,205
4659.7,7,1095.902318586241,4.199999999999999,53.2848054375088,360.5114603573678,205
4659.8,7,1095.902318586241,4.199999999999999,53.27525766291371,360.5763406489277,205
4659.9,7,1095.902318586241,4.199999999999999,53.265769658576026,360.64203016253,205
4660.0,7,1095.902318586241,4.199999999999999,53.2690345163257,360.624035711272,205
4660.1,7,1095.902318586241,4.199999999999999,53.27542539072161,360.5891787030972,205
4660.2,7,1095.902318586241,4.199999999999999,53.25635278487388,360.7172464953279,205
4660.3,7,1095.902318586241,4.199999999999999,53.25675777551425,360.7202533604925,205
4660.4,7,1095.902318586241,4.199999999999999,53.25019167466928,360.76700139364766,205
4660.5,7,1095.902318586241,4.199999999999999,53.2436603088919,360.8157523888433,205
4660.6,7,1095.902318586241,3.5,53.21397110217201,361.0107147677756,205
4660.7,8,1095.9794742567688,3.5,53.21842678026157,360.9883507851417,205
4660.8,8,1096.048861649598,3.5,53.207404618626086,361.06754115503077,205
4660.9,8,1096.051520901194,3.5,53.17184526869882,361.30049928161145,205
4661.0,8,1096.051520901194,3.5,53.1762872859921,361.2752437747093,205
4661.1,8,1096.051520901194,3.5,53.154745182491254,361.41623335827705,205
4661.2,8,1096.051520901194,3.5,53.14437372620343,361.4845185156161,205
4661.3,8,1096.051520901194,3.5,53.11380938893266,361.6905457674606,205
4661.4,8,1096.051520901194,3.5,53.10306782514219,361.7625090015586,205
4661.5,8,1096.051520901194,3.5,53.09730385761017,361.80305413652934,205
4661.6,8,1096.051520901194,3.5,53.077814059296884,361.93483420512985,205
4661.7,8,1096.051520901194,3.5,53.06641541867178,362.0152263325971,205
4661.8,8,1096.051520901194,3.5,53.04353451736735,362.16689524127634,205
4661.9,8,1096.051520901194,3.5,53.022585969397994,362.3107226015543,205
4662.0,8,1096.051520901194,3.5,53.05505147185886,362.07523065297073,205
4662.1,7,1096.0142743867689,2.8,53.03051887960333,362.24170238190305,205
4662.2,7,1096.0142743867689,4.199999999999999,53.01510291714352,362.3433488582532,205
4662.3,7,1096.0142743867689,4.199999999999999,53.00760218453256,362.3998701087892,205
4662.4,7,1096.0142743867689,4.199999999999999,52.99082456400696,362.51234862601075,205
4662.5,7,1096.0142743867689,4.199999999999999,52.98160281178131,362.5763632684821,205
4662.6,7,1096.0142743867689,4.199999999999999,52.968940193181155,362.6621441786634,205
4662.7,7,1096.0142743867689,4.199999999999999,52.967894048664576,362.67210133525236,205
4662.8,7,1096.0142743867689,4.199999999999999,52.953277712847196,362.77054349683846,205
4662.9,7,1096.0142743867689,4.199999999999999,52.93199040499836,362.9135579041256,205
4663.0,7,1096.0142743867689,4.199999999999999,52.911451104132226,363.0515243673999,205
4663.1,7,1096.0142743867689,4.199999999999999,52.90812063561757,363.0730382003517,205
4663.2,7,1096.0142743867689,4.199999999999999,52.88721770210407,363.21267221820926,205
4663.3,7,1096.0142743867689,4.199999999999999,52.965302559678406,362.77615994168553,205
4663.4,7,1096.0142743867689,4.8999999999999995,52.94477467284824,362.91597083066506,205
4663.5,7,1096.0142743867689,4.8999999999999995,52.914637303085186,363.1145925693339,205
4663.6,7,1096.0142743867689,4.8999999999999995,52.90075311296142,363.21006808198183,205
4663.7,7,1096.0142743867689,4.8999999999999995,52.88361113186036,363.32385166178165,205
4663.8,7,1096.0142743867689,4.8999999999999995,52.871021173604774,363.40921236661075,205
4663.9,7,1096.0142743867689,4.8999999999999995,52.859257470115054,363.49034463671427,205
4664.0,7,1096.0142743867689,4.8999999999999995,52.83153630222028,363.6796628089876,205
4664.1,7,1096.0142743867689,4.8999999999999995,52.81151070797048,363.8135426992905,205
4664.2,7,1096.0142743867689,4.8999999999999995,52.801232691384655,363.8829443723929,205
4664.3,7,1096.0142743867689,4.199999999999999,52.78607030137056,363.98393284419353,205
4664.4,7,1096.0142743867689,4.199999999999999,52.77814779372714,364.0341012182267,205
4664.5,7,1096.0142743867689,4.199999999999999,52.7793775944962,364.0273971976773,205
4664.6,7,1096.0142743867689,4.199999999999999,52.73684933826243,364.30825854812485,205
4664.7,7,1096.0142743867689,4.199999999999999,52.78168710506783,363.97671210938205,205
4664.8,7,1096.0142743867689,4.199999999999999,52.79016926733712,363.92331226901433,205
4664.9,7,1095.9766314740104,4.199999999999999,52.650005857417,364.937693558829,205
4665.0,7,1095.9766314740104,4.8999999999999995,52.628123526529365,365.08364418595283,205
4665.1,7,1095.9766314740104,4.8999999999999995,52.54887151663245,365.5270887813331,205
4665.2,7,1095.9766314740104,4.8999999999999995,52.52274124378235,365.6978348572263,205
4665.3,7,1095.9766314740104,4.8999999999999995,52.52780191390006,365.6614955734982,205
4665.4,7,1095.9766314740104,4.8999999999999995,52.52634211211934,365.6669265771052,205
4665.5,7,1095.9766314740104,4.8999999999999995,52.525299890057006,365.6693263521531,205
4665.6,7,1095.9766314740104,4.8999999999999995,52.521442326803324,365.6919115869483,205
4665.7,7,1095.9766314740104,4.8999999999999995,52.52165404084961,365.686182361825,205
4665.8,7,1095.9766314740104,4.8999999999999995,52.497570882445615,365.8467535863848,205
4665.9,7,1095.9766314740104,4.8999999999999995,52.352134909813024,366.8982916565592,205
4666.0,7,1095.9766314740104,4.8999999999999995,52.35126681524344,366.89792894079096,205
4666.1,7,1095.9766314740104,4.8999999999999995,52.353019952661974,366.88257165792334,205
4666.2,7,1095.9766314740104,4.8999999999999995,52.34816722405362,366.9116687983342,205
4666.3,7,1095.9766314740104,4.8999999999999995,52.33913786883467,366.9686791515807,205
4666.4,7,1095.9766314740104,4.8999999999999995,52.35022623507032,366.88753430877335,205
4666.5,7,1095.9766314740104,4.8999999999999995,52.339159067035396,366.9580686927874,205
4666.6,7,1095.9766314740104,4.8999999999999995,52.32925407419654,367.02024282726114,205
4666.7,7,1095.9766314740104,4.199999999999999,52.24763991726488,367.568148642509,205
4666.8,7,1095.9766314740104,4.199999999999999,52.26868273781657,367.4177181252835,205
4666.9,7,1095.9766314740104,4.199999999999999,52.264255165521234,367.4422062348184,205
4667.0,7,1095.9766314740104,4.199999999999999,52.294756818158454,367.2175529517582,205
4667.1,7,1095.9766314740104,4.199999999999999,52.213368346278855,367.7299345324089,205
4667.2,7,1095.9766314740104,4.199999999999999,52.216148226465336,367.7100876544823,205
4667.3,7,1095.9766314740104,4.199999999999999,52.215291323563335,367.7150328361081,205
4667.4,7,1095.9766314740104,4.199999999999999,52.252638831938455,367.45226163765153,205
4667.5,7,1095.9766314740104,4.199999999999999,52.238411436884505,367.5506377026004,205
4667.6,7,1095.9391584444484,4.199999999999999,52.24062109669324,367.53420114959044,205
4667.7,7,1095.9391584444484,4.8999999999999995,52.12018062154404,368.37947663654836,205
4667.8,7,1095.9391584444484,4.8999999999999995,52.134007447578,368.2828177978431,205
4667.9,7,1095.9391584444484,5.6,52.1576260502726,368.11547520039323,205
4668.0,7,1095.9391584444484,5.6,52.17711524346349,367.9779495487821,205
4668.1,7,1095.9391584444484,5.6,52.171184204684266,368.0193243127984,205
4668.2,7,1095.9391584444484,5.6,52.193548287634414,367.8616038050534,205
4668.3,7,1095.9391584444484,5.6,52.20301185979831,367.79488348989776,205
4668.4,7,1095.9391584444484,5.6,52.217831914543126,367.6905562858957,205
4668.5,7,1095.9391584444484,5.6,52.24334659310021,367.5110694405162,205
4668.6,7,1095.9391584444484,5.6,52.273277394208336,367.30084370550196,205
4668.7,7,1095.9391584444484,5.6,52.28715919437006,367.2036861340953,205
4668.8,7,1095.9391584444484,5.6,52.31614401396233,367.0005169814738,205
4668.9,7,1095.9391584444484,5.6,52.35103533586455,366.7565040874258,205
4669.0,7,1095.9391584444484,5.6,52.370821356661935,366.6190036462508,205
4669.1,7,1095.9391584444484,5.6,52.18643859946627,367.9118417633494,205
4669.2,7,1095.9391584444484,4.8999999999999995,52.221579255361476,367.66426291927826,205
4669.3,7,1095.9391584444484,4.8999999999999995,52.242829352123024,367.514585168178,205
4669.4,7,1095.9391584444484,4.8999999999999995,52.27318586871845,367.3011262495807,205
4669.5,7,1095.9391584444484,4.8999999999999995,52.299201955737274,367.1184132886513,205
4669.6,7,1095.9391584444484,4.8999999999999995,52.34638496800932,366.7875180395016,205
4669.7,7,1095.9391584444484,4.8999999999999995,52.41131948568619,366.33326364799336,205
4669.8,7,1095.9391584444484,4.8999999999999995,52.409577736579095,366.3459730029421,205
4669.9,7,1095.9391584444484,4.8999999999999995,52.450660971197145,366.0590575204411,205
4670.0,7,1095.9391584444484,4.8999999999999995,52.31394098764308,367.0228337818894,205
4670.1,7,1095.9391584444484,4.8999999999999995,52.339673771611885,366.8418832360603,205
4670.2,7,1095.9391584444484,4.8999999999999995,52.35953722549306,366.7033264841507,205
4670.3,7,1095.9017315113608,4.8999999999999995,52.37727558335018,366.5797791083703,205
4670.4,7,1095.9017315113608,5.6,52.40130976217672,366.412463577781,205
4670.5,7,1095.9017315113608,5.6,52.248570263037166,367.4747024298447,205
4670.6,7,1095.9017315113608,5.6,52.26103273063062,367.3872576291761,205
4670.7,7,1095.9017315113608,5.6,52.29361777161251,367.1581546219669,205
4670.8,7,1095.9017315113608,5.6,52.28835009599615,367.19571999668256,205
4670.9,7,1095.9017315113608,5.6,52.29008300650408,367.1841299531312,205
4671.0,7,1095.9017315113608,5.6,52.30890424931951,367.052213254821,205
4671.1,7,1095.9017315113608,5.6,52.32891460416843,366.911692442342,205
4671.2,7,1095.9017315113608,5.6,52.329927215441344,366.90536635452384,205
4671.3,7,1095.9017315113608,5.6,52.37112568221535,366.616386027316,205
4671.4,7,1095.9017315113608,5.6,52.3956779688963,366.4441332148882,205
4671.5,7,1095.9017315113608,5.6,52.39404084795413,366.45611522955494,205
4671.6,7,1095.9017315113608,5.6,52.418209294054705,366.2870439104486,205
4671.7,7,1095.9017315113608,5.6,52.247457372419234,367.49621369480343,205
4671.8,7,1095.9017315113608,5.6,52.26113233901057,367.4001306579615,205
4671.9,7,1095.9017315113608,5.6,52.28913569165301,367.2024407763698,205
4672.0,7,1095.9017315113608,5.6,52.31346016316286,367.0312667254013,205
4672.1,7,1095.9017315113608,5.6,52.32010157152207,366.9851780826921,205
4672.2,7,1095.9017315113608,5.6,52.33333398745173,366.89340059734343,205
4672.3,7,1095.9017315113608,5.6,52.46248144444491,365.99917534281155,205
4672.4,7,1095.9017315113608,5.6,52.4745024736963,365.91505695909643,205
4672.5,7,1095.9017315113608,5.6,52.49801924253346,365.7500490110115,205
4672.6,7,1095.9017315113608,5.6,52.52475818922501,365.56316096058777,205
4672.7,7,1095.9017315113608,5.6,52.55297530042303,365.3653384338711,205
4672.8,7,1095.9017315113608,5.6,52.56941785610864,365.2510228025061,205
4672.9,7,1095.9017315113608,5.6,52.58545300029519,365.13813290852005,205
4673.0,7,1095.9017315113608,5.6,52.60770205761206,364.9831244400376,205
4673.1,7,1095.9017315113608,4.8999999999999995,52.61801950384479,364.91182265527453,205
4673.2,7,1095.9017315113608,4.8999999999999995,52.62426095313138,364.8691058549397,205
4673.3,7,1095.9017315113608,4.8999999999999995,52.62096095231868,364.89270483737687,205
4673.4,7,1095.9017315113608,4.8999999999999995,52.64479985108268,364.7261028756018,205
4673.5,7,1095.9017315113608,4.8999999999999995,52.673761212736565,364.52366200027393,205
4673.6,7,1095.9017315113608,4.8999999999999995,52.68818313977079,364.4244645874413,205
4673.7,7,1095.9017315113608,4.8999999999999995,52.68907456043692,364.41819623170454,205
4673.8,7,1095.9017315113608,4.8999999999999995,52.69154967604122,364.401393078439,205
4673.9,7,1095.9017315113608,4.8999999999999995,52.70867718728421,364.28168914226444,205
4674.0,7,1095.9017315113608,4.8999999999999995,52.70775746179835,364.28817409797637,205
4674.1,7,1095.9017315113608,4.8999999999999995,52.7036517621995,364.31793866525004,205
4674.2,7,1095.9017315113608,4.8999999999999995,52.72780440406959,364.14961479785995,205
4674.3,7,1095.9017315113608,4.8999999999999995,52.72077860778364,364.19970859238254,205
4674.4,7,1095.9017315113608,4.8999999999999995,52.73449308361124,364.10491975571824,205
4674.5,7,1095.9017315113608,4.8999999999999995,52.74467568406861,364.03397516050245,205
4674.6,7,1095.9017315113608,4.8999999999999995,52.74138753362864,364.0573796085683,205
4674.7,7,1095.9017315113608,4.8999999999999995,52.74451311004111,364.03523773469294,205
4674.8,7,1095.9017315113608,4.8999999999999995,52.579640817390555,365.1962978198859,205
4674.9,7,1095.9017315113608,4.8999999999999995,52.581397663883756,365.1845822829274,205
4675.0,7,1095.9017315113608,4.8999999999999995,52.58195074330193,365.1810927626659,205
4675.1,7,1095.9017315113608,4.199999999999999,52.58793868152404,365.14021074292674,205
4675.2,7,1095.9017315113608,4.199999999999999,52.58554033480853,365.1573898102438,205
4675.3,7,1095.9017315113608,4.199999999999999,52.59349171660499,365.0974722994043,205
4675.4,7,1095.863940926435,4.199999999999999,52.5911465550998,365.1161627149754,205
4675.5,7,1095.863940926435,4.8999999999999995,52.59943307652175,365.05683444057524,205
4675.6,7,1095.863940926435,4.8999999999999995,52.59101249142218,365.11791104681123,205
4675.7,7,1095.863940926435,4.8999999999999995,52.5289203987489,365.55960483166643,205
4675.8,7,1095.863940926435,4.8999999999999995,52.53827061025507,365.4943705939869,205
4675.9,7,1095.863940926435,4.8999999999999995,52.55394124501166,365.384680813638,205
4676.0,7,1095.863940926435,4.8999999999999995,52.54801496191189,365.4258738675009,205
4676.1,7,1095.863940926435,4.8999999999999995,52.54903104656414,365.4184226271468,205
4676.2,7,1095.863940926435,4.8999999999999995,52.55722602217776,365.3602432449196,205
4676.3,7,1095.863940926435,4.8999999999999995,52.57565243763155,365.2298569604425,205
4676.4,7,1095.863940926435,4.8999999999999995,52.56230798712377,365.32296146074793,205
4676.5,7,1095.863940926435,4.8999999999999995,52.57696404004699,365.2184089713434,205
4676.6,7,1095.863940926435,4.8999999999999995,52.56495634599845,365.30518821480416,205
4676.7,7,1095.863940926435,4.8999999999999995,52.57253149141735,365.2507693280354,205
4676.8,7,1095.863940926435,4.8999999999999995,52.58689456248952,365.14865349740074,205
4676.9,7,1095.863940926435,4.8999999999999995,52.57648847873169,365.22213782978895,205
4677.0,7,1095.863940926435,4.8999999999999995,52.60482344861727,365.0216769463474,205
4677.1,7,1095.863940926435,4.8999999999999995,52.59643517430509,365.08072884076876,205
4677.2,7,1095.863940926435,4.8999999999999995,52.60951452304273,364.98958458172274,205
4677.3,7,1095.863940926435,4.8999999999999995,52.60119922858773,365.0484266353028,205
4677.4,7,1095.863940926435,4.199999999999999,52.628706443550854,364.85377850979273,205
4677.5,7,1095.863940926435,4.199999999999999,52.616179899974014,364.94134157251,205
4677.6,7,1095.863940926435,4.199999999999999,52.62446280068606,364.8826631985071,205
4677.7,7,1095.863940926435,4.199999999999999,52.63108472417244,364.8355992069164,205
4677.8,7,1095.863940926435,4.199999999999999,52.61897508699056,364.91981282135987,205
4677.9,7,1095.863940926435,4.199999999999999,52.62479936416187,364.87860442567404,205
4678.0,7,1095.8266576283654,4.199999999999999,52.60648603758976,365.00835512529574,205
4678.1,7,1095.8266576283654,4.8999999999999995,52.61076347773695,364.9784661273195,205
4678.2,7,1095.8266576283654,4.8999999999999995,52.597724791053665,365.06936691562004,205
4678.3,7,1095.8266576283654,4.8999999999999995,52.61521177177193,364.94539286893814,205
4678.4,7,1095.8266576283654,4.8999999999999995,52.597964014252724,365.06581843287563,205
4678.5,7,1095.8266576283654,4.8999999999999995,52.59362542239546,365.09449010957275,205
4678.6,7,1095.8266576283654,4.8999999999999995,52.58933203596421,365.1245585669149,205
4678.7,7,1095.8266576283654,4.8999999999999995,52.594018643319615,365.0899444604122,205
4678.8,7,1095.8266576283654,4.8999999999999995,52.58095670321475,365.18130890566755,205
4678.9,7,1095.8266576283654,4.8999999999999995,52.60180317479184,365.0335454719652,205
4679.0,7,1095.8266576283654,4.199999999999999,52.55177539007492,365.41795001839245,205
4679.1,7,1095.8266576283654,4.199999999999999,52.53990672959915,365.4985849445808,205
4679.2,7,1095.8266576283654,4.199999999999999,52.53682500986501,365.5185653244913,205
4679.3,7,1095.8266576283654,4.199999999999999,52.54213091505838,365.48107272327263,205
4679.4,7,1095.8266576283654,4.199999999999999,52.5270002669682,365.5870930766608,205
4679.5,7,1095.8266576283654,4.199999999999999,52.52773431542814,365.5804699011969,205
4679.6,7,1095.8266576283654,4.199999999999999,52.52145098135597,365.62207808537084,205
4679.7,7,1095.8266576283654,4.199999999999999,52.518505697778984,365.64232292693237,205
4679.8,7,1095.8266576283654,4.199999999999999,52.52147373394517,365.6197579068871,205
4679.9,7,1095.8266576283654,4.199999999999999,52.53394321735172,365.53204214192886,205
4680.0,7,1095.8266576283654,4.199999999999999,52.54224471117891,365.47208180001553,205
4680.1,7,1095.8266576283654,4.199999999999999,52.53370684534702,365.53319917646047,205
4680.2,7,1095.8266576283654,4.199999999999999,52.54939459414325,365.42000438784714,205
4680.3,7,1095.8266576283654,4.199999999999999,52.53143316274817,365.54553259792755,205
4680.4,7,1095.8266576283654,4.199999999999999,52.52049814380847,365.62272482038395,205
4680.5,7,1095.8266576283654,4.199999999999999,52.521485796938244,365.615386483234,205
4680.6,7,1095.8266576283654,4.199999999999999,52.55041574429489,365.38980079162815,205
4680.7,7,1095.8266576283654,4.199999999999999,52.55974447643877,365.3250652755769,205
4680.8,7,1095.8266576283654,4.199999999999999,52.56879963088329,365.261484311717,205
4680.9,7,1095.8266576283654,4.199999999999999,52.561578095340806,365.312581191061,205
4681.0,7,1095.8266576283654,4.199999999999999,52.57004818786608,365.2530185114704,205
4681.1,7,1095.8266576283654,4.199999999999999,52.58530306941891,365.1451181862154,205
4681.2,7,1095.8266576283654,4.199999999999999,52.56209357779326,365.30867484190844,205
4681.3,7,1095.8266576283654,4.199999999999999,52.52726826812739,365.5772786637035,205
4681.4,7,1095.8266576283654,4.199999999999999,52.545852054268934,365.44528202168647,205
4681.5,7,1095.8266576283654,4.199999999999999,52.54561208024539,365.44712494642795,205
4681.6,7,1096.1459606426217,4.199999999999999,52.56277317250886,365.3272786796119,206
4681.7,7,1096.1459606426217,-100.0,52.58566646135782,365.16575782768217,206
4681.8,7,1096.1459606426217,4.8999999999999995,52.60053371521,365.0641304268056,206
4681.9,7,1096.1459606426217,4.8999999999999995,52.622677462308005,364.91023742614414,206
4682.0,7,1096.1459606426217,4.8999999999999995,52.64462470392408,364.7571246898754,206
4682.1,7,1096.1459606426217,4.8999999999999995,52.63711624445271,364.8144629906525,206
4682.2,7,1096.1459606426217,4.8999999999999995,52.66766823529455,364.60080832576494,206
4682.3,7,1096.1459606426217,4.8999999999999995,52.82176909558888,363.5631323502687,206
4682.4,7,1096.1459606426217,4.8999999999999995,52.82899677428621,363.5145567809415,206
4682.5,7,1096.1459606426217,4.8999999999999995,53.00957268821086,362.2487660125939,206
4682.6,7,1096.1459606426217,4.8999999999999995,53.02734095183723,362.12643114313005,206
4682.7,7,1096.1459606426217,4.8999999999999995,53.033283343653636,362.08717457801544,206
4682.8,7,1096.1459606426217,4.8999999999999995,53.05361728399663,361.9476703973536,206
4682.9,7,1096.1459606426217,4.8999999999999995,53.06850488958949,361.8459532128121,206
4683.0,7,1096.1459606426217,4.8999999999999995,53.066014585315884,361.8667746610287,206
4683.1,7,1096.1459606426217,4.8999999999999995,53.10062987845506,361.62969333926554,206
4683.2,7,1096.1459606426217,4.8999999999999995,53.115200419976745,361.52930135747545,206
4683.3,7,1096.1459606426217,4.8999999999999995,53.1105900477924,361.5618783036405,206
4683.4,7,1096.1459606426217,4.8999999999999995,53.12123508789412,361.48777878147644,206
4683.5,7,1096.1459606426217,4.8999999999999995,53.13443013005384,361.3984035956369,206
4683.6,7,1096.1459606426217,4.8999999999999995,53.12800927962593,361.44541301413324,206
4683.7,7,1096.1459606426217,4.8999999999999995,53.132804962515024,361.4138861384339,206
4683.8,7,1096.1459606426217,4.8999999999999995,53.148959275460214,361.3018994404089,206
4683.9,7,1096.1459606426217,4.8999999999999995,53.15310641722023,361.27367742556964,206
4684.0,7,1096.1459606426217,4.8999999999999995,53.16789967059171,361.17108466002253,206
4684.1,7,1096.1459606426217,4.8999999999999995,53.1590887916054,361.2316726690367,206
4684.2,7,1096.1459606426217,4.8999999999999995,53.151853766579556,361.282923898905,206
4684.3,7,1096.1459606426217,4.8999999999999995,53.1600590739026,361.2251443907221,206
4684.4,7,1096.1086697878848,4.8999999999999995,53.14069901267116,361.3593570253167,206
4684.5,7,1096.1086697878848,5.6,53.23753248677599,360.71254032774164,206
4684.6,7,1096.1086697878848,5.6,53.21802085588036,360.8493842087921,206
4684.7,7,1096.1086697878848,5.6,53.24504987249195,360.6623385602252,206
4684.8,7,1096.1086697878848,5.6,53.25766416143739,360.5756648493932,206
4684.9,7,1096.1086697878848,5.6,53.35525944801532,359.90045255946,206
4685.0,7,1096.1086697878848,5.6,53.36497573383187,359.8331441833129,206
4685.1,7,1096.1086697878848,5.6,53.36769256383131,359.8169975904252,206
4685.2,7,1096.1086697878848,4.8999999999999995,53.36633703958086,359.82793562371086,206
4685.3,7,1096.1086697878848,4.8999999999999995,53.367428403964695,359.8207758857945,206
4685.4,7,1096.1086697878848,4.8999999999999995,53.36692466587458,359.829081826911,206
4685.5,7,1096.1086697878848,4.8999999999999995,53.37065299079491,359.80210142843043,206
4685.6,7,1096.1086697878848,4.8999999999999995,53.3667200441921,359.8308362786239,206
4685.7,7,1096.1086697878848,4.8999999999999995,53.36938637717759,359.81133604568333,206
4685.8,7,1096.1086697878848,4.8999999999999995,53.30540933667693,360.23165157602364,206
4685.9,7,1096.1086697878848,4.8999999999999995,53.30368711707352,360.24691261964654,206
4686.0,7,1096.1086697878848,4.8999999999999995,53.31711893795543,360.15592992106474,206
4686.1,7,1096.1086697878848,4.8999999999999995,53.324168454920525,360.11018882666656,206
4686.2,7,1096.1086697878848,4.8999999999999995,53.331889800494295,360.06027196629384,206
4686.3,7,1096.1086697878848,4.8999999999999995,53.329317235122204,360.08155836561724,206
4686.4,7,1096.1086697878848,4.8999999999999995,53.33844145435126,360.0225915889472,206
4686.5,7,1096.1086697878848,4.8999999999999995,53.35734595345997,359.89523163065485,206
4686.6,7,1096.1086697878848,4.8999999999999995,53.371791115939686,359.79858581377727,206
4686.7,7,1096.1086697878848,4.8999999999999995,53.46922874810174,359.15761029245573,206
4686.8,7,1096.1086697878848,4.8999999999999995,53.457546347935406,359.24021750235806,206
4686.9,7,1096.0710342766868,4.199999999999999,53.46266968725942,359.20810266541946,206
4687.0,7,1096.0710342766868,4.8999999999999995,53.47588921802105,359.1189381256586,206
4687.1,7,1096.0710342766868,4.8999999999999995,53.47320537114733,359.14020395876867,206
4687.2,7,1096.0710342766868,4.8999999999999995,53.48564358638269,359.0566397692371,206
4687.3,7,1096.0710342766868,4.8999999999999995,53.49716831922793,358.98049313008653,206
4687.4,7,1096.0710342766868,4.8999999999999995,53.498208185662605,358.97558135762915,206
4687.5,7,1096.0710342766868,4.8999999999999995,53.49417706035989,359.0068722682921,206
4687.6,7,1096.0710342766868,4.8999999999999995,53.52214974474926,358.82351282784214,206
4687.7,7,1096.0710342766868,4.8999999999999995,53.5107418077157,358.9039822350165,206
4687.8,7,1096.0710342766868,4.8999999999999995,53.50783190142483,358.92509677636184,206
4687.9,7,1096.0710342766868,4.8999999999999995,53.4473664742249,359.3487923135337,206
4688.0,7,1096.0710342766868,4.8999999999999995,53.457120753879835,359.28262077646923,206
4688.1,7,1096.0710342766868,4.8999999999999995,53.44198962659874,359.3908526790533,206
4688.2,7,1096.0710342766868,4.8999999999999995,53.44787175283281,359.3543224778524,206
4688.3,7,1096.0710342766868,4.8999999999999995,53.44357605514789,359.38954217740627,206
4688.4,7,1096.0710342766868,4.8999999999999995,53.4532721882692,359.3261858235504,206
4688.5,7,1096.0710342766868,4.8999999999999995,53.48021595160855,359.146110378109,206
4688.6,7,1096.0710342766868,4.8999999999999995,53.49183145289936,359.0688093296502,206
4688.7,7,1096.0710342766868,4.8999999999999995,53.49334906164084,359.06234413096627,206
4688.8,7,1096.0710342766868,4.8999999999999995,53.50106125373788,359.0122225397603,206
4688.9,7,1096.0710342766868,4.8999999999999995,53.51848856703326,358.8969789214149,206
4689.0,7,1096.0710342766868,4.8999999999999995,53.53342874573582,358.7980976621628,206
4689.1,7,1096.0710342766868,4.199999999999999,53.54997968000657,358.68732608664163,206
4689.2,7,1096.0710342766868,4.199999999999999,53.55644436926191,358.64707517823666,206
4689.3,7,1096.0710342766868,4.199999999999999,53.57278569257291,358.5378990791011,206
4689.4,7,1096.0710342766868,4.199999999999999,53.58759225532526,358.4381599314552,206
4689.5,7,1096.0336145181093,4.199999999999999,53.6163059311317,358.2453103258576,206
4689.6,7,1096.0336145181093,4.8999999999999995,53.620376902213025,358.22245415766395,206
4689.7,7,1096.0336145181093,4.8999999999999995,53.63912770317981,358.09972242528295,206
4689.8,7,1096.0336145181093,4.8999999999999995,53.63692007427623,358.1157028521377,206
4689.9,7,1096.0336145181093,4.8999999999999995,53.636024351248864,358.1265866701611,206
4690.0,7,1096.0336145181093,4.8999999999999995,53.65415976504782,358.00397143621467,206
4690.1,7,1096.0336145181093,4.8999999999999995,53.66267386745636,357.94934796387344,206
4690.2,7,1096.0336145181093,4.8999999999999995,53.6872982049798,357.7809782351131,206
4690.3,7,1096.0336145181093,4.8999999999999995,53.69770964486479,357.71428240211736,206
4690.4,7,1096.0336145181093,4.8999999999999995,53.6951608073415,357.7361786747848,206
4690.5,7,1096.0336145181093,4.8999999999999995,53.70444951058519,357.6746555336929,206
4690.6,7,1096.0336145181093,4.8999999999999995,53.71143008705435,357.6299417415835,206
4690.7,7,1096.0336145181093,4.8999999999999995,53.738148172885715,357.44690321470955,206
4690.8,7,1096.0336145181093,4.8999999999999995,53.75043287711044,357.363984334277,206
4690.9,7,1096.0336145181093,4.8999999999999995,53.75453467441668,357.33629278589365,206
4691.0,7,1096.0336145181093,4.8999999999999995,53.74550381181557,357.39912989083217,206
4691.1,7,1096.0336145181093,4.8999999999999995,53.75213192987749,357.35813775042755,206
4691.2,7,1096.0336145181093,4.199999999999999,53.75685846100075,357.3306073718212,206
4691.3,7,1096.0336145181093,4.199999999999999,53.76056024302139,357.30400409944883,206
4691.4,7,1096.0336145181093,4.199999999999999,53.757673314397664,357.3243267468809,206
4691.5,7,1096.0336145181093,4.199999999999999,53.751914999550635,357.3665660185819,206
4691.6,7,1096.0336145181093,4.199999999999999,53.75109577945337,357.37445224290065,206
4691.7,7,1096.0336145181093,4.199999999999999,53.75367175838423,357.36057136791226,206
4691.8,7,1096.0336145181093,4.199999999999999,53.74448879307583,357.42343993381644,206
4691.9,7,1096.0336145181093,4.199999999999999,53.74075405972491,357.45123860672095,206
4692.0,7,1096.0336145181093,4.199999999999999,53.73062452651606,357.5241850149424,206
4692.1,7,1096.0336145181093,4.199999999999999,53.74303584244674,357.4396353446703,206
4692.2,7,1096.0336145181093,4.199999999999999,53.7536675009857,357.36899519729684,206
4692.3,7,1096.0336145181093,4.199999999999999,53.746311770598425,357.42222998805323,206
4692.4,7,1096.0336145181093,4.199999999999999,53.766388326400374,357.28217850252435,206
4692.5,7,1096.0336145181093,4.199999999999999,53.76733048096107,357.27689163471484,206
4692.6,7,1096.0336145181093,4.199999999999999,53.775004570891966,357.224906251211,206
4692.7,7,1096.0336145181093,4.199999999999999,53.784447103397,357.1596011099583,206
4692.8,7,1096.0336145181093,4.199999999999999,53.79177728323894,357.10806658882893,206
4692.9,7,1096.0336145181093,4.199999999999999,53.81631307392351,356.94289191529174,206
4693.0,7,1096.0336145181093,4.199999999999999,53.89944347659491,356.4156782389397,206
4693.1,7,1096.0336145181093,4.199999999999999,53.89390197905905,356.45639718747304,206
4693.2,7,1096.0336145181093,4.199999999999999,53.91209432622722,356.33137236285773,206
4693.3,7,1096.0336145181093,4.199999999999999,53.95900430756927,355.93760888371617,206
4693.4,7,1096.0336145181093,4.199999999999999,53.962375885553314,355.917998284855,206
4693.5,7,1096.0336145181093,4.199999999999999,53.972327103091686,355.8482995442141,206
4693.6,7,1095.9961262585641,4.199999999999999,53.97758206032509,355.8107447243673,206
4693.7,7,1095.9961262585641,4.8999999999999995,53.973382446522876,355.83886214650204,206
4693.8,7,1095.9961262585641,4.8999999999999995,53.96866954307642,355.87299809603337,206
4693.9,7,1095.9961262585641,4.8999999999999995,53.97661906022887,355.8194261315002,206
4694.0,7,1095.9961262585641,4.8999999999999995,53.95663221137829,355.95416395251357,206
4694.1,7,1095.9961262585641,4.8999999999999995,53.93902353701414,356.11211180789996,206
4694.2,7,1095.9961262585641,4.199999999999999,53.937246133384164,356.12571920277276,206
4694.3,7,1095.9961262585641,4.199999999999999,53.94591568642525,356.0634879941621,206
4694.4,7,1095.9961262585641,4.199999999999999,53.91904256490159,356.2462945947119,206
4694.5,7,1095.9961262585641,4.199999999999999,53.93028843974976,356.1671892974905,206
4694.6,7,1095.9961262585641,4.199999999999999,53.94931509107241,356.0404017004507,206
4694.7,7,1095.9961262585641,4.199999999999999,53.9279194404171,356.18394023804365,206
4694.8,7,1095.9961262585641,4.199999999999999,53.940585535309786,356.0973808094326,206
4694.9,7,1095.9961262585641,4.199999999999999,53.94504074595011,356.0646675691402,206
4695.0,7,1095.9961262585641,4.199999999999999,53.93829529465485,356.1083467369961,206
4695.1,7,1095.9961262585641,4.199999999999999,54.0328110322563,355.50809666167174,206
4695.2,7,1095.9961262585641,4.199999999999999,54.038663465474784,355.4674547633476,206
4695.3,7,1095.9961262585641,4.199999999999999,54.030831161121796,355.51983252311726,206
4695.4,7,1095.9961262585641,4.199999999999999,54.019853294735455,355.5923449160522,206
4695.5,7,1095.9961262585641,4.199999999999999,54.026896368695965,355.5384429378282,206
4695.6,7,1095.9961262585641,4.199999999999999,54.010681862676535,355.64626991724407,206
4695.7,7,1095.9961262585641,4.199999999999999,54.013727074838194,355.62485357327876,206
4695.8,7,1095.9961262585641,4.199999999999999,54.02528317701392,355.5474972269262,206
4695.9,7,1095.9961262585641,4.199999999999999,54.03044670850739,355.5095692212676,206
4696.0,9,1095.9961262585641,3.5,54.02481774417903,355.5480202540658,206
4696.1,9,1095.9961262585641,4.0,54.0621449471962,355.29365291817703,206
4696.2,9,1095.9961262585641,4.0,54.08057364791442,355.17223592437836,206
4696.3,9,1095.9961262585641,4.0,54.10791835348547,354.99255395601074,206
4696.4,7,1095.9590981385184,4.0,54.109124268648074,354.98572849120205,206
4696.5,7,1095.9590981385184,4.199999999999999,54.131365768546495,354.8365006211584,206
4696.6,7,1095.9590981385184,4.199999999999999,54.13134114514208,354.84177582191836,206
4696.7,7,1095.9590981385184,4.199999999999999,54.14951413612599,354.7198419431387,206
4696.8,7,1095.9590981385184,4.199999999999999,54.15248626212049,354.7010908386969,206
4696.9,7,1095.9590981385184,4.199999999999999,54.15652041100649,354.6775379359169,206
4697.0,7,1095.9590981385184,4.199999999999999,54.17882113944707,354.5269356054923,206
4697.1,7,1095.9590981385184,4.199999999999999,54.18999039378883,354.4545138214338,206
4697.2,7,1095.9590981385184,4.199999999999999,54.184691600058386,354.491580650369,206
4697.3,7,1095.9590981385184,4.199999999999999,54.29785559766853,353.7760769777169,206
4697.4,7,1095.9590981385184,4.199999999999999,54.3147986593287,353.66526923752093,206
4697.5,7,1095.9590981385184,4.199999999999999,54.333362590581984,353.54432619375996,206
4697.6,7,1095.9590981385184,4.199999999999999,54.33247568416947,353.5534450187904,206
4697.7,7,1095.9590981385184,4.199999999999999,54.351678654841905,353.4272038213987,206
4697.8,7,1095.9590981385184,4.199999999999999,54.38196734174469,353.22327441681364,206
4697.9,7,1095.9590981385184,4.199999999999999,54.38015210447479,353.2366754869222,206
4698.0,7,1095.9590981385184,4.199999999999999,54.40377920874077,353.0814736283123,206
4698.1,7,1095.9590981385184,4.199999999999999,54.42775655748051,352.9237931749007,206
4698.2,7,1095.9590981385184,4.199999999999999,54.44126490116382,352.8353440232527,206
4698.3,7,1095.9590981385184,4.199999999999999,54.4649083471395,352.68273193979087,206
4698.4,7,1095.9590981385184,4.199999999999999,54.45197466741514,352.77152783931376,206
4698.5,7,1095.9590981385184,4.199999999999999,54.48831657534657,352.52883369306096,206
4698.6,9,1095.9590981385184,3.5,54.48907685630162,352.53099351035246,206
4698.7,9,1095.9590981385184,4.0,54.5174767488398,352.34620488721714,206
4698.8,9,1095.9590981385184,4.0,54.527229459169014,352.2860649962536,206
4698.9,9,1095.9590981385184,4.0,54.5480687579026,352.1504522510743,206
4699.0,9,1095.9590981385184,4.0,54.58019266888303,351.93526069758843,206
4699.1,9,1095.9590981385184,4.0,54.59617087133152,351.8310351768016,206
4699.2,9,1095.9590981385184,4.0,54.5971221070381,351.82924715346496,206
4699.3,9,1095.9590981385184,4.0,54.604168622282145,351.7777242088815,206
4699.4,7,1095.922042840261,3.2,54.60820226884132,351.7555023190581,206
4699.5,7,1095.922042840261,4.199999999999999,54.71503845298243,351.0952447410514,206
4699.6,7,1095.922042840261,4.199999999999999,54.733469084546876,350.97932373556773,206
4699.7,7,1095.922042840261,4.199999999999999,54.73618405448721,350.9650481419649,206
4699.8,7,1095.922042840261,4.199999999999999,54.69402351747229,351.2571342499291,206
4699.9,9,1095.922042840261,3.5,54.71966591332682,351.0889154872249,206
4700.0,9,1095.922042840261,4.0,54.70433408049744,351.1981625366557,206
4700.1,9,1095.922042840261,4.0,54.69484875103173,351.27060872056245,206
4700.2,9,1095.922042840261,4.0,54.698876294235944,351.2533306325142,206
4700.3,9,1095.922042840261,4.0,54.69301757340433,351.29895125055486,206
4700.4,9,1095.922042840261,4.0,54.69840806071785,351.26875182175195,206
4700.5,9,1095.922042840261,4.0,54.69465043140035,351.3013433733792,206
4700.6,9,1095.922042840261,4.0,54.729643470673956,351.07099869442186,206
4700.7,9,1095.922042840261,4.0,54.701480163544495,351.2388966295787,206
4700.8,9,1095.922042840261,4.0,54.7043909564658,351.22039621935727,206
4700.9,9,1095.922042840261,4.0,54.709032021866804,351.1903394567098,206
4701.0,9,1095.922042840261,4.0,54.71991000163924,351.1170353660044,206
4701.1,9,1095.922042840261,4.0,54.75456531458805,350.88626512682004,206
4701.2,9,1095.922042840261,4.0,54.75654418537103,350.8726640466032,206
4701.3,9,1095.922042840261,4.0,54.76847625195654,350.7932937056199,206
4701.4,9,1095.922042840261,4.0,54.77862368188944,350.72784153928984,206
4701.5,9,1095.922042840261,4.0,54.772072657295126,350.7694992338247,206
4701.6,9,1095.922042840261,4.0,54.77811628413438,350.728461284099,206
4701.7,9,1095.922042840261,4.0,54.84408791732997,350.28768460976585,206
4701.8,9,1095.922042840261,4.0,54.936338794920815,349.7284687026031,206
4701.9,7,1095.922042840261,3.2,54.94185061428064,349.6955743862919,206
4702.0,7,1095.922042840261,3.5,54.94999282022916,349.64355423819944,206
4702.1,7,1095.922042840261,3.5,54.95351307946716,349.6226584418298,206
4702.2,7,1095.922042840261,3.5,54.97999173730347,349.45100420460426,206
4702.3,7,1095.922042840261,3.5,54.98042050432039,349.45161483070166,206
4702.4,7,1095.922042840261,3.5,54.99115297592869,349.3831843975504,206
4702.5,7,1095.922042840261,3.5,54.9974377635896,349.3434803322803,206
4702.6,7,1095.922042840261,3.5,54.927876519394445,349.775148708095,206
4702.7,7,1095.922042840261,3.5,54.940833029730925,349.6906250054817,206
4702.8,7,1095.922042840261,3.5,54.95122517874664,349.62243294847303,206
4702.9,7,1095.922042840261,3.5,54.95159556967869,349.6239002063739,206
4703.0,7,1095.922042840261,3.5,54.954387942767184,349.6066529248204,206
4703.1,7,1095.922042840261,3.5,54.95315380835943,349.6161247743645,206
4703.2,7,1095.922042840261,3.5,54.98063127467867,349.3456514135903,206
4703.3,7,1095.922042840261,3.5,54.98974249706946,349.287725481629,206
4703.4,7,1095.922042840261,3.5,54.99336015813761,349.26544933559944,206
4703.5,7,1095.922042840261,3.5,54.99460148084563,349.26191335513863,206
4703.6,7,1095.922042840261,3.5,54.86968171277008,350.06870536456404,206
4703.7,7,1095.922042840261,3.5,54.89525026462384,349.902985144324,206
4703.8,7,1095.922042840261,3.5,54.86839724721981,350.08292356041363,206
4703.9,7,1095.922042840261,3.5,54.924265871826904,349.71508448188933,206
4704.0,11,1095.922042840261,3.5,55.02715181939364,349.0896796356674,206
4704.1,11,1095.922042840261,3.6,55.020639608076,349.1388917203487,206
4704.2,11,1095.922042840261,3.6,55.034141382922144,349.05025683371343,206
4704.3,7,1095.8848258594517,3.6,55.0423998299182,348.9997941926575,206
4704.4,7,1095.8848258594517,4.199999999999999,55.0308803838045,349.0711892582915,206
4704.5,7,1095.8848258594517,4.199999999999999,55.017638430449125,349.15551071089055,206
4704.6,7,1095.8848258594517,4.199999999999999,55.00811585708211,349.2126874227939,206
4704.7,7,1095.8848258594517,4.199999999999999,55.00150139765208,349.2531785574363,206
4704.8,7,1095.8848258594517,4.199999999999999,54.98574624262136,349.35305745045673,206
4704.9,7,1095.8848258594517,4.199999999999999,54.96096700400798,349.5130081095348,206
4705.0,7,1095.8848258594517,4.199999999999999,54.968117877394164,349.4637668212837,206
4705.1,7,1095.8848258594517,4.199999999999999,54.96654573621187,349.4758790423298,206
4705.2,7,1095.8848258594517,4.199999999999999,54.95488455590872,349.55394301883774,206
4705.3,7,1095.8848258594517,4.199999999999999,54.971737579721726,349.44027803606855,206
4705.4,7,1095.8848258594517,4.199999999999999,54.895422952964864,349.90962063406374,206
4705.5,7,1095.8848258594517,4.199999999999999,54.898115825198005,349.86620513052753,206
4705.6,7,1095.8848258594517,4.199999999999999,54.82622271524897,350.3392212380558,206
4705.7,7,1095.8848258594517,4.199999999999999,54.82895432927859,350.3207323795255,206
4705.8,7,1095.8848258594517,4.199999999999999,54.94026854603454,349.58120718580403,206
4705.9,7,1095.8848258594517,4.199999999999999,54.92536167396737,349.6773660043002,206
4706.0,7,1095.8848258594517,4.199999999999999,54.9087591247393,349.78235925452697,206
4706.1,7,1095.8848258594517,4.199999999999999,54.90586435220582,349.7976030884354,206
4706.2,7,1095.8848258594517,4.199999999999999,54.90972526343442,349.77128738044024,206
4706.3,7,1095.8848258594517,4.199999999999999,54.99682690110612,349.23825206348783,206
4706.4,7,1095.8848258594517,4.199999999999999,54.992554652631895,349.26468056230715,206
4706.5,7,1095.8848258594517,4.199999999999999,54.94139124536109,349.56992470535147,206
4706.6,7,1095.8848258594517,4.199999999999999,54.91390121013451,349.74616846723364,206
4706.7,7,1095.8848258594517,3.5,54.803661862370404,350.47620998598643,206
4706.8,7,1095.8848258594517,3.5,54.796598782885496,350.52159731406823,206
4706.9,7,1095.8848258594517,3.5,54.775268051927,350.6607554326299,206
4707.0,7,1095.8848258594517,3.5,54.76477024844658,350.72827230717496,206
4707.1,7,1095.8848258594517,3.5,54.772264983903696,350.6779909419919,206
4707.2,11,1095.8848258594517,3.5,54.770950834703214,350.68625594931314,206
4707.3,11,1095.8848258594517,3.6,54.77539922757712,350.65867319479895,206
4707.4,11,1095.8848258594517,3.6,54.78984952486205,350.5621988193306,206
4707.5,11,1095.8848258594517,3.6,54.7779890320606,350.6382958267027,206
4707.6,11,1095.8848258594517,3.6,54.77618944198551,350.64960957476126,206
4707.7,11,1095.8848258594517,3.6,54.790064972958874,350.5550412404705,206
4707.8,11,1095.8848258594517,3.6,54.81051326232779,350.4184655105396,206
4707.9,7,1095.8472961090295,2.7,54.80870781377334,350.4307225781907,206
4708.0,7,1095.8472961090295,4.199999999999999,54.591171517086295,351.84423387435817,206
4708.1,7,1095.8472961090295,4.199999999999999,54.68826134167006,351.1973830350905,206
4708.2,7,1095.8472961090295,4.199999999999999,54.6852076302647,351.21852901253817,206
4708.3,7,1095.8472961090295,4.199999999999999,54.69761929923631,351.13785653797663,206
4708.4,7,1096.2027545474364,4.199999999999999,54.710564872316034,351.0535557748832,207
4708.5,7,1096.2027545474364,-100.0,54.71797573680071,351.00713573424144,207
4708.6,7,1096.2027545474364,4.199999999999999,54.7556538589521,350.75864786898603,207
4708.7,7,1096.2027545474364,4.199999999999999,54.75866816171268,350.7389408288863,207
4708.8,7,1096.2027545474364,4.199999999999999,54.77264836474403,350.6476571329523,207
4708.9,7,1096.2027545474364,4.199999999999999,54.77830629280417,350.6106959742143,207
4709.0,7,1096.2027545474364,4.199999999999999,54.795346746138,350.49971442161007,207
4709.1,7,1096.2027545474364,4.199999999999999,54.79465321616461,350.50599727214296,207
4709.2,7,1096.2027545474364,4.199999999999999,54.78810791417038,350.5514736673143,207
4709.3,7,1096.2027545474364,4.199999999999999,54.786645735548475,350.56095805400184,207
4709.4,7,1096.2027545474364,4.199999999999999,54.78099851681138,350.59883702037916,207
4709.5,7,1096.2027545474364,4.199999999999999,54.780962122026736,350.600208711875,207
4709.6,7,1096.2027545474364,4.199999999999999,54.793172330305936,350.5187308734538,207
4709.7,7,1096.2027545474364,4.199999999999999,54.83911081894781,350.17015865225653,207
4709.8,7,1096.2027545474364,4.199999999999999,54.67923188575909,351.2240409272542,207
4709.9,7,1096.2027545474364,4.199999999999999,54.68577698270451,351.1792006404896,207
4710.0,7,1096.2027545474364,4.199999999999999,54.68906886062523,351.1584761342664,207
4710.1,11,1096.2027545474364,3.5,54.6008502991092,351.7059781493816,207
4710.2,11,1096.2027545474364,3.6,54.596963301254874,351.7302214023103,207
4710.3,11,1096.2027545474364,3.6,54.589951583750505,351.7759854319082,207
4710.4,11,1096.2027545474364,3.6,54.60461523505755,351.67984197341275,207
4710.5,11,1096.2027545474364,3.6,54.59929967342062,351.7145009759275,207
4710.6,11,1096.2027545474364,3.6,54.600793657443276,351.7042037532368,207
4710.7,11,1096.2027545474364,3.6,54.61241217444415,351.62861365720903,207
4710.8,11,1096.2027545474364,3.6,54.62649085516261,351.5344034253339,207
4710.9,11,1096.2027545474364,3.6,54.6168847392639,351.5957617395137,207
4711.0,11,1096.2027545474364,3.6,54.62236311952431,351.55700913879457,207
4711.1,11,1096.2027545474364,3.6,54.62119326581501,351.56439807797415,207
4711.2,11,1096.2027545474364,3.6,54.628566185911794,351.51500419789306,207
4711.3,11,1096.2027545474364,3.6,54.61845815513786,351.5814024830638,207
4711.4,11,1096.2027545474364,4.5,54.62356261030181,351.5458000287979,207
4711.5,11,1096.2027545474364,4.5,54.63637062084081,351.4615242064539,207
4711.6,11,1096.2027545474364,3.6,54.63256181268058,351.48584723233444,207
4711.7,11,1096.2027545474364,3.6,54.526012851041635,352.158396702758,207
4711.8,11,1096.2027545474364,3.6,54.526921131076904,352.1530421262843,207
4711.9,11,1096.2027545474364,3.6,54.54069213740745,352.0629021645152,207
4712.0,11,1096.2027545474364,3.6,54.535944372182264,352.0930123905031,207
4712.1,11,1096.2027545474364,3.6,54.42112848493656,352.85175510665493,207
4712.2,11,1096.2027545474364,3.6,54.42848266943177,352.80197598548773,207
4712.3,11,1096.2027545474364,3.6,54.40684572265293,352.9437598071213,207
4712.4,7,1096.1653761686039,3.6,54.404680601054565,352.95678877282285,207
4712.5,7,1096.1653761686039,4.199999999999999,54.264444016395885,353.853963288509,207
4712.6,7,1096.1653761686039,4.199999999999999,54.25999704085744,353.8854963345061,207
4712.7,7,1096.1653761686039,4.199999999999999,54.26468956934691,353.8539379636874,207
4712.8,7,1096.1653761686039,4.199999999999999,54.2554454945948,353.91612609191003,207
4712.9,7,1096.1653761686039,4.199999999999999,54.23536402634028,354.0493947670647,207
4713.0,7,1096.1653761686039,4.199999999999999,54.24702177963213,353.9730592449771,207
4713.1,7,1096.1653761686039,4.199999999999999,54.25354102413154,353.93170928835934,207
4713.2,11,1096.1653761686039,3.5,54.256582180340814,353.9115110662182,207
4713.3,11,1096.1653761686039,3.6,54.254127972022175,353.9286275895312,207
4713.4,11,1096.1653761686039,3.6,54.25912182496572,353.8955903915298,207
4713.5,11,1096.1653761686039,3.6,54.25489958212171,353.9238218962514,207
4713.6,11,1096.1653761686039,3.6,54.260621361050134,353.88753815522216,207
4713.7,7,1096.519814274008,2.7,54.28083922265108,353.7558557024548,208
4713.8,7,1096.519814274008,-100.0,54.27342673876322,353.8068312314628,208
4713.9,7,1096.519814274008,3.5,54.278498921793215,353.7723457074833,208
4714.0,7,1096.519814274008,3.5,54.364831016736346,353.2205508876642,208
4714.1,7,1096.519814274008,3.5,54.360659955998784,353.2498720696307,208
4714.2,7,1096.519814274008,3.5,54.289183497977774,353.6994025465077,208
4714.3,7,1096.519814274008,3.5,54.28732479064307,353.71299881601004,208
4714.4,7,1096.519814274008,3.5,54.28701187740322,353.7155304342481,208
4714.5,7,1096.519814274008,3.5,54.29708966743221,353.6482759975901,208
4714.6,7,1096.519814274008,3.5,54.301829157426496,353.61772780795343,208
4714.7,7,1096.5302008176047,3.5,54.33872810612628,353.3530298172965,208
4714.8,7,1096.5302008176047,4.199999999999999,54.328580551279856,353.4205710787662,208
4714.9,7,1096.5302008176047,4.199999999999999,54.31736660788272,353.49540268840553,208
4715.0,7,1096.5302008176047,4.199999999999999,54.32275260872104,353.45906523644464,208
4715.1,7,1096.5302008176047,4.199999999999999,54.32221886199294,353.46340580753383,208
4715.2,7,1096.5302008176047,4.199999999999999,54.317126945697765,353.49662816313185,208
4715.3,7,1096.5302008176047,4.199999999999999,54.04242273072913,355.29932862078533,208
4715.4,7,1096.5302008176047,4.199999999999999,54.05735066291086,355.2007181925402,208
4715.5,7,1096.5302008176047,4.199999999999999,54.06828955261535,355.12168821981186,208
4715.6,7,1096.5302008176047,4.199999999999999,54.025287462912075,355.43448188465163,208
4715.7,7,1096.5302008176047,4.199999999999999,54.020527613159985,355.46588356458483,208
4715.8,7,1096.5302008176047,4.199999999999999,54.02749183044226,355.41819028514,208
4715.9,7,1096.5302008176047,4.199999999999999,53.99866028297558,355.6106101291459,208
4716.0,7,1096.5302008176047,4.199999999999999,54.01695318140938,355.4868594848838,208
4716.1,7,1096.5302008176047,4.199999999999999,54.05025829844615,355.26411179431295,208
4716.2,7,1096.5302008176047,4.199999999999999,54.14623996524368,354.6412335334584,208
4716.3,7,1096.492495065123,4.199999999999999,54.13491344305888,354.7194089215967,208
4716.4,7,1096.492495065123,4.8999999999999995,54.1466709089741,354.64157622282335,208
4716.5,7,1096.492495065123,4.8999999999999995,54.150969831363,354.6130337250968,208
4716.6,7,1096.492495065123,4.8999999999999995,54.15919208074363,354.55677539314536,208
4716.7,7,1096.492495065123,4.8999999999999995,54.1586560665874,354.5628203880787,208
4716.8,7,1096.492495065123,4.8999999999999995,54.190726398704925,354.34938695407664,208
4716.9,7,1096.8469512715615,4.8999999999999995,54.20756462912058,354.2384537611322,209
4717.0,7,1096.8469512715615,-100.0,54.08619108634389,355.0190673460554,209
4717.1,7,1096.8469512715615,4.8999999999999995,54.078490080075085,355.07008077793955,209
4717.2,7,1096.8469512715615,4.8999999999999995,54.08362032557275,355.03562090508706,209
4717.3,7,1096.8469512715615,4.8999999999999995,54.097008906815255,354.9464502239748,209
4717.4,7,1096.8469512715615,4.8999999999999995,54.108211236876016,354.87196195722663,209
4717.5,7,1096.8469512715615,4.8999999999999995,54.10127899311169,354.91727429808196,209
4717.6,7,1096.8469512715615,4.8999999999999995,54.11106783158975,354.85142122682214,209
4717.7,7,1096.8469512715615,4.8999999999999995,54.109696859934274,354.8600379234209,209
4717.8,7,1096.8469512715615,4.8999999999999995,54.09603284846392,354.9489546121787,209
4717.9,7,1096.8469512715615,4.8999999999999995,54.083237849524345,355.03264791655874,209
4718.0,7,1096.8469512715615,4.8999999999999995,53.89429721558233,356.3015235847238,209
4718.1,7,1096.8469512715615,4.8999999999999995,53.87858662961674,356.4070988755811,209
4718.2,7,1096.8469512715615,4.8999999999999995,53.84979944383528,356.601754441171,209
4718.3,7,1096.8469512715615,4.199999999999999,53.8435914811129,356.641088553999,209
4718.4,7,1096.8469512715615,4.199999999999999,53.83500538530582,356.69662924058764,209
4718.5,7,1096.8469512715615,4.199999999999999,53.71238436568886,357.49386184734357,209
4718.6,7,1096.8469512715615,4.199999999999999,53.70014094339237,357.5741119600251,209
4718.7,7,1096.8469512715615,4.199999999999999,53.76733799059038,357.14135433928186,209
4718.8,7,1096.8469512715615,4.199999999999999,53.76951872354209,357.1250896729309,209
4718.9,7,1096.8469512715615,4.199999999999999,53.76477869122827,357.15604857961273,209
4719.0,7,1096.8469512715615,4.199999999999999,53.76313103158333,357.16511106754615,209
4719.1,7,1096.8469512715615,4.199999999999999,53.7571737158244,357.2029797862852,209
4719.2,7,1096.8469512715615,4.199999999999999,53.721920635400714,357.44004445967187,209
4719.3,7,1096.8469512715615,4.199999999999999,53.70030549655125,357.58519865358505,209
4719.4,7,1096.8492967852983,4.199999999999999,53.73552174260014,357.31867741602355,209
4719.5,7,1096.8492967852983,4.8999999999999995,53.50832799616718,358.8606958614466,209
4719.6,7,1096.8492967852983,4.8999999999999995,53.48864871774094,358.99339088169745,209
4719.7,7,1096.8492967852983,4.8999999999999995,53.450341413264205,359.2536031177258,209
4719.8,7,1096.8492967852983,4.199999999999999,53.416725709847185,359.48390832424707,209
4719.9,7,1096.8492967852983,4.199999999999999,53.40672543752248,359.5516431716511,209
4720.0,7,1096.8492967852983,4.199999999999999,53.23593375218561,360.6897175284794,209
4720.1,7,1096.8492967852983,4.199999999999999,53.209339768439094,360.87159759836675,209
4720.2,7,1096.8492967852983,4.199999999999999,53.17219043696758,361.12620333536177,209
4720.3,7,1096.8492967852983,4.199999999999999,53.15142720967038,361.26913026526944,209
4720.4,7,1096.8492967852983,4.199999999999999,53.126331424798835,361.4422143222745,209
4720.5,7,1096.8492967852983,4.199999999999999,53.111430037945254,361.5436695668039,209
4720.6,7,1096.8492967852983,4.199999999999999,53.07510239726,361.7950081896352,209
4720.7,7,1096.8492967852983,4.199999999999999,53.05425811027622,361.93767788348816,209
4720.8,7,1096.8114589133547,4.199999999999999,52.898932876641496,363.1716796906618,209
4720.9,7,1096.8114589133547,4.8999999999999995,52.8748605400141,363.3354149755485,209
4721.0,7,1096.8114589133547,4.8999999999999995,52.941545830512375,362.9070040694945,209
4721.1,7,1096.8114589133547,4.8999999999999995,52.894527000877304,363.2417117421818,209
4721.2,7,1096.8114589133547,4.8999999999999995,52.87162385675417,363.4007629291154,209
4721.3,7,1096.8114589133547,4.8999999999999995,52.84575793661156,363.5852592803608,209
4721.4,7,1096.8114589133547,4.8999999999999995,52.824802346400986,363.73038672739006,209
4721.5,7,1096.8114589133547,4.8999999999999995,52.80344353818917,363.8788352492528,209
4721.6,7,1096.8114589133547,4.8999999999999995,52.75931486930649,364.1901634477208,209
4721.7,7,1096.8114589133547,4.8999999999999995,52.75122837889519,364.2464524101838,209
4721.8,7,1096.8114589133547,4.8999999999999995,52.87247956625958,363.3638101828192,209
4721.9,7,1096.8114589133547,4.8999999999999995,52.869778623489054,363.3761685062816,209
4722.0,7,1096.8114589133547,4.8999999999999995,52.85101280448135,363.50602229727906,209
4722.1,7,1096.8114589133547,4.8999999999999995,52.81742086902683,363.7416019248588,209
4722.2,7,1096.8114589133547,4.8999999999999995,52.80074835167889,363.8545898676915,209
4722.3,7,1096.8114589133547,4.8999999999999995,52.781344213031005,363.9854215579777,209
4722.4,7,1096.8114589133547,4.8999999999999995,52.76897353466988,364.0670961508548,209
4722.5,7,1096.8114589133547,4.8999999999999995,52.64945601831916,364.8574490598537,209
4722.6,7,1096.8114589133547,4.8999999999999995,52.622487980185,365.0462630352888,209
4722.7,7,1096.8114589133547,4.8999999999999995,52.61351632121156,365.1080410196062,209
4722.8,7,1096.8114589133547,4.8999999999999995,52.60445827877765,365.16710371465047,209
4722.9,7,1096.8114589133547,4.8999999999999995,52.58596056311917,365.2959564626748,209
4723.0,7,1096.8114589133547,4.8999999999999995,52.57721140374432,365.35559892353655,209
4723.1,7,1096.8114589133547,4.8999999999999995,52.5596684119177,365.4755372679466,209
4723.2,7,1096.8114589133547,4.8999999999999995,52.561992849288615,365.45454487724476,209
4723.3,7,1096.8114589133547,4.8999999999999995,52.560853371681056,365.4597576844458,209
4723.4,7,1096.8114589133547,4.8999999999999995,52.550349163380275,365.5346228752482,209
4723.5,7,1096.8114589133547,4.8999999999999995,52.540463248255804,365.60243839223574,209
4723.6,7,1096.8114589133547,4.8999999999999995,52.5300493076011,365.67529498840463,209
4723.7,7,1096.8114589133547,4.8999999999999995,52.515670931999324,365.77236530102977,209
4723.8,7,1096.8114589133547,4.8999999999999995,52.36290654705623,366.79630710902495,209
4723.9,7,1096.8114589133547,4.8999999999999995,52.34875695283102,366.8947422949876,209
4724.0,7,1096.8114589133547,4.8999999999999995,52.34121627920863,366.9421247054844,209
4724.1,7,1096.8114589133547,4.8999999999999995,52.50046616780179,365.7698123179131,209
4724.2,7,1096.8114589133547,4.8999999999999995,52.49908249514724,365.77507060609787,209
4724.3,7,1096.8114589133547,4.8999999999999995,52.47919883563506,365.91540429560035,209
4724.4,7,1096.8114589133547,4.8999999999999995,52.468188083552576,365.9903477727425,209
4724.5,7,1096.8114589133547,4.8999999999999995,52.46253812764659,366.0274704922409,209
4724.6,7,1096.8114589133547,4.8999999999999995,52.444957373427115,366.1486711510104,209
4724.7,7,1096.8114589133547,4.8999999999999995,52.43128254780332,366.2426053084555,209
4724.8,7,1096.8114589133547,4.8999999999999995,52.401184261272675,366.45289477273656,209
4724.9,7,1096.8114589133547,4.8999999999999995,52.24931000020353,367.49636664846287,209
4725.0,7,1096.8114589133547,4.8999999999999995,52.257914658052286,367.4319348169507,209
4725.1,7,1096.8114589133547,4.8999999999999995,52.254398168477586,367.455961374177,209
4725.2,7,1096.8114589133547,4.8999999999999995,52.2604516555093,367.41080277732544,209
4725.3,7,1096.8114589133547,4.8999999999999995,52.27168790113365,367.3304371319856,209
4725.4,7,1096.8114589133547,4.8999999999999995,52.27536286446808,367.303083124296,209
4725.5,7,1096.8114589133547,4.8999999999999995,52.278945550462055,367.27646409058025,209
4725.6,7,1096.8114589133547,4.8999999999999995,52.28829254341155,367.20949763107416,209
4725.7,7,1096.8114589133547,4.8999999999999995,52.30980774301702,367.0567077986311,209
4725.8,7,1096.8114589133547,4.8999999999999995,52.31301816276164,367.03295766256446,209
4725.9,7,1096.8114589133547,4.8999999999999995,52.32826103476527,366.9233754276524,209
4726.0,7,1096.8114589133547,4.8999999999999995,52.331489665780495,366.8994825366286,209
4726.1,7,1096.8114589133547,4.8999999999999995,52.33542868018165,366.8713812286718,209
4726.2,7,1096.8114589133547,4.8999999999999995,52.51841536504776,365.6052341347968,209
4726.3,8,1096.9024649744551,4.199999999999999,52.28894786756832,367.2375160836524,209
4726.4,7,1096.9024649744551,2.8,52.28178666146414,367.2866656436157,209
4726.5,7,1096.9024649744551,4.199999999999999,52.13826679372727,368.2754006477038,209
4726.6,7,1096.9024649744551,4.199999999999999,52.2449493373185,367.51130833762016,209
4726.7,7,1096.9024649744551,4.199999999999999,52.24093373240325,367.5390280474173,209
4726.8,8,1096.9348142802824,4.199999999999999,52.239295789811074,367.54995228166183,209
4726.9,7,1096.9348142802824,2.8,52.23108512659667,367.60741277083423,209
4727.0,8,1096.9348142802824,4.199999999999999,52.212664366572966,367.7372802532112,209
4727.1,8,1096.9348142802824,2.8,52.196596435311534,367.8497011265804,209
4727.2,8,1096.9348142802824,2.8,52.182768649680504,367.9475887846395,209
4727.3,8,1096.9348142802824,2.8,52.16902040460677,368.0450078778118,209
4727.4,7,1096.9348142802824,2.8,52.16384465994603,368.08092114725525,209
4727.5,7,1096.9348142802824,4.199999999999999,52.13052024344462,368.3177594342825,209
4727.6,7,1096.9348142802824,4.199999999999999,51.957525407528486,369.53468179213746,209
4727.7,7,1096.9348142802824,4.199999999999999,51.94341207307282,369.63500604600586,209
4727.8,7,1096.9348142802824,4.199999999999999,51.933441724147535,369.70594905817273,209
4727.9,7,1096.9348142802824,4.199999999999999,51.92261054492876,369.7828754084866,209
4728.0,7,1096.9348142802824,4.199999999999999,51.89909963371739,369.95063563681003,209
4728.1,7,1096.9348142802824,4.199999999999999,51.885069363747164,370.05040716447485,209
4728.2,7,1096.9348142802824,4.199999999999999,52.04513686632465,368.92017805359745,209
4728.3,7,1096.9348142802824,4.199999999999999,52.0310782116248,369.0193669641268,209
4728.4,7,1096.9348142802824,4.199999999999999,52.027689485419785,369.0435719256095,209
4728.5,7,1097.2878017613068,4.199999999999999,52.03345660437256,369.0016142181223,210
4728.6,7,1097.2878017613068,-100.0,52.031464860966736,369.01563125396655,210
4728.7,7,1097.2878017613068,4.199999999999999,52.13817488069075,368.25428706415636,210
4728.8,7,1097.2878017613068,4.199999999999999,51.91617886392734,369.84181640706623,210
4728.9,7,1097.2878017613068,4.199999999999999,51.90938081895119,369.8897795328412,210
4729.0,7,1097.2878017613068,4.199999999999999,51.910171378126314,369.8831789929478,210
4729.1,8,1097.2562067943886,4.199999999999999,51.904519152434744,369.92281234977065,210
4729.2,7,1097.2562067943886,2.8,51.904940591926064,369.91908153444126,210
4729.3,7,1097.2562067943886,4.199999999999999,51.90249466121704,369.93513621494526,210
4729.4,7,1097.2562067943886,4.199999999999999,51.91078297286664,369.8752048803804,210
4729.5,7,1097.2562067943886,4.199999999999999,51.905279911761625,369.91432021543176,210
4729.6,7,1097.2562067943886,4.199999999999999,51.89898950332179,369.95905912029093,210
4729.7,8,1097.2562067943886,3.5,51.81123799414137,370.58003991184233,210
4729.8,8,1097.2562067943886,2.8,51.813041902599025,370.56744573714525,210
4729.9,8,1097.2562067943886,2.8,51.83080785533175,370.43979844348075,210
4730.0,8,1097.2562067943886,2.8,51.826508822332784,370.4706038506846,210
4730.1,6,1096.4879704353966,2.8,51.83774349564419,370.3901512598726,210
4730.2,7,1096.4879704353966,4.0,51.854851275049185,370.26697581159874,210
4730.3,7,1096.4879704353966,3.5,51.8782514131581,370.09944535960494,210
4730.4,7,1096.4879704353966,3.5,51.89493378415763,369.9802017765842,210
4730.5,7,1096.4879704353966,3.5,51.85249575945408,370.3083902889367,210
4730.6,7,1096.4879704353966,3.5,51.85238631355138,370.30861792419296,210
4730.7,7,1096.4879704353966,3.5,51.75892244584594,370.9659349460601,210
4730.8,7,1096.4879704353966,3.5,51.81542618014343,370.54735296013007,210
4730.9,7,1096.4879704353966,3.5,51.792068630717466,370.7152466260948,210
4731.0,7,1096.4879704353966,3.5,51.78939000117056,370.73419316423855,210
4731.1,7,1096.4879704353966,3.5,51.792942882476076,370.7087687933668,210
4731.2,7,1096.4879704353966,3.5,51.88249601137728,370.0670943720957,210
4731.3,7,1096.4879704353966,3.5,51.86074263386229,370.22240776879727,210
4731.4,7,1096.4879704353966,3.5,51.858511185455484,370.2382661865903,210
4731.5,7,1096.8404220901768,3.5,51.86039996865857,370.22475103756585,211
4731.6,8,1096.8404220901768,-100.0,51.85055745181261,370.2951882132767,211
4731.7,7,1096.8029336976306,3.5,51.84117113522555,370.3622757239571,211
4731.8,7,1096.8029336976306,4.199999999999999,51.83878516977359,370.3795620091198,211
4731.9,7,1096.8029336976306,4.199999999999999,51.85108123526099,370.2917488799951,211
4732.0,7,1096.8029336976306,3.5,51.82723291429331,370.4628031198982,211
4732.1,7,1096.8029336976306,3.5,51.83612741923463,370.39902911456824,211
4732.2,7,1096.8029336976306,3.5,51.80467924186853,370.6253754552405,211
4732.3,7,1096.8029336976306,3.5,51.77236799039704,370.8578447546996,211
4732.4,7,1096.8029336976306,3.5,51.768035990344785,370.8889679298363,211
4732.5,7,1096.8029336976306,3.5,51.73369124578719,371.1367730161216,211
4732.6,7,1096.8029336976306,3.5,51.724959708073314,371.19962504870625,211
4732.7,5,1096.1983385168676,3.5,51.70194210341063,371.365528219849,211
4732.8,5,1095.8720832998845,5.0,51.80718763444326,370.62180110670727,211
4732.9,5,1095.7508869056178,5.0,51.8036312299821,370.6498753912531,211
4733.0,5,1095.7508869056178,5.0,51.81058455253036,370.6027183255325,211
4733.1,5,1095.7508869056178,5.0,51.806720767002474,370.633717641915,211
4733.2,5,1095.7508869056178,5.0,51.817086500665425,370.5617686960644,211
4733.3,5,1095.7508869056178,5.0,51.8196669806417,370.5450692715965,211
4733.4,5,1095.7508869056178,5.0,51.89921753332658,369.96976378750344,211
4733.5,5,1095.7508869056178,5.0,51.8265856696395,370.48499015759495,211
4733.6,5,1095.7508869056178,5.0,51.831436221186216,370.4528589354138,211
4733.7,5,1095.7508869056178,5.0,51.83497905309747,370.4283093763462,211
4733.8,5,1095.7508869056178,5.0,51.83076887523497,370.4599478574945,211
4733.9,5,1095.7508869056178,5.0,51.74159130361495,371.1124278059471,211
4734.0,5,1095.7508869056178,5.0,51.73510515246157,371.1594078910069,211
4734.1,5,1095.7508869056178,5.0,51.73639773923598,371.1514179402651,211
4734.2,5,1095.7508869056178,5.0,51.74398014701296,371.0968039867315,211
4734.3,5,1095.7508869056178,5.0,51.733264277517655,371.17658742040777,211
4734.4,5,1095.7508869056178,5.0,51.74567212291535,371.0857575163956,211
4734.5,5,1095.7508869056178,5.0,51.74283900586494,371.1078882534023,211
4734.6,5,1095.7508869056178,5.0,51.75526786403413,371.01725245278374,211
4734.7,5,1095.7508869056178,5.0,51.66131263574399,371.6798314250624,211
4734.8,5,1095.7508869056178,5.0,51.66697838277061,371.6371173173375,211
4734.9,5,1095.7508869056178,5.0,51.64456189000727,371.8005016907789,211
4735.0,5,1095.7508869056178,5.0,51.67226909365619,371.5842018930987,211
4735.1,5,1095.7508869056178,5.0,51.654889203352624,371.71056369399633,211
4735.2,5,1095.7508869056178,5.0,51.76872288821015,370.9024047899232,211
4735.3,5,1095.7508869056178,5.0,51.74550239353607,371.06931110464575,211
4735.4,5,1095.7508869056178,5.0,51.75134666630104,371.02570238346664,211
4735.5,5,1095.7508869056178,5.0,51.652805283757246,371.72432353213765,211
4735.6,5,1095.7508869056178,5.0,51.625763015911176,371.91825538230154,211
4735.7,5,1095.7508869056178,5.0,51.60279536555109,372.0830882352855,211
4735.8,5,1095.7508869056178,5.0,51.656251257386316,371.6937607786209,211
4735.9,5,1095.7508869056178,5.0,51.502006173576035,372.81703557068204,211
4736.0,5,1095.7508869056178,5.0,51.481657790250345,372.9637810708748,211
4736.1,5,1095.7508869056178,5.0,51.45218754232834,373.1779914496833,211
4736.2,5,1095.7508869056178,5.0,51.43766233339825,373.2836140905106,211
4736.3,5,1095.7508869056178,5.0,51.41905659607286,373.41785549616674,211
4736.4,5,1095.7508869056178,5.0,51.38001986925827,373.7026459898269,211
4736.5,5,1095.7508869056178,5.0,51.27234953928624,374.4782201207545,211
4736.6,5,1095.7508869056178,5.0,51.251374669922015,374.6313784849549,211
4736.7,5,1095.7508869056178,5.0,51.22022265300291,374.8596255311869,211
4736.8,5,1095.7508869056178,5.0,51.21142172664476,374.92326241279534,211
4736.9,5,1095.7508869056178,5.0,51.185645200943185,375.1119549563168,211
4737.0,5,1095.7508869056178,5.0,51.15472102619984,375.33971707644184,211
4737.1,5,1095.7508869056178,5.0,51.148074327205165,375.387393036651,211
4737.2,5,1095.7508869056178,5.0,51.14405549328093,375.4158661277452,211
4737.3,5,1095.7508869056178,5.0,51.10681707888814,375.69097429986687,211
4737.4,5,1095.7508869056178,5.0,51.097930737518844,375.75506180030936,211
4737.5,5,1095.7508869056178,5.0,51.095286303199984,375.77411319445025,211
4737.6,5,1095.7508869056178,5.0,51.19228411994479,375.0696746542842,211
4737.7,5,1095.7508869056178,5.0,50.99761242020915,376.51748256104963,211
4737.8,5,1095.7508869056178,5.0,50.97450611827474,376.68690337694244,211
4737.9,5,1095.7508869056178,5.0,50.953624337823825,376.8391532805758,211
4738.0,5,1095.9298086886483,5.0,50.99211332573462,376.5466568143577,212
4738.1,5,1095.9298086886483,-100.0,50.97457602504263,376.67469046762096,212
4738.2,5,1095.9298086886483,5.5,50.957398746645,376.7999903159023,212
4738.3,5,1095.9298086886483,5.5,50.927580365425165,377.01934161551026,212
4738.4,5,1095.9298086886483,5.5,50.898899563658865,377.23091711998904,212
4738.5,5,1095.9298086886483,5.5,50.87450320798577,377.4107601174088,212
4738.6,5,1095.9298086886483,5.5,50.85126858487584,377.58114153360304,212
4738.7,5,1095.9298086886483,5.5,50.81872060557758,377.8222337701648,212
4738.8,5,1095.9298086886483,5.5,50.84247713200838,377.6373116396504,212
4738.9,5,1095.9298086886483,5.5,50.827897415417794,377.7459902131884,212
4739.0,5,1095.9298086886483,5.5,50.79635546584714,377.98088605559855,212
4739.1,5,1095.9298086886483,5.5,50.77148159380593,378.166618021021,212
4739.2,5,1095.9298086886483,5.5,50.76214659589229,378.2372562576147,212
4739.3,5,1095.9298086886483,5.5,50.737539994987486,378.42152990344823,212
4739.4,5,1095.9298086886483,5.5,50.72089084605787,378.5469771772774,212
4739.5,5,1095.9298086886483,5.5,50.52337932960227,380.0442513156595,212
4739.6,5,1095.9298086886483,5.5,50.50696938039796,380.1721228229665,212
4739.7,5,1095.9298086886483,5.5,50.49014375863699,380.3021482351189,212
4739.8,5,1095.9298086886483,5.5,50.27838133241016,381.8862965518121,212
4739.9,5,1095.9298086886483,5.5,50.2548777508447,382.06756228851754,212
4740.0,5,1095.9298086886483,5.5,50.34301864219752,381.39151025350213,212
4740.1,5,1095.9298086886483,5.5,50.30761205663735,381.66096164729026,212
4740.2,5,1095.9298086886483,5.5,50.293475295898574,381.77095829020493,212
4740.3,5,1095.9298086886483,5.5,50.25216128759325,382.085647604814,212
4740.4,5,1095.9298086886483,5.5,50.23554617609186,382.21640699683667,212
4740.5,5,1095.9298086886483,5.5,50.2037154633379,382.46161704387555,212
4740.6,5,1095.9298086886483,5.5,50.177148596695204,382.66628218309097,212
4740.7,5,1095.9298086886483,5.5,50.16738591664131,382.745131960129,212
4740.8,5,1095.9298086886483,5.5,50.2013408504135,382.4969227589243,212
4740.9,5,1095.9298086886483,5.5,50.05330846696895,383.6567028921961,212
4741.0,5,1095.9298086886483,5.5,50.02840352351724,383.84959411914315,212
4741.1,5,1095.9298086886483,5.5,50.01660764484761,383.94562104749537,212
4741.2,5,1095.9298086886483,5.5,49.98757336117319,384.1694641307773,212
4741.3,5,1095.9298086886483,5.5,49.97386056626364,384.27938768785225,212
4741.4,5,1095.9298086886483,5.5,49.965639382423625,384.35065409457843,212
4741.5,5,1095.9298086886483,5.5,49.951598032625355,384.46167483021975,212
4741.6,5,1095.9298086886483,5.5,49.931447749304,384.6217566944907,212
4741.7,5,1095.9298086886483,5.5,49.89545064349875,384.90221486949815,212
4741.8,5,1095.9298086886483,5.5,49.887155056936116,384.97302925617583,212
4741.9,5,1095.9298086886483,5.5,49.88277790331547,385.0135059126334,212
4742.0,5,1095.9298086886483,5.5,49.86029367221324,385.1924476765955,212
4742.1,5,1095.9298086886483,5.5,49.87300255187783,385.1039503737893,212
4742.2,5,1095.9298086886483,5.5,49.8598053508031,385.21139693556916,212
4742.3,5,1095.9298086886483,5.5,49.861257106255664,385.20974677222887,212
4742.4,5,1095.9298086886483,5.5,49.94642799877738,384.52607604822174,212
4742.5,5,1095.7572457536228,5.5,49.93272737591951,384.63496246160315,212
4742.6,5,1095.7572457536228,6.0,49.93261377078211,384.6403338808984,212
4742.7,5,1095.7572457536228,6.0,49.93202791261302,384.6503375086636,212
4742.8,5,1095.7572457536228,6.0,49.92808303860443,384.6856704586993,212
4742.9,5,1095.7572457536228,6.0,49.93457558228477,384.64578653617787,212
4743.0,5,1095.7572457536228,6.0,50.01221639221736,384.07995989155495,212
4743.1,5,1095.7572457536228,6.0,50.01159398044912,384.09207874822755,212
4743.2,5,1095.7572457536228,6.0,50.0245820260736,383.998605324075,212
4743.3,5,1095.7572457536228,6.0,50.01238124910485,384.0930748591818,212
4743.4,5,1095.7572457536228,6.0,50.005497510106494,384.1472981178099,212
4743.5,5,1095.7572457536228,6.0,50.0038063888918,384.1615226395884,212
4743.6,5,1095.7572457536228,6.0,50.01818689856706,384.055729697423,212
4743.7,5,1095.7572457536228,6.0,50.01466609376358,384.08136994505355,212
4743.8,5,1095.7572457536228,6.0,49.875889359297986,385.10541897293217,212
4743.9,5,1095.7572457536228,6.0,49.88675082704286,385.02419682694926,212
4744.0,5,1095.7572457536228,6.0,49.905186942836494,384.8870673897992,212
4744.1,5,1095.7572457536228,6.0,49.901870693956596,384.9127717086837,212
4744.2,5,1095.7572457536228,6.0,49.902892329375575,384.90353849708436,212
4744.3,5,1095.7572457536228,6.0,49.91417134803267,384.8210020552816,212
4744.4,5,1095.7572457536228,6.0,49.77681455762668,385.9265284503789,212
4744.5,5,1095.7572457536228,6.0,49.78265384514303,385.8829321435247,212
4744.6,5,1095.7572457536228,6.0,49.79522349428354,385.78756647383364,212
4744.7,5,1095.7572457536228,6.0,49.897042524599485,384.9662591942618,212
4744.8,5,1095.7572457536228,6.0,49.90598546382587,384.8972756924713,212
4744.9,5,1095.7572457536228,6.0,49.921921394546004,384.7772872618034,212
4745.0,5,1095.7572457536228,6.0,49.941427572673405,384.62892470472843,212
4745.1,5,1095.7572457536228,5.5,49.95740892945041,384.51374747864384,212
4745.2,5,1095.7572457536228,5.5,49.972673948693725,384.3953144614212,212
4745.3,5,1095.7572457536228,5.5,50.062855749231474,383.73162409614156,212
4745.4,5,1095.7572457536228,5.5,50.07022796258606,383.67287659819215,212
4745.5,5,1095.7572457536228,5.5,50.09346130582583,383.49704854305224,212
4745.6,5,1095.7572457536228,5.5,50.12227075648259,383.27960580010955,212
4745.7,5,1095.7572457536228,5.5,50.132795853467954,383.1956585283974,212
4745.8,5,1095.7572457536228,5.5,50.160030252373474,382.9838484426457,212
4745.9,5,1095.7572457536228,5.5,50.18268552788463,382.81012156366097,212
4746.0,5,1095.7572457536228,5.5,50.20670769057722,382.62138541862805,212
4746.1,5,1095.5849326527457,5.5,50.23731654330514,382.38819418514476,212
4746.2,5,1095.5849326527457,6.0,50.263620830088485,382.1863754451218,212
4746.3,5,1095.5849326527457,6.0,50.27636635617429,382.0805903223621,212
4746.4,5,1095.5849326527457,6.0,50.07924457888678,383.5172644013102,212
4746.5,5,1095.5849326527457,6.0,50.10627331182593,383.30410415543673,212
4746.6,5,1095.5849326527457,6.0,50.13401087923976,383.08845482362756,212
4746.7,5,1095.5849326527457,6.0,50.15965788543095,382.8891749266735,212
4746.8,5,1095.5849326527457,6.0,50.17778854748581,382.7485189276265,212
4746.9,5,1095.5849326527457,6.0,50.20317291852932,382.5519395396876,212
4747.0,5,1095.5849326527457,6.0,50.309429781442134,381.7226652893224,212
4747.1,5,1095.5849326527457,6.0,50.32849523297715,381.5746337997809,212
4747.2,5,1095.5849326527457,6.0,50.36177617946383,381.3219254382809,212
4747.3,5,1095.5849326527457,6.0,50.38185249095769,381.16648430505575,212
4747.4,5,1095.5849326527457,6.0,50.40861108485759,380.96247436354685,212
4747.5,5,1095.5849326527457,6.0,50.41279879162988,380.92596246384096,212
4747.6,5,1095.5849326527457,6.0,50.41832651212461,380.88046712048435,212
4747.7,5,1095.5849326527457,6.0,50.44502279232209,380.68022254999244,212
4747.8,5,1095.5849326527457,6.0,50.51581497408989,380.15949428271745,212
4747.9,5,1095.5849326527457,6.0,50.5423390286729,379.95998706306443,212
4748.0,5,1095.5849326527457,6.0,50.55848072992343,379.83671326124465,212
4748.1,5,1095.5849326527457,6.0,50.57044069882237,379.74556812733715,212
4748.2,5,1095.5849326527457,6.0,50.576378645617325,379.6986141662595,212
4748.3,5,1095.5849326527457,6.0,50.587797296285174,379.61480408480423,212
4748.4,5,1095.5849326527457,6.0,50.57832420906775,379.68273583518044,212
4748.5,5,1095.5849326527457,6.0,50.58015164213783,379.6689042021302,212
4748.6,5,1095.5849326527457,6.0,50.601350752385486,379.51192700963054,212
4748.7,5,1095.5849326527457,6.0,50.61246330104534,379.42819925024025,212
4748.8,5,1095.5849326527457,6.0,50.61771677540112,379.38778375216486,212
4748.9,5,1095.5849326527457,6.0,50.62803668998013,379.3123165722148,212
4749.0,5,1095.5849326527457,6.0,50.654618376808514,379.1163694988039,212
4749.1,5,1095.5849326527457,6.0,50.65294649146493,379.1271774563944,212
4749.2,5,1095.5849326527457,6.0,50.703508152596086,378.73457636115876,212
4749.3,5,1095.5849326527457,6.0,50.73004912028837,378.54093740559756,212
4749.4,5,1095.5849326527457,5.5,50.71196534189254,378.67420006096154,212
4749.5,5,1095.5849326527457,5.5,50.71677305980786,378.63988824068497,212
4749.6,5,1095.5849326527457,5.5,50.77169364577819,378.27968341962384,212
4749.7,5,1095.5849326527457,5.5,50.77344280046452,378.26900636626993,212
4749.8,5,1095.5849326527457,5.5,50.75015894303005,378.4410590035043,212
4749.9,5,1095.4128102052468,5.5,50.756841346191905,378.39403267258785,212
4750.0,5,1095.4128102052468,6.0,50.74580985936993,378.4761831951457,212
4750.1,5,1095.4128102052468,6.0,50.75845470953009,378.4474237844539,212
4750.2,5,1095.4128102052468,6.0,50.75248883887211,378.49388046502685,212
4750.3,5,1095.4128102052468,6.0,50.738496963326355,378.5973490607437,212
4750.4,5,1095.4128102052468,6.0,50.72608527045844,378.6899585918746,212
4750.5,5,1095.4128102052468,6.0,50.72492366786166,378.7000190367187,212
4750.6,5,1095.4128102052468,6.0,50.74957506514256,378.5326704201016,212
4750.7,5,1095.4128102052468,6.0,50.74329466152676,378.57921997141796,212
4750.8,5,1095.4128102052468,6.0,50.55603263515901,379.98266381566,212
4750.9,5,1095.4128102052468,6.0,50.54524243561001,380.0616803773229,212
4751.0,5,1095.4128102052468,6.0,50.55412235243,379.99482242568354,212
4751.1,5,1095.4128102052468,6.0,50.55390897103461,380.0011937398558,212
4751.2,5,1095.4128102052468,6.0,50.55397757387361,380.00106198567926,212
4751.3,5,1095.4128102052468,6.0,50.453746462336255,380.60655322887436,212
4751.4,5,1095.4128102052468,6.0,50.524148525844254,380.0700274921131,212
4751.5,5,1095.4128102052468,6.0,50.51408829610781,380.1439609112242,212
4751.6,5,1095.4128102052468,6.0,50.42062550491026,380.86653403490817,212
4751.7,5,1095.4128102052468,5.5,50.41487400751062,380.907538669255,212
4751.8,5,1095.4128102052468,5.5,50.439931421116746,380.7189517214798,212
4751.9,5,1095.4128102052468,5.5,50.44594196235571,380.6718613850287,212
4752.0,5,1095.4128102052468,5.5,50.45319415013014,380.61663656726273,212
4752.1,5,1095.4128102052468,5.5,50.45935459751986,380.568534638005,212
4752.2,5,1095.4128102052468,5.5,50.45914609313309,380.5639610828358,212
4752.3,5,1095.4128102052468,5.5,50.478258885594116,380.4195305379243,212
4752.4,5,1095.4128102052468,5.5,50.480929019190555,380.37859834672827,212
4752.5,5,1095.4128102052468,5.5,50.49062749368161,380.3024488158601,212
4752.6,5,1095.4128102052468,5.5,50.381160614590286,381.1466617992103,212
4752.7,5,1095.4128102052468,5.5,50.38136464516654,381.1403923704015,212
4752.8,5,1095.4128102052468,5.5,50.38694333660585,381.09479059514115,212
4752.9,5,1095.4128102052468,5.5,50.40626929755743,380.9471490280074,212
4753.0,5,1095.4128102052468,5.5,50.42556211783192,380.80107485760817,212
4753.1,5,1095.4128102052468,5.5,50.43922746540157,380.6941191128552,212
4753.2,5,1095.4128102052468,5.5,50.45903793006417,380.5441774671783,212
4753.3,5,1095.2406704082014,5.5,50.47060956082683,380.4552081514293,212
4753.4,5,1095.2406704082014,6.0,50.47579099362447,380.41156712300375,212
4753.5,5,1095.2406704082014,6.0,50.48267031773869,380.3566754094429,212
4753.6,5,1095.2406704082014,6.0,50.49837612080406,380.23687779907414,212
4753.7,5,1095.2406704082014,6.0,50.356354211614565,381.29271483923975,212
4753.8,5,1095.2406704082014,6.0,50.27083332827716,381.948912042447,212
4753.9,5,1095.2406704082014,6.0,50.29121337129367,381.79192065295166,212
4754.0,5,1095.2406704082014,6.0,50.31054682211257,381.6447244475531,212
4754.1,5,1095.2406704082014,6.0,50.358294535533226,381.27783496836514,212
4754.2,5,1095.2406704082014,6.0,50.3803198937961,381.1103426670086,212
4754.3,5,1095.2406704082014,6.0,50.38906411036247,381.04262728481217,212
4754.4,5,1095.2406704082014,6.0,50.41004925237559,380.8830391605469,212
4754.5,5,1095.2406704082014,6.0,50.434774661170096,380.69584616221624,212
4754.6,5,1095.2406704082014,6.0,50.445034832449835,380.61749055114984,212
4754.7,5,1095.2406704082014,5.5,50.47499695888081,380.39116143227864,212
4754.8,5,1095.2406704082014,5.5,50.49047200528355,380.2734287498033,212
4754.9,5,1095.2406704082014,5.5,50.499619259044465,380.2033892750933,212
4755.0,5,1095.2406704082014,5.5,50.530205906732924,379.97296959516393,212
4755.1,5,1095.2406704082014,5.5,50.55470806724078,379.78826897880157,212
4755.2,5,1095.2406704082014,5.5,50.42766061541009,380.7438941139927,212
4755.3,5,1095.2406704082014,5.5,50.44210990354661,380.63529621702503,212
4755.4,5,1095.2406704082014,5.5,50.45618066379482,380.52987022247737,212
4755.5,5,1095.2406704082014,5.5,50.46741787283018,380.44574905172306,212
4755.6,5,1095.2406704082014,5.5,50.46495305084238,380.4660812465486,212
4755.7,5,1095.2406704082014,5.5,50.49846150984606,380.21363085223953,212
4755.8,5,1095.2406704082014,5.5,50.49455978663474,380.24498156815866,212
4755.9,5,1095.2406704082014,5.5,50.51530250139085,380.0899637794329,212
4756.0,5,1095.2406704082014,5.5,50.520807705563165,380.0502620314453,212
4756.1,5,1095.2406704082014,5.5,50.52918202383324,379.98892008737414,212
4756.2,5,1095.2406704082014,5.5,50.54885976865082,379.8425591774995,212
4756.3,5,1095.2406704082014,5.5,50.48885668461905,380.4106769283577,212
4756.4,5,1095.2406704082014,5.5,50.50962053155989,380.25870127491044,212
4756.5,5,1095.2406704082014,5.5,50.597513592271355,379.54719602125994,212
4756.6,5,1095.2406704082014,5.5,50.62031733538154,379.3758494390663,212
4756.7,5,1095.2406704082014,5.5,50.65105084843236,379.143536209488,212
4756.8,5,1095.2406704082014,5.5,50.66013357884074,379.0800166043415,212
4756.9,5,1095.2406704082014,5.0,50.68501573436572,378.89366621141863,212
4757.0,5,1095.2406704082014,5.0,50.70861264367099,378.71594774620786,212
4757.1,5,1095.2406704082014,5.0,50.73636825700487,378.50925670147944,212
4757.2,5,1095.2406704082014,5.0,50.761176234722676,378.3225917730274,212
4757.3,5,1095.2406704082014,5.0,50.787854694822286,378.1248766691946,212
4757.4,5,1095.2406704082014,5.0,50.88390959299812,377.39552430412755,212
4757.5,5,1095.2406704082014,5.0,50.91129909469164,377.19126671145716,212
4757.6,5,1095.2406704082014,5.0,50.98252927131124,376.61636253619724,212
4757.7,5,1095.2406704082014,5.0,51.00989977070449,376.41342403551414,212
4757.8,5,1095.2406704082014,5.0,51.02021045286152,376.3384432027294,212
4757.9,5,1095.2406704082014,5.0,51.04721530042423,376.14012651832115,212
4758.0,5,1095.2406704082014,5.0,51.06421804085773,376.01571073455796,212
4758.1,5,1095.2406704082014,5.0,50.89733240026374,377.2344088473702,212
4758.2,5,1095.2406704082014,5.0,50.89970488632646,377.21724671372783,212
4758.3,5,1095.2406704082014,5.0,50.93523856293535,376.95326503708975,212
4758.4,5,1095.2406704082014,5.0,50.94430209660935,376.8870934087064,212
4758.5,5,1095.2406704082014,5.0,50.984772896367666,376.58741418186463,212
4758.6,5,1095.2406704082014,5.0,51.00340367897728,376.44959994640095,212
4758.7,5,1095.2406704082014,5.0,51.01672207835169,376.3513014597109,212
4758.8,5,1095.2406704082014,5.0,51.036402690680475,376.20592939785206,212
4758.9,5,1095.2406704082014,5.0,51.05450428464502,376.0724358531002,212
4759.0,5,1095.2406704082014,5.0,50.85792933171548,377.5432092303737,212
4759.1,5,1095.2406704082014,5.0,50.88745404735396,377.3231285381219,212
4759.2,5,1095.2406704082014,5.0,50.706603811191776,378.65247898776545,212
4759.3,5,1095.2406704082014,5.0,50.70615233088917,378.65602364935756,212
4759.4,5,1095.2406704082014,5.0,50.73223712296356,378.4620828595397,212
4759.5,5,1095.2406704082014,5.0,50.69278776575061,378.8207373575266,212
4759.6,8,1095.229316358736,4.5,50.72424185198136,378.5784799614031,212
4759.7,8,1095.1983077510351,4.199999999999999,50.73653970737927,378.482994090233,212
4759.8,8,1095.1983077510351,4.199999999999999,50.74598447644706,378.41028874097213,212
4759.9,8,1095.1983077510351,4.199999999999999,50.746869526457715,378.402206615434,212
4760.0,8,1095.1983077510351,4.199999999999999,50.76096183015874,378.2949344807886,212
4760.1,5,1095.1983077510351,4.199999999999999,50.751282157363875,378.3664904582771,212
4760.2,5,1095.1983077510351,4.5,50.57408126177462,379.662971032718,212
4760.3,5,1095.1983077510351,4.5,50.55612551768116,379.7982853182589,212
4760.4,5,1095.1983077510351,4.5,50.57529481898766,379.6518899528929,212
4760.5,5,1095.1983077510351,4.5,50.55475471781724,379.8075291183037,212
4760.6,5,1095.1983077510351,4.5,50.56544931007808,379.7250172882344,212
4760.7,5,1095.1983077510351,4.5,50.562907856372696,379.7435369587838,212
4760.8,5,1095.1983077510351,4.5,50.558988761289015,379.77126668753874,212
4760.9,5,1095.1983077510351,4.5,50.56327331762026,379.7373631200984,212
4761.0,5,1095.1983077510351,4.5,50.570142162465665,379.68471166825617,212
4761.1,5,1095.1983077510351,4.5,50.58648960974827,379.5600069031184,212
4761.2,7,1095.1983077510351,4.0,50.59260496610169,379.513494001165,212
4761.3,7,1095.1983077510351,4.199999999999999,50.586723573027356,379.55278321210267,212
4761.4,7,1095.1983077510351,4.199999999999999,50.59893882908134,379.46010453520466,212
4761.5,5,1095.026965449003,4.199999999999999,50.59096167828824,379.5197861561178,212
4761.6,5,1095.026965449003,4.5,50.61037899981309,379.3729994223711,212
4761.7,5,1095.026965449003,4.5,50.637813780883796,379.1661924999528,212
4761.8,5,1095.026965449003,4.5,50.65653993785821,379.0257808546195,212
4761.9,5,1095.026965449003,4.5,50.62476768337517,379.29555637965234,212
4762.0,5,1095.026965449003,4.5,50.620457437049666,379.32503431643704,212
4762.1,5,1095.026965449003,4.5,50.629929189086695,379.25317271540035,212
4762.2,8,1094.991305956544,4.5,50.63906809376916,379.1824860298626,212
4762.3,8,1094.991305956544,4.199999999999999,50.64526256227224,379.1342462588867,212
4762.4,8,1094.991305956544,4.199999999999999,50.66229200166896,379.0063345197758,212
4762.5,8,1094.991305956544,4.199999999999999,50.6777534941786,378.88787380978863,212
4762.6,8,1094.991305956544,4.199999999999999,50.68611204165352,378.8248908073512,212
4762.7,8,1094.991305956544,4.199999999999999,50.69179389260505,378.7819692654027,212
4762.8,8,1094.991305956544,4.199999999999999,50.685193736151795,378.830895738703,212
4762.9,8,1094.991305956544,4.199999999999999,50.69364371357783,378.76805384713236,212
4763.0,5,1094.991305956544,4.199999999999999,50.69451833301463,378.76135628212626,212
4763.1,5,1094.991305956544,4.5,50.703095082995134,378.6959510389251,212
4763.2,5,1094.991305956544,4.5,50.52612272867823,380.0487677621115,212
4763.3,5,1094.991305956544,4.5,50.51495754162758,380.1344153692339,212
4763.4,5,1094.991305956544,4.5,50.54389689796455,379.91346159333443,212
4763.5,8,1094.991305956544,4.5,50.559290509227196,379.795526915884,212
4763.6,8,1094.991305956544,4.199999999999999,50.57116202517736,379.70609541077135,212
4763.7,8,1094.991305956544,4.199999999999999,50.59304029317901,379.54037419341586,212
4763.8,8,1094.991305956544,4.199999999999999,50.59988070488554,379.48989472894027,212
4763.9,7,1094.991305956544,3.5,50.593944784393585,379.53759353110866,212
4764.0,7,1094.991305956544,4.199999999999999,50.60031962528528,379.4887036534489,212
4764.1,7,1094.991305956544,4.199999999999999,50.59660494921319,379.5181194737057,212
4764.2,7,1094.991305956544,4.199999999999999,50.62099491458961,379.3348021219912,212
4764.3,7,1094.991305956544,4.199999999999999,50.63627017381904,379.22065303288923,212
4764.4,7,1094.991305956544,4.199999999999999,50.64519010826104,379.1530189594771,212
4764.5,7,1094.991305956544,4.199999999999999,50.65523105584038,379.0765676186002,212
4764.6,7,1094.991305956544,4.199999999999999,50.642080955674885,379.1771526184898,212
4764.7,5,1094.991305956544,4.199999999999999,50.64684728272129,379.1423849294981,212
4764.8,5,1094.991305956544,4.0,50.66425781840695,379.01012903261835,212
4764.9,7,1094.991305956544,4.0,50.66809055049062,378.9827711677116,212
4765.0,7,1094.991305956544,4.199999999999999,50.680439046490086,378.88972698517625,212
4765.1,7,1094.991305956544,4.199999999999999,50.506457512196846,380.1710899719563,212
4765.2,7,1094.991305956544,4.199999999999999,50.4976079295699,380.2534286836875,212
4765.3,7,1094.991305956544,4.199999999999999,50.49422765190022,380.28158675836073,212
4765.4,8,1094.958729109816,4.199999999999999,50.49813891012269,380.2539958178633,212
4765.5,8,1094.958729109816,4.199999999999999,50.508899200457456,380.17398281706585,212
4765.6,8,1094.958729109816,4.199999999999999,50.52317989333056,380.06808261657784,212
4765.7,8,1094.958729109816,4.199999999999999,50.54254850417793,379.92015291115376,212
4765.8,7,1094.958729109816,4.199999999999999,50.547739319485785,379.88179934583013,212
4765.9,7,1094.958729109816,4.8999999999999995,50.56092466857514,379.7824046048956,212
4766.0,7,1094.958729109816,4.8999999999999995,50.3798593275395,381.1210874307684,212
4766.1,7,1094.958729109816,4.8999999999999995,50.40520946049839,380.92262249856867,212
4766.2,7,1094.958729109816,4.199999999999999,50.3911332882804,381.03101441828665,212
4766.3,7,1094.958729109816,4.199999999999999,50.39962115371061,380.9668488246595,212
4766.4,7,1094.958729109816,4.199999999999999,50.448383986742385,380.58701755762,212
4766.5,7,1094.958729109816,4.199999999999999,50.45076309915976,380.56910146701057,212
4766.6,8,1094.958729109816,4.199999999999999,50.45140065627959,380.56432708422096,212
4766.7,8,1094.958729109816,4.199999999999999,50.451174381622366,380.5661434627714,212
4766.8,8,1094.958729109816,4.199999999999999,50.36156948699084,381.2455575222191,212
4766.9,8,1094.958729109816,4.199999999999999,50.35826826079645,381.2717597846233,212
4767.0,8,1094.958729109816,4.199999999999999,50.356372796069195,381.286930862546,212
4767.1,8,1094.958729109816,4.199999999999999,50.3379011595636,381.4454438668605,212
4767.2,7,1094.958729109816,4.199999999999999,50.35694338764879,381.301575420237,212
4767.3,7,1094.958729109816,4.199999999999999,50.20286455840002,382.45662683617445,212
4767.4,8,1094.958729109816,4.199999999999999,50.209795489823655,382.40563904089095,212
4767.5,7,1094.958729109816,3.5,50.213344956493174,382.38193259917284,212
4767.6,7,1094.958729109816,4.199999999999999,50.22742386492321,382.2757498919759,212
4767.7,7,1094.958729109816,4.199999999999999,50.229093613452974,382.2660470700217,212
4767.8,7,1094.958729109816,4.199999999999999,50.23759881905042,382.2039593361132,212
4767.9,7,1094.958729109816,4.199999999999999,50.25630678595557,382.0624476794693,212
4768.0,7,1094.958729109816,4.8999999999999995,50.28832738596718,381.8208991525754,212
4768.1,7,1094.958729109816,4.8999999999999995,50.292510066136785,381.7929852160775,212
4768.2,7,1094.958729109816,4.8999999999999995,50.305779740421464,381.6950289101877,212
4768.3,7,1094.958729109816,4.8999999999999995,50.33282965246191,381.49115381467277,212
4768.4,7,1094.958729109816,4.199999999999999,50.342808175639775,381.41775650947204,212
4768.5,7,1094.958729109816,4.199999999999999,50.35903756487111,381.29700978084446,212
4768.6,7,1094.958729109816,4.199999999999999,50.36806255092644,381.23196702921456,212
4768.7,7,1094.958729109816,4.199999999999999,50.24281106244746,382.2112258266753,212
4768.8,7,1094.958729109816,4.199999999999999,50.230888628810106,382.31082445872465,212
4768.9,7,1094.958729109816,4.199999999999999,50.27722324294439,381.96022548509495,212
4769.0,7,1094.958729109816,4.199999999999999,50.30701120205566,381.7364397409543,212
4769.1,7,1094.958729109816,4.199999999999999,50.31682411244314,381.6681049289595,212
4769.2,7,1094.958729109816,4.199999999999999,50.29023103478103,381.88477578945606,212
4769.3,7,1094.958729109816,4.8999999999999995,50.31450589193522,381.70380958230635,212
4769.4,7,1094.958729109816,4.8999999999999995,50.311006045442326,381.73996272273365,212
4769.5,7,1094.958729109816,4.8999999999999995,50.329211739284446,381.60788747285505,212
4769.6,7,1094.958729109816,4.8999999999999995,50.155532592622066,382.9915051099637,212
4769.7,7,1094.958729109816,4.8999999999999995,50.17466195276414,382.8517696843095,212
4769.8,7,1094.958729109816,4.199999999999999,50.192034968693605,382.72728581729615,212
4769.9,7,1094.958729109816,4.199999999999999,50.17259913158378,383.0605000203018,212
4770.0,7,1094.958729109816,4.199999999999999,50.033475348921094,384.0689920319353,212
4770.1,7,1094.958729109816,4.199999999999999,50.05258243837798,383.92657569412495,212
4770.2,7,1094.958729109816,4.199999999999999,50.06135583384915,383.86592902230984,212
4770.3,7,1094.958729109816,4.199999999999999,50.089399944847024,383.6515945695452,212
4770.4,8,1094.924679000135,4.199999999999999,50.10235714011476,383.5590766559867,212
4770.5,8,1094.924679000135,4.199999999999999,50.117639276989685,383.4465356619297,212
4770.6,8,1094.924679000135,4.199999999999999,50.143921564676845,383.2552084630847,212
4770.7,9,1095.157586887626,4.199999999999999,50.16236230208645,383.1202297558738,212
4770.8,9,1095.157586887626,4.0,50.185775203309646,382.94682022854545,212
4770.9,8,1095.157586887626,3.2,50.20028915091615,382.8471385016237,212
4771.0,8,1095.157586887626,4.199999999999999,50.21061719991732,382.77469440787513,212
4771.1,8,1095.157586887626,4.199999999999999,50.244008528256686,382.52188828998953,212
4771.2,8,1095.157586887626,4.199999999999999,50.277812557503424,382.26866850124384,212
4771.3,9,1095.157586887626,4.199999999999999,50.31305786454962,382.00079238139426,212
4771.4,9,1095.157586887626,4.0,50.16270579938316,383.07398579836024,212
4771.5,9,1095.157586887626,4.0,50.17528646285608,382.97951495567133,212
4771.6,9,1095.157586887626,4.0,50.18033014547612,382.94202311759574,212
4771.7,9,1095.157586887626,4.0,50.18043211672301,382.9465102187686,212
4771.8,9,1095.157586887626,4.0,50.21526936083026,382.5643764370193,212
4771.9,9,1095.157586887626,4.0,50.00180331259549,384.29011030800797,212
4772.0,9,1095.157586887626,4.0,50.03584161310459,384.02381999039653,212
4772.1,9,1095.157586887626,4.0,50.02558151713016,384.10753251312053,212
4772.2,9,1095.157586887626,4.0,50.05365730564267,383.8813168383599,212
4772.3,9,1095.157586887626,4.0,50.063704499897526,383.8073972349664,212
4772.4,9,1095.157586887626,4.0,50.07874728221326,383.6910161575522,212
4772.5,9,1095.157586887626,4.0,50.09076921805091,383.59525732041914,212
4772.6,9,1095.157586887626,4.0,50.11605908738882,383.3955053740773,212
4772.7,9,1095.157586887626,4.0,50.12768707522825,383.3052571078663,212
4772.8,9,1095.157586887626,4.0,50.153185226735275,383.10059632118964,212
4772.9,9,1095.157586887626,4.0,50.1722432498277,382.95370936990275,212
4773.0,9,1095.157586887626,4.0,50.18541410160334,382.8513353734287,212
4773.1,9,1095.157586887626,4.0,50.20402543903923,382.70335392138077,212
4773.2,9,1095.157586887626,4.0,50.21254199201839,382.641748122777,212
4773.3,9,1095.157586887626,4.0,50.05080841657609,383.8124197562255,212
4773.4,9,1095.157586887626,4.0,50.15258735874235,383.0576250842572,212
4773.5,9,1095.157586887626,4.0,50.16858427481755,382.930293492626,212
4773.6,9,1095.157586887626,4.0,50.17902178952608,382.85032461384543,212
4773.7,9,1095.157586887626,4.0,50.19467125671117,382.72533665612355,212
4773.8,9,1095.157586887626,4.0,50.20485796320547,382.64741095908556,212
4773.9,7,1095.157586887626,4.0,50.225280427830796,382.4877972227895,212
4774.0,7,1095.157586887626,4.8999999999999995,50.24168263079973,382.35291564264344,212
4774.1,7,1095.157586887626,4.8999999999999995,50.243931414895634,382.33508198948925,212
4774.2,7,1095.157586887626,4.8999999999999995,50.25929650693631,382.2139996812458,212
4774.3,7,1095.157586887626,4.8999999999999995,50.280509321459604,382.047114448962,212
4774.4,7,1095.157586887626,4.8999999999999995,50.27889721054128,382.05869992663963,212
4774.5,7,1095.157586887626,4.8999999999999995,50.29484445460295,381.9319063114467,212
4774.6,7,1095.157586887626,4.8999999999999995,50.31044760331089,381.8079458761596,212
4774.7,7,1095.157586887626,4.8999999999999995,50.31431839016905,381.77908397358806,212
4774.8,7,1095.157586887626,4.8999999999999995,50.12847305947108,383.1386614034641,212
4774.9,7,1095.157586887626,4.8999999999999995,50.135668042656086,383.07836947937403,212
4775.0,7,1095.157586887626,4.8999999999999995,50.149902663170934,382.96363943663425,212
4775.1,9,1095.157586887626,4.199999999999999,50.15585412484677,382.91436951343553,212
4775.2,9,1095.157586887626,4.800000000000001,50.17475819124387,382.766122791216,212
4775.3,9,1095.157586887626,4.800000000000001,50.22280163237512,382.32742930853624,212
4775.4,9,1095.157586887626,4.800000000000001,50.21376806515198,382.39627864581723,212
4775.5,9,1095.157586887626,4.800000000000001,50.227206940824956,382.29054026373944,212
4775.6,9,1095.157586887626,4.800000000000001,49.977527945260064,384.24167589734424,212
4775.7,9,1095.157586887626,4.800000000000001,49.96558187607787,384.3327692139329,212
4775.8,9,1095.157586887626,4.800000000000001,49.9691958575402,384.3050628388296,212
4775.9,9,1095.157586887626,4.800000000000001,49.97993072863399,384.2203851830218,212
4776.0,9,1095.157586887626,4.800000000000001,50.06908648014844,383.506187984459,212
4776.1,9,1095.157586887626,4.800000000000001,50.07845049861786,383.43239460551246,212
4776.2,9,1095.157586887626,4.800000000000001,50.10706077701116,383.20919486608574,212
4776.3,9,1095.157586887626,4.800000000000001,50.111645493110956,383.1726402202216,212
4776.4,7,1095.157586887626,4.0,50.1239989932195,383.07637227790707,212
4776.5,7,1095.157586887626,4.8999999999999995,50.129838059359436,383.03022519698044,212
4776.6,7,1095.157586887626,4.8999999999999995,50.1470712921951,382.8961379155906,212
4776.7,7,1095.157586887626,4.8999999999999995,50.14537323018483,382.90866356715946,212
4776.8,7,1095.157586887626,4.8999999999999995,50.1692194189128,382.725322986474,212
4776.9,7,1095.157586887626,4.8999999999999995,50.20304209483325,382.46501089570506,212
4777.0,7,1095.157586887626,4.8999999999999995,50.20339363895432,382.4611345528142,212
4777.1,7,1095.157586887626,4.8999999999999995,50.2330323953025,382.232992032286,212
4777.2,7,1095.157586887626,4.8999999999999995,50.25064511779097,382.09711902020973,212
4777.3,7,1095.157586887626,4.8999999999999995,50.26571145502648,381.9807477255534,212
4777.4,7,1095.157586887626,4.8999999999999995,50.28053405673823,381.86696230517657,212
4777.5,7,1095.157586887626,4.8999999999999995,50.1299290777565,383.02897740620256,212
4777.6,7,1095.157586887626,4.8999999999999995,50.162095824795756,382.78017767311485,212
4777.7,7,1095.157586887626,4.8999999999999995,50.19047544407233,382.56193206636135,212
4777.8,7,1095.157586887626,4.8999999999999995,50.211773863976504,382.39840616919065,212
4777.9,7,1095.157586887626,4.8999999999999995,50.05285153996543,383.59638797797015,212
4778.0,7,1095.157586887626,4.8999999999999995,50.07058213605808,383.46016237340194,212
4778.1,7,1095.157586887626,4.8999999999999995,50.09679261800956,383.2588836345535,212
4778.2,9,1095.157586887626,4.199999999999999,50.122459593649936,383.0623281545493,212
4778.3,9,1095.157586887626,4.800000000000001,50.16224054544209,382.7581451419918,212
4778.4,9,1095.157586887626,4.800000000000001,50.194231055904496,382.51409994173736,212
4778.5,9,1095.157586887626,4.800000000000001,50.23025570328096,382.239753812608,212
4778.6,9,1095.157586887626,4.800000000000001,50.08486033859659,383.35244734228945,212
4778.7,9,1095.157586887626,4.800000000000001,50.106656568812106,383.18505287416014,212
4778.8,9,1095.157586887626,4.800000000000001,50.139299866478396,382.93486612509037,212
4778.9,9,1095.157586887626,4.800000000000001,50.16442405865588,382.7426377788758,212
4779.0,9,1095.157586887626,4.800000000000001,50.18960837194781,382.5500010841723,212
4779.1,9,1095.157586887626,4.800000000000001,50.19673475714106,382.49564805636476,212
4779.2,9,1095.157586887626,4.800000000000001,50.22114676330377,382.30956226654894,212
4779.3,9,1095.157586887626,4.800000000000001,50.25369805282304,382.0615892195765,212
4779.4,9,1095.157586887626,4.800000000000001,50.26992512656882,381.93824340327933,212
4779.5,9,1095.157586887626,4.800000000000001,50.29964388224065,381.71247520001634,212
4779.6,9,1095.157586887626,4.800000000000001,50.30815341980332,381.6478900440237,212
4779.7,7,1095.1218209092815,4.800000000000001,50.14286159654811,382.9129727043038,212
4779.8,9,1095.1218209092815,4.8999999999999995,50.16301540871745,382.75871623042156,212
4779.9,9,1095.1218209092815,4.800000000000001,50.20183131392544,382.46305022659726,212
4780.0,7,1095.1218209092815,4.0,50.23294512941861,382.2263927145559,212
4780.1,7,1095.1218209092815,4.8999999999999995,50.102501044244626,383.2148453212895,212
4780.2,7,1095.1218209092815,4.8999999999999995,50.13230132132955,382.9869145219062,212
4780.3,7,1095.1218209092815,4.8999999999999995,50.1628988698658,382.75338911663255,212
4780.4,7,1095.1218209092815,4.8999999999999995,50.19242960233167,382.52813337096313,212
4780.5,7,1095.1218209092815,4.8999999999999995,50.17384984790796,382.669462147415,212
4780.6,9,1095.1218209092815,4.199999999999999,50.2098579280922,382.39503331221357,212
4780.7,9,1095.1218209092815,4.800000000000001,50.23651871076555,382.19209730226214,212
4780.8,9,1095.1218209092815,4.800000000000001,50.27689982156102,381.88512324099065,212
4780.9,9,1095.1218209092815,4.800000000000001,50.30712777660824,381.65567499084796,212
4781.0,9,1095.1218209092815,4.800000000000001,50.097047814532424,383.2629062636423,212
4781.1,9,1095.1218209092815,4.800000000000001,50.12788216036015,383.0267201131327,212
4781.2,9,1095.1218209092815,4.800000000000001,50.18952029018888,382.5802222080099,212
4781.3,9,1095.1218209092815,4.800000000000001,50.2097396642164,382.4258955711489,212
4781.4,9,1095.1218209092815,4.800000000000001,50.21401514590484,382.3901520450721,212
4781.5,9,1095.1218209092815,4.800000000000001,50.25388849863782,382.08558198457973,212
4781.6,9,1095.1218209092815,4.800000000000001,50.28602996622862,381.8423096571171,212
4781.7,9,1095.1218209092815,5.6000000000000005,50.31063884821553,381.6546368447171,212
4781.8,9,1095.1218209092815,5.6000000000000005,50.3380122015013,381.44703869946596,212
4781.9,9,1095.1218209092815,5.6000000000000005,50.35994191692422,381.2797599101681,212
4782.0,9,1095.1218209092815,5.6000000000000005,50.417819795816726,380.8814171341179,212
4782.1,9,1095.1218209092815,5.6000000000000005,50.21930270943616,382.44426227075553,212
4782.2,9,1095.1218209092815,5.6000000000000005,50.249342202130016,382.2161804309692,212
4782.3,9,1095.1218209092815,4.800000000000001,50.263324922264765,382.1089865250491,212
4782.4,9,1095.1218209092815,4.800000000000001,50.2900950359284,381.90852600453417,212
4782.5,9,1095.1218209092815,4.800000000000001,50.294557861530286,381.8718930834962,212
4782.6,9,1095.1218209092815,4.800000000000001,50.323698296368306,381.65331945110995,212
4782.7,9,1095.1218209092815,4.800000000000001,50.402621778992284,381.0324376526018,212
4782.8,9,1095.1218209092815,4.800000000000001,50.248489526726246,382.16252667891195,212
4782.9,9,1095.1218209092815,4.800000000000001,50.28596889604253,381.88016984291914,212
4783.0,9,1095.1218209092815,4.800000000000001,50.3049162465846,381.7352456155747,212
4783.1,9,1095.1218209092815,5.6000000000000005,50.31672683935149,381.6439304158657,212
4783.2,9,1095.1218209092815,5.6000000000000005,50.3607145458097,381.31328613276685,212
4783.3,9,1095.1218209092815,5.6000000000000005,50.399833043274995,381.0176888310193,212
4783.4,9,1095.1218209092815,5.6000000000000005,50.406558612848606,380.96301277496343,212
4783.5,9,1095.1218209092815,5.6000000000000005,50.42568936160548,380.81698473090887,212
4783.6,9,1095.1218209092815,4.800000000000001,50.219711991965795,382.43844468647325,212
4783.7,9,1095.1218209092815,4.800000000000001,50.22943768943966,382.35836785369156,212
4783.8,9,1095.1218209092815,4.800000000000001,50.247247778803015,382.22067006811085,212
4783.9,9,1095.1218209092815,4.800000000000001,50.27522122666161,382.0077819906654,212
4784.0,9,1095.1218209092815,4.800000000000001,50.28819414498021,381.9055781366702,212
4784.1,9,1095.1218209092815,4.800000000000001,50.23561772709738,382.285433397446,212
4784.2,9,1095.1218209092815,4.800000000000001,50.243082876301415,382.22256662709674,212
4784.3,9,1095.1218209092815,4.800000000000001,50.27185173846009,382.0023655405471,212
4784.4,9,1095.1218209092815,4.800000000000001,50.30027029257476,381.78377511404324,212
4784.5,9,1095.1218209092815,4.800000000000001,50.316486644820856,381.6558655002491,212
4784.6,9,1095.1218209092815,4.800000000000001,50.34702565118737,381.4238651743583,212
4784.7,9,1095.1218209092815,4.800000000000001,50.34780865481503,381.41084627307094,212
4784.8,9,1095.1218209092815,4.800000000000001,50.37167571401375,381.2275392263707,212
4784.9,9,1095.1218209092815,4.800000000000001,50.403097903478724,380.99086248849545,212
4785.0,9,1095.1218209092815,4.0,50.42747117939999,380.80667251664454,212
4785.1,9,1095.1218209092815,4.0,50.435858585267646,380.74119793951434,212
4785.2,9,1095.1218209092815,4.0,50.455009507858556,380.5959005337056,212
4785.3,9,1095.1218209092815,4.0,50.47943182493805,380.4084077800205,212
4785.4,9,1095.1218209092815,4.0,50.47720285908118,380.42062912915145,212
4785.5,9,1095.1218209092815,4.0,50.28670550267459,381.83060458682587,212
4785.6,9,1095.1218209092815,4.0,50.31353662135163,381.6268591032449,212
4785.7,9,1095.1218209092815,4.0,50.332753132855046,381.48156496693326,212
4785.8,9,1095.1218209092815,4.0,50.34543432558739,381.38427443069367,212
4785.9,9,1095.1218209092815,4.0,50.37285049053058,381.17724736151587,212
4786.0,9,1095.1218209092815,4.0,50.38014431807579,381.12000783654446,212
4786.1,9,1095.1218209092815,4.0,50.43248029998961,380.7356896634891,212
4786.2,9,1095.1218209092815,4.0,50.44735588095061,380.62175350430334,212
4786.3,9,1095.1218209092815,4.0,50.212587000868766,382.3787258732524,212
4786.4,9,1095.1218209092815,4.0,50.203085458813135,382.449802297818,212
4786.5,9,1095.1218209092815,4.0,50.23507710044085,382.2061524251263,212
4786.6,9,1095.1218209092815,4.0,50.3180894546594,381.57279179420834,212
4786.7,9,1095.1218209092815,4.0,50.33409292904692,381.4513500201084,212
4786.8,9,1095.1218209092815,4.0,50.33988963875517,381.40729301348847,212
4786.9,11,1095.1218209092815,3.2,50.37149595073239,381.1679539814214,212
4787.0,11,1095.1218209092815,5.4,50.40438462010091,380.91926312491876,212
4787.1,11,1095.1218209092815,5.4,50.43916860375377,380.6566004173689,212
4787.2,11,1095.1218209092815,5.4,50.457707243384064,380.5167161293302,212
4787.3,11,1095.1218209092815,5.4,50.40570678969526,380.9101452028088,212
4787.4,11,1095.1218209092815,5.4,50.384530690920016,381.07096711436884,212
4787.5,11,1095.1218209092815,5.4,50.4068441998746,380.90175835047165,212
4787.6,11,1095.1218209092815,5.4,50.43381889461676,380.69776158761766,212
4787.7,11,1095.1218209092815,5.4,50.429234455840586,380.7323145544451,212
4787.8,11,1095.1218209092815,5.4,50.21235983322818,382.38114278429134,212
4787.9,11,1095.1218209092815,5.4,50.22635616277477,382.27458029190706,212
4788.0,11,1095.1218209092815,5.4,50.22977468225474,382.2486492168396,212
4788.1,11,1095.1218209092815,5.4,50.236536827724045,382.19645539025043,212
4788.2,9,1095.1218209092815,4.5,50.26771263209535,381.96079711029665,212
4788.3,9,1095.1218209092815,4.0,50.276299447215365,381.8957186425438,212
4788.4,9,1095.1218209092815,4.0,50.30003307826446,381.7166616235562,212
4788.5,8,1095.1735435186524,4.0,50.29824522046879,381.7290111283953,212
4788.6,9,1095.1735435186524,3.5,50.03097938442596,383.7985703700267,212
4788.7,9,1095.1735435186524,4.0,50.03253497220917,383.7866492654817,212
4788.8,11,1095.1735435186524,3.2,50.037463687659695,383.74963808299754,212
4788.9,11,1095.1735435186524,5.4,50.03493352212449,383.7695406643938,212
4789.0,11,1095.1735435186524,5.4,50.044409907027934,383.6969534767632,212
4789.1,11,1095.1735435186524,5.4,50.12292161509504,383.0800271194356,212
4789.2,11,1095.1735435186524,5.4,50.14517548854641,382.9137198799453,212
4789.3,11,1095.1735435186524,5.4,50.14969441716839,382.87960167725817,212
4789.4,11,1095.1735435186524,5.4,50.14922279994556,382.88261164192954,212
4789.5,11,1095.1735435186524,5.4,50.13002006935116,383.0275452181457,212
4789.6,9,1095.1735435186524,5.4,50.14143898210317,382.9409937422074,212
4789.7,9,1095.1735435186524,4.0,50.1350625039292,382.9889311553736,212
4789.8,9,1095.1735435186524,4.0,50.136678321074605,382.9766585917197,212
4789.9,9,1095.1735435186524,4.0,50.12849042774856,383.0382202963307,212
4790.0,9,1095.1735435186524,4.0,50.13285914317012,383.0040906099823,212
4790.1,9,1095.1735435186524,4.0,50.10043363624197,383.24799300684356,212
4790.2,9,1095.1735435186524,4.0,50.09145379196803,383.31497564891924,212
4790.3,9,1095.1735435186524,4.0,50.073418597266226,383.4505760935914,212
4790.4,9,1095.1735435186524,4.0,50.04573814628865,383.65976770224927,212
4790.5,11,1095.1735435186524,4.0,49.96438760193263,384.2782592673673,212
4790.6,11,1095.1735435186524,5.4,49.94246675723307,384.44551994980276,212
4790.7,11,1095.1735435186524,5.4,49.92407235352336,384.5863189485069,212
4790.8,9,1095.1735435186524,5.4,49.8917805124846,384.83423786363176,212
4790.9,9,1095.1735435186524,4.800000000000001,49.884500262151164,384.8900419335134,212
4791.0,9,1095.1735435186524,4.800000000000001,49.885508149644146,384.8818967961398,212
4791.1,9,1095.1735435186524,4.800000000000001,49.864946250232,385.0402322007865,212
4791.2,9,1095.1735435186524,4.800000000000001,49.78207366119369,385.732175253682,212
4791.3,9,1095.1735435186524,4.800000000000001,49.77060344283892,385.82089245446514,212
4791.4,9,1095.1735435186524,4.800000000000001,49.76429914601394,385.87302000423244,212
4791.5,9,1095.1735435186524,4.800000000000001,49.75743897343156,385.92926905255,212
4791.6,9,1095.1735435186524,4.800000000000001,49.73282729906971,386.1235610924487,212
4791.7,9,1095.1735435186524,4.800000000000001,49.73241390364791,386.1271154347605,212
4791.8,9,1095.1735435186524,4.800000000000001,49.69693385062824,386.41149609016037,212
4791.9,11,1095.1735435186524,4.0,49.69996855074588,386.3886486939546,212
4792.0,11,1095.1735435186524,5.4,49.719825709424896,386.23262843531177,212
4792.1,11,1095.1735435186524,5.4,49.72797726839672,386.1727446170838,212
4792.2,9,1095.1735435186524,5.4,49.73731298616047,386.10439410639935,212
4792.3,9,1095.1735435186524,4.0,49.74095185345999,386.0757979988222,212
4792.4,9,1095.1735435186524,4.0,49.73852263537684,386.09501406595234,212
4792.5,9,1095.1735435186524,4.0,49.746572818266515,386.0302799136625,212
4792.6,9,1095.1735435186524,4.0,49.74470101001701,386.045902183507,212
4792.7,9,1095.1735435186524,4.0,49.74961461890802,386.01029958106506,212
4792.8,9,1095.1735435186524,4.0,49.74824947899128,386.0198385298064,212
4792.9,11,1095.1735435186524,3.2,49.75278534951648,385.98345750905116,212
4793.0,11,1095.1735435186524,6.3,49.77087467483449,385.8404228940338,212
4793.1,11,1095.1735435186524,6.3,49.767876231877366,385.86710897647674,212
4793.2,11,1095.1735435186524,6.3,49.789707803911,385.69267851794723,212
4793.3,11,1095.1735435186524,6.3,49.78461040223223,385.73384082137756,212
4793.4,11,1095.1735435186524,6.3,49.793895319912295,385.66216009221785,212
4793.5,11,1095.1735435186524,6.3,49.80810391780501,385.5513227098208,212
4793.6,11,1095.1735435186524,6.3,49.80917354664638,385.54394934884624,212
4793.7,11,1095.1735435186524,6.3,49.814131443158516,385.50688105906045,212
4793.8,11,1095.1735435186524,6.3,49.80167717151822,385.60665886993235,212
4793.9,11,1095.1735435186524,6.3,49.80560088261025,385.5777957817421,212
4794.0,11,1095.1735435186524,6.3,49.82833472981191,385.39952566965724,212
4794.1,11,1095.1735435186524,6.3,49.828751416688426,385.39695317981335,212
4794.2,9,1095.1735435186524,5.4,49.84697025202341,385.25376442407406,212
4794.3,9,1095.1735435186524,4.800000000000001,49.82930517898474,385.396901247601,212
4794.4,9,1095.1735435186524,4.800000000000001,49.84228556791499,385.2966583421106,212
4794.5,9,1095.1735435186524,4.800000000000001,49.845854272700294,385.27237991030256,212
4794.6,9,1095.1735435186524,4.800000000000001,49.84402478217273,385.2893139435386,212
4794.7,9,1095.1735435186524,4.800000000000001,49.847575908801716,385.26449471206934,212
4794.8,9,1095.1735435186524,4.800000000000001,49.84756469312018,385.26851091215025,212
4794.9,9,1095.1735435186524,4.800000000000001,49.853102908868564,385.2288640132276,212
4795.0,9,1095.1735435186524,4.800000000000001,49.84527581287729,385.2942287979088,212
4795.1,9,1095.1735435186524,4.800000000000001,49.82574425239333,385.45048079470155,212
4795.2,9,1095.1735435186524,4.800000000000001,49.83766061618495,385.35834217077246,212
4795.3,9,1095.1735435186524,4.800000000000001,49.833136446572276,385.40128123242147,212
4795.4,9,1095.1735435186524,4.800000000000001,49.841421626877235,385.33900677816973,212
4795.5,9,1095.1735435186524,4.800000000000001,49.837112978054506,385.38106963411826,212
4795.6,9,1095.1735435186524,4.800000000000001,49.85420682131061,385.2502526112152,212
4795.7,11,1095.1735435186524,4.0,49.85640074277543,385.2363258530264,212
4795.8,11,1095.1735435186524,5.4,49.85122065355161,385.27926797963727,212
4795.9,11,1095.1735435186524,5.4,49.84781869280953,385.3092979973232,212
4796.0,11,1095.1735435186524,5.4,49.84949006107104,385.298381447873,212
4796.1,11,1095.1735435186524,5.4,49.842225516966934,385.3624223328798,212
4796.2,11,1095.1735435186524,5.4,49.848720765522124,385.3144249655122,212
4796.3,11,1095.1735435186524,5.4,49.851044784124355,385.3012560803613,212
4796.4,11,1095.1735435186524,5.4,49.85013590523132,385.3136276667201,212
4796.5,11,1095.1735435186524,5.4,50.101693446988634,383.3145111504492,212
4796.6,11,1095.1735435186524,5.4,50.104374269945524,383.2969833850581,212
4796.7,11,1095.1735435186524,5.4,50.111919956992715,383.2405263290665,212
4796.8,11,1095.1735435186524,5.4,50.114087354047896,383.22780371248274,212
4796.9,9,1095.1735435186524,4.5,50.13221639650703,383.0922883776765,212
4797.0,9,1095.1735435186524,4.0,50.13599796439881,383.0665502675415,212
4797.1,9,1095.1735435186524,4.0,50.13329217965984,383.09390929441713,212
4797.2,9,1095.1735435186524,4.0,50.14043689117799,383.0423967697272,212
4797.3,9,1095.1735435186524,4.0,50.116949175795725,383.231587308195,212
4797.4,9,1095.1735435186524,4.0,50.112830311724736,383.27068749716943,212
4797.5,9,1095.1735435186524,4.0,50.12273740419334,383.20163541813315,212
4797.6,9,1095.1735435186524,4.0,50.11784770905112,383.24727178682406,212
4797.7,9,1095.1735435186524,4.0,50.11006172479033,383.3191648534447,212
4797.8,9,1095.1735435186524,4.0,50.10668859361896,383.3528659017193,212
4797.9,9,1095.1735435186524,4.0,50.055109911479406,383.8361148405829,212
4798.0,9,1095.1735435186524,4.0,50.03638967291586,384.02023730540446,212
4798.1,9,1095.1735435186524,4.0,50.02938836317999,384.0759366345785,212
4798.2,9,1095.1735435186524,4.0,50.02444954725938,384.1144957260427,212
4798.3,9,1095.1735435186524,4.0,50.02176521740173,384.1315487458693,212
4798.4,9,1095.1735435186524,4.0,50.041278705948514,383.9753666782709,212
4798.5,9,1095.1735435186524,4.0,50.01792519991271,384.16765675259506,212
4798.6,9,1095.1735435186524,4.0,50.042011727125924,383.9782742475868,212
4798.7,9,1095.1735435186524,4.0,50.05324825549272,383.8923340203421,212
4798.8,9,1095.1735435186524,4.0,50.08256558185877,383.67327357382453,212
4798.9,9,1095.1735435186524,4.0,50.1044171385051,383.5073247306032,212
4799.0,9,1095.1735435186524,4.0,50.115572537875536,383.42975797965653,212
4799.1,9,1095.1735435186524,4.0,50.1248057130328,383.36809000515905,212
4799.2,9,1095.1735435186524,4.0,50.14703577926615,383.2003419853313,212
4799.3,9,1095.1735435186524,4.0,50.2518320419952,382.2654964566348,212
4799.4,9,1095.1735435186524,4.0,50.266116866966584,382.1652972984022,212
4799.5,9,1095.1735435186524,4.0,50.29554061305633,381.94651090640286,212
4799.6,9,1095.1735435186524,4.0,50.316803361390214,381.79036621647947,212
4799.7,9,1095.1735435186524,4.0,50.31402656680195,381.82332271925395,212
4799.8,9,1095.1735435186524,4.0,50.33903889419415,381.6366812050268,212
4799.9,9,1095.1735435186524,4.0,50.35663535238649,381.5106344448518,212
4800.0,9,1095.1735435186524,4.0,50.384422318958556,381.29926285887007,212
4800.1,9,1095.1735435186524,3.2,50.39989958128142,381.1894527763277,212
4800.2,9,1095.1735435186524,3.2,50.43849319262911,380.8943834712999,212
4800.3,9,1095.1735435186524,3.2,50.43795762995586,380.91236585531254,212
4800.4,9,1095.1735435186524,3.2,50.459978043248064,380.74800926837213,212
4800.5,9,1095.1735435186524,3.2,50.48461415167221,380.57054160696396,212
4800.6,9,1095.1735435186524,3.2,50.52108494821127,380.29492138813265,212
4800.7,11,1095.1735435186524,3.2,50.5415726078078,380.1526031162998,212
4800.8,11,1095.1735435186524,3.6,50.56566088974439,379.9723668190428,212
4800.9,11,1095.1735435186524,3.6,50.58291517644376,379.8526368410245,212
4801.0,11,1095.1735435186524,3.6,50.59793354332884,379.75017767557017,212
4801.1,11,1095.1735435186524,3.6,50.61636679938458,379.6182397523476,212
4801.2,11,1095.1735435186524,3.6,50.63189676627937,379.5079985425774,212
4801.3,9,1095.2735203562613,3.6,50.65700551463939,379.32806563420775,212
4801.4,9,1095.2735203562613,4.0,50.701809146325566,378.9920765309913,212
4801.5,9,1095.2735203562613,4.0,50.739404979611805,378.71714460059155,212
4801.6,11,1095.2735203562613,3.2,50.7526956441331,378.6141779834083,212
4801.7,11,1095.2735203562613,4.5,50.76609713833917,378.52287947640457,212
4801.8,11,1095.2735203562613,4.5,50.78010576357332,378.42038552799585,212
4801.9,11,1095.2735203562613,4.5,50.800428662317216,378.269934907794,212
4802.0,11,1095.2735203562613,4.5,50.81850791679457,378.13382001595414,212
4802.1,11,1095.2735203562613,4.5,50.840532925728354,377.9658024403749,212
4802.2,11,1095.2735203562613,4.5,50.722803427658846,378.9046749857365,212
4802.3,11,1095.2735203562613,4.5,50.7440880020375,378.74371706800787,212
4802.4,11,1095.2735203562613,4.5,50.78308965352032,378.4359240057495,212
4802.5,11,1095.2735203562613,4.5,50.785394624169285,378.4219053362808,212
4802.6,9,1095.2735203562613,3.6,50.804692815684305,378.26953954247057,212
4802.7,9,1095.2735203562613,3.2,50.83185434092539,378.05801872417965,212
4802.8,9,1095.2735203562613,3.2,50.820285995920116,378.1540876751218,212
4802.9,9,1095.2735203562613,3.2,50.84150383324335,378.10662363286133,212
4803.0,9,1095.2735203562613,3.2,50.869836581820316,377.88754633209726,212
4803.1,9,1095.2735203562613,3.2,50.88737664809926,377.753455432367,212
4803.2,9,1095.2735203562613,3.2,50.91906051923082,377.5001723119599,212
4803.3,11,1095.2735203562613,2.4000000000000004,50.91310447620553,377.55404049681476,212
4803.4,11,1095.2735203562613,4.5,50.92992127995538,377.42228927639405,212
4803.5,11,1095.2735203562613,4.5,50.94803721387424,377.2856848715556,212
4803.6,11,1095.2735203562613,3.6,50.96667984472788,377.144287464231,212
4803.7,11,1095.2735203562613,3.6,50.993670552851825,376.9379577481518,212
4803.8,11,1095.2735203562613,3.6,50.8313646053203,378.23713754984726,212
4803.9,11,1095.2735203562613,3.6,50.84492074547833,378.1363177567887,212
4804.0,11,1095.2735203562613,3.6,50.864545731132594,377.9874062756592,212
4804.1,11,1095.2735203562613,3.6,50.86484512989645,377.9915613117164,212
4804.2,11,1095.2735203562613,3.6,50.87734582239986,377.9001472319818,212
4804.3,11,1095.2735203562613,3.6,50.89468277393067,377.7687437610942,212
4804.4,11,1095.2735203562613,3.6,50.911560499518956,377.6442307842776,212
4804.5,11,1095.2735203562613,3.6,50.91397020061977,377.6315587091754,212
4804.6,11,1095.2735203562613,3.6,50.929356944477504,377.5189814579146,212
4804.7,11,1095.2735203562613,3.6,50.838015680760286,378.1370827448421,212
4804.8,11,1095.2735203562613,3.6,50.8601663844092,377.975279020521,212
4804.9,11,1095.2735203562613,3.6,50.896252569113514,377.70730627693445,212
4805.0,11,1095.2735203562613,3.6,50.75744126082179,378.83209293437864,212
4805.1,11,1095.2735203562613,3.6,50.719825932122895,379.16706786310203,212
4805.2,11,1095.2735203562613,3.6,50.75366875332711,378.90970707125757,212
4805.3,11,1095.2735203562613,3.6,50.77222275713598,378.775855143537,212
4805.4,11,1095.2735203562613,3.6,50.80935809096867,378.4959957330425,212
4805.5,11,1095.2735203562613,3.6,50.81565633242113,378.45656262392026,212
4805.6,11,1095.2735203562613,4.5,50.85381934263617,378.16611940458097,212
4805.7,11,1095.2735203562613,4.5,50.883948851878685,377.9427027497766,212
4805.8,11,1095.2735203562613,4.5,50.90977510267888,377.7440647297376,212
4805.9,11,1095.2735203562613,4.5,50.90961556779526,377.7649904067158,212
4806.0,11,1095.2735203562613,4.5,50.94366947224459,377.51429759515185,212
4806.1,11,1095.2735203562613,4.5,50.9913421612528,377.1533840925733,212
4806.2,11,1095.2735203562613,4.5,51.02076525580867,376.9441271217195,212
4806.3,11,1095.2735203562613,4.5,51.04578068864059,376.76226054401036,212
4806.4,11,1095.2735203562613,5.4,51.083390167230235,376.48773080196594,212
4806.5,11,1095.2735203562613,4.5,51.11266528913836,376.26633044984715,212
4806.6,11,1095.2735203562613,4.5,51.13902425369233,376.0771937249955,212
4806.7,11,1095.2735203562613,4.5,51.1732334299451,375.82833754554485,212
4806.8,11,1095.2735203562613,4.5,51.21978588382795,375.4848898509475,212
4806.9,11,1095.2735203562613,4.5,51.23065481019953,375.413783595479,212
4807.0,11,1095.2735203562613,4.5,51.274595292673396,375.08730858927595,212
4807.1,11,1095.2735203562613,4.5,51.30979709196936,374.83417847020405,212
4807.2,11,1095.2735203562613,4.5,51.344633792801794,374.56932952861655,212
4807.3,11,1095.2735203562613,4.5,51.14120025654046,376.21495682264674,212
4807.4,11,1095.2735203562613,4.5,51.17812607075132,375.93621988773833,212
4807.5,11,1095.2735203562613,4.5,51.18621970763828,375.8958374462993,212
4807.6,11,1095.2735203562613,4.5,51.22851468653167,375.5775649415488,212
4807.7,11,1095.2735203562613,4.5,51.2719128127421,375.25355546381945,212
4807.8,11,1095.2735203562613,4.5,51.30262303116342,375.02741011339776,212
4807.9,11,1095.2735203562613,4.5,51.343179568615994,374.7302623925124,212
4808.0,11,1095.2735203562613,4.5,51.36968677965638,374.5413664785765,212
4808.1,11,1095.2735203562613,4.5,51.41023677129692,374.24882676943713,212
4808.2,11,1095.2735203562613,4.5,51.45046633344087,373.9485089566192,212
4808.3,11,1095.2735203562613,4.5,51.49406304854885,373.6300442673159,212
4808.4,11,1095.2735203562613,4.5,51.53501289623113,373.33219527345125,212
4808.5,11,1095.2735203562613,4.5,51.572972855147896,373.05771809419946,212
4808.6,11,1095.2735203562613,4.5,51.405082117012995,374.1509566654893,212
4808.7,11,1095.2735203562613,4.5,51.43799073412239,373.9073483916418,212
4808.8,11,1095.2735203562613,4.5,51.45124619901949,373.82243827926675,212
4808.9,11,1095.2735203562613,4.5,51.4868327574387,373.5634697931888,212
4809.0,11,1095.2735203562613,4.5,51.51827047510829,373.33192096994253,212
4809.1,11,1095.2735203562613,4.5,51.55888716051423,373.0374358840446,212
4809.2,11,1095.2735203562613,4.5,51.60207434701046,372.72548238681844,212
4809.3,11,1095.2735203562613,4.5,51.61434102249493,372.6471811358908,212
4809.4,11,1095.2735203562613,4.5,51.64081733025819,372.4508607688402,212
4809.5,11,1095.2735203562613,4.5,51.68638299508497,372.1137473122981,212
4809.6,11,1095.2735203562613,4.5,51.69481917693592,372.0583152456337,212
4809.7,11,1095.2735203562613,4.5,51.730992087701075,371.7998783676693,212
4809.8,11,1095.2735203562613,4.5,51.75239459014362,371.6462843070745,212
4809.9,11,1095.2735203562613,4.5,51.7884339135001,371.3888093952991,212
4810.0,11,1095.2735203562613,4.5,51.829427973504046,371.1007593031238,212
4810.1,11,1095.2735203562613,4.5,51.86194665391925,370.8728244216278,212
4810.2,11,1095.2735203562613,4.5,51.906445282000064,370.54876904084347,212
4810.3,11,1095.2735203562613,4.5,51.91837838845375,370.4842648387329,212
4810.4,11,1095.2735203562613,4.5,51.953961897483154,370.2373902637405,212
4810.5,11,1095.2735203562613,4.5,51.98771122492114,369.9983596808788,212
4810.6,11,1095.2735203562613,4.5,52.01697243019946,369.7992091450285,212
4810.7,11,1095.2735203562613,4.5,51.914644696915744,370.4630430037495,212
4810.8,11,1095.2735203562613,4.5,51.962794737337944,370.12372744780566,212
4810.9,7,1095.326536074486,3.6,51.99900945913751,369.8704396996467,212
4811.0,11,1095.326536074486,3.5,52.011575531495765,369.806070456763,212
4811.1,11,1095.326536074486,3.6,52.055289179209595,369.4999950019935,212
4811.2,11,1095.326536074486,3.6,52.082908188742806,369.3112475146176,212
4811.3,11,1095.326536074486,3.6,52.115171225574095,369.09106639883623,212
4811.4,11,1095.326536074486,3.6,52.344696633976966,367.59723902231394,212
4811.5,11,1095.326536074486,3.6,52.39006575949479,367.2767066885676,212
4811.6,11,1095.326536074486,3.6,52.40799610806157,367.1696778768302,212
4811.7,11,1095.326536074486,3.6,52.448489254188374,366.890460326371,212
4811.8,11,1095.326536074486,3.6,52.50156706243892,366.5230920266697,212
4811.9,11,1095.326536074486,3.6,52.520191939826134,366.41730310711887,212
4812.0,11,1095.326536074486,3.6,52.55994629926522,366.15057087946354,212
4812.1,11,1095.326536074486,3.6,52.61179969877334,365.7804629354715,212
4812.2,11,1095.326536074486,3.6,52.65105692845739,365.5214439363074,212
4812.3,8,1095.431457242823,2.7,52.686380163457784,365.2762946197689,212
4812.4,11,1095.431457242823,2.8,52.706230947063375,365.14642024186077,212
4812.5,11,1095.431457242823,2.7,52.56307720432202,366.0500392791783,212
4812.6,11,1095.431457242823,2.7,52.584280259525784,365.9082874748125,212
4812.7,11,1095.431457242823,2.7,52.617735219491465,365.6859143661619,212
4812.8,11,1095.431457242823,2.7,52.665838730505754,365.3512650435552,212
4812.9,11,1095.431457242823,2.7,52.681871752896555,365.2560455063124,212
4813.0,11,1095.431457242823,2.7,53.053460945890166,362.49421447465727,212
4813.1,7,1095.4646401966522,2.7,52.932502387624,363.4268679166505,212
4813.2,7,1095.4877542910012,4.199999999999999,52.96310158959621,363.2201476141395,212
4813.3,7,1095.4877542910012,4.199999999999999,52.97770857138326,363.1302277010511,212
4813.4,7,1095.4877542910012,4.199999999999999,53.10649332894542,362.03135962408385,212
4813.5,7,1095.4877542910012,3.5,53.11072080320946,362.0150662470011,212
4813.6,7,1095.4877542910012,3.5,53.150350974127775,361.73808151709864,212
4813.7,7,1095.4877542910012,3.5,53.14807400099568,361.76590315082103,212
4813.8,7,1095.4877542910012,3.5,53.174291973962184,361.5871486284026,212
4813.9,7,1095.4877542910012,3.5,53.175658623646186,361.58744198030445,212
4814.0,7,1095.4877542910012,3.5,53.21099060137104,361.3401650288587,212
4814.1,7,1095.4877542910012,3.5,53.50991821253628,359.1850466343459,212
4814.2,7,1095.4877542910012,3.5,53.55615880252185,358.8716304732146,212
4814.3,7,1095.4877542910012,3.5,53.45577710186924,359.79281301305775,212
4814.4,7,1095.4877542910012,3.5,53.47070844322404,359.6901692232575,212
4814.5,7,1095.4877542910012,3.5,53.46779187081918,359.7121360860757,212
4814.6,7,1095.4877542910012,3.5,53.494872384885355,359.52681633940335,212
4814.7,7,1095.4877542910012,3.5,53.4955970327969,359.519638653808,212
4814.8,7,1095.4877542910012,3.5,53.502792776364345,359.47360573309686,212
4814.9,7,1095.4877542910012,3.5,53.50068068933129,359.4993508990881,212
4815.0,7,1095.4877542910012,3.5,53.37082525473126,360.2778735712294,212
4815.1,7,1095.4877542910012,3.5,53.37267094020061,360.2687526340578,212
4815.2,7,1095.4516165160296,3.5,53.394612553979364,360.1141386664012,212
4815.3,7,1095.4516165160296,4.199999999999999,53.377752431532244,360.24444745539233,212
4815.4,7,1095.4516165160296,4.199999999999999,53.412637763309924,359.99977845226647,212
4815.5,7,1095.4516165160296,4.199999999999999,53.417467134945326,359.97099210993053,212
4815.6,7,1095.4516165160296,4.199999999999999,53.429978917022275,359.8798024956434,212
4815.7,7,1095.4516165160296,4.199999999999999,53.41965243804076,359.96220880831305,212
4815.8,7,1095.4516165160296,3.5,53.22373781227953,361.1979322624452,212
4815.9,7,1095.4516165160296,3.5,53.21508601849822,361.2608651282307,212
4816.0,7,1095.4516165160296,3.5,53.23134632445832,361.1424264131765,212
4816.1,7,1095.4516165160296,3.5,53.227845100459575,361.1684182697123,212
4816.2,7,1095.4516165160296,3.5,53.12873508186728,362.03737924580344,212
4816.3,9,1095.4516165160296,3.5,53.118996613895035,362.1100021723371,212
4816.4,9,1095.4516165160296,2.4000000000000004,53.13695217857603,361.9787689008826,212
4816.5,9,1095.4516165160296,2.4000000000000004,53.127486450143216,362.05044544947134,212
4816.6,9,1095.4516165160296,2.4000000000000004,53.14597510703085,361.91408176936875,212
4816.7,9,1095.4516165160296,2.4000000000000004,53.13965084028709,361.9559839367996,212
4816.8,9,1095.4516165160296,2.4000000000000004,53.13584126567673,361.9894451022486,212
4816.9,9,1095.7986371237118,2.4000000000000004,53.13742573602384,361.96839559057514,213
4817.0,9,1095.7986371237118,-100.0,53.14605035265877,361.90591326691106,213
4817.1,9,1095.7986371237118,2.4000000000000004,53.1332909327536,362.0039428368512,213
4817.2,9,1095.7986371237118,2.4000000000000004,53.14183502258701,361.9518704268007,213
4817.3,7,1095.7986371237118,2.4000000000000004,53.15258142675253,361.8771758672406,213
4817.4,7,1095.7986371237118,3.5,53.14734220235891,361.9225501989092,213
4817.5,7,1095.7986371237118,3.5,53.14508535944036,361.94199909478766,213
4817.6,7,1095.7627993365256,3.5,53.145961420432684,361.93432359136204,213
4817.7,7,1095.7627993365256,4.199999999999999,53.156284380227426,361.8666011821982,213
4817.8,9,1095.7627993365256,3.5,53.13725502938037,362.0088684931108,213
4817.9,9,1095.7627993365256,3.2,53.148896119299266,361.92166956738066,213
4818.0,9,1095.7627993365256,3.2,53.139490246990235,361.9855132739847,213
4818.1,9,1095.7627993365256,3.2,53.1461126330658,361.93829241123433,213
4818.2,9,1095.7627993365256,3.2,53.1378362977098,361.9983672001166,213
4818.3,9,1095.7627993365256,3.2,53.14908033161794,361.9150115047851,213
4818.4,9,1095.7627993365256,3.2,53.14568185510719,361.93811676501343,213
4818.5,9,1095.7627993365256,3.2,53.162121592213296,361.8139981433219,213
4818.6,9,1095.7627993365256,3.2,53.14625474785818,361.9328492121141,213
4818.7,9,1095.7627993365256,3.2,53.14999590457818,361.90298220116654,213
4818.8,9,1095.7627993365256,3.2,53.16599620993987,361.7910245194014,213
4818.9,9,1095.7627993365256,3.2,53.16108732762514,361.8199164906979,213
4819.0,9,1095.7627993365256,3.2,52.989138346796004,362.8840714821649,213
4819.1,9,1095.7627993365256,3.2,52.99238245491408,362.85751047518727,213
4819.2,9,1095.7627993365256,3.2,52.996067781518704,362.8325359083501,213
4819.3,9,1095.7627993365256,3.2,52.97850548478248,362.956370547819,213
4819.4,9,1095.7627993365256,3.2,52.979833338806145,362.9461304073453,213
4819.5,9,1095.7627993365256,3.2,52.992247920096645,362.86204356909275,213
4819.6,9,1095.7627993365256,3.2,53.01435408670486,362.69855357445306,213
4819.7,9,1095.7627993365256,3.2,53.02989047732203,362.5911990792822,213
4819.8,10,1095.9667334520966,2.4000000000000004,53.04738060357987,362.4658145486544,213
4819.9,7,1095.9310017792345,4.0,53.06495085531779,362.3459189118597,213
4820.0,7,1095.9310017792345,4.199999999999999,53.08077331264907,362.23643863608345,213
4820.1,7,1095.9310017792345,4.199999999999999,53.111037176662805,362.01922945522216,213
4820.2,7,1095.9310017792345,4.199999999999999,53.117618205178445,361.97413106653835,213
4820.3,7,1095.9310017792345,4.199999999999999,52.85652807909692,363.9204599642817,213
4820.4,7,1095.9310017792345,4.199999999999999,52.8831790873868,363.7316781612477,213
4820.5,7,1095.9310017792345,4.199999999999999,52.90559355748128,363.5693302030693,213
4820.6,7,1095.9310017792345,4.199999999999999,52.92334801532982,363.4480995691226,213
4820.7,7,1095.9310017792345,4.199999999999999,52.938979767998504,363.3392093418304,213
4820.8,7,1095.9310017792345,4.199999999999999,52.973529528549975,363.0919783313815,213
4820.9,7,1095.9310017792345,4.199999999999999,52.994477397258265,362.95243945216646,213
4821.0,7,1095.9310017792345,4.199999999999999,53.01561832752637,362.79629697447876,213
4821.1,9,1095.9310017792345,3.5,52.75869854462444,364.5904243753896,213
4821.2,9,1095.9310017792345,4.0,52.780772178113544,364.4346221355405,213
4821.3,9,1095.9310017792345,4.0,52.80192370737261,364.2892683509146,213
4821.4,9,1095.9310017792345,4.0,53.299945048644446,360.6254988556188,213
4821.5,9,1095.9310017792345,4.0,53.304973787474545,360.59741357391704,213
4821.6,9,1095.9310017792345,4.0,53.316601360307246,360.5174468425646,213
4821.7,9,1095.9310017792345,4.0,53.32902741311899,360.43673768039156,213
4821.8,9,1095.9310017792345,4.0,53.348963323844806,360.2954648995254,213
4821.9,9,1095.9310017792345,4.0,53.34978467296802,360.29770943956976,213
4822.0,9,1095.9310017792345,4.0,53.3684704222736,360.1683283422142,213
4822.1,9,1095.9310017792345,4.0,53.38504197253439,360.05598500598535,213
4822.2,7,1095.8959014976465,4.0,53.38126079361056,360.08026248894737,213
4822.3,7,1095.8959014976465,4.199999999999999,53.39901944796421,359.9510873183393,213
4822.4,7,1095.8959014976465,4.199999999999999,53.38740670181969,360.02737641949057,213
4822.5,7,1095.8959014976465,4.199999999999999,53.40060274249646,359.93298089146083,213
4822.6,7,1095.8959014976465,4.199999999999999,53.2511331617324,361.2995783219696,213
4822.7,9,1095.8959014976465,4.199999999999999,53.26671602950721,361.17801088461056,213
4822.8,9,1095.8959014976465,4.0,53.27384149437331,361.1336820798391,213
4822.9,9,1095.8959014976465,4.0,53.29424773123014,360.98411361983966,213
4823.0,9,1095.8959014976465,4.0,53.29309671311688,360.99640432244126,213
4823.1,9,1095.8959014976465,4.0,53.32521383229623,360.76473200076055,213
4823.2,9,1095.8959014976465,4.0,53.306920806808236,360.8900175955523,213
4823.3,9,1095.8959014976465,4.0,53.127415996232315,361.99922986806985,213
4823.4,9,1095.8959014976465,4.0,53.08695916196947,362.28699876580816,213
4823.5,9,1095.8959014976465,4.0,53.0911463800426,362.26395258266757,213
4823.6,9,1095.8959014976465,4.0,53.100246745100705,362.1973243769648,213
4823.7,9,1095.8959014976465,4.0,53.11303592727513,362.1074478126567,213
4823.8,9,1095.8959014976465,4.0,53.12534282501862,362.02673781909834,213
4823.9,7,1095.8959014976465,3.2,53.136617274786744,361.9504383687813,213
4824.0,7,1095.8959014976465,4.199999999999999,53.13927053950886,361.9301010325088,213
4824.1,7,1095.8959014976465,4.199999999999999,53.1561257918881,361.8122125611739,213
4824.2,7,1095.8959014976465,4.199999999999999,53.17281423410327,361.68966756947543,213
4824.3,7,1095.8959014976465,4.199999999999999,53.18289986243819,361.6151503108382,213
4824.4,7,1095.8593653721196,4.199999999999999,53.19021108114652,361.5612261454281,213
4824.5,7,1095.8593653721196,4.8999999999999995,53.201510523835594,361.4851214879399,213
4824.6,7,1095.8593653721196,4.8999999999999995,53.22316070033048,361.33495532898587,213
4824.7,7,1095.8593653721196,4.8999999999999995,53.23079851350167,361.27785898388305,213
4824.8,7,1095.8593653721196,4.8999999999999995,53.243341858122996,361.1879096422173,213
4824.9,9,1095.8593653721196,4.199999999999999,53.253071653319175,361.11172174064586,213
4825.0,9,1095.8593653721196,4.0,53.14370957833475,362.0836075481893,213
4825.1,7,1095.8593653721196,4.0,53.15941059160862,361.9675243996793,213
4825.2,7,1095.8593653721196,4.199999999999999,53.150783727921095,362.0361836102663,213
4825.3,7,1095.8593653721196,4.199999999999999,53.177240538737756,361.8423774598694,213
4825.4,7,1095.8593653721196,4.199999999999999,52.89398354894857,363.97636359866374,213
4825.5,7,1095.8593653721196,4.199999999999999,52.89453863513131,363.97079204290543,213
4825.6,7,1095.8593653721196,4.199999999999999,52.88670891609887,364.0283564185929,213
4825.7,7,1095.8593653721196,4.199999999999999,52.88476245640328,364.02935780001314,213
4825.8,7,1095.8593653721196,4.199999999999999,52.86129124283201,364.2001712544524,213
4825.9,7,1095.8593653721196,4.199999999999999,52.85167610515864,364.26362043990025,213
4826.0,7,1095.8593653721196,4.199999999999999,52.83311334714463,364.3805005798632,213
4826.1,7,1095.8593653721196,4.199999999999999,52.8143044591182,364.5202078272138,213
4826.2,7,1095.8593653721196,4.199999999999999,52.814863697549285,364.50701781603027,213
4826.3,7,1095.8593653721196,4.199999999999999,52.79830733206326,364.61369832507864,213
4826.4,7,1095.8593653721196,4.199999999999999,52.78427156250831,364.7167810780719,213
4826.5,7,1095.8593653721196,4.199999999999999,52.76842154741013,364.81135284141976,213
4826.6,11,1095.8593653721196,3.5,52.88245541845161,363.76883749473484,213
4826.7,11,1095.8593653721196,3.6,52.88086309971675,363.76592424327146,213
4826.8,7,1095.8237368712241,3.6,52.86794284201815,363.86362029548593,213
4826.9,7,1095.8237368712241,4.199999999999999,52.86580816182955,363.8740340791659,213
4827.0,7,1095.8237368712241,4.199999999999999,52.848038603558464,363.9897052490936,213
4827.1,7,1095.8237368712241,4.199999999999999,52.84431291849752,364.01815916345447,213
4827.2,9,1095.8237368712241,4.199999999999999,52.83289544162023,364.09543134324883,213
4827.3,9,1095.8237368712241,4.0,52.815326880474835,364.22044430539904,213
4827.4,9,1095.8237368712241,4.0,52.81814676360887,364.2036708128173,213
4827.5,11,1095.8237368712241,3.2,52.813647886517515,364.241817066324,213
4827.6,11,1095.8237368712241,4.5,52.83050975700073,364.11470924185,213
4827.7,11,1095.8237368712241,4.5,52.8263230936303,364.1467447812182,213
4827.8,11,1095.8237368712241,4.5,52.821868640544736,364.1738881785409,213
4827.9,11,1095.8237368712241,4.5,52.80968094832148,364.2651353004198,213
4828.0,11,1095.8237368712241,4.5,52.81455576775709,364.21943858610587,213
4828.1,11,1095.8237368712241,4.5,52.81334840106531,364.23087371042766,213
4828.2,11,1095.8237368712241,4.5,52.82297054494124,364.1541363351287,213
4828.3,11,1095.8237368712241,4.5,52.823238353689874,364.15790689666585,213
4828.4,11,1095.8237368712241,4.5,52.833912501113076,364.0747121095576,213
4828.5,11,1095.8237368712241,4.5,52.91057185759365,363.375631612313,213
4828.6,11,1095.8237368712241,4.5,52.912905147601094,363.3494275456417,213
4828.7,11,1095.8237368712241,4.5,52.91027900766959,363.3775370968283,213
4828.8,11,1095.8237368712241,3.6,52.916107172631186,363.3264310197536,213
4828.9,11,1095.8237368712241,3.6,52.908368464938874,363.3855321763921,213
4829.0,11,1095.8237368712241,3.6,52.91895604826874,363.3045634579174,213
4829.1,7,1095.7877224548647,3.6,52.90002114379483,363.44278872039274,213
4829.2,7,1095.7877224548647,4.8999999999999995,52.91594168715277,363.33159433126843,213
4829.3,7,1095.7877224548647,4.8999999999999995,52.90566314729992,363.40606808664705,213
4829.4,7,1095.7877224548647,4.8999999999999995,52.91227889731661,363.36767942592076,213
4829.5,7,1095.7877224548647,4.8999999999999995,52.90855657295094,363.40121004778854,213
4829.6,7,1095.7877224548647,4.8999999999999995,52.905837914769975,363.42561340774193,213
4829.7,11,1095.7877224548647,4.8999999999999995,52.905606860873235,363.4263349901646,213
4829.8,11,1095.7877224548647,4.5,52.9033660625676,363.45265511963055,213
4829.9,11,1095.7877224548647,4.5,52.90825892116192,363.42711734630404,213
4830.0,11,1095.7877224548647,4.5,52.676749094015285,365.16624128292824,213
4830.1,11,1095.7877224548647,4.5,52.662291420307795,365.282794615989,213
4830.2,11,1095.7877224548647,4.5,52.68890335839507,365.09592826871705,213
4830.3,11,1095.7877224548647,4.5,52.68962225967543,365.0933774439192,213
4830.4,11,1095.7877224548647,4.5,52.684755553401104,365.1290101910463,213
4830.5,11,1095.7877224548647,4.5,52.680106907910854,365.1664377090468,213
4830.6,7,1095.7877224548647,3.6,52.687741368814734,365.1092184482012,213
4830.7,7,1095.7877224548647,4.8999999999999995,52.682482222926,365.1480221484911,213
4830.8,7,1095.7877224548647,4.8999999999999995,52.71763506888751,364.89557371341346,213
4830.9,7,1095.7877224548647,4.8999999999999995,52.71921587111487,364.8897559684546,213
4831.0,7,1095.7877224548647,4.8999999999999995,52.72838537054275,364.8237168751193,213
4831.1,7,1095.7877224548647,4.8999999999999995,52.52961641597341,366.10850403369386,213
4831.2,7,1095.7877224548647,4.8999999999999995,52.54736527489543,365.9790472313551,213
4831.3,7,1095.7515301663086,4.8999999999999995,52.553818096280125,365.9337268407045,213
4831.4,7,1095.7515301663086,5.6,52.55219690561911,365.9541592166794,213
4831.5,7,1095.7515301663086,5.6,52.56375211347933,365.8723427382968,213
4831.6,7,1095.7515301663086,5.6,52.55379513428687,365.94839541668193,213
4831.7,7,1095.7515301663086,5.6,52.553806400785355,365.95286329928354,213
4831.8,7,1095.7515301663086,5.6,52.562478949021354,365.89329281991206,213
4831.9,7,1095.7515301663086,5.6,52.568737084607434,365.8360507207483,213
4832.0,7,1095.7515301663086,5.6,52.58214991925186,365.73808987121333,213
4832.1,7,1095.7515301663086,5.6,52.54130169523859,366.03726431080315,213
4832.2,7,1095.7515301663086,5.6,52.5574379128346,365.91715859034883,213
4832.3,7,1095.7515301663086,5.6,52.5515342831781,365.9624072944953,213
4832.4,7,1095.7515301663086,5.6,52.56697205974045,365.85101465557665,213
4832.5,7,1095.7515301663086,5.6,52.537456054535625,366.0751067638247,213
4832.6,7,1095.7515301663086,5.6,52.55517529643919,365.94405995383875,213
4832.7,7,1095.7515301663086,5.6,52.55230513041706,365.9645315563971,213
4832.8,7,1095.7515301663086,5.6,52.550153430654305,365.98358026714345,213
4832.9,7,1095.7515301663086,5.6,52.530707857009205,366.1287805538457,213
4833.0,7,1095.7515301663086,5.6,52.53976557905942,366.0550672867705,213
4833.1,7,1095.7515301663086,5.6,52.525025480522174,366.1605395044005,213
4833.2,7,1095.7515301663086,5.6,52.52439702986159,366.16919559165945,213
4833.3,7,1095.7515301663086,5.6,52.35529073720974,367.26603384409384,213
4833.4,7,1095.7515301663086,5.6,52.36423889730209,367.20070677046306,213
